"YEAR","MONTH","DAY_OF_MONTH","DAY_OF_WEEK","FL_DATE","UNIQUE_CARRIER","AIRLINE_ID","CARRIER","FL_NUM","ORIGIN_AIRPORT_ID","ORIGIN","ORIGIN_CITY_NAME","ORIGIN_STATE_ABR","DEST_AIRPORT_ID","DEST","DEST_CITY_NAME","DEST_STATE_ABR","CRS_DEP_TIME","DEP_TIME","DEP_DELAY","DEP_DELAY_NEW","TAXI_OUT","TAXI_IN","CRS_ARR_TIME","ARR_TIME","ARR_DELAY","ARR_DELAY_NEW","CANCELLED","CANCELLATION_CODE","DIVERTED","CRS_ELAPSED_TIME","ACTUAL_ELAPSED_TIME","AIR_TIME","FLIGHTS","DISTANCE","CARRIER_DELAY","WEATHER_DELAY","NAS_DELAY","SECURITY_DELAY","LATE_AIRCRAFT_DELAY",
2016,7,1,5,2016-07-01,"AA",19805,"AA","2502",11298,"DFW","Dallas/Fort Worth, TX","TX",14908,"SNA","Santa Ana, CA","CA","1855","1907",12.00,12.00,17.00,5.00,"2003","2002",-1.00,0.00,0.00,"",0.00,188.00,175.00,153.00,1.00,1205.00,,,,,,
2016,7,2,6,2016-07-02,"AA",19805,"AA","2502",11298,"DFW","Dallas/Fort Worth, TX","TX",14908,"SNA","Santa Ana, CA","CA","1855","1902",7.00,7.00,23.00,4.00,"2003","2011",8.00,8.00,0.00,"",0.00,188.00,189.00,162.00,1.00,1205.00,,,,,,
2016,7,3,7,2016-07-03,"AA",19805,"AA","2502",11298,"DFW","Dallas/Fort Worth, TX","TX",14908,"SNA","Santa Ana, CA","CA","1855","1852",-3.00,0.00,36.00,5.00,"2003","2015",12.00,12.00,0.00,"",0.00,188.00,203.00,162.00,1.00,1205.00,,,,,,
2016,7,4,1,2016-07-04,"AA",19805,"AA","2502",11298,"DFW","Dallas/Fort Worth, TX","TX",14908,"SNA","Santa Ana, CA","CA","1855","1853",-2.00,0.00,21.00,7.00,"2003","2002",-1.00,0.00,0.00,"",0.00,188.00,189.00,161.00,1.00,1205.00,,,,,,
2016,7,5,2,2016-07-05,"AA",19805,"AA","2502",11298,"DFW","Dallas/Fort Worth, TX","TX",14908,"SNA","Santa Ana, CA","CA","1855","1858",3.00,3.00,16.00,6.00,"2003","2002",-1.00,0.00,0.00,"",0.00,188.00,184.00,162.00,1.00,1205.00,,,,,,
2016,7,6,3,2016-07-06,"AA",19805,"AA","2502",11298,"DFW","Dallas/Fort Worth, TX","TX",14908,"SNA","Santa Ana, CA","CA","1855","1902",7.00,7.00,38.00,5.00,"2003","2027",24.00,24.00,0.00,"",0.00,188.00,205.00,162.00,1.00,1205.00,7.00,0.00,17.00,0.00,0.00,
2016,7,7,4,2016-07-07,"AA",19805,"AA","2502",11298,"DFW","Dallas/Fort Worth, TX","TX",14908,"SNA","Santa Ana, CA","CA","1855","1851",-4.00,0.00,29.00,5.00,"2003","2005",2.00,2.00,0.00,"",0.00,188.00,194.00,160.00,1.00,1205.00,,,,,,
2016,7,8,5,2016-07-08,"AA",19805,"AA","2502",11298,"DFW","Dallas/Fort Worth, TX","TX",14908,"SNA","Santa Ana, CA","CA","1855","1854",-1.00,0.00,27.00,4.00,"2003","2009",6.00,6.00,0.00,"",0.00,188.00,195.00,164.00,1.00,1205.00,,,,,,
2016,7,9,6,2016-07-09,"AA",19805,"AA","2502",11298,"DFW","Dallas/Fort Worth, TX","TX",14908,"SNA","Santa Ana, CA","CA","1855","2115",140.00,140.00,17.00,5.00,"2003","2217",134.00,134.00,0.00,"",0.00,188.00,182.00,160.00,1.00,1205.00,0.00,134.00,0.00,0.00,0.00,
2016,7,10,7,2016-07-10,"AA",19805,"AA","2502",11298,"DFW","Dallas/Fort Worth, TX","TX",14908,"SNA","Santa Ana, CA","CA","1855","1855",0.00,0.00,15.00,5.00,"2003","1956",-7.00,0.00,0.00,"",0.00,188.00,181.00,161.00,1.00,1205.00,,,,,,
2016,7,11,1,2016-07-11,"AA",19805,"AA","2502",11298,"DFW","Dallas/Fort Worth, TX","TX",14908,"SNA","Santa Ana, CA","CA","1855","1901",6.00,6.00,20.00,6.00,"2003","2012",9.00,9.00,0.00,"",0.00,188.00,191.00,165.00,1.00,1205.00,,,,,,
2016,7,12,2,2016-07-12,"AA",19805,"AA","2502",11298,"DFW","Dallas/Fort Worth, TX","TX",14908,"SNA","Santa Ana, CA","CA","1855","1908",13.00,13.00,12.00,5.00,"2003","2006",3.00,3.00,0.00,"",0.00,188.00,178.00,161.00,1.00,1205.00,,,,,,
2016,7,13,3,2016-07-13,"AA",19805,"AA","2502",11298,"DFW","Dallas/Fort Worth, TX","TX",14908,"SNA","Santa Ana, CA","CA","1855","1853",-2.00,0.00,29.00,4.00,"2003","2002",-1.00,0.00,0.00,"",0.00,188.00,189.00,156.00,1.00,1205.00,,,,,,
2016,7,14,4,2016-07-14,"AA",19805,"AA","2502",11298,"DFW","Dallas/Fort Worth, TX","TX",14908,"SNA","Santa Ana, CA","CA","1855","1855",0.00,0.00,19.00,4.00,"2003","1953",-10.00,0.00,0.00,"",0.00,188.00,178.00,155.00,1.00,1205.00,,,,,,
2016,7,15,5,2016-07-15,"AA",19805,"AA","2502",11298,"DFW","Dallas/Fort Worth, TX","TX",14908,"SNA","Santa Ana, CA","CA","1855","2128",153.00,153.00,14.00,13.00,"2003","2225",142.00,142.00,0.00,"",0.00,188.00,177.00,150.00,1.00,1205.00,85.00,0.00,0.00,0.00,57.00,
2016,7,16,6,2016-07-16,"AA",19805,"AA","2502",11298,"DFW","Dallas/Fort Worth, TX","TX",14908,"SNA","Santa Ana, CA","CA","1855","1857",2.00,2.00,14.00,5.00,"2003","1954",-9.00,0.00,0.00,"",0.00,188.00,177.00,158.00,1.00,1205.00,,,,,,
2016,7,17,7,2016-07-17,"AA",19805,"AA","2502",11298,"DFW","Dallas/Fort Worth, TX","TX",14908,"SNA","Santa Ana, CA","CA","1855","1852",-3.00,0.00,25.00,5.00,"2003","1956",-7.00,0.00,0.00,"",0.00,188.00,184.00,154.00,1.00,1205.00,,,,,,
2016,7,18,1,2016-07-18,"AA",19805,"AA","2502",11298,"DFW","Dallas/Fort Worth, TX","TX",14908,"SNA","Santa Ana, CA","CA","1855","1857",2.00,2.00,20.00,5.00,"2003","1954",-9.00,0.00,0.00,"",0.00,188.00,177.00,152.00,1.00,1205.00,,,,,,
2016,7,19,2,2016-07-19,"AA",19805,"AA","2502",11298,"DFW","Dallas/Fort Worth, TX","TX",14908,"SNA","Santa Ana, CA","CA","1855","1908",13.00,13.00,19.00,6.00,"2003","2003",0.00,0.00,0.00,"",0.00,188.00,175.00,150.00,1.00,1205.00,,,,,,
2016,7,20,3,2016-07-20,"AA",19805,"AA","2502",11298,"DFW","Dallas/Fort Worth, TX","TX",14908,"SNA","Santa Ana, CA","CA","1855","1850",-5.00,0.00,20.00,9.00,"2003","1953",-10.00,0.00,0.00,"",0.00,188.00,183.00,154.00,1.00,1205.00,,,,,,
2016,7,21,4,2016-07-21,"AA",19805,"AA","2502",11298,"DFW","Dallas/Fort Worth, TX","TX",14908,"SNA","Santa Ana, CA","CA","1855","1930",35.00,35.00,14.00,5.00,"2003","2023",20.00,20.00,0.00,"",0.00,188.00,173.00,154.00,1.00,1205.00,20.00,0.00,0.00,0.00,0.00,
2016,7,22,5,2016-07-22,"AA",19805,"AA","2502",11298,"DFW","Dallas/Fort Worth, TX","TX",14908,"SNA","Santa Ana, CA","CA","1855","1949",54.00,54.00,11.00,5.00,"2003","2032",29.00,29.00,0.00,"",0.00,188.00,163.00,147.00,1.00,1205.00,0.00,0.00,0.00,0.00,29.00,
2016,7,23,6,2016-07-23,"AA",19805,"AA","2502",11298,"DFW","Dallas/Fort Worth, TX","TX",14908,"SNA","Santa Ana, CA","CA","1855","1916",21.00,21.00,13.00,4.00,"2003","2000",-3.00,0.00,0.00,"",0.00,188.00,164.00,147.00,1.00,1205.00,,,,,,
2016,7,24,7,2016-07-24,"AA",19805,"AA","2502",11298,"DFW","Dallas/Fort Worth, TX","TX",14908,"SNA","Santa Ana, CA","CA","1855","1855",0.00,0.00,22.00,4.00,"2003","1954",-9.00,0.00,0.00,"",0.00,188.00,179.00,153.00,1.00,1205.00,,,,,,
2016,7,25,1,2016-07-25,"AA",19805,"AA","2502",11298,"DFW","Dallas/Fort Worth, TX","TX",14908,"SNA","Santa Ana, CA","CA","1855","1930",35.00,35.00,13.00,6.00,"2003","2022",19.00,19.00,0.00,"",0.00,188.00,172.00,153.00,1.00,1205.00,19.00,0.00,0.00,0.00,0.00,
2016,7,26,2,2016-07-26,"AA",19805,"AA","2502",11298,"DFW","Dallas/Fort Worth, TX","TX",14908,"SNA","Santa Ana, CA","CA","1855","1850",-5.00,0.00,22.00,4.00,"2003","1950",-13.00,0.00,0.00,"",0.00,188.00,180.00,154.00,1.00,1205.00,,,,,,
2016,7,27,3,2016-07-27,"AA",19805,"AA","2502",11298,"DFW","Dallas/Fort Worth, TX","TX",14908,"SNA","Santa Ana, CA","CA","1855","1849",-6.00,0.00,17.00,4.00,"2003","1943",-20.00,0.00,0.00,"",0.00,188.00,174.00,153.00,1.00,1205.00,,,,,,
2016,7,28,4,2016-07-28,"AA",19805,"AA","2502",11298,"DFW","Dallas/Fort Worth, TX","TX",14908,"SNA","Santa Ana, CA","CA","1855","2041",106.00,106.00,15.00,5.00,"2003","2131",88.00,88.00,0.00,"",0.00,188.00,170.00,150.00,1.00,1205.00,76.00,0.00,0.00,0.00,12.00,
2016,7,29,5,2016-07-29,"AA",19805,"AA","2502",11298,"DFW","Dallas/Fort Worth, TX","TX",14908,"SNA","Santa Ana, CA","CA","1855","1945",50.00,50.00,13.00,4.00,"2003","2040",37.00,37.00,0.00,"",0.00,188.00,175.00,158.00,1.00,1205.00,37.00,0.00,0.00,0.00,0.00,
2016,7,30,6,2016-07-30,"AA",19805,"AA","2502",11298,"DFW","Dallas/Fort Worth, TX","TX",14908,"SNA","Santa Ana, CA","CA","1855","1851",-4.00,0.00,11.00,4.00,"2003","1942",-21.00,0.00,0.00,"",0.00,188.00,171.00,156.00,1.00,1205.00,,,,,,
2016,7,31,7,2016-07-31,"AA",19805,"AA","2502",11298,"DFW","Dallas/Fort Worth, TX","TX",14908,"SNA","Santa Ana, CA","CA","1855","1854",-1.00,0.00,14.00,6.00,"2003","1954",-9.00,0.00,0.00,"",0.00,188.00,180.00,160.00,1.00,1205.00,,,,,,
2016,7,1,5,2016-07-01,"AA",19805,"AA","2503",10721,"BOS","Boston, MA","MA",13930,"ORD","Chicago, IL","IL","2110","2259",109.00,109.00,27.00,11.00,"2259","0054",115.00,115.00,0.00,"",0.00,169.00,175.00,137.00,1.00,867.00,0.00,0.00,6.00,0.00,109.00,
2016,7,4,1,2016-07-04,"AA",19805,"AA","2503",10721,"BOS","Boston, MA","MA",13930,"ORD","Chicago, IL","IL","2110","2059",-11.00,0.00,16.00,10.00,"2259","2229",-30.00,0.00,0.00,"",0.00,169.00,150.00,124.00,1.00,867.00,,,,,,
2016,7,5,2,2016-07-05,"AA",19805,"AA","2503",10721,"BOS","Boston, MA","MA",13930,"ORD","Chicago, IL","IL","2110","2101",-9.00,0.00,18.00,7.00,"2259","2238",-21.00,0.00,0.00,"",0.00,169.00,157.00,132.00,1.00,867.00,,,,,,
2016,7,6,3,2016-07-06,"AA",19805,"AA","2503",10721,"BOS","Boston, MA","MA",13930,"ORD","Chicago, IL","IL","2110","2217",67.00,67.00,25.00,8.00,"2259","0007",68.00,68.00,0.00,"",0.00,169.00,170.00,137.00,1.00,867.00,0.00,0.00,1.00,0.00,67.00,
2016,7,7,4,2016-07-07,"AA",19805,"AA","2503",10721,"BOS","Boston, MA","MA",13930,"ORD","Chicago, IL","IL","2110","2100",-10.00,0.00,19.00,8.00,"2259","2236",-23.00,0.00,0.00,"",0.00,169.00,156.00,129.00,1.00,867.00,,,,,,
2016,7,8,5,2016-07-08,"AA",19805,"AA","2503",10721,"BOS","Boston, MA","MA",13930,"ORD","Chicago, IL","IL","2110","2139",29.00,29.00,19.00,7.00,"2259","2317",18.00,18.00,0.00,"",0.00,169.00,158.00,132.00,1.00,867.00,0.00,0.00,0.00,0.00,18.00,
2016,7,10,7,2016-07-10,"AA",19805,"AA","2503",10721,"BOS","Boston, MA","MA",13930,"ORD","Chicago, IL","IL","2110","2122",12.00,12.00,14.00,5.00,"2259","2252",-7.00,0.00,0.00,"",0.00,169.00,150.00,131.00,1.00,867.00,,,,,,
2016,7,11,1,2016-07-11,"AA",19805,"AA","2503",10721,"BOS","Boston, MA","MA",13930,"ORD","Chicago, IL","IL","2110","2105",-5.00,0.00,17.00,7.00,"2259","2230",-29.00,0.00,0.00,"",0.00,169.00,145.00,121.00,1.00,867.00,,,,,,
2016,7,12,2,2016-07-12,"AA",19805,"AA","2503",10721,"BOS","Boston, MA","MA",13930,"ORD","Chicago, IL","IL","2110","2215",65.00,65.00,15.00,8.00,"2259","2346",47.00,47.00,0.00,"",0.00,169.00,151.00,128.00,1.00,867.00,47.00,0.00,0.00,0.00,0.00,
2016,7,13,3,2016-07-13,"AA",19805,"AA","2503",10721,"BOS","Boston, MA","MA",13930,"ORD","Chicago, IL","IL","2110","2232",82.00,82.00,16.00,20.00,"2259","0025",86.00,86.00,0.00,"",0.00,169.00,173.00,137.00,1.00,867.00,0.00,0.00,20.00,0.00,66.00,
2016,7,14,4,2016-07-14,"AA",19805,"AA","2503",10721,"BOS","Boston, MA","MA",13930,"ORD","Chicago, IL","IL","2110","2112",2.00,2.00,27.00,11.00,"2259","2304",5.00,5.00,0.00,"",0.00,169.00,172.00,134.00,1.00,867.00,,,,,,
2016,7,15,5,2016-07-15,"AA",19805,"AA","2503",10721,"BOS","Boston, MA","MA",13930,"ORD","Chicago, IL","IL","2110","2104",-6.00,0.00,15.00,16.00,"2259","2300",1.00,1.00,0.00,"",0.00,169.00,176.00,145.00,1.00,867.00,,,,,,
2016,7,17,7,2016-07-17,"AA",19805,"AA","2503",10721,"BOS","Boston, MA","MA",13930,"ORD","Chicago, IL","IL","2110","2106",-4.00,0.00,15.00,7.00,"2259","2246",-13.00,0.00,0.00,"",0.00,169.00,160.00,138.00,1.00,867.00,,,,,,
2016,7,18,1,2016-07-18,"AA",19805,"AA","2503",10721,"BOS","Boston, MA","MA",13930,"ORD","Chicago, IL","IL","2110","2137",27.00,27.00,15.00,8.00,"2259","2313",14.00,14.00,0.00,"",0.00,169.00,156.00,133.00,1.00,867.00,,,,,,
2016,7,19,2,2016-07-19,"AA",19805,"AA","2503",10721,"BOS","Boston, MA","MA",13930,"ORD","Chicago, IL","IL","2110","2057",-13.00,0.00,25.00,8.00,"2259","2239",-20.00,0.00,0.00,"",0.00,169.00,162.00,129.00,1.00,867.00,,,,,,
2016,7,20,3,2016-07-20,"AA",19805,"AA","2503",10721,"BOS","Boston, MA","MA",13930,"ORD","Chicago, IL","IL","2110","2218",68.00,68.00,16.00,6.00,"2259","2338",39.00,39.00,0.00,"",0.00,169.00,140.00,118.00,1.00,867.00,17.00,0.00,0.00,0.00,22.00,
2016,7,21,4,2016-07-21,"AA",19805,"AA","2503",10721,"BOS","Boston, MA","MA",13930,"ORD","Chicago, IL","IL","2110","2109",-1.00,0.00,48.00,10.00,"2259","2311",12.00,12.00,0.00,"",0.00,169.00,182.00,124.00,1.00,867.00,,,,,,
2016,7,22,5,2016-07-22,"AA",19805,"AA","2503",10721,"BOS","Boston, MA","MA",13930,"ORD","Chicago, IL","IL","2110","2132",22.00,22.00,16.00,21.00,"2259","2313",14.00,14.00,0.00,"",0.00,169.00,161.00,124.00,1.00,867.00,,,,,,
2016,7,24,7,2016-07-24,"AA",19805,"AA","2503",10721,"BOS","Boston, MA","MA",13930,"ORD","Chicago, IL","IL","2110","2317",127.00,127.00,16.00,36.00,"2259","0111",132.00,132.00,0.00,"",0.00,169.00,174.00,122.00,1.00,867.00,45.00,0.00,87.00,0.00,0.00,
2016,7,25,1,2016-07-25,"AA",19805,"AA","2503",10721,"BOS","Boston, MA","MA",13930,"ORD","Chicago, IL","IL","2110","2142",32.00,32.00,28.00,7.00,"2259","2335",36.00,36.00,0.00,"",0.00,169.00,173.00,138.00,1.00,867.00,0.00,0.00,4.00,0.00,32.00,
2016,7,26,2,2016-07-26,"AA",19805,"AA","2503",10721,"BOS","Boston, MA","MA",13930,"ORD","Chicago, IL","IL","2110","2104",-6.00,0.00,15.00,5.00,"2259","2236",-23.00,0.00,0.00,"",0.00,169.00,152.00,132.00,1.00,867.00,,,,,,
2016,7,27,3,2016-07-27,"AA",19805,"AA","2503",10721,"BOS","Boston, MA","MA",13930,"ORD","Chicago, IL","IL","2110","2108",-2.00,0.00,17.00,6.00,"2259","2248",-11.00,0.00,0.00,"",0.00,169.00,160.00,137.00,1.00,867.00,,,,,,
2016,7,28,4,2016-07-28,"AA",19805,"AA","2503",10721,"BOS","Boston, MA","MA",13930,"ORD","Chicago, IL","IL","2110","2152",42.00,42.00,16.00,14.00,"2259","2336",37.00,37.00,0.00,"",0.00,169.00,164.00,134.00,1.00,867.00,6.00,0.00,0.00,0.00,31.00,
2016,7,29,5,2016-07-29,"AA",19805,"AA","2503",10721,"BOS","Boston, MA","MA",13930,"ORD","Chicago, IL","IL","2110","2117",7.00,7.00,19.00,51.00,"2259","2350",51.00,51.00,0.00,"",0.00,169.00,213.00,143.00,1.00,867.00,0.00,0.00,44.00,0.00,7.00,
2016,7,31,7,2016-07-31,"AA",19805,"AA","2503",10721,"BOS","Boston, MA","MA",13930,"ORD","Chicago, IL","IL","2110","2211",61.00,61.00,17.00,7.00,"2259","2339",40.00,40.00,0.00,"",0.00,169.00,148.00,124.00,1.00,867.00,2.00,0.00,0.00,0.00,38.00,
2016,7,1,5,2016-07-01,"AA",19805,"AA","2504",13930,"ORD","Chicago, IL","IL",15304,"TPA","Tampa, FL","FL","1830","1826",-4.00,0.00,18.00,3.00,"2211","2151",-20.00,0.00,0.00,"",0.00,161.00,145.00,124.00,1.00,1012.00,,,,,,
2016,7,2,6,2016-07-02,"AA",19805,"AA","2504",13930,"ORD","Chicago, IL","IL",15304,"TPA","Tampa, FL","FL","1830","1830",0.00,0.00,15.00,23.00,"2211","2213",2.00,2.00,0.00,"",0.00,161.00,163.00,125.00,1.00,1012.00,,,,,,
2016,7,3,7,2016-07-03,"AA",19805,"AA","2504",13930,"ORD","Chicago, IL","IL",15304,"TPA","Tampa, FL","FL","1830","1824",-6.00,0.00,16.00,4.00,"2211","2159",-12.00,0.00,0.00,"",0.00,161.00,155.00,135.00,1.00,1012.00,,,,,,
2016,7,4,1,2016-07-04,"AA",19805,"AA","2504",13930,"ORD","Chicago, IL","IL",15304,"TPA","Tampa, FL","FL","1830","1910",40.00,40.00,8.00,3.00,"2211","2237",26.00,26.00,0.00,"",0.00,161.00,147.00,136.00,1.00,1012.00,26.00,0.00,0.00,0.00,0.00,
2016,7,5,2,2016-07-05,"AA",19805,"AA","2504",13930,"ORD","Chicago, IL","IL",15304,"TPA","Tampa, FL","FL","1830","2035",125.00,125.00,28.00,3.00,"2211","0015",124.00,124.00,0.00,"",0.00,161.00,160.00,129.00,1.00,1012.00,4.00,0.00,0.00,0.00,120.00,
2016,7,6,3,2016-07-06,"AA",19805,"AA","2504",13930,"ORD","Chicago, IL","IL",15304,"TPA","Tampa, FL","FL","1830","1827",-3.00,0.00,29.00,3.00,"2211","2206",-5.00,0.00,0.00,"",0.00,161.00,159.00,127.00,1.00,1012.00,,,,,,
2016,7,7,4,2016-07-07,"AA",19805,"AA","2504",13930,"ORD","Chicago, IL","IL",15304,"TPA","Tampa, FL","FL","1830","1936",66.00,66.00,17.00,10.00,"2211","2317",66.00,66.00,0.00,"",0.00,161.00,161.00,134.00,1.00,1012.00,0.00,0.00,0.00,0.00,66.00,
2016,7,8,5,2016-07-08,"AA",19805,"AA","2504",13930,"ORD","Chicago, IL","IL",15304,"TPA","Tampa, FL","FL","1830","2054",144.00,144.00,18.00,5.00,"2211","0023",132.00,132.00,0.00,"",0.00,161.00,149.00,126.00,1.00,1012.00,74.00,0.00,18.00,0.00,40.00,
2016,7,9,6,2016-07-09,"AA",19805,"AA","2504",13930,"ORD","Chicago, IL","IL",15304,"TPA","Tampa, FL","FL","1830","1908",38.00,38.00,15.00,4.00,"2211","2237",26.00,26.00,0.00,"",0.00,161.00,149.00,130.00,1.00,1012.00,0.00,0.00,0.00,0.00,26.00,
2016,7,10,7,2016-07-10,"AA",19805,"AA","2504",13930,"ORD","Chicago, IL","IL",15304,"TPA","Tampa, FL","FL","1830","1830",0.00,0.00,9.00,12.00,"2211","2205",-6.00,0.00,0.00,"",0.00,161.00,155.00,134.00,1.00,1012.00,,,,,,
2016,7,11,1,2016-07-11,"AA",19805,"AA","2504",13930,"ORD","Chicago, IL","IL",15304,"TPA","Tampa, FL","FL","1830","1839",9.00,9.00,15.00,4.00,"2211","2209",-2.00,0.00,0.00,"",0.00,161.00,150.00,131.00,1.00,1012.00,,,,,,
2016,7,12,2,2016-07-12,"AA",19805,"AA","2504",13930,"ORD","Chicago, IL","IL",15304,"TPA","Tampa, FL","FL","1830","1921",51.00,51.00,19.00,7.00,"2211","2307",56.00,56.00,0.00,"",0.00,161.00,166.00,140.00,1.00,1012.00,2.00,0.00,5.00,0.00,49.00,
2016,7,13,3,2016-07-13,"AA",19805,"AA","2504",13930,"ORD","Chicago, IL","IL",15304,"TPA","Tampa, FL","FL","1830","1845",15.00,15.00,22.00,5.00,"2211","2224",13.00,13.00,0.00,"",0.00,161.00,159.00,132.00,1.00,1012.00,,,,,,
2016,7,14,4,2016-07-14,"AA",19805,"AA","2504",13930,"ORD","Chicago, IL","IL",15304,"TPA","Tampa, FL","FL","1830","1847",17.00,17.00,18.00,5.00,"2211","2225",14.00,14.00,0.00,"",0.00,161.00,158.00,135.00,1.00,1012.00,,,,,,
2016,7,15,5,2016-07-15,"AA",19805,"AA","2504",13930,"ORD","Chicago, IL","IL",15304,"TPA","Tampa, FL","FL","1830","2026",116.00,116.00,14.00,4.00,"2211","2355",104.00,104.00,0.00,"",0.00,161.00,149.00,131.00,1.00,1012.00,41.00,0.00,0.00,0.00,63.00,
2016,7,16,6,2016-07-16,"AA",19805,"AA","2504",13930,"ORD","Chicago, IL","IL",15304,"TPA","Tampa, FL","FL","1830","1855",25.00,25.00,12.00,5.00,"2211","2221",10.00,10.00,0.00,"",0.00,161.00,146.00,129.00,1.00,1012.00,,,,,,
2016,7,17,7,2016-07-17,"AA",19805,"AA","2504",13930,"ORD","Chicago, IL","IL",15304,"TPA","Tampa, FL","FL","1830","1826",-4.00,0.00,26.00,6.00,"2211","2213",2.00,2.00,0.00,"",0.00,161.00,167.00,135.00,1.00,1012.00,,,,,,
2016,7,18,1,2016-07-18,"AA",19805,"AA","2504",13930,"ORD","Chicago, IL","IL",15304,"TPA","Tampa, FL","FL","1830","1934",64.00,64.00,12.00,3.00,"2211","2256",45.00,45.00,0.00,"",0.00,161.00,142.00,127.00,1.00,1012.00,45.00,0.00,0.00,0.00,0.00,
2016,7,19,2,2016-07-19,"AA",19805,"AA","2504",13930,"ORD","Chicago, IL","IL",15304,"TPA","Tampa, FL","FL","1830","1907",37.00,37.00,12.00,3.00,"2211","2232",21.00,21.00,0.00,"",0.00,161.00,145.00,130.00,1.00,1012.00,0.00,0.00,0.00,0.00,21.00,
2016,7,20,3,2016-07-20,"AA",19805,"AA","2504",13930,"ORD","Chicago, IL","IL",15304,"TPA","Tampa, FL","FL","1830","1836",6.00,6.00,19.00,5.00,"2211","2202",-9.00,0.00,0.00,"",0.00,161.00,146.00,122.00,1.00,1012.00,,,,,,
2016,7,21,4,2016-07-21,"AA",19805,"AA","2504",13930,"ORD","Chicago, IL","IL",15304,"TPA","Tampa, FL","FL","1830","2005",95.00,95.00,24.00,4.00,"2211","2341",90.00,90.00,0.00,"",0.00,161.00,156.00,128.00,1.00,1012.00,19.00,0.00,0.00,0.00,71.00,
2016,7,22,5,2016-07-22,"AA",19805,"AA","2504",13930,"ORD","Chicago, IL","IL",15304,"TPA","Tampa, FL","FL","1830","1833",3.00,3.00,13.00,17.00,"2211","2210",-1.00,0.00,0.00,"",0.00,161.00,157.00,127.00,1.00,1012.00,,,,,,
2016,7,23,6,2016-07-23,"AA",19805,"AA","2504",13930,"ORD","Chicago, IL","IL",15304,"TPA","Tampa, FL","FL","1830","1931",61.00,61.00,18.00,4.00,"2211","2255",44.00,44.00,0.00,"",0.00,161.00,144.00,122.00,1.00,1012.00,0.00,44.00,0.00,0.00,0.00,
2016,7,24,7,2016-07-24,"AA",19805,"AA","2504",13930,"ORD","Chicago, IL","IL",15304,"TPA","Tampa, FL","FL","1830","2018",108.00,108.00,112.00,4.00,"2211","0132",201.00,201.00,0.00,"",0.00,161.00,254.00,138.00,1.00,1012.00,0.00,108.00,93.00,0.00,0.00,
2016,7,25,1,2016-07-25,"AA",19805,"AA","2504",13930,"ORD","Chicago, IL","IL",15304,"TPA","Tampa, FL","FL","1830","1902",32.00,32.00,35.00,3.00,"2211","2251",40.00,40.00,0.00,"",0.00,161.00,169.00,131.00,1.00,1012.00,25.00,0.00,8.00,0.00,7.00,
2016,7,26,2,2016-07-26,"AA",19805,"AA","2504",13930,"ORD","Chicago, IL","IL",15304,"TPA","Tampa, FL","FL","1830","1834",4.00,4.00,13.00,6.00,"2211","2204",-7.00,0.00,0.00,"",0.00,161.00,150.00,131.00,1.00,1012.00,,,,,,
2016,7,27,3,2016-07-27,"AA",19805,"AA","2504",13930,"ORD","Chicago, IL","IL",15304,"TPA","Tampa, FL","FL","1830","1834",4.00,4.00,16.00,4.00,"2211","2209",-2.00,0.00,0.00,"",0.00,161.00,155.00,135.00,1.00,1012.00,,,,,,
2016,7,28,4,2016-07-28,"AA",19805,"AA","2504",13930,"ORD","Chicago, IL","IL",15304,"TPA","Tampa, FL","FL","1830","2015",105.00,105.00,13.00,4.00,"2211","2341",90.00,90.00,0.00,"",0.00,161.00,146.00,129.00,1.00,1012.00,0.00,90.00,0.00,0.00,0.00,
2016,7,29,5,2016-07-29,"AA",19805,"AA","2504",13930,"ORD","Chicago, IL","IL",15304,"TPA","Tampa, FL","FL","1830","1849",19.00,19.00,17.00,4.00,"2211","2218",7.00,7.00,0.00,"",0.00,161.00,149.00,128.00,1.00,1012.00,,,,,,
2016,7,30,6,2016-07-30,"AA",19805,"AA","2504",13930,"ORD","Chicago, IL","IL",15304,"TPA","Tampa, FL","FL","1830","1835",5.00,5.00,26.00,4.00,"2211","2216",5.00,5.00,0.00,"",0.00,161.00,161.00,131.00,1.00,1012.00,,,,,,
2016,7,31,7,2016-07-31,"AA",19805,"AA","2504",13930,"ORD","Chicago, IL","IL",15304,"TPA","Tampa, FL","FL","1830","1853",23.00,23.00,12.00,8.00,"2211","2223",12.00,12.00,0.00,"",0.00,161.00,150.00,130.00,1.00,1012.00,,,,,,
2016,7,1,5,2016-07-01,"AA",19805,"AA","2505",13204,"MCO","Orlando, FL","FL",11298,"DFW","Dallas/Fort Worth, TX","TX","1725","1743",18.00,18.00,13.00,10.00,"1914","1919",5.00,5.00,0.00,"",0.00,169.00,156.00,133.00,1.00,985.00,,,,,,
2016,7,2,6,2016-07-02,"AA",19805,"AA","2505",13204,"MCO","Orlando, FL","FL",11298,"DFW","Dallas/Fort Worth, TX","TX","1725","1727",2.00,2.00,15.00,10.00,"1914","1903",-11.00,0.00,0.00,"",0.00,169.00,156.00,131.00,1.00,985.00,,,,,,
2016,7,3,7,2016-07-03,"AA",19805,"AA","2505",13204,"MCO","Orlando, FL","FL",11298,"DFW","Dallas/Fort Worth, TX","TX","1725","1719",-6.00,0.00,11.00,15.00,"1914","1854",-20.00,0.00,0.00,"",0.00,169.00,155.00,129.00,1.00,985.00,,,,,,
2016,7,4,1,2016-07-04,"AA",19805,"AA","2505",13204,"MCO","Orlando, FL","FL",11298,"DFW","Dallas/Fort Worth, TX","TX","1725","1719",-6.00,0.00,12.00,10.00,"1914","1850",-24.00,0.00,0.00,"",0.00,169.00,151.00,129.00,1.00,985.00,,,,,,
2016,7,5,2,2016-07-05,"AA",19805,"AA","2505",13204,"MCO","Orlando, FL","FL",11298,"DFW","Dallas/Fort Worth, TX","TX","1725","1731",6.00,6.00,13.00,13.00,"1914","1909",-5.00,0.00,0.00,"",0.00,169.00,158.00,132.00,1.00,985.00,,,,,,
2016,7,6,3,2016-07-06,"AA",19805,"AA","2505",13204,"MCO","Orlando, FL","FL",11298,"DFW","Dallas/Fort Worth, TX","TX","1725","1724",-1.00,0.00,15.00,15.00,"1914","1919",5.00,5.00,0.00,"",0.00,169.00,175.00,145.00,1.00,985.00,,,,,,
2016,7,7,4,2016-07-07,"AA",19805,"AA","2505",13204,"MCO","Orlando, FL","FL",11298,"DFW","Dallas/Fort Worth, TX","TX","1725","1721",-4.00,0.00,12.00,15.00,"1914","1904",-10.00,0.00,0.00,"",0.00,169.00,163.00,136.00,1.00,985.00,,,,,,
2016,7,8,5,2016-07-08,"AA",19805,"AA","2505",13204,"MCO","Orlando, FL","FL",11298,"DFW","Dallas/Fort Worth, TX","TX","1725","1723",-2.00,0.00,16.00,12.00,"1914","1907",-7.00,0.00,0.00,"",0.00,169.00,164.00,136.00,1.00,985.00,,,,,,
2016,7,9,6,2016-07-09,"AA",19805,"AA","2505",13204,"MCO","Orlando, FL","FL",11298,"DFW","Dallas/Fort Worth, TX","TX","1725","1746",21.00,21.00,23.00,15.00,"1914","1953",39.00,39.00,0.00,"",0.00,169.00,187.00,149.00,1.00,985.00,0.00,0.00,39.00,0.00,0.00,
2016,7,10,7,2016-07-10,"AA",19805,"AA","2505",13204,"MCO","Orlando, FL","FL",11298,"DFW","Dallas/Fort Worth, TX","TX","1725","1744",19.00,19.00,14.00,13.00,"1914","1926",12.00,12.00,0.00,"",0.00,169.00,162.00,135.00,1.00,985.00,,,,,,
2016,7,11,1,2016-07-11,"AA",19805,"AA","2505",13204,"MCO","Orlando, FL","FL",11298,"DFW","Dallas/Fort Worth, TX","TX","1725","1912",107.00,107.00,12.00,15.00,"1914","2102",108.00,108.00,0.00,"",0.00,169.00,170.00,143.00,1.00,985.00,0.00,90.00,1.00,0.00,17.00,
2016,7,12,2,2016-07-12,"AA",19805,"AA","2505",13204,"MCO","Orlando, FL","FL",11298,"DFW","Dallas/Fort Worth, TX","TX","1725","1733",8.00,8.00,11.00,14.00,"1914","1911",-3.00,0.00,0.00,"",0.00,169.00,158.00,133.00,1.00,985.00,,,,,,
2016,7,13,3,2016-07-13,"AA",19805,"AA","2505",13204,"MCO","Orlando, FL","FL",11298,"DFW","Dallas/Fort Worth, TX","TX","1725","1721",-4.00,0.00,15.00,15.00,"1914","1905",-9.00,0.00,0.00,"",0.00,169.00,164.00,134.00,1.00,985.00,,,,,,
2016,7,14,4,2016-07-14,"AA",19805,"AA","2505",13204,"MCO","Orlando, FL","FL",11298,"DFW","Dallas/Fort Worth, TX","TX","1725","1721",-4.00,0.00,21.00,17.00,"1914","1913",-1.00,0.00,0.00,"",0.00,169.00,172.00,134.00,1.00,985.00,,,,,,
2016,7,15,5,2016-07-15,"AA",19805,"AA","2505",13204,"MCO","Orlando, FL","FL",11298,"DFW","Dallas/Fort Worth, TX","TX","1725","2010",165.00,165.00,13.00,4.00,"1914","2137",143.00,143.00,0.00,"",0.00,169.00,147.00,130.00,1.00,985.00,0.00,16.00,0.00,0.00,127.00,
2016,7,16,6,2016-07-16,"AA",19805,"AA","2505",13204,"MCO","Orlando, FL","FL",11298,"DFW","Dallas/Fort Worth, TX","TX","1725","1721",-4.00,0.00,17.00,9.00,"1914","1853",-21.00,0.00,0.00,"",0.00,169.00,152.00,126.00,1.00,985.00,,,,,,
2016,7,17,7,2016-07-17,"AA",19805,"AA","2505",13204,"MCO","Orlando, FL","FL",11298,"DFW","Dallas/Fort Worth, TX","TX","1725","1722",-3.00,0.00,12.00,12.00,"1914","1853",-21.00,0.00,0.00,"",0.00,169.00,151.00,127.00,1.00,985.00,,,,,,
2016,7,18,1,2016-07-18,"AA",19805,"AA","2505",13204,"MCO","Orlando, FL","FL",11298,"DFW","Dallas/Fort Worth, TX","TX","1725","1818",53.00,53.00,14.00,6.00,"1914","1947",33.00,33.00,0.00,"",0.00,169.00,149.00,129.00,1.00,985.00,0.00,7.00,0.00,0.00,26.00,
2016,7,19,2,2016-07-19,"AA",19805,"AA","2505",13204,"MCO","Orlando, FL","FL",11298,"DFW","Dallas/Fort Worth, TX","TX","1725","1724",-1.00,0.00,21.00,15.00,"1914","1907",-7.00,0.00,0.00,"",0.00,169.00,163.00,127.00,1.00,985.00,,,,,,
2016,7,20,3,2016-07-20,"AA",19805,"AA","2505",13204,"MCO","Orlando, FL","FL",11298,"DFW","Dallas/Fort Worth, TX","TX","1725","1719",-6.00,0.00,14.00,24.00,"1914","1905",-9.00,0.00,0.00,"",0.00,169.00,166.00,128.00,1.00,985.00,,,,,,
2016,7,21,4,2016-07-21,"AA",19805,"AA","2505",13204,"MCO","Orlando, FL","FL",11298,"DFW","Dallas/Fort Worth, TX","TX","1725","1734",9.00,9.00,34.00,13.00,"1914","1936",22.00,22.00,0.00,"",0.00,169.00,182.00,135.00,1.00,985.00,0.00,8.00,13.00,0.00,1.00,
2016,7,22,5,2016-07-22,"AA",19805,"AA","2505",13204,"MCO","Orlando, FL","FL",11298,"DFW","Dallas/Fort Worth, TX","TX","1725","1721",-4.00,0.00,10.00,15.00,"1914","1855",-19.00,0.00,0.00,"",0.00,169.00,154.00,129.00,1.00,985.00,,,,,,
2016,7,23,6,2016-07-23,"AA",19805,"AA","2505",13204,"MCO","Orlando, FL","FL",11298,"DFW","Dallas/Fort Worth, TX","TX","1725","1717",-8.00,0.00,13.00,18.00,"1914","1849",-25.00,0.00,0.00,"",0.00,169.00,152.00,121.00,1.00,985.00,,,,,,
2016,7,24,7,2016-07-24,"AA",19805,"AA","2505",13204,"MCO","Orlando, FL","FL",11298,"DFW","Dallas/Fort Worth, TX","TX","1725","1726",1.00,1.00,15.00,17.00,"1914","1912",-2.00,0.00,0.00,"",0.00,169.00,166.00,134.00,1.00,985.00,,,,,,
2016,7,25,1,2016-07-25,"AA",19805,"AA","2505",13204,"MCO","Orlando, FL","FL",11298,"DFW","Dallas/Fort Worth, TX","TX","1725","1725",0.00,0.00,93.00,8.00,"1914","2017",63.00,63.00,0.00,"",0.00,169.00,232.00,131.00,1.00,985.00,0.00,0.00,63.00,0.00,0.00,
2016,7,26,2,2016-07-26,"AA",19805,"AA","2505",13204,"MCO","Orlando, FL","FL",11298,"DFW","Dallas/Fort Worth, TX","TX","1725","1912",107.00,107.00,14.00,12.00,"1914","2047",93.00,93.00,0.00,"",0.00,169.00,155.00,129.00,1.00,985.00,0.00,0.00,0.00,0.00,93.00,
2016,7,27,3,2016-07-27,"AA",19805,"AA","2505",13204,"MCO","Orlando, FL","FL",11298,"DFW","Dallas/Fort Worth, TX","TX","1725","1803",38.00,38.00,18.00,70.00,"1914","2041",87.00,87.00,0.00,"",0.00,169.00,218.00,130.00,1.00,985.00,0.00,0.00,76.00,0.00,11.00,
2016,7,28,4,2016-07-28,"AA",19805,"AA","2505",13204,"MCO","Orlando, FL","FL",11298,"DFW","Dallas/Fort Worth, TX","TX","1725","1743",18.00,18.00,15.00,14.00,"1914","1930",16.00,16.00,0.00,"",0.00,169.00,167.00,138.00,1.00,985.00,4.00,0.00,0.00,0.00,12.00,
2016,7,29,5,2016-07-29,"AA",19805,"AA","2505",13204,"MCO","Orlando, FL","FL",11298,"DFW","Dallas/Fort Worth, TX","TX","1725","1808",43.00,43.00,19.00,14.00,"1914","1953",39.00,39.00,0.00,"",0.00,169.00,165.00,132.00,1.00,985.00,0.00,19.00,0.00,0.00,20.00,
2016,7,30,6,2016-07-30,"AA",19805,"AA","2505",13204,"MCO","Orlando, FL","FL",11298,"DFW","Dallas/Fort Worth, TX","TX","1725","1835",70.00,70.00,15.00,10.00,"1914","2011",57.00,57.00,0.00,"",0.00,169.00,156.00,131.00,1.00,985.00,12.00,0.00,0.00,0.00,45.00,
2016,7,31,7,2016-07-31,"AA",19805,"AA","2505",13204,"MCO","Orlando, FL","FL",11298,"DFW","Dallas/Fort Worth, TX","TX","1725","1754",29.00,29.00,11.00,11.00,"1914","1921",7.00,7.00,0.00,"",0.00,169.00,147.00,125.00,1.00,985.00,,,,,,
2016,7,1,5,2016-07-01,"AA",19805,"AA","2506",11298,"DFW","Dallas/Fort Worth, TX","TX",14908,"SNA","Santa Ana, CA","CA","0855","0849",-6.00,0.00,10.00,4.00,"1002","0940",-22.00,0.00,0.00,"",0.00,187.00,171.00,157.00,1.00,1205.00,,,,,,
2016,7,2,6,2016-07-02,"AA",19805,"AA","2506",11298,"DFW","Dallas/Fort Worth, TX","TX",14908,"SNA","Santa Ana, CA","CA","0855","0855",0.00,0.00,20.00,7.00,"1002","1001",-1.00,0.00,0.00,"",0.00,187.00,186.00,159.00,1.00,1205.00,,,,,,
2016,7,3,7,2016-07-03,"AA",19805,"AA","2506",11298,"DFW","Dallas/Fort Worth, TX","TX",14908,"SNA","Santa Ana, CA","CA","0855","0849",-6.00,0.00,15.00,13.00,"1002","1000",-2.00,0.00,0.00,"",0.00,187.00,191.00,163.00,1.00,1205.00,,,,,,
2016,7,4,1,2016-07-04,"AA",19805,"AA","2506",11298,"DFW","Dallas/Fort Worth, TX","TX",14908,"SNA","Santa Ana, CA","CA","0855","1002",67.00,67.00,14.00,4.00,"1002","1100",58.00,58.00,0.00,"",0.00,187.00,178.00,160.00,1.00,1205.00,0.00,32.00,0.00,0.00,26.00,
2016,7,5,2,2016-07-05,"AA",19805,"AA","2506",11298,"DFW","Dallas/Fort Worth, TX","TX",14908,"SNA","Santa Ana, CA","CA","0855","0853",-2.00,0.00,38.00,14.00,"1002","1034",32.00,32.00,0.00,"",0.00,187.00,221.00,169.00,1.00,1205.00,0.00,0.00,32.00,0.00,0.00,
2016,7,6,3,2016-07-06,"AA",19805,"AA","2506",11298,"DFW","Dallas/Fort Worth, TX","TX",14908,"SNA","Santa Ana, CA","CA","0855","0850",-5.00,0.00,12.00,9.00,"1002","1002",0.00,0.00,0.00,"",0.00,187.00,192.00,171.00,1.00,1205.00,,,,,,
2016,7,7,4,2016-07-07,"AA",19805,"AA","2506",11298,"DFW","Dallas/Fort Worth, TX","TX",14908,"SNA","Santa Ana, CA","CA","0855","0851",-4.00,0.00,13.00,7.00,"1002","0954",-8.00,0.00,0.00,"",0.00,187.00,183.00,163.00,1.00,1205.00,,,,,,
2016,7,8,5,2016-07-08,"AA",19805,"AA","2506",11298,"DFW","Dallas/Fort Worth, TX","TX",14908,"SNA","Santa Ana, CA","CA","0855","0851",-4.00,0.00,21.00,6.00,"1002","0958",-4.00,0.00,0.00,"",0.00,187.00,187.00,160.00,1.00,1205.00,,,,,,
2016,7,9,6,2016-07-09,"AA",19805,"AA","2506",11298,"DFW","Dallas/Fort Worth, TX","TX",14908,"SNA","Santa Ana, CA","CA","0855","",,,,,"1002","",,,1.00,"A",0.00,187.00,,,1.00,1205.00,,,,,,
2016,7,10,7,2016-07-10,"AA",19805,"AA","2506",11298,"DFW","Dallas/Fort Worth, TX","TX",14908,"SNA","Santa Ana, CA","CA","0855","0853",-2.00,0.00,14.00,6.00,"1002","0953",-9.00,0.00,0.00,"",0.00,187.00,180.00,160.00,1.00,1205.00,,,,,,
2016,7,11,1,2016-07-11,"AA",19805,"AA","2506",11298,"DFW","Dallas/Fort Worth, TX","TX",14908,"SNA","Santa Ana, CA","CA","0855","0849",-6.00,0.00,12.00,9.00,"1002","0950",-12.00,0.00,0.00,"",0.00,187.00,181.00,160.00,1.00,1205.00,,,,,,
2016,7,12,2,2016-07-12,"AA",19805,"AA","2506",11298,"DFW","Dallas/Fort Worth, TX","TX",14908,"SNA","Santa Ana, CA","CA","0855","0855",0.00,0.00,24.00,8.00,"1002","1009",7.00,7.00,0.00,"",0.00,187.00,194.00,162.00,1.00,1205.00,,,,,,
2016,7,13,3,2016-07-13,"AA",19805,"AA","2506",11298,"DFW","Dallas/Fort Worth, TX","TX",14908,"SNA","Santa Ana, CA","CA","0855","0851",-4.00,0.00,23.00,8.00,"1002","1003",1.00,1.00,0.00,"",0.00,187.00,192.00,161.00,1.00,1205.00,,,,,,
2016,7,14,4,2016-07-14,"AA",19805,"AA","2506",11298,"DFW","Dallas/Fort Worth, TX","TX",14908,"SNA","Santa Ana, CA","CA","0855","0858",3.00,3.00,13.00,5.00,"1002","0950",-12.00,0.00,0.00,"",0.00,187.00,172.00,154.00,1.00,1205.00,,,,,,
2016,7,15,5,2016-07-15,"AA",19805,"AA","2506",11298,"DFW","Dallas/Fort Worth, TX","TX",14908,"SNA","Santa Ana, CA","CA","0855","1021",86.00,86.00,16.00,5.00,"1002","1117",75.00,75.00,0.00,"",0.00,187.00,176.00,155.00,1.00,1205.00,0.00,75.00,0.00,0.00,0.00,
2016,7,16,6,2016-07-16,"AA",19805,"AA","2506",11298,"DFW","Dallas/Fort Worth, TX","TX",14908,"SNA","Santa Ana, CA","CA","0855","0853",-2.00,0.00,15.00,6.00,"1002","0950",-12.00,0.00,0.00,"",0.00,187.00,177.00,156.00,1.00,1205.00,,,,,,
2016,7,17,7,2016-07-17,"AA",19805,"AA","2506",11298,"DFW","Dallas/Fort Worth, TX","TX",14908,"SNA","Santa Ana, CA","CA","0855","0849",-6.00,0.00,16.00,6.00,"1002","0949",-13.00,0.00,0.00,"",0.00,187.00,180.00,158.00,1.00,1205.00,,,,,,
2016,7,18,1,2016-07-18,"AA",19805,"AA","2506",11298,"DFW","Dallas/Fort Worth, TX","TX",14908,"SNA","Santa Ana, CA","CA","0855","0855",0.00,0.00,24.00,7.00,"1002","1001",-1.00,0.00,0.00,"",0.00,187.00,186.00,155.00,1.00,1205.00,,,,,,
2016,7,19,2,2016-07-19,"AA",19805,"AA","2506",11298,"DFW","Dallas/Fort Worth, TX","TX",14908,"SNA","Santa Ana, CA","CA","0855","0850",-5.00,0.00,11.00,6.00,"1002","0941",-21.00,0.00,0.00,"",0.00,187.00,171.00,154.00,1.00,1205.00,,,,,,
2016,7,20,3,2016-07-20,"AA",19805,"AA","2506",11298,"DFW","Dallas/Fort Worth, TX","TX",14908,"SNA","Santa Ana, CA","CA","0855","0853",-2.00,0.00,13.00,6.00,"1002","0946",-16.00,0.00,0.00,"",0.00,187.00,173.00,154.00,1.00,1205.00,,,,,,
2016,7,21,4,2016-07-21,"AA",19805,"AA","2506",11298,"DFW","Dallas/Fort Worth, TX","TX",14908,"SNA","Santa Ana, CA","CA","0855","0854",-1.00,0.00,25.00,5.00,"1002","0956",-6.00,0.00,0.00,"",0.00,187.00,182.00,152.00,1.00,1205.00,,,,,,
2016,7,22,5,2016-07-22,"AA",19805,"AA","2506",11298,"DFW","Dallas/Fort Worth, TX","TX",14908,"SNA","Santa Ana, CA","CA","0855","0851",-4.00,0.00,17.00,5.00,"1002","0944",-18.00,0.00,0.00,"",0.00,187.00,173.00,151.00,1.00,1205.00,,,,,,
2016,7,23,6,2016-07-23,"AA",19805,"AA","2506",11298,"DFW","Dallas/Fort Worth, TX","TX",14908,"SNA","Santa Ana, CA","CA","0855","0945",50.00,50.00,12.00,6.00,"1002","1031",29.00,29.00,0.00,"",0.00,187.00,166.00,148.00,1.00,1205.00,4.00,0.00,0.00,0.00,25.00,
2016,7,24,7,2016-07-24,"AA",19805,"AA","2506",11298,"DFW","Dallas/Fort Worth, TX","TX",14908,"SNA","Santa Ana, CA","CA","0855","0851",-4.00,0.00,21.00,6.00,"1002","0953",-9.00,0.00,0.00,"",0.00,187.00,182.00,155.00,1.00,1205.00,,,,,,
2016,7,25,1,2016-07-25,"AA",19805,"AA","2506",11298,"DFW","Dallas/Fort Worth, TX","TX",14908,"SNA","Santa Ana, CA","CA","0855","0854",-1.00,0.00,21.00,6.00,"1002","0957",-5.00,0.00,0.00,"",0.00,187.00,183.00,156.00,1.00,1205.00,,,,,,
2016,7,26,2,2016-07-26,"AA",19805,"AA","2506",11298,"DFW","Dallas/Fort Worth, TX","TX",14908,"SNA","Santa Ana, CA","CA","0855","0851",-4.00,0.00,13.00,4.00,"1002","0944",-18.00,0.00,0.00,"",0.00,187.00,173.00,156.00,1.00,1205.00,,,,,,
2016,7,27,3,2016-07-27,"AA",19805,"AA","2506",11298,"DFW","Dallas/Fort Worth, TX","TX",14908,"SNA","Santa Ana, CA","CA","0855","0921",26.00,26.00,16.00,9.00,"1002","1023",21.00,21.00,0.00,"",0.00,187.00,182.00,157.00,1.00,1205.00,21.00,0.00,0.00,0.00,0.00,
2016,7,28,4,2016-07-28,"AA",19805,"AA","2506",11298,"DFW","Dallas/Fort Worth, TX","TX",14908,"SNA","Santa Ana, CA","CA","0855","0854",-1.00,0.00,17.00,8.00,"1002","0954",-8.00,0.00,0.00,"",0.00,187.00,180.00,155.00,1.00,1205.00,,,,,,
2016,7,29,5,2016-07-29,"AA",19805,"AA","2506",11298,"DFW","Dallas/Fort Worth, TX","TX",14908,"SNA","Santa Ana, CA","CA","0855","0903",8.00,8.00,29.00,9.00,"1002","1016",14.00,14.00,0.00,"",0.00,187.00,193.00,155.00,1.00,1205.00,,,,,,
2016,7,30,6,2016-07-30,"AA",19805,"AA","2506",11298,"DFW","Dallas/Fort Worth, TX","TX",14908,"SNA","Santa Ana, CA","CA","0855","0854",-1.00,0.00,14.00,5.00,"1002","0945",-17.00,0.00,0.00,"",0.00,187.00,171.00,152.00,1.00,1205.00,,,,,,
2016,7,31,7,2016-07-31,"AA",19805,"AA","2506",11298,"DFW","Dallas/Fort Worth, TX","TX",14908,"SNA","Santa Ana, CA","CA","0855","0858",3.00,3.00,25.00,8.00,"1002","1001",-1.00,0.00,0.00,"",0.00,187.00,183.00,150.00,1.00,1205.00,,,,,,
2016,7,1,5,2016-07-01,"AA",19805,"AA","2506",14908,"SNA","Santa Ana, CA","CA",11298,"DFW","Dallas/Fort Worth, TX","TX","1159","1156",-3.00,0.00,13.00,4.00,"1658","1640",-18.00,0.00,0.00,"",0.00,179.00,164.00,147.00,1.00,1205.00,,,,,,
2016,7,2,6,2016-07-02,"AA",19805,"AA","2506",14908,"SNA","Santa Ana, CA","CA",11298,"DFW","Dallas/Fort Worth, TX","TX","1159","1150",-9.00,0.00,12.00,9.00,"1658","1643",-15.00,0.00,0.00,"",0.00,179.00,173.00,152.00,1.00,1205.00,,,,,,
2016,7,3,7,2016-07-03,"AA",19805,"AA","2506",14908,"SNA","Santa Ana, CA","CA",11298,"DFW","Dallas/Fort Worth, TX","TX","1159","1153",-6.00,0.00,12.00,4.00,"1658","1639",-19.00,0.00,0.00,"",0.00,179.00,166.00,150.00,1.00,1205.00,,,,,,
2016,7,4,1,2016-07-04,"AA",19805,"AA","2506",14908,"SNA","Santa Ana, CA","CA",11298,"DFW","Dallas/Fort Worth, TX","TX","1159","1153",-6.00,0.00,10.00,23.00,"1658","1653",-5.00,0.00,0.00,"",0.00,179.00,180.00,147.00,1.00,1205.00,,,,,,
2016,7,5,2,2016-07-05,"AA",19805,"AA","2506",14908,"SNA","Santa Ana, CA","CA",11298,"DFW","Dallas/Fort Worth, TX","TX","1155","1302",67.00,67.00,11.00,12.00,"1654","1749",55.00,55.00,0.00,"",0.00,179.00,167.00,144.00,1.00,1205.00,0.00,0.00,0.00,0.00,55.00,
2016,7,6,3,2016-07-06,"AA",19805,"AA","2506",14908,"SNA","Santa Ana, CA","CA",11298,"DFW","Dallas/Fort Worth, TX","TX","1155","1152",-3.00,0.00,11.00,5.00,"1654","1633",-21.00,0.00,0.00,"",0.00,179.00,161.00,145.00,1.00,1205.00,,,,,,
2016,7,7,4,2016-07-07,"AA",19805,"AA","2506",14908,"SNA","Santa Ana, CA","CA",11298,"DFW","Dallas/Fort Worth, TX","TX","1155","1150",-5.00,0.00,15.00,10.00,"1654","1640",-14.00,0.00,0.00,"",0.00,179.00,170.00,145.00,1.00,1205.00,,,,,,
2016,7,8,5,2016-07-08,"AA",19805,"AA","2506",14908,"SNA","Santa Ana, CA","CA",11298,"DFW","Dallas/Fort Worth, TX","TX","1155","1205",10.00,10.00,16.00,29.00,"1654","1714",20.00,20.00,0.00,"",0.00,179.00,189.00,144.00,1.00,1205.00,0.00,0.00,10.00,0.00,10.00,
2016,7,9,6,2016-07-09,"AA",19805,"AA","2506",14908,"SNA","Santa Ana, CA","CA",11298,"DFW","Dallas/Fort Worth, TX","TX","1155","1152",-3.00,0.00,11.00,77.00,"1654","2045",,,0.00,"",1.00,179.00,,,1.00,1205.00,,,,,,
2016,7,10,7,2016-07-10,"AA",19805,"AA","2506",14908,"SNA","Santa Ana, CA","CA",11298,"DFW","Dallas/Fort Worth, TX","TX","1155","1155",0.00,0.00,20.00,17.00,"1654","1701",7.00,7.00,0.00,"",0.00,179.00,186.00,149.00,1.00,1205.00,,,,,,
2016,7,11,1,2016-07-11,"AA",19805,"AA","2506",14908,"SNA","Santa Ana, CA","CA",11298,"DFW","Dallas/Fort Worth, TX","TX","1155","1153",-2.00,0.00,17.00,5.00,"1654","1638",-16.00,0.00,0.00,"",0.00,179.00,165.00,143.00,1.00,1205.00,,,,,,
2016,7,12,2,2016-07-12,"AA",19805,"AA","2506",14908,"SNA","Santa Ana, CA","CA",11298,"DFW","Dallas/Fort Worth, TX","TX","1155","1149",-6.00,0.00,15.00,4.00,"1654","1637",-17.00,0.00,0.00,"",0.00,179.00,168.00,149.00,1.00,1205.00,,,,,,
2016,7,13,3,2016-07-13,"AA",19805,"AA","2506",14908,"SNA","Santa Ana, CA","CA",11298,"DFW","Dallas/Fort Worth, TX","TX","1155","1151",-4.00,0.00,15.00,9.00,"1654","1642",-12.00,0.00,0.00,"",0.00,179.00,171.00,147.00,1.00,1205.00,,,,,,
2016,7,14,4,2016-07-14,"AA",19805,"AA","2506",14908,"SNA","Santa Ana, CA","CA",11298,"DFW","Dallas/Fort Worth, TX","TX","1155","1146",-9.00,0.00,18.00,12.00,"1654","1651",-3.00,0.00,0.00,"",0.00,179.00,185.00,155.00,1.00,1205.00,,,,,,
2016,7,15,5,2016-07-15,"AA",19805,"AA","2506",14908,"SNA","Santa Ana, CA","CA",11298,"DFW","Dallas/Fort Worth, TX","TX","1155","1342",107.00,107.00,17.00,8.00,"1654","1842",108.00,108.00,0.00,"",0.00,179.00,180.00,155.00,1.00,1205.00,0.00,0.00,1.00,0.00,107.00,
2016,7,16,6,2016-07-16,"AA",19805,"AA","2506",14908,"SNA","Santa Ana, CA","CA",11298,"DFW","Dallas/Fort Worth, TX","TX","1155","1154",-1.00,0.00,12.00,11.00,"1654","1647",-7.00,0.00,0.00,"",0.00,179.00,173.00,150.00,1.00,1205.00,,,,,,
2016,7,17,7,2016-07-17,"AA",19805,"AA","2506",14908,"SNA","Santa Ana, CA","CA",11298,"DFW","Dallas/Fort Worth, TX","TX","1155","1154",-1.00,0.00,13.00,9.00,"1654","1651",-3.00,0.00,0.00,"",0.00,179.00,177.00,155.00,1.00,1205.00,,,,,,
2016,7,18,1,2016-07-18,"AA",19805,"AA","2506",14908,"SNA","Santa Ana, CA","CA",11298,"DFW","Dallas/Fort Worth, TX","TX","1155","1152",-3.00,0.00,14.00,11.00,"1654","1649",-5.00,0.00,0.00,"",0.00,179.00,177.00,152.00,1.00,1205.00,,,,,,
2016,7,19,2,2016-07-19,"AA",19805,"AA","2506",14908,"SNA","Santa Ana, CA","CA",11298,"DFW","Dallas/Fort Worth, TX","TX","1155","1146",-9.00,0.00,12.00,9.00,"1654","1650",-4.00,0.00,0.00,"",0.00,179.00,184.00,163.00,1.00,1205.00,,,,,,
2016,7,20,3,2016-07-20,"AA",19805,"AA","2506",14908,"SNA","Santa Ana, CA","CA",11298,"DFW","Dallas/Fort Worth, TX","TX","1155","1150",-5.00,0.00,17.00,17.00,"1654","1708",14.00,14.00,0.00,"",0.00,179.00,198.00,164.00,1.00,1205.00,,,,,,
2016,7,21,4,2016-07-21,"AA",19805,"AA","2506",14908,"SNA","Santa Ana, CA","CA",11298,"DFW","Dallas/Fort Worth, TX","TX","1155","1158",3.00,3.00,12.00,11.00,"1654","1657",3.00,3.00,0.00,"",0.00,179.00,179.00,156.00,1.00,1205.00,,,,,,
2016,7,22,5,2016-07-22,"AA",19805,"AA","2506",14908,"SNA","Santa Ana, CA","CA",11298,"DFW","Dallas/Fort Worth, TX","TX","1155","1151",-4.00,0.00,18.00,23.00,"1654","1703",9.00,9.00,0.00,"",0.00,179.00,192.00,151.00,1.00,1205.00,,,,,,
2016,7,23,6,2016-07-23,"AA",19805,"AA","2506",14908,"SNA","Santa Ana, CA","CA",11298,"DFW","Dallas/Fort Worth, TX","TX","1155","1148",-7.00,0.00,30.00,8.00,"1654","1657",3.00,3.00,0.00,"",0.00,179.00,189.00,151.00,1.00,1205.00,,,,,,
2016,7,24,7,2016-07-24,"AA",19805,"AA","2506",14908,"SNA","Santa Ana, CA","CA",11298,"DFW","Dallas/Fort Worth, TX","TX","1155","1151",-4.00,0.00,10.00,11.00,"1654","1645",-9.00,0.00,0.00,"",0.00,179.00,174.00,153.00,1.00,1205.00,,,,,,
2016,7,25,1,2016-07-25,"AA",19805,"AA","2506",14908,"SNA","Santa Ana, CA","CA",11298,"DFW","Dallas/Fort Worth, TX","TX","1155","1150",-5.00,0.00,12.00,10.00,"1654","1644",-10.00,0.00,0.00,"",0.00,179.00,174.00,152.00,1.00,1205.00,,,,,,
2016,7,26,2,2016-07-26,"AA",19805,"AA","2506",14908,"SNA","Santa Ana, CA","CA",11298,"DFW","Dallas/Fort Worth, TX","TX","1155","1154",-1.00,0.00,14.00,9.00,"1654","1651",-3.00,0.00,0.00,"",0.00,179.00,177.00,154.00,1.00,1205.00,,,,,,
2016,7,27,3,2016-07-27,"AA",19805,"AA","2506",14908,"SNA","Santa Ana, CA","CA",11298,"DFW","Dallas/Fort Worth, TX","TX","1155","1208",13.00,13.00,11.00,37.00,"1654","1741",47.00,47.00,0.00,"",0.00,179.00,213.00,165.00,1.00,1205.00,0.00,13.00,34.00,0.00,0.00,
2016,7,28,4,2016-07-28,"AA",19805,"AA","2506",14908,"SNA","Santa Ana, CA","CA",11298,"DFW","Dallas/Fort Worth, TX","TX","1155","1154",-1.00,0.00,16.00,9.00,"1654","1659",5.00,5.00,0.00,"",0.00,179.00,185.00,160.00,1.00,1205.00,,,,,,
2016,7,29,5,2016-07-29,"AA",19805,"AA","2506",14908,"SNA","Santa Ana, CA","CA",11298,"DFW","Dallas/Fort Worth, TX","TX","1155","1148",-7.00,0.00,15.00,8.00,"1654","1648",-6.00,0.00,0.00,"",0.00,179.00,180.00,157.00,1.00,1205.00,,,,,,
2016,7,30,6,2016-07-30,"AA",19805,"AA","2506",14908,"SNA","Santa Ana, CA","CA",11298,"DFW","Dallas/Fort Worth, TX","TX","1155","1157",2.00,2.00,9.00,10.00,"1654","1649",-5.00,0.00,0.00,"",0.00,179.00,172.00,153.00,1.00,1205.00,,,,,,
2016,7,31,7,2016-07-31,"AA",19805,"AA","2506",14908,"SNA","Santa Ana, CA","CA",11298,"DFW","Dallas/Fort Worth, TX","TX","1155","1152",-3.00,0.00,8.00,34.00,"1654","1707",13.00,13.00,0.00,"",0.00,179.00,195.00,153.00,1.00,1205.00,,,,,,
2016,7,1,5,2016-07-01,"AA",19805,"AA","2507",12892,"LAX","Los Angeles, CA","CA",10721,"BOS","Boston, MA","MA","2356","0152",116.00,116.00,28.00,4.00,"0831","1018",107.00,107.00,0.00,"",0.00,335.00,326.00,294.00,1.00,2611.00,23.00,0.00,0.00,0.00,84.00,
2016,7,2,6,2016-07-02,"AA",19805,"AA","2507",12892,"LAX","Los Angeles, CA","CA",10721,"BOS","Boston, MA","MA","2357","0038",41.00,41.00,34.00,7.00,"0832","0934",62.00,62.00,0.00,"",0.00,335.00,356.00,315.00,1.00,2611.00,16.00,0.00,21.00,0.00,25.00,
2016,7,3,7,2016-07-03,"AA",19805,"AA","2507",12892,"LAX","Los Angeles, CA","CA",10721,"BOS","Boston, MA","MA","2357","2357",0.00,0.00,21.00,6.00,"0832","0832",0.00,0.00,0.00,"",0.00,335.00,335.00,308.00,1.00,2611.00,,,,,,
2016,7,4,1,2016-07-04,"AA",19805,"AA","2507",12892,"LAX","Los Angeles, CA","CA",10721,"BOS","Boston, MA","MA","2357","0031",34.00,34.00,26.00,9.00,"0832","0904",32.00,32.00,0.00,"",0.00,335.00,333.00,298.00,1.00,2611.00,32.00,0.00,0.00,0.00,0.00,
2016,7,5,2,2016-07-05,"AA",19805,"AA","2507",12892,"LAX","Los Angeles, CA","CA",10721,"BOS","Boston, MA","MA","2357","2354",-3.00,0.00,32.00,7.00,"0832","0851",19.00,19.00,0.00,"",0.00,335.00,357.00,318.00,1.00,2611.00,0.00,0.00,19.00,0.00,0.00,
2016,7,6,3,2016-07-06,"AA",19805,"AA","2507",12892,"LAX","Los Angeles, CA","CA",10721,"BOS","Boston, MA","MA","2357","2354",-3.00,0.00,27.00,8.00,"0832","0835",3.00,3.00,0.00,"",0.00,335.00,341.00,306.00,1.00,2611.00,,,,,,
2016,7,7,4,2016-07-07,"AA",19805,"AA","2507",12892,"LAX","Los Angeles, CA","CA",10721,"BOS","Boston, MA","MA","2357","2356",-1.00,0.00,39.00,9.00,"0832","0841",9.00,9.00,0.00,"",0.00,335.00,345.00,297.00,1.00,2611.00,,,,,,
2016,7,8,5,2016-07-08,"AA",19805,"AA","2507",12892,"LAX","Los Angeles, CA","CA",10721,"BOS","Boston, MA","MA","2357","2356",-1.00,0.00,38.00,8.00,"0832","0839",7.00,7.00,0.00,"",0.00,335.00,343.00,297.00,1.00,2611.00,,,,,,
2016,7,9,6,2016-07-09,"AA",19805,"AA","2507",12892,"LAX","Los Angeles, CA","CA",10721,"BOS","Boston, MA","MA","2357","2358",1.00,1.00,29.00,7.00,"0832","0835",3.00,3.00,0.00,"",0.00,335.00,337.00,301.00,1.00,2611.00,,,,,,
2016,7,10,7,2016-07-10,"AA",19805,"AA","2507",12892,"LAX","Los Angeles, CA","CA",10721,"BOS","Boston, MA","MA","2357","0001",4.00,4.00,32.00,4.00,"0832","0834",2.00,2.00,0.00,"",0.00,335.00,333.00,297.00,1.00,2611.00,,,,,,
2016,7,11,1,2016-07-11,"AA",19805,"AA","2507",12892,"LAX","Los Angeles, CA","CA",10721,"BOS","Boston, MA","MA","2357","0031",34.00,34.00,19.00,8.00,"0832","0912",40.00,40.00,0.00,"",0.00,335.00,341.00,314.00,1.00,2611.00,6.00,0.00,6.00,0.00,28.00,
2016,7,12,2,2016-07-12,"AA",19805,"AA","2507",12892,"LAX","Los Angeles, CA","CA",10721,"BOS","Boston, MA","MA","2357","0110",73.00,73.00,20.00,8.00,"0832","0934",62.00,62.00,0.00,"",0.00,335.00,324.00,296.00,1.00,2611.00,59.00,0.00,0.00,0.00,3.00,
2016,7,13,3,2016-07-13,"AA",19805,"AA","2507",12892,"LAX","Los Angeles, CA","CA",10721,"BOS","Boston, MA","MA","2357","2356",-1.00,0.00,31.00,8.00,"0832","0829",-3.00,0.00,0.00,"",0.00,335.00,333.00,294.00,1.00,2611.00,,,,,,
2016,7,14,4,2016-07-14,"AA",19805,"AA","2507",12892,"LAX","Los Angeles, CA","CA",10721,"BOS","Boston, MA","MA","2357","2356",-1.00,0.00,28.00,12.00,"0832","0826",-6.00,0.00,0.00,"",0.00,335.00,330.00,290.00,1.00,2611.00,,,,,,
2016,7,15,5,2016-07-15,"AA",19805,"AA","2507",12892,"LAX","Los Angeles, CA","CA",10721,"BOS","Boston, MA","MA","2357","0042",45.00,45.00,22.00,5.00,"0832","0901",29.00,29.00,0.00,"",0.00,335.00,319.00,292.00,1.00,2611.00,0.00,0.00,29.00,0.00,0.00,
2016,7,16,6,2016-07-16,"AA",19805,"AA","2507",12892,"LAX","Los Angeles, CA","CA",10721,"BOS","Boston, MA","MA","2357","2400",3.00,3.00,35.00,8.00,"0832","0848",16.00,16.00,0.00,"",0.00,335.00,348.00,305.00,1.00,2611.00,3.00,0.00,13.00,0.00,0.00,
2016,7,17,7,2016-07-17,"AA",19805,"AA","2507",12892,"LAX","Los Angeles, CA","CA",10721,"BOS","Boston, MA","MA","2357","2357",0.00,0.00,23.00,5.00,"0832","0821",-11.00,0.00,0.00,"",0.00,335.00,324.00,296.00,1.00,2611.00,,,,,,
2016,7,18,1,2016-07-18,"AA",19805,"AA","2507",12892,"LAX","Los Angeles, CA","CA",10721,"BOS","Boston, MA","MA","2357","0003",6.00,6.00,51.00,6.00,"0832","0907",35.00,35.00,0.00,"",0.00,335.00,364.00,307.00,1.00,2611.00,6.00,0.00,29.00,0.00,0.00,
2016,7,19,2,2016-07-19,"AA",19805,"AA","2507",12892,"LAX","Los Angeles, CA","CA",10721,"BOS","Boston, MA","MA","2357","2358",1.00,1.00,17.00,5.00,"0832","0828",-4.00,0.00,0.00,"",0.00,335.00,330.00,308.00,1.00,2611.00,,,,,,
2016,7,20,3,2016-07-20,"AA",19805,"AA","2507",12892,"LAX","Los Angeles, CA","CA",10721,"BOS","Boston, MA","MA","2357","0029",32.00,32.00,33.00,10.00,"0832","0928",56.00,56.00,0.00,"",0.00,335.00,359.00,316.00,1.00,2611.00,32.00,0.00,24.00,0.00,0.00,
2016,7,21,4,2016-07-21,"AA",19805,"AA","2507",12892,"LAX","Los Angeles, CA","CA",10721,"BOS","Boston, MA","MA","2357","0044",47.00,47.00,23.00,7.00,"0832","0909",37.00,37.00,0.00,"",0.00,335.00,325.00,295.00,1.00,2611.00,37.00,0.00,0.00,0.00,0.00,
2016,7,22,5,2016-07-22,"AA",19805,"AA","2507",12892,"LAX","Los Angeles, CA","CA",10721,"BOS","Boston, MA","MA","2357","0007",10.00,10.00,24.00,5.00,"0832","0839",7.00,7.00,0.00,"",0.00,335.00,332.00,303.00,1.00,2611.00,,,,,,
2016,7,23,6,2016-07-23,"AA",19805,"AA","2507",12892,"LAX","Los Angeles, CA","CA",10721,"BOS","Boston, MA","MA","2357","0158",121.00,121.00,13.00,5.00,"0832","1026",114.00,114.00,0.00,"",0.00,335.00,328.00,310.00,1.00,2611.00,13.00,0.00,0.00,0.00,101.00,
2016,7,24,7,2016-07-24,"AA",19805,"AA","2507",12892,"LAX","Los Angeles, CA","CA",10721,"BOS","Boston, MA","MA","2357","2357",0.00,0.00,35.00,7.00,"0832","0835",3.00,3.00,0.00,"",0.00,335.00,338.00,296.00,1.00,2611.00,,,,,,
2016,7,25,1,2016-07-25,"AA",19805,"AA","2507",12892,"LAX","Los Angeles, CA","CA",10721,"BOS","Boston, MA","MA","2357","2358",1.00,1.00,31.00,7.00,"0832","0827",-5.00,0.00,0.00,"",0.00,335.00,329.00,291.00,1.00,2611.00,,,,,,
2016,7,26,2,2016-07-26,"AA",19805,"AA","2507",12892,"LAX","Los Angeles, CA","CA",10721,"BOS","Boston, MA","MA","2357","2352",-5.00,0.00,41.00,7.00,"0832","0850",18.00,18.00,0.00,"",0.00,335.00,358.00,310.00,1.00,2611.00,0.00,0.00,18.00,0.00,0.00,
2016,7,27,3,2016-07-27,"AA",19805,"AA","2507",12892,"LAX","Los Angeles, CA","CA",10721,"BOS","Boston, MA","MA","2357","0031",34.00,34.00,21.00,5.00,"0832","0854",22.00,22.00,0.00,"",0.00,335.00,323.00,297.00,1.00,2611.00,22.00,0.00,0.00,0.00,0.00,
2016,7,28,4,2016-07-28,"AA",19805,"AA","2507",12892,"LAX","Los Angeles, CA","CA",10721,"BOS","Boston, MA","MA","2357","2359",2.00,2.00,48.00,6.00,"0832","0852",20.00,20.00,0.00,"",0.00,335.00,353.00,299.00,1.00,2611.00,2.00,0.00,18.00,0.00,0.00,
2016,7,29,5,2016-07-29,"AA",19805,"AA","2507",12892,"LAX","Los Angeles, CA","CA",10721,"BOS","Boston, MA","MA","2357","0123",86.00,86.00,16.00,8.00,"0832","0949",77.00,77.00,0.00,"",0.00,335.00,326.00,302.00,1.00,2611.00,28.00,0.00,0.00,0.00,49.00,
2016,7,30,6,2016-07-30,"AA",19805,"AA","2507",12892,"LAX","Los Angeles, CA","CA",10721,"BOS","Boston, MA","MA","2357","2356",-1.00,0.00,41.00,7.00,"0832","0853",21.00,21.00,0.00,"",0.00,335.00,357.00,309.00,1.00,2611.00,0.00,0.00,21.00,0.00,0.00,
2016,7,31,7,2016-07-31,"AA",19805,"AA","2507",12892,"LAX","Los Angeles, CA","CA",10721,"BOS","Boston, MA","MA","2357","0105",68.00,68.00,30.00,8.00,"0832","0953",81.00,81.00,0.00,"",0.00,335.00,348.00,310.00,1.00,2611.00,11.00,0.00,13.00,0.00,57.00,
2016,7,1,5,2016-07-01,"AA",19805,"AA","2508",11298,"DFW","Dallas/Fort Worth, TX","TX",10821,"BWI","Baltimore, MD","MD","0710","0704",-6.00,0.00,12.00,6.00,"1114","1055",-19.00,0.00,0.00,"",0.00,184.00,171.00,153.00,1.00,1217.00,,,,,,
2016,7,2,6,2016-07-02,"AA",19805,"AA","2508",11298,"DFW","Dallas/Fort Worth, TX","TX",10821,"BWI","Baltimore, MD","MD","0710","0809",59.00,59.00,13.00,4.00,"1114","1156",42.00,42.00,0.00,"",0.00,184.00,167.00,150.00,1.00,1217.00,42.00,0.00,0.00,0.00,0.00,
2016,7,3,7,2016-07-03,"AA",19805,"AA","2508",11298,"DFW","Dallas/Fort Worth, TX","TX",10821,"BWI","Baltimore, MD","MD","0710","0704",-6.00,0.00,10.00,4.00,"1114","1042",-32.00,0.00,0.00,"",0.00,184.00,158.00,144.00,1.00,1217.00,,,,,,
2016,7,4,1,2016-07-04,"AA",19805,"AA","2508",11298,"DFW","Dallas/Fort Worth, TX","TX",10821,"BWI","Baltimore, MD","MD","0710","0900",110.00,110.00,27.00,3.00,"1114","1312",118.00,118.00,0.00,"",0.00,184.00,192.00,162.00,1.00,1217.00,0.00,110.00,8.00,0.00,0.00,
2016,7,5,2,2016-07-05,"AA",19805,"AA","2508",11298,"DFW","Dallas/Fort Worth, TX","TX",10821,"BWI","Baltimore, MD","MD","0710","0705",-5.00,0.00,13.00,6.00,"1114","1113",-1.00,0.00,0.00,"",0.00,184.00,188.00,169.00,1.00,1217.00,,,,,,
2016,7,6,3,2016-07-06,"AA",19805,"AA","2508",11298,"DFW","Dallas/Fort Worth, TX","TX",10821,"BWI","Baltimore, MD","MD","0710","0707",-3.00,0.00,12.00,5.00,"1114","1054",-20.00,0.00,0.00,"",0.00,184.00,167.00,150.00,1.00,1217.00,,,,,,
2016,7,7,4,2016-07-07,"AA",19805,"AA","2508",11298,"DFW","Dallas/Fort Worth, TX","TX",10821,"BWI","Baltimore, MD","MD","0710","0706",-4.00,0.00,25.00,8.00,"1114","1119",5.00,5.00,0.00,"",0.00,184.00,193.00,160.00,1.00,1217.00,,,,,,
2016,7,8,5,2016-07-08,"AA",19805,"AA","2508",11298,"DFW","Dallas/Fort Worth, TX","TX",10821,"BWI","Baltimore, MD","MD","0710","0707",-3.00,0.00,10.00,6.00,"1114","1054",-20.00,0.00,0.00,"",0.00,184.00,167.00,151.00,1.00,1217.00,,,,,,
2016,7,9,6,2016-07-09,"AA",19805,"AA","2508",11298,"DFW","Dallas/Fort Worth, TX","TX",10821,"BWI","Baltimore, MD","MD","0710","0706",-4.00,0.00,11.00,4.00,"1114","1054",-20.00,0.00,0.00,"",0.00,184.00,168.00,153.00,1.00,1217.00,,,,,,
2016,7,10,7,2016-07-10,"AA",19805,"AA","2508",11298,"DFW","Dallas/Fort Worth, TX","TX",10821,"BWI","Baltimore, MD","MD","0710","0709",-1.00,0.00,13.00,2.00,"1114","1056",-18.00,0.00,0.00,"",0.00,184.00,167.00,152.00,1.00,1217.00,,,,,,
2016,7,11,1,2016-07-11,"AA",19805,"AA","2508",11298,"DFW","Dallas/Fort Worth, TX","TX",10821,"BWI","Baltimore, MD","MD","0710","0705",-5.00,0.00,13.00,6.00,"1114","1054",-20.00,0.00,0.00,"",0.00,184.00,169.00,150.00,1.00,1217.00,,,,,,
2016,7,12,2,2016-07-12,"AA",19805,"AA","2508",11298,"DFW","Dallas/Fort Worth, TX","TX",10821,"BWI","Baltimore, MD","MD","0710","0708",-2.00,0.00,10.00,4.00,"1114","1107",-7.00,0.00,0.00,"",0.00,184.00,179.00,165.00,1.00,1217.00,,,,,,
2016,7,13,3,2016-07-13,"AA",19805,"AA","2508",11298,"DFW","Dallas/Fort Worth, TX","TX",10821,"BWI","Baltimore, MD","MD","0710","0708",-2.00,0.00,18.00,4.00,"1114","1105",-9.00,0.00,0.00,"",0.00,184.00,177.00,155.00,1.00,1217.00,,,,,,
2016,7,14,4,2016-07-14,"AA",19805,"AA","2508",11298,"DFW","Dallas/Fort Worth, TX","TX",10821,"BWI","Baltimore, MD","MD","0710","0703",-7.00,0.00,16.00,6.00,"1114","1108",-6.00,0.00,0.00,"",0.00,184.00,185.00,163.00,1.00,1217.00,,,,,,
2016,7,15,5,2016-07-15,"AA",19805,"AA","2508",11298,"DFW","Dallas/Fort Worth, TX","TX",10821,"BWI","Baltimore, MD","MD","0710","0705",-5.00,0.00,24.00,2.00,"1114","1059",-15.00,0.00,0.00,"",0.00,184.00,174.00,148.00,1.00,1217.00,,,,,,
2016,7,16,6,2016-07-16,"AA",19805,"AA","2508",11298,"DFW","Dallas/Fort Worth, TX","TX",10821,"BWI","Baltimore, MD","MD","0710","0709",-1.00,0.00,9.00,9.00,"1114","1054",-20.00,0.00,0.00,"",0.00,184.00,165.00,147.00,1.00,1217.00,,,,,,
2016,7,17,7,2016-07-17,"AA",19805,"AA","2508",11298,"DFW","Dallas/Fort Worth, TX","TX",10821,"BWI","Baltimore, MD","MD","0710","0707",-3.00,0.00,24.00,4.00,"1114","1107",-7.00,0.00,0.00,"",0.00,184.00,180.00,152.00,1.00,1217.00,,,,,,
2016,7,18,1,2016-07-18,"AA",19805,"AA","2508",11298,"DFW","Dallas/Fort Worth, TX","TX",10821,"BWI","Baltimore, MD","MD","0710","0705",-5.00,0.00,23.00,12.00,"1114","1117",3.00,3.00,0.00,"",0.00,184.00,192.00,157.00,1.00,1217.00,,,,,,
2016,7,19,2,2016-07-19,"AA",19805,"AA","2508",11298,"DFW","Dallas/Fort Worth, TX","TX",10821,"BWI","Baltimore, MD","MD","0710","0703",-7.00,0.00,14.00,7.00,"1114","1100",-14.00,0.00,0.00,"",0.00,184.00,177.00,156.00,1.00,1217.00,,,,,,
2016,7,20,3,2016-07-20,"AA",19805,"AA","2508",11298,"DFW","Dallas/Fort Worth, TX","TX",10821,"BWI","Baltimore, MD","MD","0710","0705",-5.00,0.00,17.00,3.00,"1114","1103",-11.00,0.00,0.00,"",0.00,184.00,178.00,158.00,1.00,1217.00,,,,,,
2016,7,21,4,2016-07-21,"AA",19805,"AA","2508",11298,"DFW","Dallas/Fort Worth, TX","TX",10821,"BWI","Baltimore, MD","MD","0710","0706",-4.00,0.00,13.00,6.00,"1114","1102",-12.00,0.00,0.00,"",0.00,184.00,176.00,157.00,1.00,1217.00,,,,,,
2016,7,22,5,2016-07-22,"AA",19805,"AA","2508",11298,"DFW","Dallas/Fort Worth, TX","TX",10821,"BWI","Baltimore, MD","MD","0710","0703",-7.00,0.00,16.00,6.00,"1114","1104",-10.00,0.00,0.00,"",0.00,184.00,181.00,159.00,1.00,1217.00,,,,,,
2016,7,23,6,2016-07-23,"AA",19805,"AA","2508",11298,"DFW","Dallas/Fort Worth, TX","TX",10821,"BWI","Baltimore, MD","MD","0710","0714",4.00,4.00,14.00,6.00,"1114","1112",-2.00,0.00,0.00,"",0.00,184.00,178.00,158.00,1.00,1217.00,,,,,,
2016,7,24,7,2016-07-24,"AA",19805,"AA","2508",11298,"DFW","Dallas/Fort Worth, TX","TX",10821,"BWI","Baltimore, MD","MD","0710","0707",-3.00,0.00,17.00,3.00,"1114","1103",-11.00,0.00,0.00,"",0.00,184.00,176.00,156.00,1.00,1217.00,,,,,,
2016,7,25,1,2016-07-25,"AA",19805,"AA","2508",11298,"DFW","Dallas/Fort Worth, TX","TX",10821,"BWI","Baltimore, MD","MD","0710","0722",12.00,12.00,15.00,5.00,"1114","1117",3.00,3.00,0.00,"",0.00,184.00,175.00,155.00,1.00,1217.00,,,,,,
2016,7,26,2,2016-07-26,"AA",19805,"AA","2508",11298,"DFW","Dallas/Fort Worth, TX","TX",10821,"BWI","Baltimore, MD","MD","0710","0738",28.00,28.00,14.00,7.00,"1114","1129",15.00,15.00,0.00,"",0.00,184.00,171.00,150.00,1.00,1217.00,15.00,0.00,0.00,0.00,0.00,
2016,7,27,3,2016-07-27,"AA",19805,"AA","2508",11298,"DFW","Dallas/Fort Worth, TX","TX",10821,"BWI","Baltimore, MD","MD","0710","0704",-6.00,0.00,16.00,5.00,"1114","1055",-19.00,0.00,0.00,"",0.00,184.00,171.00,150.00,1.00,1217.00,,,,,,
2016,7,28,4,2016-07-28,"AA",19805,"AA","2508",11298,"DFW","Dallas/Fort Worth, TX","TX",10821,"BWI","Baltimore, MD","MD","0710","0704",-6.00,0.00,16.00,7.00,"1114","1057",-17.00,0.00,0.00,"",0.00,184.00,173.00,150.00,1.00,1217.00,,,,,,
2016,7,29,5,2016-07-29,"AA",19805,"AA","2508",11298,"DFW","Dallas/Fort Worth, TX","TX",10821,"BWI","Baltimore, MD","MD","0710","0708",-2.00,0.00,17.00,6.00,"1114","1101",-13.00,0.00,0.00,"",0.00,184.00,173.00,150.00,1.00,1217.00,,,,,,
2016,7,30,6,2016-07-30,"AA",19805,"AA","2508",11298,"DFW","Dallas/Fort Worth, TX","TX",10821,"BWI","Baltimore, MD","MD","0710","0707",-3.00,0.00,19.00,,"1114","",,,1.00,"A",0.00,184.00,,,1.00,1217.00,,,,,,
2016,7,31,7,2016-07-31,"AA",19805,"AA","2508",11298,"DFW","Dallas/Fort Worth, TX","TX",10821,"BWI","Baltimore, MD","MD","0710","0823",73.00,73.00,11.00,15.00,"1114","1222",68.00,68.00,0.00,"",0.00,184.00,179.00,153.00,1.00,1217.00,2.00,0.00,0.00,0.00,66.00,
2016,7,1,5,2016-07-01,"AA",19805,"AA","2510",11298,"DFW","Dallas/Fort Worth, TX","TX",14869,"SLC","Salt Lake City, UT","UT","0905","0901",-4.00,0.00,19.00,12.00,"1052","1044",-8.00,0.00,0.00,"",0.00,167.00,163.00,132.00,1.00,989.00,,,,,,
2016,7,2,6,2016-07-02,"AA",19805,"AA","2510",11298,"DFW","Dallas/Fort Worth, TX","TX",14869,"SLC","Salt Lake City, UT","UT","0905","1031",86.00,86.00,12.00,3.00,"1052","1159",67.00,67.00,0.00,"",0.00,167.00,148.00,133.00,1.00,989.00,4.00,0.00,0.00,0.00,63.00,
2016,7,3,7,2016-07-03,"AA",19805,"AA","2510",11298,"DFW","Dallas/Fort Worth, TX","TX",14869,"SLC","Salt Lake City, UT","UT","0905","0902",-3.00,0.00,16.00,3.00,"1052","1039",-13.00,0.00,0.00,"",0.00,167.00,157.00,138.00,1.00,989.00,,,,,,
2016,7,4,1,2016-07-04,"AA",19805,"AA","2510",11298,"DFW","Dallas/Fort Worth, TX","TX",14869,"SLC","Salt Lake City, UT","UT","0905","0946",41.00,41.00,16.00,7.00,"1052","1129",37.00,37.00,0.00,"",0.00,167.00,163.00,140.00,1.00,989.00,0.00,36.00,0.00,0.00,1.00,
2016,7,5,2,2016-07-05,"AA",19805,"AA","2510",11298,"DFW","Dallas/Fort Worth, TX","TX",14869,"SLC","Salt Lake City, UT","UT","0905","0857",-8.00,0.00,79.00,5.00,"1052","1147",55.00,55.00,0.00,"",0.00,167.00,230.00,146.00,1.00,989.00,0.00,0.00,55.00,0.00,0.00,
2016,7,6,3,2016-07-06,"AA",19805,"AA","2510",11298,"DFW","Dallas/Fort Worth, TX","TX",14869,"SLC","Salt Lake City, UT","UT","0905","0905",0.00,0.00,33.00,9.00,"1052","1102",10.00,10.00,0.00,"",0.00,167.00,177.00,135.00,1.00,989.00,,,,,,
2016,7,7,4,2016-07-07,"AA",19805,"AA","2510",11298,"DFW","Dallas/Fort Worth, TX","TX",14869,"SLC","Salt Lake City, UT","UT","0905","0914",9.00,9.00,25.00,5.00,"1052","1057",5.00,5.00,0.00,"",0.00,167.00,163.00,133.00,1.00,989.00,,,,,,
2016,7,8,5,2016-07-08,"AA",19805,"AA","2510",11298,"DFW","Dallas/Fort Worth, TX","TX",14869,"SLC","Salt Lake City, UT","UT","0905","0936",31.00,31.00,12.00,4.00,"1052","1108",16.00,16.00,0.00,"",0.00,167.00,152.00,136.00,1.00,989.00,0.00,0.00,0.00,0.00,16.00,
2016,7,9,6,2016-07-09,"AA",19805,"AA","2510",11298,"DFW","Dallas/Fort Worth, TX","TX",14869,"SLC","Salt Lake City, UT","UT","0905","1015",70.00,70.00,11.00,4.00,"1052","1144",52.00,52.00,0.00,"",0.00,167.00,149.00,134.00,1.00,989.00,13.00,0.00,0.00,0.00,39.00,
2016,7,10,7,2016-07-10,"AA",19805,"AA","2510",11298,"DFW","Dallas/Fort Worth, TX","TX",14869,"SLC","Salt Lake City, UT","UT","0905","0904",-1.00,0.00,22.00,5.00,"1052","1044",-8.00,0.00,0.00,"",0.00,167.00,160.00,133.00,1.00,989.00,,,,,,
2016,7,11,1,2016-07-11,"AA",19805,"AA","2510",11298,"DFW","Dallas/Fort Worth, TX","TX",14869,"SLC","Salt Lake City, UT","UT","0905","0906",1.00,1.00,22.00,5.00,"1052","1049",-3.00,0.00,0.00,"",0.00,167.00,163.00,136.00,1.00,989.00,,,,,,
2016,7,12,2,2016-07-12,"AA",19805,"AA","2510",11298,"DFW","Dallas/Fort Worth, TX","TX",14869,"SLC","Salt Lake City, UT","UT","0905","0859",-6.00,0.00,25.00,3.00,"1052","1044",-8.00,0.00,0.00,"",0.00,167.00,165.00,137.00,1.00,989.00,,,,,,
2016,7,13,3,2016-07-13,"AA",19805,"AA","2510",11298,"DFW","Dallas/Fort Worth, TX","TX",14869,"SLC","Salt Lake City, UT","UT","0905","0903",-2.00,0.00,20.00,6.00,"1052","1044",-8.00,0.00,0.00,"",0.00,167.00,161.00,135.00,1.00,989.00,,,,,,
2016,7,14,4,2016-07-14,"AA",19805,"AA","2510",11298,"DFW","Dallas/Fort Worth, TX","TX",14869,"SLC","Salt Lake City, UT","UT","0905","1031",86.00,86.00,17.00,5.00,"1052","1206",74.00,74.00,0.00,"",0.00,167.00,155.00,133.00,1.00,989.00,74.00,0.00,0.00,0.00,0.00,
2016,7,15,5,2016-07-15,"AA",19805,"AA","2510",11298,"DFW","Dallas/Fort Worth, TX","TX",14869,"SLC","Salt Lake City, UT","UT","0905","1042",97.00,97.00,51.00,3.00,"1052","1312",140.00,140.00,0.00,"",0.00,167.00,210.00,156.00,1.00,989.00,0.00,97.00,43.00,0.00,0.00,
2016,7,16,6,2016-07-16,"AA",19805,"AA","2510",11298,"DFW","Dallas/Fort Worth, TX","TX",14869,"SLC","Salt Lake City, UT","UT","0905","0901",-4.00,0.00,19.00,5.00,"1052","1036",-16.00,0.00,0.00,"",0.00,167.00,155.00,131.00,1.00,989.00,,,,,,
2016,7,17,7,2016-07-17,"AA",19805,"AA","2510",11298,"DFW","Dallas/Fort Worth, TX","TX",14869,"SLC","Salt Lake City, UT","UT","0905","0902",-3.00,0.00,24.00,3.00,"1052","1044",-8.00,0.00,0.00,"",0.00,167.00,162.00,135.00,1.00,989.00,,,,,,
2016,7,18,1,2016-07-18,"AA",19805,"AA","2510",11298,"DFW","Dallas/Fort Worth, TX","TX",14869,"SLC","Salt Lake City, UT","UT","0905","0959",54.00,54.00,12.00,3.00,"1052","1124",32.00,32.00,0.00,"",0.00,167.00,145.00,130.00,1.00,989.00,1.00,0.00,0.00,0.00,31.00,
2016,7,19,2,2016-07-19,"AA",19805,"AA","2510",11298,"DFW","Dallas/Fort Worth, TX","TX",14869,"SLC","Salt Lake City, UT","UT","0905","0901",-4.00,0.00,18.00,4.00,"1052","1032",-20.00,0.00,0.00,"",0.00,167.00,151.00,129.00,1.00,989.00,,,,,,
2016,7,20,3,2016-07-20,"AA",19805,"AA","2510",11298,"DFW","Dallas/Fort Worth, TX","TX",14869,"SLC","Salt Lake City, UT","UT","0905","0908",3.00,3.00,23.00,4.00,"1052","1044",-8.00,0.00,0.00,"",0.00,167.00,156.00,129.00,1.00,989.00,,,,,,
2016,7,21,4,2016-07-21,"AA",19805,"AA","2510",11298,"DFW","Dallas/Fort Worth, TX","TX",14869,"SLC","Salt Lake City, UT","UT","0905","0903",-2.00,0.00,21.00,8.00,"1052","1042",-10.00,0.00,0.00,"",0.00,167.00,159.00,130.00,1.00,989.00,,,,,,
2016,7,22,5,2016-07-22,"AA",19805,"AA","2510",11298,"DFW","Dallas/Fort Worth, TX","TX",14869,"SLC","Salt Lake City, UT","UT","0905","0904",-1.00,0.00,19.00,7.00,"1052","1042",-10.00,0.00,0.00,"",0.00,167.00,158.00,132.00,1.00,989.00,,,,,,
2016,7,23,6,2016-07-23,"AA",19805,"AA","2510",11298,"DFW","Dallas/Fort Worth, TX","TX",14869,"SLC","Salt Lake City, UT","UT","0905","0906",1.00,1.00,19.00,7.00,"1052","1041",-11.00,0.00,0.00,"",0.00,167.00,155.00,129.00,1.00,989.00,,,,,,
2016,7,24,7,2016-07-24,"AA",19805,"AA","2510",11298,"DFW","Dallas/Fort Worth, TX","TX",14869,"SLC","Salt Lake City, UT","UT","0818","0814",-4.00,0.00,12.00,11.00,"0955","0954",-1.00,0.00,0.00,"",0.00,157.00,160.00,137.00,1.00,989.00,,,,,,
2016,7,25,1,2016-07-25,"AA",19805,"AA","2510",11298,"DFW","Dallas/Fort Worth, TX","TX",14869,"SLC","Salt Lake City, UT","UT","0905","0948",43.00,43.00,12.00,3.00,"1052","1112",20.00,20.00,0.00,"",0.00,167.00,144.00,129.00,1.00,989.00,20.00,0.00,0.00,0.00,0.00,
2016,7,26,2,2016-07-26,"AA",19805,"AA","2510",11298,"DFW","Dallas/Fort Worth, TX","TX",14869,"SLC","Salt Lake City, UT","UT","0905","0902",-3.00,0.00,22.00,4.00,"1052","1043",-9.00,0.00,0.00,"",0.00,167.00,161.00,135.00,1.00,989.00,,,,,,
2016,7,27,3,2016-07-27,"AA",19805,"AA","2510",11298,"DFW","Dallas/Fort Worth, TX","TX",14869,"SLC","Salt Lake City, UT","UT","0905","0904",-1.00,0.00,21.00,4.00,"1052","1043",-9.00,0.00,0.00,"",0.00,167.00,159.00,134.00,1.00,989.00,,,,,,
2016,7,28,4,2016-07-28,"AA",19805,"AA","2510",11298,"DFW","Dallas/Fort Worth, TX","TX",14869,"SLC","Salt Lake City, UT","UT","0905","0902",-3.00,0.00,22.00,7.00,"1052","1049",-3.00,0.00,0.00,"",0.00,167.00,167.00,138.00,1.00,989.00,,,,,,
2016,7,29,5,2016-07-29,"AA",19805,"AA","2510",11298,"DFW","Dallas/Fort Worth, TX","TX",14869,"SLC","Salt Lake City, UT","UT","0905","0920",15.00,15.00,22.00,4.00,"1052","1100",8.00,8.00,0.00,"",0.00,167.00,160.00,134.00,1.00,989.00,,,,,,
2016,7,30,6,2016-07-30,"AA",19805,"AA","2510",11298,"DFW","Dallas/Fort Worth, TX","TX",14869,"SLC","Salt Lake City, UT","UT","0905","0921",16.00,16.00,16.00,3.00,"1052","1053",1.00,1.00,0.00,"",0.00,167.00,152.00,133.00,1.00,989.00,,,,,,
2016,7,31,7,2016-07-31,"AA",19805,"AA","2510",11298,"DFW","Dallas/Fort Worth, TX","TX",14869,"SLC","Salt Lake City, UT","UT","0905","0905",0.00,0.00,24.00,3.00,"1052","1045",-7.00,0.00,0.00,"",0.00,167.00,160.00,133.00,1.00,989.00,,,,,,
2016,7,1,5,2016-07-01,"AA",19805,"AA","2510",14869,"SLC","Salt Lake City, UT","UT",11298,"DFW","Dallas/Fort Worth, TX","TX","1148","1146",-2.00,0.00,13.00,14.00,"1520","1520",0.00,0.00,0.00,"",0.00,152.00,154.00,127.00,1.00,989.00,,,,,,
2016,7,2,6,2016-07-02,"AA",19805,"AA","2510",14869,"SLC","Salt Lake City, UT","UT",11298,"DFW","Dallas/Fort Worth, TX","TX","1148","1241",53.00,53.00,10.00,8.00,"1520","1605",45.00,45.00,0.00,"",0.00,152.00,144.00,126.00,1.00,989.00,2.00,0.00,0.00,0.00,43.00,
2016,7,3,7,2016-07-03,"AA",19805,"AA","2510",14869,"SLC","Salt Lake City, UT","UT",11298,"DFW","Dallas/Fort Worth, TX","TX","1148","1142",-6.00,0.00,11.00,9.00,"1520","1505",-15.00,0.00,0.00,"",0.00,152.00,143.00,123.00,1.00,989.00,,,,,,
2016,7,4,1,2016-07-04,"AA",19805,"AA","2510",14869,"SLC","Salt Lake City, UT","UT",11298,"DFW","Dallas/Fort Worth, TX","TX","1148","1206",18.00,18.00,16.00,9.00,"1520","1536",16.00,16.00,0.00,"",0.00,152.00,150.00,125.00,1.00,989.00,0.00,0.00,0.00,0.00,16.00,
2016,7,5,2,2016-07-05,"AA",19805,"AA","2510",14869,"SLC","Salt Lake City, UT","UT",11298,"DFW","Dallas/Fort Worth, TX","TX","1150","1243",53.00,53.00,13.00,12.00,"1522","1610",48.00,48.00,0.00,"",0.00,152.00,147.00,122.00,1.00,989.00,10.00,0.00,0.00,0.00,38.00,
2016,7,6,3,2016-07-06,"AA",19805,"AA","2510",14869,"SLC","Salt Lake City, UT","UT",11298,"DFW","Dallas/Fort Worth, TX","TX","1150","1143",-7.00,0.00,15.00,5.00,"1522","1504",-18.00,0.00,0.00,"",0.00,152.00,141.00,121.00,1.00,989.00,,,,,,
2016,7,7,4,2016-07-07,"AA",19805,"AA","2510",14869,"SLC","Salt Lake City, UT","UT",11298,"DFW","Dallas/Fort Worth, TX","TX","1150","1248",58.00,58.00,33.00,11.00,"1522","1635",73.00,73.00,0.00,"",0.00,152.00,167.00,123.00,1.00,989.00,58.00,0.00,15.00,0.00,0.00,
2016,7,8,5,2016-07-08,"AA",19805,"AA","2510",14869,"SLC","Salt Lake City, UT","UT",11298,"DFW","Dallas/Fort Worth, TX","TX","1150","1151",1.00,1.00,14.00,16.00,"1522","1524",2.00,2.00,0.00,"",0.00,152.00,153.00,123.00,1.00,989.00,,,,,,
2016,7,9,6,2016-07-09,"AA",19805,"AA","2510",14869,"SLC","Salt Lake City, UT","UT",11298,"DFW","Dallas/Fort Worth, TX","TX","1150","1234",44.00,44.00,15.00,9.00,"1522","1603",41.00,41.00,0.00,"",0.00,152.00,149.00,125.00,1.00,989.00,9.00,0.00,0.00,0.00,32.00,
2016,7,10,7,2016-07-10,"AA",19805,"AA","2510",14869,"SLC","Salt Lake City, UT","UT",11298,"DFW","Dallas/Fort Worth, TX","TX","1150","1147",-3.00,0.00,11.00,10.00,"1522","1511",-11.00,0.00,0.00,"",0.00,152.00,144.00,123.00,1.00,989.00,,,,,,
2016,7,11,1,2016-07-11,"AA",19805,"AA","2510",14869,"SLC","Salt Lake City, UT","UT",11298,"DFW","Dallas/Fort Worth, TX","TX","1150","1150",0.00,0.00,11.00,15.00,"1522","1517",-5.00,0.00,0.00,"",0.00,152.00,147.00,121.00,1.00,989.00,,,,,,
2016,7,12,2,2016-07-12,"AA",19805,"AA","2510",14869,"SLC","Salt Lake City, UT","UT",11298,"DFW","Dallas/Fort Worth, TX","TX","1150","1150",0.00,0.00,18.00,11.00,"1522","1522",0.00,0.00,0.00,"",0.00,152.00,152.00,123.00,1.00,989.00,,,,,,
2016,7,13,3,2016-07-13,"AA",19805,"AA","2510",14869,"SLC","Salt Lake City, UT","UT",11298,"DFW","Dallas/Fort Worth, TX","TX","1150","1152",2.00,2.00,17.00,15.00,"1522","1525",3.00,3.00,0.00,"",0.00,152.00,153.00,121.00,1.00,989.00,,,,,,
2016,7,14,4,2016-07-14,"AA",19805,"AA","2510",14869,"SLC","Salt Lake City, UT","UT",11298,"DFW","Dallas/Fort Worth, TX","TX","1150","1256",66.00,66.00,14.00,14.00,"1522","1626",64.00,64.00,0.00,"",0.00,152.00,150.00,122.00,1.00,989.00,5.00,0.00,0.00,0.00,59.00,
2016,7,15,5,2016-07-15,"AA",19805,"AA","2510",14869,"SLC","Salt Lake City, UT","UT",11298,"DFW","Dallas/Fort Worth, TX","TX","1150","1357",127.00,127.00,33.00,11.00,"1522","1740",138.00,138.00,0.00,"",0.00,152.00,163.00,119.00,1.00,989.00,0.00,0.00,11.00,0.00,127.00,
2016,7,16,6,2016-07-16,"AA",19805,"AA","2510",14869,"SLC","Salt Lake City, UT","UT",11298,"DFW","Dallas/Fort Worth, TX","TX","1150","1145",-5.00,0.00,9.00,9.00,"1522","1505",-17.00,0.00,0.00,"",0.00,152.00,140.00,122.00,1.00,989.00,,,,,,
2016,7,17,7,2016-07-17,"AA",19805,"AA","2510",14869,"SLC","Salt Lake City, UT","UT",11298,"DFW","Dallas/Fort Worth, TX","TX","1150","1149",-1.00,0.00,12.00,10.00,"1522","1517",-5.00,0.00,0.00,"",0.00,152.00,148.00,126.00,1.00,989.00,,,,,,
2016,7,18,1,2016-07-18,"AA",19805,"AA","2510",14869,"SLC","Salt Lake City, UT","UT",11298,"DFW","Dallas/Fort Worth, TX","TX","1150","1204",14.00,14.00,16.00,12.00,"1522","1541",19.00,19.00,0.00,"",0.00,152.00,157.00,129.00,1.00,989.00,0.00,0.00,5.00,0.00,14.00,
2016,7,19,2,2016-07-19,"AA",19805,"AA","2510",14869,"SLC","Salt Lake City, UT","UT",11298,"DFW","Dallas/Fort Worth, TX","TX","1150","1148",-2.00,0.00,16.00,17.00,"1522","1533",11.00,11.00,0.00,"",0.00,152.00,165.00,132.00,1.00,989.00,,,,,,
2016,7,20,3,2016-07-20,"AA",19805,"AA","2510",14869,"SLC","Salt Lake City, UT","UT",11298,"DFW","Dallas/Fort Worth, TX","TX","1150","1148",-2.00,0.00,17.00,14.00,"1522","1530",8.00,8.00,0.00,"",0.00,152.00,162.00,131.00,1.00,989.00,,,,,,
2016,7,21,4,2016-07-21,"AA",19805,"AA","2510",14869,"SLC","Salt Lake City, UT","UT",11298,"DFW","Dallas/Fort Worth, TX","TX","1150","1149",-1.00,0.00,18.00,13.00,"1522","1525",3.00,3.00,0.00,"",0.00,152.00,156.00,125.00,1.00,989.00,,,,,,
2016,7,22,5,2016-07-22,"AA",19805,"AA","2510",14869,"SLC","Salt Lake City, UT","UT",11298,"DFW","Dallas/Fort Worth, TX","TX","1150","1149",-1.00,0.00,16.00,13.00,"1522","1527",5.00,5.00,0.00,"",0.00,152.00,158.00,129.00,1.00,989.00,,,,,,
2016,7,23,6,2016-07-23,"AA",19805,"AA","2510",14869,"SLC","Salt Lake City, UT","UT",11298,"DFW","Dallas/Fort Worth, TX","TX","1150","1143",-7.00,0.00,10.00,10.00,"1522","1507",-15.00,0.00,0.00,"",0.00,152.00,144.00,124.00,1.00,989.00,,,,,,
2016,7,24,7,2016-07-24,"AA",19805,"AA","2510",14869,"SLC","Salt Lake City, UT","UT",11298,"DFW","Dallas/Fort Worth, TX","TX","1040","1046",6.00,6.00,11.00,8.00,"1414","1410",-4.00,0.00,0.00,"",0.00,154.00,144.00,125.00,1.00,989.00,,,,,,
2016,7,25,1,2016-07-25,"AA",19805,"AA","2510",14869,"SLC","Salt Lake City, UT","UT",11298,"DFW","Dallas/Fort Worth, TX","TX","1150","1155",5.00,5.00,20.00,7.00,"1522","1527",5.00,5.00,0.00,"",0.00,152.00,152.00,125.00,1.00,989.00,,,,,,
2016,7,26,2,2016-07-26,"AA",19805,"AA","2510",14869,"SLC","Salt Lake City, UT","UT",11298,"DFW","Dallas/Fort Worth, TX","TX","1150","1145",-5.00,0.00,22.00,10.00,"1522","1524",2.00,2.00,0.00,"",0.00,152.00,159.00,127.00,1.00,989.00,,,,,,
2016,7,27,3,2016-07-27,"AA",19805,"AA","2510",14869,"SLC","Salt Lake City, UT","UT",11298,"DFW","Dallas/Fort Worth, TX","TX","1150","1147",-3.00,0.00,9.00,7.00,"1522","1604",42.00,42.00,0.00,"",0.00,152.00,197.00,181.00,1.00,989.00,0.00,0.00,42.00,0.00,0.00,
2016,7,28,4,2016-07-28,"AA",19805,"AA","2510",14869,"SLC","Salt Lake City, UT","UT",11298,"DFW","Dallas/Fort Worth, TX","TX","1150","1150",0.00,0.00,27.00,15.00,"1522","1553",31.00,31.00,0.00,"",0.00,152.00,183.00,141.00,1.00,989.00,0.00,0.00,31.00,0.00,0.00,
2016,7,29,5,2016-07-29,"AA",19805,"AA","2510",14869,"SLC","Salt Lake City, UT","UT",11298,"DFW","Dallas/Fort Worth, TX","TX","1150","1142",-8.00,0.00,18.00,13.00,"1522","1517",-5.00,0.00,0.00,"",0.00,152.00,155.00,124.00,1.00,989.00,,,,,,
2016,7,30,6,2016-07-30,"AA",19805,"AA","2510",14869,"SLC","Salt Lake City, UT","UT",11298,"DFW","Dallas/Fort Worth, TX","TX","1150","1153",3.00,3.00,20.00,9.00,"1522","1534",12.00,12.00,0.00,"",0.00,152.00,161.00,132.00,1.00,989.00,,,,,,
2016,7,31,7,2016-07-31,"AA",19805,"AA","2510",14869,"SLC","Salt Lake City, UT","UT",11298,"DFW","Dallas/Fort Worth, TX","TX","1150","1152",2.00,2.00,12.00,19.00,"1522","1529",7.00,7.00,0.00,"",0.00,152.00,157.00,126.00,1.00,989.00,,,,,,
2016,7,1,5,2016-07-01,"AA",19805,"AA","2511",10140,"ABQ","Albuquerque, NM","NM",11298,"DFW","Dallas/Fort Worth, TX","TX","1429","1426",-3.00,0.00,13.00,12.00,"1715","1708",-7.00,0.00,0.00,"",0.00,106.00,102.00,77.00,1.00,569.00,,,,,,
2016,7,3,7,2016-07-03,"AA",19805,"AA","2511",10140,"ABQ","Albuquerque, NM","NM",11298,"DFW","Dallas/Fort Worth, TX","TX","1429","1422",-7.00,0.00,14.00,8.00,"1715","1658",-17.00,0.00,0.00,"",0.00,106.00,96.00,74.00,1.00,569.00,,,,,,
2016,7,4,1,2016-07-04,"AA",19805,"AA","2511",10140,"ABQ","Albuquerque, NM","NM",11298,"DFW","Dallas/Fort Worth, TX","TX","1429","1750",201.00,201.00,11.00,7.00,"1715","2023",188.00,188.00,0.00,"",0.00,106.00,93.00,75.00,1.00,569.00,0.00,0.00,0.00,0.00,188.00,
2016,7,5,2,2016-07-05,"AA",19805,"AA","2511",10140,"ABQ","Albuquerque, NM","NM",11298,"DFW","Dallas/Fort Worth, TX","TX","1444","1447",3.00,3.00,23.00,11.00,"1730","1739",9.00,9.00,0.00,"",0.00,106.00,112.00,78.00,1.00,569.00,,,,,,
2016,7,6,3,2016-07-06,"AA",19805,"AA","2511",10140,"ABQ","Albuquerque, NM","NM",11298,"DFW","Dallas/Fort Worth, TX","TX","1444","1437",-7.00,0.00,9.00,10.00,"1730","1726",-4.00,0.00,0.00,"",0.00,106.00,109.00,90.00,1.00,569.00,,,,,,
2016,7,7,4,2016-07-07,"AA",19805,"AA","2511",10140,"ABQ","Albuquerque, NM","NM",11298,"DFW","Dallas/Fort Worth, TX","TX","1444","1520",36.00,36.00,18.00,10.00,"1730","1807",37.00,37.00,0.00,"",0.00,106.00,107.00,79.00,1.00,569.00,0.00,0.00,1.00,0.00,36.00,
2016,7,8,5,2016-07-08,"AA",19805,"AA","2511",10140,"ABQ","Albuquerque, NM","NM",11298,"DFW","Dallas/Fort Worth, TX","TX","1444","1606",82.00,82.00,17.00,18.00,"1730","1902",92.00,92.00,0.00,"",0.00,106.00,116.00,81.00,1.00,569.00,0.00,0.00,10.00,0.00,82.00,
2016,7,10,7,2016-07-10,"AA",19805,"AA","2511",10140,"ABQ","Albuquerque, NM","NM",11298,"DFW","Dallas/Fort Worth, TX","TX","1444","1534",50.00,50.00,18.00,24.00,"1730","1832",62.00,62.00,0.00,"",0.00,106.00,118.00,76.00,1.00,569.00,5.00,0.00,12.00,0.00,45.00,
2016,7,11,1,2016-07-11,"AA",19805,"AA","2511",10140,"ABQ","Albuquerque, NM","NM",11298,"DFW","Dallas/Fort Worth, TX","TX","1444","1439",-5.00,0.00,23.00,12.00,"1730","1742",12.00,12.00,0.00,"",0.00,106.00,123.00,88.00,1.00,569.00,,,,,,
2016,7,12,2,2016-07-12,"AA",19805,"AA","2511",10140,"ABQ","Albuquerque, NM","NM",11298,"DFW","Dallas/Fort Worth, TX","TX","1444","1501",17.00,17.00,20.00,9.00,"1730","1755",25.00,25.00,0.00,"",0.00,106.00,114.00,85.00,1.00,569.00,0.00,0.00,8.00,0.00,17.00,
2016,7,13,3,2016-07-13,"AA",19805,"AA","2511",10140,"ABQ","Albuquerque, NM","NM",11298,"DFW","Dallas/Fort Worth, TX","TX","1444","1440",-4.00,0.00,22.00,12.00,"1730","1732",2.00,2.00,0.00,"",0.00,106.00,112.00,78.00,1.00,569.00,,,,,,
2016,7,14,4,2016-07-14,"AA",19805,"AA","2511",10140,"ABQ","Albuquerque, NM","NM",11298,"DFW","Dallas/Fort Worth, TX","TX","1444","1508",24.00,24.00,29.00,5.00,"1730","1759",29.00,29.00,0.00,"",0.00,106.00,111.00,77.00,1.00,569.00,0.00,0.00,5.00,0.00,24.00,
2016,7,15,5,2016-07-15,"AA",19805,"AA","2511",10140,"ABQ","Albuquerque, NM","NM",11298,"DFW","Dallas/Fort Worth, TX","TX","1444","1523",39.00,39.00,12.00,10.00,"1730","1803",33.00,33.00,0.00,"",0.00,106.00,100.00,78.00,1.00,569.00,0.00,19.00,0.00,0.00,14.00,
2016,7,17,7,2016-07-17,"AA",19805,"AA","2511",10140,"ABQ","Albuquerque, NM","NM",11298,"DFW","Dallas/Fort Worth, TX","TX","1444","1444",0.00,0.00,26.00,8.00,"1730","1739",9.00,9.00,0.00,"",0.00,106.00,115.00,81.00,1.00,569.00,,,,,,
2016,7,18,1,2016-07-18,"AA",19805,"AA","2511",10140,"ABQ","Albuquerque, NM","NM",11298,"DFW","Dallas/Fort Worth, TX","TX","1444","1521",37.00,37.00,13.00,7.00,"1730","1804",34.00,34.00,0.00,"",0.00,106.00,103.00,83.00,1.00,569.00,11.00,0.00,0.00,0.00,23.00,
2016,7,19,2,2016-07-19,"AA",19805,"AA","2511",10140,"ABQ","Albuquerque, NM","NM",11298,"DFW","Dallas/Fort Worth, TX","TX","1444","1435",-9.00,0.00,9.00,7.00,"1730","1712",-18.00,0.00,0.00,"",0.00,106.00,97.00,81.00,1.00,569.00,,,,,,
2016,7,20,3,2016-07-20,"AA",19805,"AA","2511",10140,"ABQ","Albuquerque, NM","NM",11298,"DFW","Dallas/Fort Worth, TX","TX","1444","1715",151.00,151.00,15.00,4.00,"1730","1955",145.00,145.00,0.00,"",0.00,106.00,100.00,81.00,1.00,569.00,145.00,0.00,0.00,0.00,0.00,
2016,7,21,4,2016-07-21,"AA",19805,"AA","2511",10140,"ABQ","Albuquerque, NM","NM",11298,"DFW","Dallas/Fort Worth, TX","TX","1444","1546",62.00,62.00,12.00,9.00,"1730","1824",54.00,54.00,0.00,"",0.00,106.00,98.00,77.00,1.00,569.00,17.00,0.00,0.00,0.00,37.00,
2016,7,22,5,2016-07-22,"AA",19805,"AA","2511",10140,"ABQ","Albuquerque, NM","NM",11298,"DFW","Dallas/Fort Worth, TX","TX","1444","1444",0.00,0.00,17.00,8.00,"1730","1728",-2.00,0.00,0.00,"",0.00,106.00,104.00,79.00,1.00,569.00,,,,,,
2016,7,24,7,2016-07-24,"AA",19805,"AA","2511",10140,"ABQ","Albuquerque, NM","NM",11298,"DFW","Dallas/Fort Worth, TX","TX","1444","1440",-4.00,0.00,10.00,8.00,"1730","1716",-14.00,0.00,0.00,"",0.00,106.00,96.00,78.00,1.00,569.00,,,,,,
2016,7,25,1,2016-07-25,"AA",19805,"AA","2511",10140,"ABQ","Albuquerque, NM","NM",11298,"DFW","Dallas/Fort Worth, TX","TX","1444","1520",36.00,36.00,12.00,6.00,"1730","1855",85.00,85.00,0.00,"",0.00,106.00,155.00,137.00,1.00,569.00,0.00,36.00,49.00,0.00,0.00,
2016,7,26,2,2016-07-26,"AA",19805,"AA","2511",10140,"ABQ","Albuquerque, NM","NM",11298,"DFW","Dallas/Fort Worth, TX","TX","1444","1503",19.00,19.00,8.00,11.00,"1730","1754",24.00,24.00,0.00,"",0.00,106.00,111.00,92.00,1.00,569.00,2.00,0.00,5.00,0.00,17.00,
2016,7,27,3,2016-07-27,"AA",19805,"AA","2511",10140,"ABQ","Albuquerque, NM","NM",11298,"DFW","Dallas/Fort Worth, TX","TX","1444","",,,,,"1730","",,,1.00,"A",0.00,106.00,,,1.00,569.00,,,,,,
2016,7,28,4,2016-07-28,"AA",19805,"AA","2511",10140,"ABQ","Albuquerque, NM","NM",11298,"DFW","Dallas/Fort Worth, TX","TX","1444","1504",20.00,20.00,24.00,18.00,"1730","1806",36.00,36.00,0.00,"",0.00,106.00,122.00,80.00,1.00,569.00,0.00,0.00,16.00,0.00,20.00,
2016,7,29,5,2016-07-29,"AA",19805,"AA","2511",10140,"ABQ","Albuquerque, NM","NM",11298,"DFW","Dallas/Fort Worth, TX","TX","1444","1516",32.00,32.00,23.00,10.00,"1730","1809",39.00,39.00,0.00,"",0.00,106.00,113.00,80.00,1.00,569.00,3.00,0.00,7.00,0.00,29.00,
2016,7,31,7,2016-07-31,"AA",19805,"AA","2511",10140,"ABQ","Albuquerque, NM","NM",11298,"DFW","Dallas/Fort Worth, TX","TX","1444","1501",17.00,17.00,19.00,10.00,"1730","1749",19.00,19.00,0.00,"",0.00,106.00,108.00,79.00,1.00,569.00,1.00,0.00,2.00,0.00,16.00,
2016,7,1,5,2016-07-01,"AA",19805,"AA","2511",11298,"DFW","Dallas/Fort Worth, TX","TX",10140,"ABQ","Albuquerque, NM","NM","1255","1251",-4.00,0.00,20.00,7.00,"1343","1336",-7.00,0.00,0.00,"",0.00,108.00,105.00,78.00,1.00,569.00,,,,,,
2016,7,2,6,2016-07-02,"AA",19805,"AA","2511",11298,"DFW","Dallas/Fort Worth, TX","TX",10140,"ABQ","Albuquerque, NM","NM","1255","1409",74.00,74.00,11.00,4.00,"1343","1444",61.00,61.00,0.00,"",0.00,108.00,95.00,80.00,1.00,569.00,0.00,0.00,0.00,0.00,61.00,
2016,7,3,7,2016-07-03,"AA",19805,"AA","2511",11298,"DFW","Dallas/Fort Worth, TX","TX",10140,"ABQ","Albuquerque, NM","NM","1255","1250",-5.00,0.00,16.00,3.00,"1343","1328",-15.00,0.00,0.00,"",0.00,108.00,98.00,79.00,1.00,569.00,,,,,,
2016,7,4,1,2016-07-04,"AA",19805,"AA","2511",11298,"DFW","Dallas/Fort Worth, TX","TX",10140,"ABQ","Albuquerque, NM","NM","1255","1642",227.00,227.00,10.00,4.00,"1343","1714",211.00,211.00,0.00,"",0.00,108.00,92.00,78.00,1.00,569.00,26.00,0.00,0.00,0.00,185.00,
2016,7,5,2,2016-07-05,"AA",19805,"AA","2511",11298,"DFW","Dallas/Fort Worth, TX","TX",10140,"ABQ","Albuquerque, NM","NM","1320","1316",-4.00,0.00,20.00,3.00,"1404","1405",1.00,1.00,0.00,"",0.00,104.00,109.00,86.00,1.00,569.00,,,,,,
2016,7,6,3,2016-07-06,"AA",19805,"AA","2511",11298,"DFW","Dallas/Fort Worth, TX","TX",10140,"ABQ","Albuquerque, NM","NM","1320","1319",-1.00,0.00,15.00,5.00,"1404","1400",-4.00,0.00,0.00,"",0.00,104.00,101.00,81.00,1.00,569.00,,,,,,
2016,7,7,4,2016-07-07,"AA",19805,"AA","2511",11298,"DFW","Dallas/Fort Worth, TX","TX",10140,"ABQ","Albuquerque, NM","NM","1320","1408",48.00,48.00,12.00,5.00,"1404","1443",39.00,39.00,0.00,"",0.00,104.00,95.00,78.00,1.00,569.00,0.00,0.00,0.00,0.00,39.00,
2016,7,8,5,2016-07-08,"AA",19805,"AA","2511",11298,"DFW","Dallas/Fort Worth, TX","TX",10140,"ABQ","Albuquerque, NM","NM","1320","1448",88.00,88.00,14.00,6.00,"1404","1529",85.00,85.00,0.00,"",0.00,104.00,101.00,81.00,1.00,569.00,85.00,0.00,0.00,0.00,0.00,
2016,7,9,6,2016-07-09,"AA",19805,"AA","2511",11298,"DFW","Dallas/Fort Worth, TX","TX",10140,"ABQ","Albuquerque, NM","NM","1320","1412",52.00,52.00,10.00,5.00,"1404","1457",53.00,53.00,0.00,"",0.00,104.00,105.00,90.00,1.00,569.00,0.00,0.00,1.00,0.00,52.00,
2016,7,10,7,2016-07-10,"AA",19805,"AA","2511",11298,"DFW","Dallas/Fort Worth, TX","TX",10140,"ABQ","Albuquerque, NM","NM","1320","1413",53.00,53.00,18.00,2.00,"1404","1449",45.00,45.00,0.00,"",0.00,104.00,96.00,76.00,1.00,569.00,0.00,0.00,0.00,0.00,45.00,
2016,7,11,1,2016-07-11,"AA",19805,"AA","2511",11298,"DFW","Dallas/Fort Worth, TX","TX",10140,"ABQ","Albuquerque, NM","NM","1320","1314",-6.00,0.00,17.00,3.00,"1404","1354",-10.00,0.00,0.00,"",0.00,104.00,100.00,80.00,1.00,569.00,,,,,,
2016,7,12,2,2016-07-12,"AA",19805,"AA","2511",11298,"DFW","Dallas/Fort Worth, TX","TX",10140,"ABQ","Albuquerque, NM","NM","1320","1350",30.00,30.00,10.00,5.00,"1404","1426",22.00,22.00,0.00,"",0.00,104.00,96.00,81.00,1.00,569.00,14.00,0.00,0.00,0.00,8.00,
2016,7,13,3,2016-07-13,"AA",19805,"AA","2511",11298,"DFW","Dallas/Fort Worth, TX","TX",10140,"ABQ","Albuquerque, NM","NM","1320","1315",-5.00,0.00,16.00,5.00,"1404","1359",-5.00,0.00,0.00,"",0.00,104.00,104.00,83.00,1.00,569.00,,,,,,
2016,7,14,4,2016-07-14,"AA",19805,"AA","2511",11298,"DFW","Dallas/Fort Worth, TX","TX",10140,"ABQ","Albuquerque, NM","NM","1320","1357",37.00,37.00,12.00,4.00,"1404","1432",28.00,28.00,0.00,"",0.00,104.00,95.00,79.00,1.00,569.00,0.00,0.00,0.00,0.00,28.00,
2016,7,15,5,2016-07-15,"AA",19805,"AA","2511",11298,"DFW","Dallas/Fort Worth, TX","TX",10140,"ABQ","Albuquerque, NM","NM","1320","1345",25.00,25.00,12.00,4.00,"1404","1420",16.00,16.00,0.00,"",0.00,104.00,95.00,79.00,1.00,569.00,13.00,0.00,0.00,0.00,3.00,
2016,7,16,6,2016-07-16,"AA",19805,"AA","2511",11298,"DFW","Dallas/Fort Worth, TX","TX",10140,"ABQ","Albuquerque, NM","NM","1320","1322",2.00,2.00,13.00,6.00,"1404","1355",-9.00,0.00,0.00,"",0.00,104.00,93.00,74.00,1.00,569.00,,,,,,
2016,7,17,7,2016-07-17,"AA",19805,"AA","2511",11298,"DFW","Dallas/Fort Worth, TX","TX",10140,"ABQ","Albuquerque, NM","NM","1320","1331",11.00,11.00,11.00,5.00,"1404","1401",-3.00,0.00,0.00,"",0.00,104.00,90.00,74.00,1.00,569.00,,,,,,
2016,7,18,1,2016-07-18,"AA",19805,"AA","2511",11298,"DFW","Dallas/Fort Worth, TX","TX",10140,"ABQ","Albuquerque, NM","NM","1320","1357",37.00,37.00,12.00,4.00,"1404","1429",25.00,25.00,0.00,"",0.00,104.00,92.00,76.00,1.00,569.00,0.00,0.00,0.00,0.00,25.00,
2016,7,19,2,2016-07-19,"AA",19805,"AA","2511",11298,"DFW","Dallas/Fort Worth, TX","TX",10140,"ABQ","Albuquerque, NM","NM","1320","1320",0.00,0.00,11.00,5.00,"1404","1351",-13.00,0.00,0.00,"",0.00,104.00,91.00,75.00,1.00,569.00,,,,,,
2016,7,20,3,2016-07-20,"AA",19805,"AA","2511",11298,"DFW","Dallas/Fort Worth, TX","TX",10140,"ABQ","Albuquerque, NM","NM","1320","1314",-6.00,0.00,13.00,2.00,"1404","1343",-21.00,0.00,0.00,"",0.00,104.00,89.00,74.00,1.00,569.00,,,,,,
2016,7,21,4,2016-07-21,"AA",19805,"AA","2511",11298,"DFW","Dallas/Fort Worth, TX","TX",10140,"ABQ","Albuquerque, NM","NM","1320","1418",58.00,58.00,10.00,4.00,"1404","1446",42.00,42.00,0.00,"",0.00,104.00,88.00,74.00,1.00,569.00,1.00,0.00,0.00,0.00,41.00,
2016,7,22,5,2016-07-22,"AA",19805,"AA","2511",11298,"DFW","Dallas/Fort Worth, TX","TX",10140,"ABQ","Albuquerque, NM","NM","1320","1322",2.00,2.00,13.00,4.00,"1404","1354",-10.00,0.00,0.00,"",0.00,104.00,92.00,75.00,1.00,569.00,,,,,,
2016,7,23,6,2016-07-23,"AA",19805,"AA","2511",11298,"DFW","Dallas/Fort Worth, TX","TX",10140,"ABQ","Albuquerque, NM","NM","1320","1327",7.00,7.00,17.00,4.00,"1404","1404",0.00,0.00,0.00,"",0.00,104.00,97.00,76.00,1.00,569.00,,,,,,
2016,7,24,7,2016-07-24,"AA",19805,"AA","2511",11298,"DFW","Dallas/Fort Worth, TX","TX",10140,"ABQ","Albuquerque, NM","NM","1320","1315",-5.00,0.00,12.00,4.00,"1404","1350",-14.00,0.00,0.00,"",0.00,104.00,95.00,79.00,1.00,569.00,,,,,,
2016,7,25,1,2016-07-25,"AA",19805,"AA","2511",11298,"DFW","Dallas/Fort Worth, TX","TX",10140,"ABQ","Albuquerque, NM","NM","1320","1320",0.00,0.00,9.00,6.00,"1404","1355",-9.00,0.00,0.00,"",0.00,104.00,95.00,80.00,1.00,569.00,,,,,,
2016,7,26,2,2016-07-26,"AA",19805,"AA","2511",11298,"DFW","Dallas/Fort Worth, TX","TX",10140,"ABQ","Albuquerque, NM","NM","1320","1354",34.00,34.00,9.00,3.00,"1404","1421",17.00,17.00,0.00,"",0.00,104.00,87.00,75.00,1.00,569.00,0.00,0.00,0.00,0.00,17.00,
2016,7,27,3,2016-07-27,"AA",19805,"AA","2511",11298,"DFW","Dallas/Fort Worth, TX","TX",10140,"ABQ","Albuquerque, NM","NM","1320","",,,,,"1404","",,,1.00,"A",0.00,104.00,,,1.00,569.00,,,,,,
2016,7,28,4,2016-07-28,"AA",19805,"AA","2511",11298,"DFW","Dallas/Fort Worth, TX","TX",10140,"ABQ","Albuquerque, NM","NM","1320","1340",20.00,20.00,19.00,8.00,"1404","1427",23.00,23.00,0.00,"",0.00,104.00,107.00,80.00,1.00,569.00,0.00,0.00,3.00,0.00,20.00,
2016,7,29,5,2016-07-29,"AA",19805,"AA","2511",11298,"DFW","Dallas/Fort Worth, TX","TX",10140,"ABQ","Albuquerque, NM","NM","1320","1400",40.00,40.00,13.00,5.00,"1404","1433",29.00,29.00,0.00,"",0.00,104.00,93.00,75.00,1.00,569.00,0.00,0.00,0.00,0.00,29.00,
2016,7,30,6,2016-07-30,"AA",19805,"AA","2511",11298,"DFW","Dallas/Fort Worth, TX","TX",10140,"ABQ","Albuquerque, NM","NM","1320","1610",170.00,170.00,11.00,8.00,"1404","1647",163.00,163.00,0.00,"",0.00,104.00,97.00,78.00,1.00,569.00,163.00,0.00,0.00,0.00,0.00,
2016,7,31,7,2016-07-31,"AA",19805,"AA","2511",11298,"DFW","Dallas/Fort Worth, TX","TX",10140,"ABQ","Albuquerque, NM","NM","1320","1348",28.00,28.00,12.00,4.00,"1404","1420",16.00,16.00,0.00,"",0.00,104.00,92.00,76.00,1.00,569.00,7.00,0.00,0.00,0.00,9.00,
2016,7,1,5,2016-07-01,"AA",19805,"AA","2512",13303,"MIA","Miami, FL","FL",10397,"ATL","Atlanta, GA","GA","2138","2201",23.00,23.00,29.00,5.00,"2339","0003",24.00,24.00,0.00,"",0.00,121.00,122.00,88.00,1.00,594.00,0.00,13.00,1.00,0.00,10.00,
2016,7,2,6,2016-07-02,"AA",19805,"AA","2512",13303,"MIA","Miami, FL","FL",10397,"ATL","Atlanta, GA","GA","2138","0202",264.00,264.00,15.00,9.00,"2339","0346",247.00,247.00,0.00,"",0.00,121.00,104.00,80.00,1.00,594.00,225.00,0.00,0.00,0.00,22.00,
2016,7,3,7,2016-07-03,"AA",19805,"AA","2512",13303,"MIA","Miami, FL","FL",10397,"ATL","Atlanta, GA","GA","2138","2134",-4.00,0.00,19.00,6.00,"2339","2321",-18.00,0.00,0.00,"",0.00,121.00,107.00,82.00,1.00,594.00,,,,,,
2016,7,4,1,2016-07-04,"AA",19805,"AA","2512",13303,"MIA","Miami, FL","FL",10397,"ATL","Atlanta, GA","GA","2138","2138",0.00,0.00,23.00,10.00,"2339","2329",-10.00,0.00,0.00,"",0.00,121.00,111.00,78.00,1.00,594.00,,,,,,
2016,7,5,2,2016-07-05,"AA",19805,"AA","2512",13303,"MIA","Miami, FL","FL",10397,"ATL","Atlanta, GA","GA","2138","2243",65.00,65.00,16.00,6.00,"2339","0027",48.00,48.00,0.00,"",0.00,121.00,104.00,82.00,1.00,594.00,48.00,0.00,0.00,0.00,0.00,
2016,7,6,3,2016-07-06,"AA",19805,"AA","2512",13303,"MIA","Miami, FL","FL",10397,"ATL","Atlanta, GA","GA","2138","2133",-5.00,0.00,19.00,26.00,"2339","2341",2.00,2.00,0.00,"",0.00,121.00,128.00,83.00,1.00,594.00,,,,,,
2016,7,7,4,2016-07-07,"AA",19805,"AA","2512",13303,"MIA","Miami, FL","FL",10397,"ATL","Atlanta, GA","GA","2138","2149",11.00,11.00,14.00,9.00,"2339","2332",-7.00,0.00,0.00,"",0.00,121.00,103.00,80.00,1.00,594.00,,,,,,
2016,7,8,5,2016-07-08,"AA",19805,"AA","2512",13303,"MIA","Miami, FL","FL",10397,"ATL","Atlanta, GA","GA","2138","2146",8.00,8.00,17.00,9.00,"2339","2342",3.00,3.00,0.00,"",0.00,121.00,116.00,90.00,1.00,594.00,,,,,,
2016,7,9,6,2016-07-09,"AA",19805,"AA","2512",13303,"MIA","Miami, FL","FL",10397,"ATL","Atlanta, GA","GA","2138","2154",16.00,16.00,20.00,6.00,"2339","2348",9.00,9.00,0.00,"",0.00,121.00,114.00,88.00,1.00,594.00,,,,,,
2016,7,10,7,2016-07-10,"AA",19805,"AA","2512",13303,"MIA","Miami, FL","FL",10397,"ATL","Atlanta, GA","GA","2138","2136",-2.00,0.00,18.00,7.00,"2339","2322",-17.00,0.00,0.00,"",0.00,121.00,106.00,81.00,1.00,594.00,,,,,,
2016,7,11,1,2016-07-11,"AA",19805,"AA","2512",13303,"MIA","Miami, FL","FL",10397,"ATL","Atlanta, GA","GA","2138","2156",18.00,18.00,18.00,6.00,"2339","2343",4.00,4.00,0.00,"",0.00,121.00,107.00,83.00,1.00,594.00,,,,,,
2016,7,12,2,2016-07-12,"AA",19805,"AA","2512",13303,"MIA","Miami, FL","FL",10397,"ATL","Atlanta, GA","GA","2138","2147",9.00,9.00,20.00,7.00,"2339","2336",-3.00,0.00,0.00,"",0.00,121.00,109.00,82.00,1.00,594.00,,,,,,
2016,7,13,3,2016-07-13,"AA",19805,"AA","2512",13303,"MIA","Miami, FL","FL",10397,"ATL","Atlanta, GA","GA","2138","2142",4.00,4.00,16.00,7.00,"2339","2328",-11.00,0.00,0.00,"",0.00,121.00,106.00,83.00,1.00,594.00,,,,,,
2016,7,14,4,2016-07-14,"AA",19805,"AA","2512",13303,"MIA","Miami, FL","FL",10397,"ATL","Atlanta, GA","GA","2138","2139",1.00,1.00,17.00,6.00,"2339","2326",-13.00,0.00,0.00,"",0.00,121.00,107.00,84.00,1.00,594.00,,,,,,
2016,7,15,5,2016-07-15,"AA",19805,"AA","2512",13303,"MIA","Miami, FL","FL",10397,"ATL","Atlanta, GA","GA","2138","2335",117.00,117.00,16.00,15.00,"2339","0129",110.00,110.00,0.00,"",0.00,121.00,114.00,83.00,1.00,594.00,110.00,0.00,0.00,0.00,0.00,
2016,7,16,6,2016-07-16,"AA",19805,"AA","2512",13303,"MIA","Miami, FL","FL",10397,"ATL","Atlanta, GA","GA","2138","2135",-3.00,0.00,16.00,6.00,"2339","2321",-18.00,0.00,0.00,"",0.00,121.00,106.00,84.00,1.00,594.00,,,,,,
2016,7,17,7,2016-07-17,"AA",19805,"AA","2512",13303,"MIA","Miami, FL","FL",10397,"ATL","Atlanta, GA","GA","2138","2133",-5.00,0.00,15.00,7.00,"2339","2329",-10.00,0.00,0.00,"",0.00,121.00,116.00,94.00,1.00,594.00,,,,,,
2016,7,18,1,2016-07-18,"AA",19805,"AA","2512",13303,"MIA","Miami, FL","FL",10397,"ATL","Atlanta, GA","GA","2138","2140",2.00,2.00,21.00,8.00,"2339","2333",-6.00,0.00,0.00,"",0.00,121.00,113.00,84.00,1.00,594.00,,,,,,
2016,7,19,2,2016-07-19,"AA",19805,"AA","2512",13303,"MIA","Miami, FL","FL",10397,"ATL","Atlanta, GA","GA","2138","2137",-1.00,0.00,18.00,7.00,"2339","2325",-14.00,0.00,0.00,"",0.00,121.00,108.00,83.00,1.00,594.00,,,,,,
2016,7,20,3,2016-07-20,"AA",19805,"AA","2512",13303,"MIA","Miami, FL","FL",10397,"ATL","Atlanta, GA","GA","2138","2143",5.00,5.00,19.00,10.00,"2339","2338",-1.00,0.00,0.00,"",0.00,121.00,115.00,86.00,1.00,594.00,,,,,,
2016,7,21,4,2016-07-21,"AA",19805,"AA","2512",13303,"MIA","Miami, FL","FL",10397,"ATL","Atlanta, GA","GA","2138","2142",4.00,4.00,14.00,18.00,"2339","2341",2.00,2.00,0.00,"",0.00,121.00,119.00,87.00,1.00,594.00,,,,,,
2016,7,22,5,2016-07-22,"AA",19805,"AA","2512",13303,"MIA","Miami, FL","FL",10397,"ATL","Atlanta, GA","GA","2138","2201",23.00,23.00,18.00,6.00,"2339","2350",11.00,11.00,0.00,"",0.00,121.00,109.00,85.00,1.00,594.00,,,,,,
2016,7,23,6,2016-07-23,"AA",19805,"AA","2512",13303,"MIA","Miami, FL","FL",10397,"ATL","Atlanta, GA","GA","2138","2209",31.00,31.00,23.00,12.00,"2339","0008",29.00,29.00,0.00,"",0.00,121.00,119.00,84.00,1.00,594.00,0.00,29.00,0.00,0.00,0.00,
2016,7,24,7,2016-07-24,"AA",19805,"AA","2512",13303,"MIA","Miami, FL","FL",10397,"ATL","Atlanta, GA","GA","2138","2144",6.00,6.00,14.00,5.00,"2339","2322",-17.00,0.00,0.00,"",0.00,121.00,98.00,79.00,1.00,594.00,,,,,,
2016,7,25,1,2016-07-25,"AA",19805,"AA","2512",13303,"MIA","Miami, FL","FL",10397,"ATL","Atlanta, GA","GA","2138","2208",30.00,30.00,24.00,10.00,"2339","0003",24.00,24.00,0.00,"",0.00,121.00,115.00,81.00,1.00,594.00,12.00,0.00,0.00,0.00,12.00,
2016,7,26,2,2016-07-26,"AA",19805,"AA","2512",13303,"MIA","Miami, FL","FL",10397,"ATL","Atlanta, GA","GA","2138","2157",19.00,19.00,27.00,15.00,"2339","2355",16.00,16.00,0.00,"",0.00,121.00,118.00,76.00,1.00,594.00,0.00,0.00,0.00,0.00,16.00,
2016,7,27,3,2016-07-27,"AA",19805,"AA","2512",13303,"MIA","Miami, FL","FL",10397,"ATL","Atlanta, GA","GA","2138","2149",11.00,11.00,35.00,7.00,"2339","2351",12.00,12.00,0.00,"",0.00,121.00,122.00,80.00,1.00,594.00,,,,,,
2016,7,28,4,2016-07-28,"AA",19805,"AA","2512",13303,"MIA","Miami, FL","FL",10397,"ATL","Atlanta, GA","GA","2138","2204",26.00,26.00,19.00,8.00,"2339","2351",12.00,12.00,0.00,"",0.00,121.00,107.00,80.00,1.00,594.00,,,,,,
2016,7,29,5,2016-07-29,"AA",19805,"AA","2512",13303,"MIA","Miami, FL","FL",10397,"ATL","Atlanta, GA","GA","2138","2146",8.00,8.00,13.00,6.00,"2339","2328",-11.00,0.00,0.00,"",0.00,121.00,102.00,83.00,1.00,594.00,,,,,,
2016,7,30,6,2016-07-30,"AA",19805,"AA","2512",13303,"MIA","Miami, FL","FL",10397,"ATL","Atlanta, GA","GA","2138","2231",53.00,53.00,26.00,6.00,"2339","0026",47.00,47.00,0.00,"",0.00,121.00,115.00,83.00,1.00,594.00,21.00,0.00,0.00,0.00,26.00,
2016,7,31,7,2016-07-31,"AA",19805,"AA","2512",13303,"MIA","Miami, FL","FL",10397,"ATL","Atlanta, GA","GA","2138","2236",58.00,58.00,12.00,8.00,"2339","0018",39.00,39.00,0.00,"",0.00,121.00,102.00,82.00,1.00,594.00,0.00,0.00,0.00,0.00,39.00,
2016,7,1,5,2016-07-01,"AA",19805,"AA","2513",12892,"LAX","Los Angeles, CA","CA",10397,"ATL","Atlanta, GA","GA","1545","1610",25.00,25.00,76.00,6.00,"2317","0033",76.00,76.00,0.00,"",0.00,272.00,323.00,241.00,1.00,1946.00,25.00,0.00,51.00,0.00,0.00,
2016,7,2,6,2016-07-02,"AA",19805,"AA","2513",12892,"LAX","Los Angeles, CA","CA",10397,"ATL","Atlanta, GA","GA","1545","1540",-5.00,0.00,14.00,6.00,"2317","2247",-30.00,0.00,0.00,"",0.00,272.00,247.00,227.00,1.00,1946.00,,,,,,
2016,7,3,7,2016-07-03,"AA",19805,"AA","2513",12892,"LAX","Los Angeles, CA","CA",10397,"ATL","Atlanta, GA","GA","1545","1556",11.00,11.00,16.00,6.00,"2317","2304",-13.00,0.00,0.00,"",0.00,272.00,248.00,226.00,1.00,1946.00,,,,,,
2016,7,4,1,2016-07-04,"AA",19805,"AA","2513",12892,"LAX","Los Angeles, CA","CA",10397,"ATL","Atlanta, GA","GA","1545","1606",21.00,21.00,12.00,5.00,"2317","2317",0.00,0.00,0.00,"",0.00,272.00,251.00,234.00,1.00,1946.00,,,,,,
2016,7,5,2,2016-07-05,"AA",19805,"AA","2513",12892,"LAX","Los Angeles, CA","CA",10397,"ATL","Atlanta, GA","GA","1545","1706",81.00,81.00,27.00,9.00,"2317","0033",76.00,76.00,0.00,"",0.00,272.00,267.00,231.00,1.00,1946.00,11.00,0.00,0.00,0.00,65.00,
2016,7,6,3,2016-07-06,"AA",19805,"AA","2513",12892,"LAX","Los Angeles, CA","CA",10397,"ATL","Atlanta, GA","GA","1545","1620",35.00,35.00,22.00,36.00,"2317","0017",60.00,60.00,0.00,"",0.00,272.00,297.00,239.00,1.00,1946.00,6.00,0.00,25.00,0.00,29.00,
2016,7,7,4,2016-07-07,"AA",19805,"AA","2513",12892,"LAX","Los Angeles, CA","CA",10397,"ATL","Atlanta, GA","GA","1545","1613",28.00,28.00,31.00,13.00,"2317","2343",26.00,26.00,0.00,"",0.00,272.00,270.00,226.00,1.00,1946.00,20.00,0.00,0.00,0.00,6.00,
2016,7,8,5,2016-07-08,"AA",19805,"AA","2513",12892,"LAX","Los Angeles, CA","CA",10397,"ATL","Atlanta, GA","GA","1545","1555",10.00,10.00,54.00,7.00,"2317","0004",47.00,47.00,0.00,"",0.00,272.00,309.00,248.00,1.00,1946.00,6.00,0.00,37.00,0.00,4.00,
2016,7,9,6,2016-07-09,"AA",19805,"AA","2513",12892,"LAX","Los Angeles, CA","CA",10397,"ATL","Atlanta, GA","GA","1545","1549",4.00,4.00,16.00,12.00,"2317","2304",-13.00,0.00,0.00,"",0.00,272.00,255.00,227.00,1.00,1946.00,,,,,,
2016,7,10,7,2016-07-10,"AA",19805,"AA","2513",12892,"LAX","Los Angeles, CA","CA",10397,"ATL","Atlanta, GA","GA","1545","1542",-3.00,0.00,16.00,9.00,"2317","2302",-15.00,0.00,0.00,"",0.00,272.00,260.00,235.00,1.00,1946.00,,,,,,
2016,7,11,1,2016-07-11,"AA",19805,"AA","2513",12892,"LAX","Los Angeles, CA","CA",10397,"ATL","Atlanta, GA","GA","1545","1606",21.00,21.00,29.00,7.00,"2317","2333",16.00,16.00,0.00,"",0.00,272.00,267.00,231.00,1.00,1946.00,2.00,0.00,0.00,0.00,14.00,
2016,7,12,2,2016-07-12,"AA",19805,"AA","2513",12892,"LAX","Los Angeles, CA","CA",10397,"ATL","Atlanta, GA","GA","1545","1704",79.00,79.00,19.00,13.00,"2317","0024",67.00,67.00,0.00,"",0.00,272.00,260.00,228.00,1.00,1946.00,15.00,0.00,0.00,0.00,52.00,
2016,7,13,3,2016-07-13,"AA",19805,"AA","2513",12892,"LAX","Los Angeles, CA","CA",10397,"ATL","Atlanta, GA","GA","1545","1543",-2.00,0.00,27.00,7.00,"2317","2302",-15.00,0.00,0.00,"",0.00,272.00,259.00,225.00,1.00,1946.00,,,,,,
2016,7,14,4,2016-07-14,"AA",19805,"AA","2513",12892,"LAX","Los Angeles, CA","CA",10397,"ATL","Atlanta, GA","GA","1545","1939",234.00,234.00,14.00,6.00,"2317","0309",232.00,232.00,0.00,"",0.00,272.00,270.00,250.00,1.00,1946.00,4.00,0.00,0.00,0.00,228.00,
2016,7,15,5,2016-07-15,"AA",19805,"AA","2513",12892,"LAX","Los Angeles, CA","CA",10397,"ATL","Atlanta, GA","GA","1545","1644",59.00,59.00,18.00,5.00,"2317","0013",56.00,56.00,0.00,"",0.00,272.00,269.00,246.00,1.00,1946.00,12.00,0.00,0.00,0.00,44.00,
2016,7,16,6,2016-07-16,"AA",19805,"AA","2513",12892,"LAX","Los Angeles, CA","CA",10397,"ATL","Atlanta, GA","GA","1545","1548",3.00,3.00,11.00,7.00,"2317","2325",8.00,8.00,0.00,"",0.00,272.00,277.00,259.00,1.00,1946.00,,,,,,
2016,7,17,7,2016-07-17,"AA",19805,"AA","2513",12892,"LAX","Los Angeles, CA","CA",10397,"ATL","Atlanta, GA","GA","1545","1538",-7.00,0.00,15.00,7.00,"2317","2255",-22.00,0.00,0.00,"",0.00,272.00,257.00,235.00,1.00,1946.00,,,,,,
2016,7,18,1,2016-07-18,"AA",19805,"AA","2513",12892,"LAX","Los Angeles, CA","CA",10397,"ATL","Atlanta, GA","GA","1545","1601",16.00,16.00,14.00,10.00,"2317","2331",14.00,14.00,0.00,"",0.00,272.00,270.00,246.00,1.00,1946.00,,,,,,
2016,7,19,2,2016-07-19,"AA",19805,"AA","2513",12892,"LAX","Los Angeles, CA","CA",10397,"ATL","Atlanta, GA","GA","1545","1537",-8.00,0.00,13.00,7.00,"2317","2316",-1.00,0.00,0.00,"",0.00,272.00,279.00,259.00,1.00,1946.00,,,,,,
2016,7,20,3,2016-07-20,"AA",19805,"AA","2513",12892,"LAX","Los Angeles, CA","CA",10397,"ATL","Atlanta, GA","GA","1545","1547",2.00,2.00,22.00,10.00,"2317","2326",9.00,9.00,0.00,"",0.00,272.00,279.00,247.00,1.00,1946.00,,,,,,
2016,7,21,4,2016-07-21,"AA",19805,"AA","2513",12892,"LAX","Los Angeles, CA","CA",10397,"ATL","Atlanta, GA","GA","1545","1547",2.00,2.00,11.00,10.00,"2317","2314",-3.00,0.00,0.00,"",0.00,272.00,267.00,246.00,1.00,1946.00,,,,,,
2016,7,22,5,2016-07-22,"AA",19805,"AA","2513",12892,"LAX","Los Angeles, CA","CA",10397,"ATL","Atlanta, GA","GA","1545","1544",-1.00,0.00,13.00,7.00,"2317","2309",-8.00,0.00,0.00,"",0.00,272.00,265.00,245.00,1.00,1946.00,,,,,,
2016,7,23,6,2016-07-23,"AA",19805,"AA","2513",12892,"LAX","Los Angeles, CA","CA",10397,"ATL","Atlanta, GA","GA","1545","1542",-3.00,0.00,23.00,5.00,"2317","2310",-7.00,0.00,0.00,"",0.00,272.00,268.00,240.00,1.00,1946.00,,,,,,
2016,7,24,7,2016-07-24,"AA",19805,"AA","2513",12892,"LAX","Los Angeles, CA","CA",10397,"ATL","Atlanta, GA","GA","1545","1637",52.00,52.00,19.00,9.00,"2317","0014",57.00,57.00,0.00,"",0.00,272.00,277.00,249.00,1.00,1946.00,14.00,0.00,5.00,0.00,38.00,
2016,7,25,1,2016-07-25,"AA",19805,"AA","2513",12892,"LAX","Los Angeles, CA","CA",10397,"ATL","Atlanta, GA","GA","1545","1551",6.00,6.00,12.00,6.00,"2317","2313",-4.00,0.00,0.00,"",0.00,272.00,262.00,244.00,1.00,1946.00,,,,,,
2016,7,26,2,2016-07-26,"AA",19805,"AA","2513",12892,"LAX","Los Angeles, CA","CA",10397,"ATL","Atlanta, GA","GA","1545","1540",-5.00,0.00,20.00,5.00,"2317","2306",-11.00,0.00,0.00,"",0.00,272.00,266.00,241.00,1.00,1946.00,,,,,,
2016,7,27,3,2016-07-27,"AA",19805,"AA","2513",12892,"LAX","Los Angeles, CA","CA",10397,"ATL","Atlanta, GA","GA","1545","1546",1.00,1.00,16.00,8.00,"2317","2311",-6.00,0.00,0.00,"",0.00,272.00,265.00,241.00,1.00,1946.00,,,,,,
2016,7,28,4,2016-07-28,"AA",19805,"AA","2513",12892,"LAX","Los Angeles, CA","CA",10397,"ATL","Atlanta, GA","GA","1545","1618",33.00,33.00,18.00,12.00,"2317","2352",35.00,35.00,0.00,"",0.00,272.00,274.00,244.00,1.00,1946.00,0.00,0.00,2.00,0.00,33.00,
2016,7,29,5,2016-07-29,"AA",19805,"AA","2513",12892,"LAX","Los Angeles, CA","CA",10397,"ATL","Atlanta, GA","GA","1545","1722",97.00,97.00,33.00,6.00,"2317","0102",105.00,105.00,0.00,"",0.00,272.00,280.00,241.00,1.00,1946.00,12.00,0.00,8.00,0.00,85.00,
2016,7,30,6,2016-07-30,"AA",19805,"AA","2513",12892,"LAX","Los Angeles, CA","CA",10397,"ATL","Atlanta, GA","GA","1545","1547",2.00,2.00,20.00,10.00,"2317","2320",3.00,3.00,0.00,"",0.00,272.00,273.00,243.00,1.00,1946.00,,,,,,
2016,7,31,7,2016-07-31,"AA",19805,"AA","2513",12892,"LAX","Los Angeles, CA","CA",10397,"ATL","Atlanta, GA","GA","1545","1603",18.00,18.00,29.00,20.00,"2317","2352",35.00,35.00,0.00,"",0.00,272.00,289.00,240.00,1.00,1946.00,3.00,0.00,17.00,0.00,15.00,
2016,7,1,5,2016-07-01,"AA",19805,"AA","2514",13930,"ORD","Chicago, IL","IL",15376,"TUS","Tucson, AZ","AZ","2015","",,,,,"2151","",,,1.00,"A",0.00,216.00,,,1.00,1437.00,,,,,,
2016,7,2,6,2016-07-02,"AA",19805,"AA","2514",13930,"ORD","Chicago, IL","IL",15376,"TUS","Tucson, AZ","AZ","1705","1706",1.00,1.00,18.00,7.00,"1844","1852",8.00,8.00,0.00,"",0.00,219.00,226.00,201.00,1.00,1437.00,,,,,,
2016,7,3,7,2016-07-03,"AA",19805,"AA","2514",13930,"ORD","Chicago, IL","IL",15376,"TUS","Tucson, AZ","AZ","2015","2011",-4.00,0.00,18.00,5.00,"2151","2146",-5.00,0.00,0.00,"",0.00,216.00,215.00,192.00,1.00,1437.00,,,,,,
2016,7,4,1,2016-07-04,"AA",19805,"AA","2514",13930,"ORD","Chicago, IL","IL",15376,"TUS","Tucson, AZ","AZ","2015","2055",40.00,40.00,19.00,5.00,"2151","2223",32.00,32.00,0.00,"",0.00,216.00,208.00,184.00,1.00,1437.00,32.00,0.00,0.00,0.00,0.00,
2016,7,5,2,2016-07-05,"AA",19805,"AA","2514",13930,"ORD","Chicago, IL","IL",15376,"TUS","Tucson, AZ","AZ","2015","2111",56.00,56.00,14.00,4.00,"2151","2233",42.00,42.00,0.00,"",0.00,216.00,202.00,184.00,1.00,1437.00,0.00,0.00,0.00,0.00,42.00,
2016,7,6,3,2016-07-06,"AA",19805,"AA","2514",13930,"ORD","Chicago, IL","IL",15376,"TUS","Tucson, AZ","AZ","2015","2042",27.00,27.00,28.00,5.00,"2151","2226",35.00,35.00,0.00,"",0.00,216.00,224.00,191.00,1.00,1437.00,0.00,0.00,8.00,0.00,27.00,
2016,7,7,4,2016-07-07,"AA",19805,"AA","2514",13930,"ORD","Chicago, IL","IL",15376,"TUS","Tucson, AZ","AZ","2015","2148",93.00,93.00,21.00,3.00,"2151","2328",97.00,97.00,0.00,"",0.00,216.00,220.00,196.00,1.00,1437.00,8.00,0.00,4.00,0.00,85.00,
2016,7,8,5,2016-07-08,"AA",19805,"AA","2514",13930,"ORD","Chicago, IL","IL",15376,"TUS","Tucson, AZ","AZ","2015","2032",17.00,17.00,27.00,5.00,"2151","2216",25.00,25.00,0.00,"",0.00,216.00,224.00,192.00,1.00,1437.00,6.00,0.00,8.00,0.00,11.00,
2016,7,9,6,2016-07-09,"AA",19805,"AA","2514",13930,"ORD","Chicago, IL","IL",15376,"TUS","Tucson, AZ","AZ","1710","1732",22.00,22.00,11.00,4.00,"1849","1849",0.00,0.00,0.00,"",0.00,219.00,197.00,182.00,1.00,1437.00,,,,,,
2016,7,10,7,2016-07-10,"AA",19805,"AA","2514",13930,"ORD","Chicago, IL","IL",15376,"TUS","Tucson, AZ","AZ","2015","2034",19.00,19.00,32.00,4.00,"2151","2213",22.00,22.00,0.00,"",0.00,216.00,219.00,183.00,1.00,1437.00,19.00,0.00,3.00,0.00,0.00,
2016,7,11,1,2016-07-11,"AA",19805,"AA","2514",13930,"ORD","Chicago, IL","IL",15376,"TUS","Tucson, AZ","AZ","2015","2011",-4.00,0.00,28.00,3.00,"2151","2149",-2.00,0.00,0.00,"",0.00,216.00,218.00,187.00,1.00,1437.00,,,,,,
2016,7,12,2,2016-07-12,"AA",19805,"AA","2514",13930,"ORD","Chicago, IL","IL",15376,"TUS","Tucson, AZ","AZ","2015","2054",39.00,39.00,13.00,3.00,"2151","2223",32.00,32.00,0.00,"",0.00,216.00,209.00,193.00,1.00,1437.00,0.00,0.00,0.00,0.00,32.00,
2016,7,13,3,2016-07-13,"AA",19805,"AA","2514",13930,"ORD","Chicago, IL","IL",15376,"TUS","Tucson, AZ","AZ","2015","2332",197.00,197.00,30.00,7.00,"2151","0118",207.00,207.00,0.00,"",0.00,216.00,226.00,189.00,1.00,1437.00,0.00,0.00,10.00,0.00,197.00,
2016,7,14,4,2016-07-14,"AA",19805,"AA","2514",13930,"ORD","Chicago, IL","IL",15376,"TUS","Tucson, AZ","AZ","2015","2013",-2.00,0.00,17.00,3.00,"2151","2148",-3.00,0.00,0.00,"",0.00,216.00,215.00,195.00,1.00,1437.00,,,,,,
2016,7,15,5,2016-07-15,"AA",19805,"AA","2514",13930,"ORD","Chicago, IL","IL",15376,"TUS","Tucson, AZ","AZ","2015","2302",167.00,167.00,22.00,5.00,"2151","0041",170.00,170.00,0.00,"",0.00,216.00,219.00,192.00,1.00,1437.00,167.00,0.00,3.00,0.00,0.00,
2016,7,16,6,2016-07-16,"AA",19805,"AA","2514",13930,"ORD","Chicago, IL","IL",15376,"TUS","Tucson, AZ","AZ","1710","1707",-3.00,0.00,14.00,4.00,"1849","1835",-14.00,0.00,0.00,"",0.00,219.00,208.00,190.00,1.00,1437.00,,,,,,
2016,7,17,7,2016-07-17,"AA",19805,"AA","2514",13930,"ORD","Chicago, IL","IL",15376,"TUS","Tucson, AZ","AZ","2015","2013",-2.00,0.00,13.00,7.00,"2151","2144",-7.00,0.00,0.00,"",0.00,216.00,211.00,191.00,1.00,1437.00,,,,,,
2016,7,18,1,2016-07-18,"AA",19805,"AA","2514",13930,"ORD","Chicago, IL","IL",15376,"TUS","Tucson, AZ","AZ","2015","2028",13.00,13.00,16.00,26.00,"2151","2214",23.00,23.00,0.00,"",0.00,216.00,226.00,184.00,1.00,1437.00,9.00,0.00,10.00,0.00,4.00,
2016,7,19,2,2016-07-19,"AA",19805,"AA","2514",13930,"ORD","Chicago, IL","IL",15376,"TUS","Tucson, AZ","AZ","2015","2045",30.00,30.00,51.00,6.00,"2151","2248",57.00,57.00,0.00,"",0.00,216.00,243.00,186.00,1.00,1437.00,2.00,0.00,27.00,0.00,28.00,
2016,7,20,3,2016-07-20,"AA",19805,"AA","2514",13930,"ORD","Chicago, IL","IL",15376,"TUS","Tucson, AZ","AZ","2015","2028",13.00,13.00,17.00,6.00,"2151","2152",1.00,1.00,0.00,"",0.00,216.00,204.00,181.00,1.00,1437.00,,,,,,
2016,7,21,4,2016-07-21,"AA",19805,"AA","2514",13930,"ORD","Chicago, IL","IL",15376,"TUS","Tucson, AZ","AZ","2015","2010",-5.00,0.00,,,"2151","",,,1.00,"B",0.00,216.00,,,1.00,1437.00,,,,,,
2016,7,22,5,2016-07-22,"AA",19805,"AA","2514",13930,"ORD","Chicago, IL","IL",15376,"TUS","Tucson, AZ","AZ","2015","2028",13.00,13.00,18.00,7.00,"2151","2147",-4.00,0.00,0.00,"",0.00,216.00,199.00,174.00,1.00,1437.00,,,,,,
2016,7,23,6,2016-07-23,"AA",19805,"AA","2514",13930,"ORD","Chicago, IL","IL",15376,"TUS","Tucson, AZ","AZ","1710","1720",10.00,10.00,15.00,4.00,"1849","1841",-8.00,0.00,0.00,"",0.00,219.00,201.00,182.00,1.00,1437.00,,,,,,
2016,7,24,7,2016-07-24,"AA",19805,"AA","2514",13930,"ORD","Chicago, IL","IL",15376,"TUS","Tucson, AZ","AZ","2015","2154",99.00,99.00,46.00,6.00,"2151","2356",125.00,125.00,0.00,"",0.00,216.00,242.00,190.00,1.00,1437.00,0.00,29.00,26.00,0.00,70.00,
2016,7,25,1,2016-07-25,"AA",19805,"AA","2514",13930,"ORD","Chicago, IL","IL",15376,"TUS","Tucson, AZ","AZ","2015","2202",107.00,107.00,27.00,4.00,"2151","2338",107.00,107.00,0.00,"",0.00,216.00,216.00,185.00,1.00,1437.00,0.00,0.00,0.00,0.00,107.00,
2016,7,26,2,2016-07-26,"AA",19805,"AA","2514",13930,"ORD","Chicago, IL","IL",15376,"TUS","Tucson, AZ","AZ","2015","2011",-4.00,0.00,18.00,5.00,"2206","2151",-15.00,0.00,0.00,"",0.00,231.00,220.00,197.00,1.00,1437.00,,,,,,
2016,7,27,3,2016-07-27,"AA",19805,"AA","2514",13930,"ORD","Chicago, IL","IL",15376,"TUS","Tucson, AZ","AZ","2015","2146",91.00,91.00,14.00,5.00,"2206","2311",65.00,65.00,0.00,"",0.00,231.00,205.00,186.00,1.00,1437.00,0.00,0.00,0.00,0.00,65.00,
2016,7,28,4,2016-07-28,"AA",19805,"AA","2514",13930,"ORD","Chicago, IL","IL",15376,"TUS","Tucson, AZ","AZ","2015","",,,,,"2151","",,,1.00,"B",0.00,216.00,,,1.00,1437.00,,,,,,
2016,7,29,5,2016-07-29,"AA",19805,"AA","2514",13930,"ORD","Chicago, IL","IL",15376,"TUS","Tucson, AZ","AZ","2015","",,,,,"2151","",,,1.00,"A",0.00,216.00,,,1.00,1437.00,,,,,,
2016,7,30,6,2016-07-30,"AA",19805,"AA","2514",13930,"ORD","Chicago, IL","IL",15376,"TUS","Tucson, AZ","AZ","1710","1934",144.00,144.00,16.00,3.00,"1849","2055",126.00,126.00,0.00,"",0.00,219.00,201.00,182.00,1.00,1437.00,68.00,0.00,0.00,0.00,58.00,
2016,7,31,7,2016-07-31,"AA",19805,"AA","2514",13930,"ORD","Chicago, IL","IL",15376,"TUS","Tucson, AZ","AZ","2015","2028",13.00,13.00,20.00,8.00,"2151","0057",,,0.00,"",1.00,216.00,,,1.00,1437.00,,,,,,
2016,7,1,5,2016-07-01,"AA",19805,"AA","2515",10397,"ATL","Atlanta, GA","GA",12892,"LAX","Los Angeles, CA","CA","0700","0715",15.00,15.00,16.00,20.00,"0844","0905",21.00,21.00,0.00,"",0.00,284.00,290.00,254.00,1.00,1946.00,15.00,0.00,6.00,0.00,0.00,
2016,7,2,6,2016-07-02,"AA",19805,"AA","2515",10397,"ATL","Atlanta, GA","GA",12892,"LAX","Los Angeles, CA","CA","0700","0650",-10.00,0.00,27.00,8.00,"0844","0836",-8.00,0.00,0.00,"",0.00,284.00,286.00,251.00,1.00,1946.00,,,,,,
2016,7,3,7,2016-07-03,"AA",19805,"AA","2515",10397,"ATL","Atlanta, GA","GA",12892,"LAX","Los Angeles, CA","CA","0700","0701",1.00,1.00,39.00,17.00,"0844","0904",20.00,20.00,0.00,"",0.00,284.00,303.00,247.00,1.00,1946.00,1.00,0.00,19.00,0.00,0.00,
2016,7,5,2,2016-07-05,"AA",19805,"AA","2515",10397,"ATL","Atlanta, GA","GA",12892,"LAX","Los Angeles, CA","CA","0700","0657",-3.00,0.00,15.00,34.00,"0844","0903",19.00,19.00,0.00,"",0.00,284.00,306.00,257.00,1.00,1946.00,0.00,0.00,19.00,0.00,0.00,
2016,7,6,3,2016-07-06,"AA",19805,"AA","2515",10397,"ATL","Atlanta, GA","GA",12892,"LAX","Los Angeles, CA","CA","0700","0706",6.00,6.00,16.00,18.00,"0844","0852",8.00,8.00,0.00,"",0.00,284.00,286.00,252.00,1.00,1946.00,,,,,,
2016,7,7,4,2016-07-07,"AA",19805,"AA","2515",10397,"ATL","Atlanta, GA","GA",12892,"LAX","Los Angeles, CA","CA","0700","0658",-2.00,0.00,21.00,29.00,"0844","0902",18.00,18.00,0.00,"",0.00,284.00,304.00,254.00,1.00,1946.00,0.00,0.00,18.00,0.00,0.00,
2016,7,8,5,2016-07-08,"AA",19805,"AA","2515",10397,"ATL","Atlanta, GA","GA",12892,"LAX","Los Angeles, CA","CA","0700","0701",1.00,1.00,16.00,37.00,"0844","0906",22.00,22.00,0.00,"",0.00,284.00,305.00,252.00,1.00,1946.00,1.00,0.00,21.00,0.00,0.00,
2016,7,9,6,2016-07-09,"AA",19805,"AA","2515",10397,"ATL","Atlanta, GA","GA",12892,"LAX","Los Angeles, CA","CA","0700","0656",-4.00,0.00,18.00,16.00,"0844","0843",-1.00,0.00,0.00,"",0.00,284.00,287.00,253.00,1.00,1946.00,,,,,,
2016,7,10,7,2016-07-10,"AA",19805,"AA","2515",10397,"ATL","Atlanta, GA","GA",12892,"LAX","Los Angeles, CA","CA","0700","0657",-3.00,0.00,18.00,4.00,"0844","0829",-15.00,0.00,0.00,"",0.00,284.00,272.00,250.00,1.00,1946.00,,,,,,
2016,7,11,1,2016-07-11,"AA",19805,"AA","2515",10397,"ATL","Atlanta, GA","GA",12892,"LAX","Los Angeles, CA","CA","0700","0656",-4.00,0.00,14.00,18.00,"0844","0842",-2.00,0.00,0.00,"",0.00,284.00,286.00,254.00,1.00,1946.00,,,,,,
2016,7,12,2,2016-07-12,"AA",19805,"AA","2515",10397,"ATL","Atlanta, GA","GA",12892,"LAX","Los Angeles, CA","CA","0700","0704",4.00,4.00,15.00,12.00,"0844","0835",-9.00,0.00,0.00,"",0.00,284.00,271.00,244.00,1.00,1946.00,,,,,,
2016,7,13,3,2016-07-13,"AA",19805,"AA","2515",10397,"ATL","Atlanta, GA","GA",12892,"LAX","Los Angeles, CA","CA","0700","0655",-5.00,0.00,19.00,18.00,"0844","0835",-9.00,0.00,0.00,"",0.00,284.00,280.00,243.00,1.00,1946.00,,,,,,
2016,7,14,4,2016-07-14,"AA",19805,"AA","2515",10397,"ATL","Atlanta, GA","GA",12892,"LAX","Los Angeles, CA","CA","0700","0700",0.00,0.00,17.00,29.00,"0844","0857",13.00,13.00,0.00,"",0.00,284.00,297.00,251.00,1.00,1946.00,,,,,,
2016,7,15,5,2016-07-15,"AA",19805,"AA","2515",10397,"ATL","Atlanta, GA","GA",12892,"LAX","Los Angeles, CA","CA","0700","0659",-1.00,0.00,22.00,18.00,"0844","0849",5.00,5.00,0.00,"",0.00,284.00,290.00,250.00,1.00,1946.00,,,,,,
2016,7,16,6,2016-07-16,"AA",19805,"AA","2515",10397,"ATL","Atlanta, GA","GA",12892,"LAX","Los Angeles, CA","CA","0700","0655",-5.00,0.00,19.00,12.00,"0844","0849",5.00,5.00,0.00,"",0.00,284.00,294.00,263.00,1.00,1946.00,,,,,,
2016,7,17,7,2016-07-17,"AA",19805,"AA","2515",10397,"ATL","Atlanta, GA","GA",12892,"LAX","Los Angeles, CA","CA","0700","0659",-1.00,0.00,15.00,6.00,"0844","0831",-13.00,0.00,0.00,"",0.00,284.00,272.00,251.00,1.00,1946.00,,,,,,
2016,7,23,6,2016-07-23,"AA",19805,"AA","2577",13303,"MIA","Miami, FL","FL",15304,"TPA","Tampa, FL","FL","2153","2150",-3.00,0.00,18.00,3.00,"2259","2253",-6.00,0.00,0.00,"",0.00,66.00,63.00,42.00,1.00,204.00,,,,,,
2016,7,24,7,2016-07-24,"AA",19805,"AA","2577",13303,"MIA","Miami, FL","FL",15304,"TPA","Tampa, FL","FL","2153","2215",22.00,22.00,25.00,3.00,"2259","2324",25.00,25.00,0.00,"",0.00,66.00,69.00,41.00,1.00,204.00,4.00,0.00,3.00,0.00,18.00,
2016,7,25,1,2016-07-25,"AA",19805,"AA","2577",13303,"MIA","Miami, FL","FL",15304,"TPA","Tampa, FL","FL","2153","2308",75.00,75.00,15.00,4.00,"2259","0005",66.00,66.00,0.00,"",0.00,66.00,57.00,38.00,1.00,204.00,66.00,0.00,0.00,0.00,0.00,
2016,7,26,2,2016-07-26,"AA",19805,"AA","2577",13303,"MIA","Miami, FL","FL",15304,"TPA","Tampa, FL","FL","2153","2145",-8.00,0.00,14.00,3.00,"2259","2238",-21.00,0.00,0.00,"",0.00,66.00,53.00,36.00,1.00,204.00,,,,,,
2016,7,27,3,2016-07-27,"AA",19805,"AA","2577",13303,"MIA","Miami, FL","FL",15304,"TPA","Tampa, FL","FL","2153","2151",-2.00,0.00,29.00,6.00,"2259","2301",2.00,2.00,0.00,"",0.00,66.00,70.00,35.00,1.00,204.00,,,,,,
2016,7,28,4,2016-07-28,"AA",19805,"AA","2577",13303,"MIA","Miami, FL","FL",15304,"TPA","Tampa, FL","FL","2153","2346",113.00,113.00,9.00,3.00,"2259","0034",95.00,95.00,0.00,"",0.00,66.00,48.00,36.00,1.00,204.00,3.00,0.00,0.00,0.00,92.00,
2016,7,29,5,2016-07-29,"AA",19805,"AA","2577",13303,"MIA","Miami, FL","FL",15304,"TPA","Tampa, FL","FL","2153","2149",-4.00,0.00,17.00,5.00,"2259","2248",-11.00,0.00,0.00,"",0.00,66.00,59.00,37.00,1.00,204.00,,,,,,
2016,7,30,6,2016-07-30,"AA",19805,"AA","2577",13303,"MIA","Miami, FL","FL",15304,"TPA","Tampa, FL","FL","2153","2228",35.00,35.00,20.00,3.00,"2259","2326",27.00,27.00,0.00,"",0.00,66.00,58.00,35.00,1.00,204.00,27.00,0.00,0.00,0.00,0.00,
2016,7,31,7,2016-07-31,"AA",19805,"AA","2577",13303,"MIA","Miami, FL","FL",15304,"TPA","Tampa, FL","FL","2153","2227",34.00,34.00,15.00,6.00,"2259","2327",28.00,28.00,0.00,"",0.00,66.00,60.00,39.00,1.00,204.00,20.00,0.00,0.00,0.00,8.00,
2016,7,1,5,2016-07-01,"AA",19805,"AA","2578",11618,"EWR","Newark, NJ","NJ",13930,"ORD","Chicago, IL","IL","0738","0729",-9.00,0.00,14.00,17.00,"0915","0858",-17.00,0.00,0.00,"",0.00,157.00,149.00,118.00,1.00,719.00,,,,,,
2016,7,2,6,2016-07-02,"AA",19805,"AA","2578",11618,"EWR","Newark, NJ","NJ",13930,"ORD","Chicago, IL","IL","0738","0736",-2.00,0.00,24.00,16.00,"0915","0918",3.00,3.00,0.00,"",0.00,157.00,162.00,122.00,1.00,719.00,,,,,,
2016,7,3,7,2016-07-03,"AA",19805,"AA","2578",11618,"EWR","Newark, NJ","NJ",13930,"ORD","Chicago, IL","IL","0738","0730",-8.00,0.00,15.00,13.00,"0915","0855",-20.00,0.00,0.00,"",0.00,157.00,145.00,117.00,1.00,719.00,,,,,,
2016,7,4,1,2016-07-04,"AA",19805,"AA","2578",11618,"EWR","Newark, NJ","NJ",13930,"ORD","Chicago, IL","IL","0738","0802",24.00,24.00,12.00,18.00,"0915","0920",5.00,5.00,0.00,"",0.00,157.00,138.00,108.00,1.00,719.00,,,,,,
2016,7,5,2,2016-07-05,"AA",19805,"AA","2578",11618,"EWR","Newark, NJ","NJ",13930,"ORD","Chicago, IL","IL","0737","0735",-2.00,0.00,14.00,22.00,"0914","0900",-14.00,0.00,0.00,"",0.00,157.00,145.00,109.00,1.00,719.00,,,,,,
2016,7,6,3,2016-07-06,"AA",19805,"AA","2578",11618,"EWR","Newark, NJ","NJ",13930,"ORD","Chicago, IL","IL","0737","0729",-8.00,0.00,37.00,14.00,"0914","0910",-4.00,0.00,0.00,"",0.00,157.00,161.00,110.00,1.00,719.00,,,,,,
2016,7,7,4,2016-07-07,"AA",19805,"AA","2578",11618,"EWR","Newark, NJ","NJ",13930,"ORD","Chicago, IL","IL","0737","0732",-5.00,0.00,11.00,16.00,"0914","0845",-29.00,0.00,0.00,"",0.00,157.00,133.00,106.00,1.00,719.00,,,,,,
2016,7,8,5,2016-07-08,"AA",19805,"AA","2578",11618,"EWR","Newark, NJ","NJ",13930,"ORD","Chicago, IL","IL","0737","1356",379.00,379.00,62.00,12.00,"0914","1629",435.00,435.00,0.00,"",0.00,157.00,213.00,139.00,1.00,719.00,379.00,0.00,56.00,0.00,0.00,
2016,7,9,6,2016-07-09,"AA",19805,"AA","2578",11618,"EWR","Newark, NJ","NJ",13930,"ORD","Chicago, IL","IL","0737","0731",-6.00,0.00,13.00,26.00,"0914","0901",-13.00,0.00,0.00,"",0.00,157.00,150.00,111.00,1.00,719.00,,,,,,
2016,7,10,7,2016-07-10,"AA",19805,"AA","2578",11618,"EWR","Newark, NJ","NJ",13930,"ORD","Chicago, IL","IL","0737","0728",-9.00,0.00,13.00,22.00,"0914","0900",-14.00,0.00,0.00,"",0.00,157.00,152.00,117.00,1.00,719.00,,,,,,
2016,7,11,1,2016-07-11,"AA",19805,"AA","2578",11618,"EWR","Newark, NJ","NJ",13930,"ORD","Chicago, IL","IL","0737","0733",-4.00,0.00,17.00,8.00,"0914","0841",-33.00,0.00,0.00,"",0.00,157.00,128.00,103.00,1.00,719.00,,,,,,
2016,7,12,2,2016-07-12,"AA",19805,"AA","2578",11618,"EWR","Newark, NJ","NJ",13930,"ORD","Chicago, IL","IL","0737","1050",193.00,193.00,21.00,15.00,"0914","1211",177.00,177.00,0.00,"",0.00,157.00,141.00,105.00,1.00,719.00,0.00,0.00,0.00,0.00,177.00,
2016,7,13,3,2016-07-13,"AA",19805,"AA","2578",11618,"EWR","Newark, NJ","NJ",13930,"ORD","Chicago, IL","IL","0737","1020",163.00,163.00,29.00,21.00,"0914","1206",172.00,172.00,0.00,"",0.00,157.00,166.00,116.00,1.00,719.00,163.00,0.00,9.00,0.00,0.00,
2016,7,14,4,2016-07-14,"AA",19805,"AA","2578",11618,"EWR","Newark, NJ","NJ",13930,"ORD","Chicago, IL","IL","0737","1002",145.00,145.00,22.00,13.00,"0914","1132",138.00,138.00,0.00,"",0.00,157.00,150.00,115.00,1.00,719.00,138.00,0.00,0.00,0.00,0.00,
2016,7,15,5,2016-07-15,"AA",19805,"AA","2578",11618,"EWR","Newark, NJ","NJ",13930,"ORD","Chicago, IL","IL","0737","0738",1.00,1.00,15.00,16.00,"0914","0859",-15.00,0.00,0.00,"",0.00,157.00,141.00,110.00,1.00,719.00,,,,,,
2016,7,16,6,2016-07-16,"AA",19805,"AA","2578",11618,"EWR","Newark, NJ","NJ",13930,"ORD","Chicago, IL","IL","0737","0734",-3.00,0.00,13.00,18.00,"0914","0854",-20.00,0.00,0.00,"",0.00,157.00,140.00,109.00,1.00,719.00,,,,,,
2016,7,17,7,2016-07-17,"AA",19805,"AA","2578",11618,"EWR","Newark, NJ","NJ",13930,"ORD","Chicago, IL","IL","0737","0735",-2.00,0.00,14.00,11.00,"0914","0849",-25.00,0.00,0.00,"",0.00,157.00,134.00,109.00,1.00,719.00,,,,,,
2016,7,18,1,2016-07-18,"AA",19805,"AA","2578",11618,"EWR","Newark, NJ","NJ",13930,"ORD","Chicago, IL","IL","0737","0729",-8.00,0.00,39.00,9.00,"0914","0941",27.00,27.00,0.00,"",0.00,157.00,192.00,144.00,1.00,719.00,0.00,0.00,27.00,0.00,0.00,
2016,7,19,2,2016-07-19,"AA",19805,"AA","2578",11618,"EWR","Newark, NJ","NJ",13930,"ORD","Chicago, IL","IL","0737","0729",-8.00,0.00,14.00,25.00,"0914","0903",-11.00,0.00,0.00,"",0.00,157.00,154.00,115.00,1.00,719.00,,,,,,
2016,7,20,3,2016-07-20,"AA",19805,"AA","2578",11618,"EWR","Newark, NJ","NJ",13930,"ORD","Chicago, IL","IL","0737","0731",-6.00,0.00,15.00,55.00,"0914","0927",13.00,13.00,0.00,"",0.00,157.00,176.00,106.00,1.00,719.00,,,,,,
2016,7,21,4,2016-07-21,"AA",19805,"AA","2578",11618,"EWR","Newark, NJ","NJ",13930,"ORD","Chicago, IL","IL","0737","0729",-8.00,0.00,13.00,11.00,"0914","0835",-39.00,0.00,0.00,"",0.00,157.00,126.00,102.00,1.00,719.00,,,,,,
2016,7,22,5,2016-07-22,"AA",19805,"AA","2578",11618,"EWR","Newark, NJ","NJ",13930,"ORD","Chicago, IL","IL","0737","",,,,,"0914","",,,1.00,"B",0.00,157.00,,,1.00,719.00,,,,,,
2016,7,23,6,2016-07-23,"AA",19805,"AA","2578",11618,"EWR","Newark, NJ","NJ",13930,"ORD","Chicago, IL","IL","0737","0729",-8.00,0.00,19.00,16.00,"0914","0853",-21.00,0.00,0.00,"",0.00,157.00,144.00,109.00,1.00,719.00,,,,,,
2016,7,24,7,2016-07-24,"AA",19805,"AA","2578",11618,"EWR","Newark, NJ","NJ",13930,"ORD","Chicago, IL","IL","0737","0820",43.00,43.00,29.00,10.00,"0914","0941",27.00,27.00,0.00,"",0.00,157.00,141.00,102.00,1.00,719.00,27.00,0.00,0.00,0.00,0.00,
2016,7,25,1,2016-07-25,"AA",19805,"AA","2578",11618,"EWR","Newark, NJ","NJ",13930,"ORD","Chicago, IL","IL","0737","0726",-11.00,0.00,31.00,22.00,"0914","0911",-3.00,0.00,0.00,"",0.00,157.00,165.00,112.00,1.00,719.00,,,,,,
2016,7,26,2,2016-07-26,"AA",19805,"AA","2578",11618,"EWR","Newark, NJ","NJ",13930,"ORD","Chicago, IL","IL","0737","0733",-4.00,0.00,16.00,46.00,"0914","0927",13.00,13.00,0.00,"",0.00,157.00,174.00,112.00,1.00,719.00,,,,,,
2016,7,27,3,2016-07-27,"AA",19805,"AA","2578",11618,"EWR","Newark, NJ","NJ",13930,"ORD","Chicago, IL","IL","0737","0731",-6.00,0.00,15.00,13.00,"0914","0848",-26.00,0.00,0.00,"",0.00,157.00,137.00,109.00,1.00,719.00,,,,,,
2016,7,28,4,2016-07-28,"AA",19805,"AA","2578",11618,"EWR","Newark, NJ","NJ",13930,"ORD","Chicago, IL","IL","0737","0734",-3.00,0.00,21.00,14.00,"0914","0900",-14.00,0.00,0.00,"",0.00,157.00,146.00,111.00,1.00,719.00,,,,,,
2016,7,29,5,2016-07-29,"AA",19805,"AA","2578",11618,"EWR","Newark, NJ","NJ",13930,"ORD","Chicago, IL","IL","0737","",,,,,"0914","",,,1.00,"B",0.00,157.00,,,1.00,719.00,,,,,,
2016,7,30,6,2016-07-30,"AA",19805,"AA","2578",11618,"EWR","Newark, NJ","NJ",13930,"ORD","Chicago, IL","IL","0737","",,,,,"0914","",,,1.00,"B",0.00,157.00,,,1.00,719.00,,,,,,
2016,7,31,7,2016-07-31,"AA",19805,"AA","2578",11618,"EWR","Newark, NJ","NJ",13930,"ORD","Chicago, IL","IL","0737","",,,,,"0914","",,,1.00,"C",0.00,157.00,,,1.00,719.00,,,,,,
2016,7,1,5,2016-07-01,"AA",19805,"AA","2579",11433,"DTW","Detroit, MI","MI",13930,"ORD","Chicago, IL","IL","0850","0841",-9.00,0.00,13.00,23.00,"0908","0911",3.00,3.00,0.00,"",0.00,78.00,90.00,54.00,1.00,235.00,,,,,,
2016,7,2,6,2016-07-02,"AA",19805,"AA","2579",11433,"DTW","Detroit, MI","MI",13930,"ORD","Chicago, IL","IL","0850","0842",-8.00,0.00,11.00,21.00,"0908","0908",0.00,0.00,0.00,"",0.00,78.00,86.00,54.00,1.00,235.00,,,,,,
2016,7,3,7,2016-07-03,"AA",19805,"AA","2579",11433,"DTW","Detroit, MI","MI",13930,"ORD","Chicago, IL","IL","0850","0849",-1.00,0.00,11.00,8.00,"0908","0901",-7.00,0.00,0.00,"",0.00,78.00,72.00,53.00,1.00,235.00,,,,,,
2016,7,4,1,2016-07-04,"AA",19805,"AA","2579",11433,"DTW","Detroit, MI","MI",13930,"ORD","Chicago, IL","IL","0850","0849",-1.00,0.00,15.00,17.00,"0908","0912",4.00,4.00,0.00,"",0.00,78.00,83.00,51.00,1.00,235.00,,,,,,
2016,7,5,2,2016-07-05,"AA",19805,"AA","2579",11433,"DTW","Detroit, MI","MI",13930,"ORD","Chicago, IL","IL","0850","0843",-7.00,0.00,21.00,9.00,"0908","0858",-10.00,0.00,0.00,"",0.00,78.00,75.00,45.00,1.00,235.00,,,,,,
2016,7,6,3,2016-07-06,"AA",19805,"AA","2579",11433,"DTW","Detroit, MI","MI",13930,"ORD","Chicago, IL","IL","0850","0903",13.00,13.00,23.00,16.00,"0908","0927",19.00,19.00,0.00,"",0.00,78.00,84.00,45.00,1.00,235.00,0.00,13.00,6.00,0.00,0.00,
2016,7,7,4,2016-07-07,"AA",19805,"AA","2579",11433,"DTW","Detroit, MI","MI",13930,"ORD","Chicago, IL","IL","0850","0845",-5.00,0.00,26.00,8.00,"0908","0905",-3.00,0.00,0.00,"",0.00,78.00,80.00,46.00,1.00,235.00,,,,,,
2016,7,8,5,2016-07-08,"AA",19805,"AA","2579",11433,"DTW","Detroit, MI","MI",13930,"ORD","Chicago, IL","IL","0850","0846",-4.00,0.00,26.00,9.00,"0908","0910",2.00,2.00,0.00,"",0.00,78.00,84.00,49.00,1.00,235.00,,,,,,
2016,7,9,6,2016-07-09,"AA",19805,"AA","2579",11433,"DTW","Detroit, MI","MI",13930,"ORD","Chicago, IL","IL","0850","0842",-8.00,0.00,19.00,14.00,"0908","0905",-3.00,0.00,0.00,"",0.00,78.00,83.00,50.00,1.00,235.00,,,,,,
2016,7,10,7,2016-07-10,"AA",19805,"AA","2579",11433,"DTW","Detroit, MI","MI",13930,"ORD","Chicago, IL","IL","0850","0844",-6.00,0.00,21.00,10.00,"0908","0911",3.00,3.00,0.00,"",0.00,78.00,87.00,56.00,1.00,235.00,,,,,,
2016,7,11,1,2016-07-11,"AA",19805,"AA","2579",11433,"DTW","Detroit, MI","MI",13930,"ORD","Chicago, IL","IL","0850","0848",-2.00,0.00,20.00,11.00,"0908","0901",-7.00,0.00,0.00,"",0.00,78.00,73.00,42.00,1.00,235.00,,,,,,
2016,7,12,2,2016-07-12,"AA",19805,"AA","2579",11433,"DTW","Detroit, MI","MI",13930,"ORD","Chicago, IL","IL","0850","0843",-7.00,0.00,23.00,10.00,"0908","0859",-9.00,0.00,0.00,"",0.00,78.00,76.00,43.00,1.00,235.00,,,,,,
2016,7,13,3,2016-07-13,"AA",19805,"AA","2579",11433,"DTW","Detroit, MI","MI",13930,"ORD","Chicago, IL","IL","0850","0902",12.00,12.00,11.00,10.00,"0908","0909",1.00,1.00,0.00,"",0.00,78.00,67.00,46.00,1.00,235.00,,,,,,
2016,7,14,4,2016-07-14,"AA",19805,"AA","2579",11433,"DTW","Detroit, MI","MI",13930,"ORD","Chicago, IL","IL","0850","",,,,,"0908","",,,1.00,"B",0.00,78.00,,,1.00,235.00,,,,,,
2016,7,15,5,2016-07-15,"AA",19805,"AA","2579",11433,"DTW","Detroit, MI","MI",13930,"ORD","Chicago, IL","IL","0850","0843",-7.00,0.00,30.00,12.00,"0908","0912",4.00,4.00,0.00,"",0.00,78.00,89.00,47.00,1.00,235.00,,,,,,
2016,7,16,6,2016-07-16,"AA",19805,"AA","2579",11433,"DTW","Detroit, MI","MI",13930,"ORD","Chicago, IL","IL","0850","0843",-7.00,0.00,25.00,17.00,"0908","0921",13.00,13.00,0.00,"",0.00,78.00,98.00,56.00,1.00,235.00,,,,,,
2016,7,17,7,2016-07-17,"AA",19805,"AA","2579",11433,"DTW","Detroit, MI","MI",13930,"ORD","Chicago, IL","IL","0850","0838",-12.00,0.00,23.00,39.00,"0908","0929",21.00,21.00,0.00,"",0.00,78.00,111.00,49.00,1.00,235.00,0.00,0.00,21.00,0.00,0.00,
2016,7,18,1,2016-07-18,"AA",19805,"AA","2579",11433,"DTW","Detroit, MI","MI",13930,"ORD","Chicago, IL","IL","0850","0847",-3.00,0.00,22.00,6.00,"0908","0902",-6.00,0.00,0.00,"",0.00,78.00,75.00,47.00,1.00,235.00,,,,,,
2016,7,19,2,2016-07-19,"AA",19805,"AA","2579",11433,"DTW","Detroit, MI","MI",13930,"ORD","Chicago, IL","IL","0850","0840",-10.00,0.00,15.00,21.00,"0908","0907",-1.00,0.00,0.00,"",0.00,78.00,87.00,51.00,1.00,235.00,,,,,,
2016,7,20,3,2016-07-20,"AA",19805,"AA","2579",11433,"DTW","Detroit, MI","MI",13930,"ORD","Chicago, IL","IL","0850","0848",-2.00,0.00,24.00,8.00,"0908","0906",-2.00,0.00,0.00,"",0.00,78.00,78.00,46.00,1.00,235.00,,,,,,
2016,7,21,4,2016-07-21,"AA",19805,"AA","2579",11433,"DTW","Detroit, MI","MI",13930,"ORD","Chicago, IL","IL","0850","0850",0.00,0.00,28.00,12.00,"0908","0914",6.00,6.00,0.00,"",0.00,78.00,84.00,44.00,1.00,235.00,,,,,,
2016,7,22,5,2016-07-22,"AA",19805,"AA","2579",11433,"DTW","Detroit, MI","MI",13930,"ORD","Chicago, IL","IL","0850","0845",-5.00,0.00,33.00,8.00,"0908","0909",1.00,1.00,0.00,"",0.00,78.00,84.00,43.00,1.00,235.00,,,,,,
2016,7,23,6,2016-07-23,"AA",19805,"AA","2579",11433,"DTW","Detroit, MI","MI",13930,"ORD","Chicago, IL","IL","0850","0845",-5.00,0.00,21.00,14.00,"0908","0904",-4.00,0.00,0.00,"",0.00,78.00,79.00,44.00,1.00,235.00,,,,,,
2016,7,24,7,2016-07-24,"AA",19805,"AA","2579",11433,"DTW","Detroit, MI","MI",13930,"ORD","Chicago, IL","IL","0850","0954",64.00,64.00,15.00,7.00,"0908","1001",53.00,53.00,0.00,"",0.00,78.00,67.00,45.00,1.00,235.00,53.00,0.00,0.00,0.00,0.00,
2016,7,25,1,2016-07-25,"AA",19805,"AA","2579",11433,"DTW","Detroit, MI","MI",13930,"ORD","Chicago, IL","IL","0850","",,,,,"0908","",,,1.00,"A",0.00,78.00,,,1.00,235.00,,,,,,
2016,7,26,2,2016-07-26,"AA",19805,"AA","2579",11433,"DTW","Detroit, MI","MI",13930,"ORD","Chicago, IL","IL","0850","0848",-2.00,0.00,19.00,11.00,"0908","0908",0.00,0.00,0.00,"",0.00,78.00,80.00,50.00,1.00,235.00,,,,,,
2016,7,27,3,2016-07-27,"AA",19805,"AA","2579",11433,"DTW","Detroit, MI","MI",13930,"ORD","Chicago, IL","IL","0850","0844",-6.00,0.00,26.00,9.00,"0908","0902",-6.00,0.00,0.00,"",0.00,78.00,78.00,43.00,1.00,235.00,,,,,,
2016,7,28,4,2016-07-28,"AA",19805,"AA","2579",11433,"DTW","Detroit, MI","MI",13930,"ORD","Chicago, IL","IL","0850","0839",-11.00,0.00,35.00,21.00,"0908","0932",24.00,24.00,0.00,"",0.00,78.00,113.00,57.00,1.00,235.00,0.00,0.00,24.00,0.00,0.00,
2016,7,29,5,2016-07-29,"AA",19805,"AA","2579",11433,"DTW","Detroit, MI","MI",13930,"ORD","Chicago, IL","IL","0850","",,,,,"0908","",,,1.00,"B",0.00,78.00,,,1.00,235.00,,,,,,
2016,7,30,6,2016-07-30,"AA",19805,"AA","2579",11433,"DTW","Detroit, MI","MI",13930,"ORD","Chicago, IL","IL","0850","0942",52.00,52.00,18.00,28.00,"0908","1024",76.00,76.00,0.00,"",0.00,78.00,102.00,56.00,1.00,235.00,52.00,0.00,24.00,0.00,0.00,
2016,7,31,7,2016-07-31,"AA",19805,"AA","2579",11433,"DTW","Detroit, MI","MI",13930,"ORD","Chicago, IL","IL","0850","0910",20.00,20.00,21.00,9.00,"0908","0933",25.00,25.00,0.00,"",0.00,78.00,83.00,53.00,1.00,235.00,0.00,0.00,5.00,0.00,20.00,
2016,7,1,5,2016-07-01,"AA",19805,"AA","2580",12892,"LAX","Los Angeles, CA","CA",13495,"MSY","New Orleans, LA","LA","1115","1138",23.00,23.00,23.00,10.00,"1717","1738",21.00,21.00,0.00,"",0.00,242.00,240.00,207.00,1.00,1670.00,2.00,0.00,0.00,0.00,19.00,
2016,7,2,6,2016-07-02,"AA",19805,"AA","2580",12892,"LAX","Los Angeles, CA","CA",13495,"MSY","New Orleans, LA","LA","1115","1250",95.00,95.00,24.00,2.00,"1717","1838",81.00,81.00,0.00,"",0.00,242.00,228.00,202.00,1.00,1670.00,25.00,0.00,0.00,0.00,56.00,
2016,7,3,7,2016-07-03,"AA",19805,"AA","2580",12892,"LAX","Los Angeles, CA","CA",13495,"MSY","New Orleans, LA","LA","1115","1130",15.00,15.00,37.00,8.00,"1717","1736",19.00,19.00,0.00,"",0.00,242.00,246.00,201.00,1.00,1670.00,10.00,0.00,4.00,0.00,5.00,
2016,7,4,1,2016-07-04,"AA",19805,"AA","2580",12892,"LAX","Los Angeles, CA","CA",13495,"MSY","New Orleans, LA","LA","1115","1114",-1.00,0.00,17.00,3.00,"1717","1656",-21.00,0.00,0.00,"",0.00,242.00,222.00,202.00,1.00,1670.00,,,,,,
2016,7,5,2,2016-07-05,"AA",19805,"AA","2580",12892,"LAX","Los Angeles, CA","CA",13495,"MSY","New Orleans, LA","LA","1115","1133",18.00,18.00,25.00,3.00,"1717","1720",3.00,3.00,0.00,"",0.00,242.00,227.00,199.00,1.00,1670.00,,,,,,
2016,7,6,3,2016-07-06,"AA",19805,"AA","2580",12892,"LAX","Los Angeles, CA","CA",13495,"MSY","New Orleans, LA","LA","1115","1113",-2.00,0.00,23.00,2.00,"1717","1700",-17.00,0.00,0.00,"",0.00,242.00,227.00,202.00,1.00,1670.00,,,,,,
2016,7,7,4,2016-07-07,"AA",19805,"AA","2580",12892,"LAX","Los Angeles, CA","CA",13495,"MSY","New Orleans, LA","LA","1115","1113",-2.00,0.00,18.00,3.00,"1717","1656",-21.00,0.00,0.00,"",0.00,242.00,223.00,202.00,1.00,1670.00,,,,,,
2016,7,8,5,2016-07-08,"AA",19805,"AA","2580",12892,"LAX","Los Angeles, CA","CA",13495,"MSY","New Orleans, LA","LA","1115","1112",-3.00,0.00,13.00,4.00,"1717","1648",-29.00,0.00,0.00,"",0.00,242.00,216.00,199.00,1.00,1670.00,,,,,,
2016,7,9,6,2016-07-09,"AA",19805,"AA","2580",12892,"LAX","Los Angeles, CA","CA",13495,"MSY","New Orleans, LA","LA","1115","1111",-4.00,0.00,24.00,4.00,"1717","1702",-15.00,0.00,0.00,"",0.00,242.00,231.00,203.00,1.00,1670.00,,,,,,
2016,7,10,7,2016-07-10,"AA",19805,"AA","2580",12892,"LAX","Los Angeles, CA","CA",13495,"MSY","New Orleans, LA","LA","1115","1108",-7.00,0.00,14.00,3.00,"1717","1646",-31.00,0.00,0.00,"",0.00,242.00,218.00,201.00,1.00,1670.00,,,,,,
2016,7,11,1,2016-07-11,"AA",19805,"AA","2580",12892,"LAX","Los Angeles, CA","CA",13495,"MSY","New Orleans, LA","LA","1115","1120",5.00,5.00,15.00,2.00,"1717","1706",-11.00,0.00,0.00,"",0.00,242.00,226.00,209.00,1.00,1670.00,,,,,,
2016,7,12,2,2016-07-12,"AA",19805,"AA","2580",12892,"LAX","Los Angeles, CA","CA",13495,"MSY","New Orleans, LA","LA","1115","1113",-2.00,0.00,17.00,6.00,"1717","1657",-20.00,0.00,0.00,"",0.00,242.00,224.00,201.00,1.00,1670.00,,,,,,
2016,7,13,3,2016-07-13,"AA",19805,"AA","2580",12892,"LAX","Los Angeles, CA","CA",13495,"MSY","New Orleans, LA","LA","1115","1113",-2.00,0.00,16.00,2.00,"1717","1657",-20.00,0.00,0.00,"",0.00,242.00,224.00,206.00,1.00,1670.00,,,,,,
2016,7,14,4,2016-07-14,"AA",19805,"AA","2580",12892,"LAX","Los Angeles, CA","CA",13495,"MSY","New Orleans, LA","LA","1115","1115",0.00,0.00,22.00,6.00,"1717","1717",0.00,0.00,0.00,"",0.00,242.00,242.00,214.00,1.00,1670.00,,,,,,
2016,7,15,5,2016-07-15,"AA",19805,"AA","2580",12892,"LAX","Los Angeles, CA","CA",13495,"MSY","New Orleans, LA","LA","1115","1328",133.00,133.00,35.00,8.00,"1717","1934",137.00,137.00,0.00,"",0.00,242.00,246.00,203.00,1.00,1670.00,133.00,0.00,4.00,0.00,0.00,
2016,7,16,6,2016-07-16,"AA",19805,"AA","2580",12892,"LAX","Los Angeles, CA","CA",13495,"MSY","New Orleans, LA","LA","1115","1113",-2.00,0.00,26.00,4.00,"1717","1711",-6.00,0.00,0.00,"",0.00,242.00,238.00,208.00,1.00,1670.00,,,,,,
2016,7,17,7,2016-07-17,"AA",19805,"AA","2580",12892,"LAX","Los Angeles, CA","CA",13495,"MSY","New Orleans, LA","LA","1115","1114",-1.00,0.00,19.00,4.00,"1717","1703",-14.00,0.00,0.00,"",0.00,242.00,229.00,206.00,1.00,1670.00,,,,,,
2016,7,18,1,2016-07-18,"AA",19805,"AA","2580",12892,"LAX","Los Angeles, CA","CA",13495,"MSY","New Orleans, LA","LA","1115","1125",10.00,10.00,24.00,5.00,"1717","1723",6.00,6.00,0.00,"",0.00,242.00,238.00,209.00,1.00,1670.00,,,,,,
2016,7,19,2,2016-07-19,"AA",19805,"AA","2580",12892,"LAX","Los Angeles, CA","CA",13495,"MSY","New Orleans, LA","LA","1115","1117",2.00,2.00,34.00,5.00,"1717","1730",13.00,13.00,0.00,"",0.00,242.00,253.00,214.00,1.00,1670.00,,,,,,
2016,7,20,3,2016-07-20,"AA",19805,"AA","2580",12892,"LAX","Los Angeles, CA","CA",13495,"MSY","New Orleans, LA","LA","1115","1113",-2.00,0.00,17.00,6.00,"1717","1706",-11.00,0.00,0.00,"",0.00,242.00,233.00,210.00,1.00,1670.00,,,,,,
2016,7,21,4,2016-07-21,"AA",19805,"AA","2580",12892,"LAX","Los Angeles, CA","CA",13495,"MSY","New Orleans, LA","LA","1115","1129",14.00,14.00,23.00,5.00,"1717","1729",12.00,12.00,0.00,"",0.00,242.00,240.00,212.00,1.00,1670.00,,,,,,
2016,7,22,5,2016-07-22,"AA",19805,"AA","2580",12892,"LAX","Los Angeles, CA","CA",13495,"MSY","New Orleans, LA","LA","1115","1111",-4.00,0.00,16.00,3.00,"1717","1703",-14.00,0.00,0.00,"",0.00,242.00,232.00,213.00,1.00,1670.00,,,,,,
2016,7,23,6,2016-07-23,"AA",19805,"AA","2580",12892,"LAX","Los Angeles, CA","CA",13495,"MSY","New Orleans, LA","LA","1115","1107",-8.00,0.00,26.00,2.00,"1717","1702",-15.00,0.00,0.00,"",0.00,242.00,235.00,207.00,1.00,1670.00,,,,,,
2016,7,24,7,2016-07-24,"AA",19805,"AA","2580",12892,"LAX","Los Angeles, CA","CA",13495,"MSY","New Orleans, LA","LA","1115","1115",0.00,0.00,20.00,6.00,"1717","1717",0.00,0.00,0.00,"",0.00,242.00,242.00,216.00,1.00,1670.00,,,,,,
2016,7,25,1,2016-07-25,"AA",19805,"AA","2580",12892,"LAX","Los Angeles, CA","CA",13495,"MSY","New Orleans, LA","LA","1115","1132",17.00,17.00,22.00,31.00,"1717","1750",33.00,33.00,0.00,"",0.00,242.00,258.00,205.00,1.00,1670.00,17.00,0.00,16.00,0.00,0.00,
2016,7,26,2,2016-07-26,"AA",19805,"AA","2580",12892,"LAX","Los Angeles, CA","CA",13495,"MSY","New Orleans, LA","LA","1115","1128",13.00,13.00,16.00,4.00,"1717","1724",7.00,7.00,0.00,"",0.00,242.00,236.00,216.00,1.00,1670.00,,,,,,
2016,7,27,3,2016-07-27,"AA",19805,"AA","2580",12892,"LAX","Los Angeles, CA","CA",13495,"MSY","New Orleans, LA","LA","1115","1119",4.00,4.00,28.00,6.00,"1717","1731",14.00,14.00,0.00,"",0.00,242.00,252.00,218.00,1.00,1670.00,,,,,,
2016,7,28,4,2016-07-28,"AA",19805,"AA","2580",12892,"LAX","Los Angeles, CA","CA",13495,"MSY","New Orleans, LA","LA","1115","1134",19.00,19.00,42.00,8.00,"1717","1757",40.00,40.00,0.00,"",0.00,242.00,263.00,213.00,1.00,1670.00,4.00,0.00,21.00,0.00,15.00,
2016,7,29,5,2016-07-29,"AA",19805,"AA","2580",12892,"LAX","Los Angeles, CA","CA",13495,"MSY","New Orleans, LA","LA","1115","1120",5.00,5.00,24.00,7.00,"1717","1723",6.00,6.00,0.00,"",0.00,242.00,243.00,212.00,1.00,1670.00,,,,,,
2016,7,30,6,2016-07-30,"AA",19805,"AA","2580",12892,"LAX","Los Angeles, CA","CA",13495,"MSY","New Orleans, LA","LA","1115","1115",0.00,0.00,21.00,2.00,"1717","1701",-16.00,0.00,0.00,"",0.00,242.00,226.00,203.00,1.00,1670.00,,,,,,
2016,7,31,7,2016-07-31,"AA",19805,"AA","2580",12892,"LAX","Los Angeles, CA","CA",13495,"MSY","New Orleans, LA","LA","1115","1114",-1.00,0.00,14.00,2.00,"1717","1651",-26.00,0.00,0.00,"",0.00,242.00,217.00,201.00,1.00,1670.00,,,,,,
2016,7,1,5,2016-07-01,"AA",19805,"AA","2580",13495,"MSY","New Orleans, LA","LA",12892,"LAX","Los Angeles, CA","CA","1810","1823",13.00,13.00,12.00,11.00,"2019","2030",11.00,11.00,0.00,"",0.00,249.00,247.00,224.00,1.00,1670.00,,,,,,
2016,7,2,6,2016-07-02,"AA",19805,"AA","2580",13495,"MSY","New Orleans, LA","LA",12892,"LAX","Los Angeles, CA","CA","1810","1924",74.00,74.00,16.00,24.00,"2019","2143",84.00,84.00,0.00,"",0.00,249.00,259.00,219.00,1.00,1670.00,1.00,0.00,10.00,0.00,73.00,
2016,7,3,7,2016-07-03,"AA",19805,"AA","2580",13495,"MSY","New Orleans, LA","LA",12892,"LAX","Los Angeles, CA","CA","1810","1826",16.00,16.00,15.00,3.00,"2019","2029",10.00,10.00,0.00,"",0.00,249.00,243.00,225.00,1.00,1670.00,,,,,,
2016,7,4,1,2016-07-04,"AA",19805,"AA","2580",13495,"MSY","New Orleans, LA","LA",12892,"LAX","Los Angeles, CA","CA","1810","1808",-2.00,0.00,23.00,4.00,"2019","2008",-11.00,0.00,0.00,"",0.00,249.00,240.00,213.00,1.00,1670.00,,,,,,
2016,7,5,2,2016-07-05,"AA",19805,"AA","2580",13495,"MSY","New Orleans, LA","LA",12892,"LAX","Los Angeles, CA","CA","1810","1806",-4.00,0.00,14.00,12.00,"2019","2007",-12.00,0.00,0.00,"",0.00,249.00,241.00,215.00,1.00,1670.00,,,,,,
2016,7,6,3,2016-07-06,"AA",19805,"AA","2580",13495,"MSY","New Orleans, LA","LA",12892,"LAX","Los Angeles, CA","CA","1810","1805",-5.00,0.00,10.00,13.00,"2019","2001",-18.00,0.00,0.00,"",0.00,249.00,236.00,213.00,1.00,1670.00,,,,,,
2016,7,7,4,2016-07-07,"AA",19805,"AA","2580",13495,"MSY","New Orleans, LA","LA",12892,"LAX","Los Angeles, CA","CA","1810","1810",0.00,0.00,15.00,8.00,"2019","2011",-8.00,0.00,0.00,"",0.00,249.00,241.00,218.00,1.00,1670.00,,,,,,
2016,7,8,5,2016-07-08,"AA",19805,"AA","2580",13495,"MSY","New Orleans, LA","LA",12892,"LAX","Los Angeles, CA","CA","1810","1801",-9.00,0.00,14.00,10.00,"2019","2005",-14.00,0.00,0.00,"",0.00,249.00,244.00,220.00,1.00,1670.00,,,,,,
2016,7,9,6,2016-07-09,"AA",19805,"AA","2580",13495,"MSY","New Orleans, LA","LA",12892,"LAX","Los Angeles, CA","CA","1810","1803",-7.00,0.00,10.00,13.00,"2019","2002",-17.00,0.00,0.00,"",0.00,249.00,239.00,216.00,1.00,1670.00,,,,,,
2016,7,10,7,2016-07-10,"AA",19805,"AA","2580",13495,"MSY","New Orleans, LA","LA",12892,"LAX","Los Angeles, CA","CA","1810","1806",-4.00,0.00,16.00,6.00,"2019","2005",-14.00,0.00,0.00,"",0.00,249.00,239.00,217.00,1.00,1670.00,,,,,,
2016,7,11,1,2016-07-11,"AA",19805,"AA","2580",13495,"MSY","New Orleans, LA","LA",12892,"LAX","Los Angeles, CA","CA","1810","1804",-6.00,0.00,15.00,3.00,"2019","1954",-25.00,0.00,0.00,"",0.00,249.00,230.00,212.00,1.00,1670.00,,,,,,
2016,7,12,2,2016-07-12,"AA",19805,"AA","2580",13495,"MSY","New Orleans, LA","LA",12892,"LAX","Los Angeles, CA","CA","1810","1803",-7.00,0.00,18.00,6.00,"2019","1953",-26.00,0.00,0.00,"",0.00,249.00,230.00,206.00,1.00,1670.00,,,,,,
2016,7,13,3,2016-07-13,"AA",19805,"AA","2580",13495,"MSY","New Orleans, LA","LA",12892,"LAX","Los Angeles, CA","CA","1810","1802",-8.00,0.00,10.00,11.00,"2019","1947",-32.00,0.00,0.00,"",0.00,249.00,225.00,204.00,1.00,1670.00,,,,,,
2016,7,14,4,2016-07-14,"AA",19805,"AA","2580",13495,"MSY","New Orleans, LA","LA",12892,"LAX","Los Angeles, CA","CA","1810","1810",0.00,0.00,12.00,16.00,"2019","2000",-19.00,0.00,0.00,"",0.00,249.00,230.00,202.00,1.00,1670.00,,,,,,
2016,7,15,5,2016-07-15,"AA",19805,"AA","2580",13495,"MSY","New Orleans, LA","LA",12892,"LAX","Los Angeles, CA","CA","1810","2026",136.00,136.00,14.00,16.00,"2019","2215",116.00,116.00,0.00,"",0.00,249.00,229.00,199.00,1.00,1670.00,6.00,0.00,0.00,0.00,110.00,
2016,7,16,6,2016-07-16,"AA",19805,"AA","2580",13495,"MSY","New Orleans, LA","LA",12892,"LAX","Los Angeles, CA","CA","1810","1805",-5.00,0.00,13.00,8.00,"2019","2005",-14.00,0.00,0.00,"",0.00,249.00,240.00,219.00,1.00,1670.00,,,,,,
2016,7,17,7,2016-07-17,"AA",19805,"AA","2580",13495,"MSY","New Orleans, LA","LA",12892,"LAX","Los Angeles, CA","CA","1810","1808",-2.00,0.00,16.00,13.00,"2019","2001",-18.00,0.00,0.00,"",0.00,249.00,233.00,204.00,1.00,1670.00,,,,,,
2016,7,18,1,2016-07-18,"AA",19805,"AA","2580",13495,"MSY","New Orleans, LA","LA",12892,"LAX","Los Angeles, CA","CA","1810","1806",-4.00,0.00,13.00,34.00,"2019","2014",-5.00,0.00,0.00,"",0.00,249.00,248.00,201.00,1.00,1670.00,,,,,,
2016,7,19,2,2016-07-19,"AA",19805,"AA","2580",13495,"MSY","New Orleans, LA","LA",12892,"LAX","Los Angeles, CA","CA","1810","1824",14.00,14.00,11.00,11.00,"2019","2006",-13.00,0.00,0.00,"",0.00,249.00,222.00,200.00,1.00,1670.00,,,,,,
2016,7,20,3,2016-07-20,"AA",19805,"AA","2580",13495,"MSY","New Orleans, LA","LA",12892,"LAX","Los Angeles, CA","CA","1810","1825",15.00,15.00,14.00,13.00,"2019","2014",-5.00,0.00,0.00,"",0.00,249.00,229.00,202.00,1.00,1670.00,,,,,,
2016,7,21,4,2016-07-21,"AA",19805,"AA","2580",13495,"MSY","New Orleans, LA","LA",12892,"LAX","Los Angeles, CA","CA","1810","1810",0.00,0.00,17.00,4.00,"2019","1954",-25.00,0.00,0.00,"",0.00,249.00,224.00,203.00,1.00,1670.00,,,,,,
2016,7,22,5,2016-07-22,"AA",19805,"AA","2580",13495,"MSY","New Orleans, LA","LA",12892,"LAX","Los Angeles, CA","CA","1810","1806",-4.00,0.00,14.00,7.00,"2019","1944",-35.00,0.00,0.00,"",0.00,249.00,218.00,197.00,1.00,1670.00,,,,,,
2016,7,23,6,2016-07-23,"AA",19805,"AA","2580",13495,"MSY","New Orleans, LA","LA",12892,"LAX","Los Angeles, CA","CA","1810","1805",-5.00,0.00,14.00,27.00,"2019","2005",-14.00,0.00,0.00,"",0.00,249.00,240.00,199.00,1.00,1670.00,,,,,,
2016,7,24,7,2016-07-24,"AA",19805,"AA","2580",13495,"MSY","New Orleans, LA","LA",12892,"LAX","Los Angeles, CA","CA","1810","1816",6.00,6.00,18.00,11.00,"2019","2014",-5.00,0.00,0.00,"",0.00,249.00,238.00,209.00,1.00,1670.00,,,,,,
2016,7,25,1,2016-07-25,"AA",19805,"AA","2580",13495,"MSY","New Orleans, LA","LA",12892,"LAX","Los Angeles, CA","CA","1810","1851",41.00,41.00,18.00,9.00,"2019","2109",50.00,50.00,0.00,"",0.00,249.00,258.00,231.00,1.00,1670.00,16.00,0.00,9.00,0.00,25.00,
2016,7,26,2,2016-07-26,"AA",19805,"AA","2580",13495,"MSY","New Orleans, LA","LA",12892,"LAX","Los Angeles, CA","CA","1810","1816",6.00,6.00,12.00,34.00,"2019","2029",10.00,10.00,0.00,"",0.00,249.00,253.00,207.00,1.00,1670.00,,,,,,
2016,7,27,3,2016-07-27,"AA",19805,"AA","2580",13495,"MSY","New Orleans, LA","LA",12892,"LAX","Los Angeles, CA","CA","1810","1828",18.00,18.00,8.00,24.00,"2019","2032",13.00,13.00,0.00,"",0.00,249.00,244.00,212.00,1.00,1670.00,,,,,,
2016,7,28,4,2016-07-28,"AA",19805,"AA","2580",13495,"MSY","New Orleans, LA","LA",12892,"LAX","Los Angeles, CA","CA","1810","1851",41.00,41.00,10.00,8.00,"2019","2032",13.00,13.00,0.00,"",0.00,249.00,221.00,203.00,1.00,1670.00,,,,,,
2016,7,29,5,2016-07-29,"AA",19805,"AA","2580",13495,"MSY","New Orleans, LA","LA",12892,"LAX","Los Angeles, CA","CA","1810","1814",4.00,4.00,15.00,6.00,"2019","2012",-7.00,0.00,0.00,"",0.00,249.00,238.00,217.00,1.00,1670.00,,,,,,
2016,7,30,6,2016-07-30,"AA",19805,"AA","2580",13495,"MSY","New Orleans, LA","LA",12892,"LAX","Los Angeles, CA","CA","1810","1802",-8.00,0.00,11.00,7.00,"2019","1949",-30.00,0.00,0.00,"",0.00,249.00,227.00,209.00,1.00,1670.00,,,,,,
2016,7,31,7,2016-07-31,"AA",19805,"AA","2580",13495,"MSY","New Orleans, LA","LA",12892,"LAX","Los Angeles, CA","CA","1810","1831",21.00,21.00,26.00,12.00,"2019","2034",15.00,15.00,0.00,"",0.00,249.00,243.00,205.00,1.00,1670.00,15.00,0.00,0.00,0.00,0.00,
2016,7,3,7,2016-07-03,"AA",19805,"AA","2581",13204,"MCO","Orlando, FL","FL",13303,"MIA","Miami, FL","FL","0725","0756",31.00,31.00,13.00,9.00,"0829","0912",43.00,43.00,0.00,"",0.00,64.00,76.00,54.00,1.00,192.00,31.00,0.00,12.00,0.00,0.00,
2016,7,10,7,2016-07-10,"AA",19805,"AA","2581",13204,"MCO","Orlando, FL","FL",13303,"MIA","Miami, FL","FL","0725","0727",2.00,2.00,12.00,5.00,"0829","0820",-9.00,0.00,0.00,"",0.00,64.00,53.00,36.00,1.00,192.00,,,,,,
2016,7,17,7,2016-07-17,"AA",19805,"AA","2581",13204,"MCO","Orlando, FL","FL",13303,"MIA","Miami, FL","FL","0725","0725",0.00,0.00,14.00,20.00,"0829","0843",14.00,14.00,0.00,"",0.00,64.00,78.00,44.00,1.00,192.00,,,,,,
2016,7,24,7,2016-07-24,"AA",19805,"AA","2581",13204,"MCO","Orlando, FL","FL",13303,"MIA","Miami, FL","FL","0725","0723",-2.00,0.00,15.00,5.00,"0829","0820",-9.00,0.00,0.00,"",0.00,64.00,57.00,37.00,1.00,192.00,,,,,,
2016,7,31,7,2016-07-31,"AA",19805,"AA","2581",13204,"MCO","Orlando, FL","FL",13303,"MIA","Miami, FL","FL","0725","0850",85.00,85.00,10.00,5.00,"0829","0943",74.00,74.00,0.00,"",0.00,64.00,53.00,38.00,1.00,192.00,74.00,0.00,0.00,0.00,0.00,
2016,7,1,5,2016-07-01,"AA",19805,"AA","2581",13851,"OKC","Oklahoma City, OK","OK",11298,"DFW","Dallas/Fort Worth, TX","TX","2148","2155",7.00,7.00,11.00,10.00,"2250","2250",0.00,0.00,0.00,"",0.00,62.00,55.00,34.00,1.00,175.00,,,,,,
2016,7,1,5,2016-07-01,"AA",19805,"AA","2582",14100,"PHL","Philadelphia, PA","PA",13303,"MIA","Miami, FL","FL","1110","1106",-4.00,0.00,39.00,12.00,"1403","1423",20.00,20.00,0.00,"",0.00,173.00,197.00,146.00,1.00,1013.00,0.00,0.00,20.00,0.00,0.00,
2016,7,2,6,2016-07-02,"AA",19805,"AA","2582",14100,"PHL","Philadelphia, PA","PA",13303,"MIA","Miami, FL","FL","1110","1151",41.00,41.00,13.00,7.00,"1403","1428",25.00,25.00,0.00,"",0.00,173.00,157.00,137.00,1.00,1013.00,5.00,0.00,0.00,0.00,20.00,
2016,7,3,7,2016-07-03,"AA",19805,"AA","2582",14100,"PHL","Philadelphia, PA","PA",13303,"MIA","Miami, FL","FL","1110","1059",-11.00,0.00,15.00,7.00,"1403","1330",-33.00,0.00,0.00,"",0.00,173.00,151.00,129.00,1.00,1013.00,,,,,,
2016,7,4,1,2016-07-04,"AA",19805,"AA","2582",14100,"PHL","Philadelphia, PA","PA",13303,"MIA","Miami, FL","FL","1110","1107",-3.00,0.00,11.00,5.00,"1403","1335",-28.00,0.00,0.00,"",0.00,173.00,148.00,132.00,1.00,1013.00,,,,,,
2016,7,5,2,2016-07-05,"AA",19805,"AA","2582",14100,"PHL","Philadelphia, PA","PA",13303,"MIA","Miami, FL","FL","1110","1102",-8.00,0.00,18.00,7.00,"1403","1342",-21.00,0.00,0.00,"",0.00,173.00,160.00,135.00,1.00,1013.00,,,,,,
2016,7,6,3,2016-07-06,"AA",19805,"AA","2582",14100,"PHL","Philadelphia, PA","PA",13303,"MIA","Miami, FL","FL","1110","1112",2.00,2.00,18.00,8.00,"1403","1356",-7.00,0.00,0.00,"",0.00,173.00,164.00,138.00,1.00,1013.00,,,,,,
2016,7,7,4,2016-07-07,"AA",19805,"AA","2582",14100,"PHL","Philadelphia, PA","PA",13303,"MIA","Miami, FL","FL","1110","1101",-9.00,0.00,19.00,5.00,"1403","1343",-20.00,0.00,0.00,"",0.00,173.00,162.00,138.00,1.00,1013.00,,,,,,
2016,7,8,5,2016-07-08,"AA",19805,"AA","2582",14100,"PHL","Philadelphia, PA","PA",13303,"MIA","Miami, FL","FL","1110","1102",-8.00,0.00,20.00,6.00,"1403","1338",-25.00,0.00,0.00,"",0.00,173.00,156.00,130.00,1.00,1013.00,,,,,,
2016,7,9,6,2016-07-09,"AA",19805,"AA","2582",14100,"PHL","Philadelphia, PA","PA",13303,"MIA","Miami, FL","FL","1110","1108",-2.00,0.00,26.00,7.00,"1403","1357",-6.00,0.00,0.00,"",0.00,173.00,169.00,136.00,1.00,1013.00,,,,,,
2016,7,10,7,2016-07-10,"AA",19805,"AA","2582",14100,"PHL","Philadelphia, PA","PA",13303,"MIA","Miami, FL","FL","1110","1104",-6.00,0.00,23.00,8.00,"1403","1348",-15.00,0.00,0.00,"",0.00,173.00,164.00,133.00,1.00,1013.00,,,,,,
2016,7,11,1,2016-07-11,"AA",19805,"AA","2582",14100,"PHL","Philadelphia, PA","PA",13303,"MIA","Miami, FL","FL","1110","1105",-5.00,0.00,18.00,5.00,"1403","1351",-12.00,0.00,0.00,"",0.00,173.00,166.00,143.00,1.00,1013.00,,,,,,
2016,7,12,2,2016-07-12,"AA",19805,"AA","2582",14100,"PHL","Philadelphia, PA","PA",13303,"MIA","Miami, FL","FL","1110","1104",-6.00,0.00,13.00,7.00,"1403","1344",-19.00,0.00,0.00,"",0.00,173.00,160.00,140.00,1.00,1013.00,,,,,,
2016,7,13,3,2016-07-13,"AA",19805,"AA","2582",14100,"PHL","Philadelphia, PA","PA",13303,"MIA","Miami, FL","FL","1110","1111",1.00,1.00,27.00,13.00,"1403","1407",4.00,4.00,0.00,"",0.00,173.00,176.00,136.00,1.00,1013.00,,,,,,
2016,7,14,4,2016-07-14,"AA",19805,"AA","2582",14100,"PHL","Philadelphia, PA","PA",13303,"MIA","Miami, FL","FL","1110","1223",73.00,73.00,25.00,8.00,"1403","1512",69.00,69.00,0.00,"",0.00,173.00,169.00,136.00,1.00,1013.00,69.00,0.00,0.00,0.00,0.00,
2016,7,15,5,2016-07-15,"AA",19805,"AA","2582",14100,"PHL","Philadelphia, PA","PA",13303,"MIA","Miami, FL","FL","1110","1106",-4.00,0.00,14.00,6.00,"1403","1342",-21.00,0.00,0.00,"",0.00,173.00,156.00,136.00,1.00,1013.00,,,,,,
2016,7,16,6,2016-07-16,"AA",19805,"AA","2582",14100,"PHL","Philadelphia, PA","PA",13303,"MIA","Miami, FL","FL","1110","1109",-1.00,0.00,16.00,6.00,"1403","1355",-8.00,0.00,0.00,"",0.00,173.00,166.00,144.00,1.00,1013.00,,,,,,
2016,7,17,7,2016-07-17,"AA",19805,"AA","2582",14100,"PHL","Philadelphia, PA","PA",13303,"MIA","Miami, FL","FL","1110","1104",-6.00,0.00,13.00,9.00,"1403","1350",-13.00,0.00,0.00,"",0.00,173.00,166.00,144.00,1.00,1013.00,,,,,,
2016,7,18,1,2016-07-18,"AA",19805,"AA","2582",14100,"PHL","Philadelphia, PA","PA",13303,"MIA","Miami, FL","FL","1110","1104",-6.00,0.00,13.00,6.00,"1403","1349",-14.00,0.00,0.00,"",0.00,173.00,165.00,146.00,1.00,1013.00,,,,,,
2016,7,19,2,2016-07-19,"AA",19805,"AA","2582",14100,"PHL","Philadelphia, PA","PA",13303,"MIA","Miami, FL","FL","1110","1317",127.00,127.00,18.00,9.00,"1403","1556",113.00,113.00,0.00,"",0.00,173.00,159.00,132.00,1.00,1013.00,6.00,0.00,0.00,0.00,107.00,
2016,7,20,3,2016-07-20,"AA",19805,"AA","2582",14100,"PHL","Philadelphia, PA","PA",13303,"MIA","Miami, FL","FL","1110","1105",-5.00,0.00,22.00,9.00,"1403","1353",-10.00,0.00,0.00,"",0.00,173.00,168.00,137.00,1.00,1013.00,,,,,,
2016,7,21,4,2016-07-21,"AA",19805,"AA","2582",14100,"PHL","Philadelphia, PA","PA",13303,"MIA","Miami, FL","FL","1110","1110",0.00,0.00,26.00,10.00,"1403","1354",-9.00,0.00,0.00,"",0.00,173.00,164.00,128.00,1.00,1013.00,,,,,,
2016,7,22,5,2016-07-22,"AA",19805,"AA","2582",14100,"PHL","Philadelphia, PA","PA",13303,"MIA","Miami, FL","FL","1110","1117",7.00,7.00,13.00,7.00,"1403","1342",-21.00,0.00,0.00,"",0.00,173.00,145.00,125.00,1.00,1013.00,,,,,,
2016,7,23,6,2016-07-23,"AA",19805,"AA","2582",14100,"PHL","Philadelphia, PA","PA",13303,"MIA","Miami, FL","FL","1110","1109",-1.00,0.00,20.00,3.00,"1403","1337",-26.00,0.00,0.00,"",0.00,173.00,148.00,125.00,1.00,1013.00,,,,,,
2016,7,24,7,2016-07-24,"AA",19805,"AA","2582",14100,"PHL","Philadelphia, PA","PA",13303,"MIA","Miami, FL","FL","1110","1104",-6.00,0.00,13.00,7.00,"1403","1358",-5.00,0.00,0.00,"",0.00,173.00,174.00,154.00,1.00,1013.00,,,,,,
2016,7,25,1,2016-07-25,"AA",19805,"AA","2582",14100,"PHL","Philadelphia, PA","PA",13303,"MIA","Miami, FL","FL","1110","1101",-9.00,0.00,18.00,9.00,"1403","1340",-23.00,0.00,0.00,"",0.00,173.00,159.00,132.00,1.00,1013.00,,,,,,
2016,7,26,2,2016-07-26,"AA",19805,"AA","2582",14100,"PHL","Philadelphia, PA","PA",13303,"MIA","Miami, FL","FL","1110","1122",12.00,12.00,17.00,6.00,"1403","1357",-6.00,0.00,0.00,"",0.00,173.00,155.00,132.00,1.00,1013.00,,,,,,
2016,7,27,3,2016-07-27,"AA",19805,"AA","2582",14100,"PHL","Philadelphia, PA","PA",13303,"MIA","Miami, FL","FL","1110","1119",9.00,9.00,14.00,6.00,"1403","1359",-4.00,0.00,0.00,"",0.00,173.00,160.00,140.00,1.00,1013.00,,,,,,
2016,7,28,4,2016-07-28,"AA",19805,"AA","2582",14100,"PHL","Philadelphia, PA","PA",13303,"MIA","Miami, FL","FL","1110","1207",57.00,57.00,17.00,4.00,"1403","1442",39.00,39.00,0.00,"",0.00,173.00,155.00,134.00,1.00,1013.00,5.00,0.00,0.00,0.00,34.00,
2016,7,29,5,2016-07-29,"AA",19805,"AA","2582",14100,"PHL","Philadelphia, PA","PA",13303,"MIA","Miami, FL","FL","1110","1117",7.00,7.00,18.00,7.00,"1403","1352",-11.00,0.00,0.00,"",0.00,173.00,155.00,130.00,1.00,1013.00,,,,,,
2016,7,30,6,2016-07-30,"AA",19805,"AA","2582",14100,"PHL","Philadelphia, PA","PA",13303,"MIA","Miami, FL","FL","1110","1113",3.00,3.00,10.00,8.00,"1403","1343",-20.00,0.00,0.00,"",0.00,173.00,150.00,132.00,1.00,1013.00,,,,,,
2016,7,31,7,2016-07-31,"AA",19805,"AA","2582",14100,"PHL","Philadelphia, PA","PA",13303,"MIA","Miami, FL","FL","1110","1607",297.00,297.00,37.00,8.00,"1403","1948",345.00,345.00,0.00,"",0.00,173.00,221.00,176.00,1.00,1013.00,0.00,0.00,48.00,0.00,297.00,
2016,7,1,5,2016-07-01,"AA",19805,"AA","2583",11298,"DFW","Dallas/Fort Worth, TX","TX",11433,"DTW","Detroit, MI","MI","2020","2107",47.00,47.00,12.00,7.00,"2356","0033",37.00,37.00,0.00,"",0.00,156.00,146.00,127.00,1.00,986.00,37.00,0.00,0.00,0.00,0.00,
2016,7,3,7,2016-07-03,"AA",19805,"AA","2583",11298,"DFW","Dallas/Fort Worth, TX","TX",11433,"DTW","Detroit, MI","MI","2020","2136",76.00,76.00,10.00,7.00,"2359","0055",56.00,56.00,0.00,"",0.00,159.00,139.00,122.00,1.00,986.00,41.00,0.00,0.00,0.00,15.00,
2016,7,4,1,2016-07-04,"AA",19805,"AA","2583",11298,"DFW","Dallas/Fort Worth, TX","TX",11433,"DTW","Detroit, MI","MI","2020","2052",32.00,32.00,13.00,6.00,"2359","0011",12.00,12.00,0.00,"",0.00,159.00,139.00,120.00,1.00,986.00,,,,,,
2016,7,5,2,2016-07-05,"AA",19805,"AA","2583",11298,"DFW","Dallas/Fort Worth, TX","TX",11433,"DTW","Detroit, MI","MI","2020","2030",10.00,10.00,17.00,9.00,"2359","2400",1.00,1.00,0.00,"",0.00,159.00,150.00,124.00,1.00,986.00,,,,,,
2016,7,6,3,2016-07-06,"AA",19805,"AA","2583",11298,"DFW","Dallas/Fort Worth, TX","TX",11433,"DTW","Detroit, MI","MI","2020","2016",-4.00,0.00,17.00,6.00,"2359","2343",-16.00,0.00,0.00,"",0.00,159.00,147.00,124.00,1.00,986.00,,,,,,
2016,7,7,4,2016-07-07,"AA",19805,"AA","2583",11298,"DFW","Dallas/Fort Worth, TX","TX",11433,"DTW","Detroit, MI","MI","2020","2108",48.00,48.00,8.00,8.00,"2359","0034",35.00,35.00,0.00,"",0.00,159.00,146.00,130.00,1.00,986.00,3.00,0.00,0.00,0.00,32.00,
2016,7,8,5,2016-07-08,"AA",19805,"AA","2583",11298,"DFW","Dallas/Fort Worth, TX","TX",11433,"DTW","Detroit, MI","MI","2020","2021",1.00,1.00,16.00,7.00,"2359","2352",-7.00,0.00,0.00,"",0.00,159.00,151.00,128.00,1.00,986.00,,,,,,
2016,7,10,7,2016-07-10,"AA",19805,"AA","2583",11298,"DFW","Dallas/Fort Worth, TX","TX",11433,"DTW","Detroit, MI","MI","2020","2019",-1.00,0.00,9.00,6.00,"2359","2346",-13.00,0.00,0.00,"",0.00,159.00,147.00,132.00,1.00,986.00,,,,,,
2016,7,11,1,2016-07-11,"AA",19805,"AA","2583",11298,"DFW","Dallas/Fort Worth, TX","TX",11433,"DTW","Detroit, MI","MI","2020","2020",0.00,0.00,9.00,8.00,"2359","2349",-10.00,0.00,0.00,"",0.00,159.00,149.00,132.00,1.00,986.00,,,,,,
2016,7,12,2,2016-07-12,"AA",19805,"AA","2583",11298,"DFW","Dallas/Fort Worth, TX","TX",11433,"DTW","Detroit, MI","MI","2020","2017",-3.00,0.00,18.00,7.00,"2359","2352",-7.00,0.00,0.00,"",0.00,159.00,155.00,130.00,1.00,986.00,,,,,,
2016,7,13,3,2016-07-13,"AA",19805,"AA","2583",11298,"DFW","Dallas/Fort Worth, TX","TX",11433,"DTW","Detroit, MI","MI","2020","2019",-1.00,0.00,18.00,12.00,"2359","0005",6.00,6.00,0.00,"",0.00,159.00,166.00,136.00,1.00,986.00,,,,,,
2016,7,14,4,2016-07-14,"AA",19805,"AA","2583",11298,"DFW","Dallas/Fort Worth, TX","TX",11433,"DTW","Detroit, MI","MI","2020","2023",3.00,3.00,20.00,11.00,"2359","2400",1.00,1.00,0.00,"",0.00,159.00,157.00,126.00,1.00,986.00,,,,,,
2016,7,15,5,2016-07-15,"AA",19805,"AA","2583",11298,"DFW","Dallas/Fort Worth, TX","TX",11433,"DTW","Detroit, MI","MI","2020","2326",186.00,186.00,14.00,11.00,"2359","0249",170.00,170.00,0.00,"",0.00,159.00,143.00,118.00,1.00,986.00,55.00,0.00,0.00,0.00,115.00,
2016,7,17,7,2016-07-17,"AA",19805,"AA","2583",11298,"DFW","Dallas/Fort Worth, TX","TX",11433,"DTW","Detroit, MI","MI","2020","2020",0.00,0.00,17.00,7.00,"2359","2354",-5.00,0.00,0.00,"",0.00,159.00,154.00,130.00,1.00,986.00,,,,,,
2016,7,18,1,2016-07-18,"AA",19805,"AA","2583",11298,"DFW","Dallas/Fort Worth, TX","TX",11433,"DTW","Detroit, MI","MI","2020","2016",-4.00,0.00,16.00,11.00,"2359","2352",-7.00,0.00,0.00,"",0.00,159.00,156.00,129.00,1.00,986.00,,,,,,
2016,7,19,2,2016-07-19,"AA",19805,"AA","2583",11298,"DFW","Dallas/Fort Worth, TX","TX",11433,"DTW","Detroit, MI","MI","2020","2039",19.00,19.00,14.00,9.00,"2359","0009",10.00,10.00,0.00,"",0.00,159.00,150.00,127.00,1.00,986.00,,,,,,
2016,7,20,3,2016-07-20,"AA",19805,"AA","2583",11298,"DFW","Dallas/Fort Worth, TX","TX",11433,"DTW","Detroit, MI","MI","2020","2019",-1.00,0.00,23.00,15.00,"2359","0009",10.00,10.00,0.00,"",0.00,159.00,170.00,132.00,1.00,986.00,,,,,,
2016,7,21,4,2016-07-21,"AA",19805,"AA","2583",11298,"DFW","Dallas/Fort Worth, TX","TX",11433,"DTW","Detroit, MI","MI","2020","2017",-3.00,0.00,13.00,22.00,"2359","0005",6.00,6.00,0.00,"",0.00,159.00,168.00,133.00,1.00,986.00,,,,,,
2016,7,22,5,2016-07-22,"AA",19805,"AA","2583",11298,"DFW","Dallas/Fort Worth, TX","TX",11433,"DTW","Detroit, MI","MI","2020","2017",-3.00,0.00,14.00,8.00,"2359","2346",-13.00,0.00,0.00,"",0.00,159.00,149.00,127.00,1.00,986.00,,,,,,
2016,7,24,7,2016-07-24,"AA",19805,"AA","2583",11298,"DFW","Dallas/Fort Worth, TX","TX",11433,"DTW","Detroit, MI","MI","2020","2020",0.00,0.00,14.00,7.00,"2359","2347",-12.00,0.00,0.00,"",0.00,159.00,147.00,126.00,1.00,986.00,,,,,,
2016,7,25,1,2016-07-25,"AA",19805,"AA","2583",11298,"DFW","Dallas/Fort Worth, TX","TX",11433,"DTW","Detroit, MI","MI","2020","",,,,,"2359","",,,1.00,"C",0.00,159.00,,,1.00,986.00,,,,,,
2016,7,26,2,2016-07-26,"AA",19805,"AA","2583",11298,"DFW","Dallas/Fort Worth, TX","TX",11433,"DTW","Detroit, MI","MI","2020","2020",0.00,0.00,12.00,12.00,"2359","2357",-2.00,0.00,0.00,"",0.00,159.00,157.00,133.00,1.00,986.00,,,,,,
2016,7,27,3,2016-07-27,"AA",19805,"AA","2583",11298,"DFW","Dallas/Fort Worth, TX","TX",11433,"DTW","Detroit, MI","MI","2020","2122",62.00,62.00,15.00,11.00,"2359","0059",60.00,60.00,0.00,"",0.00,159.00,157.00,131.00,1.00,986.00,0.00,0.00,0.00,0.00,60.00,
2016,7,28,4,2016-07-28,"AA",19805,"AA","2583",11298,"DFW","Dallas/Fort Worth, TX","TX",11433,"DTW","Detroit, MI","MI","2020","2030",10.00,10.00,21.00,13.00,"2359","0007",8.00,8.00,0.00,"",0.00,159.00,157.00,123.00,1.00,986.00,,,,,,
2016,7,29,5,2016-07-29,"AA",19805,"AA","2583",11298,"DFW","Dallas/Fort Worth, TX","TX",11433,"DTW","Detroit, MI","MI","2020","2022",2.00,2.00,18.00,4.00,"2359","0005",6.00,6.00,0.00,"",0.00,159.00,163.00,141.00,1.00,986.00,,,,,,
2016,7,31,7,2016-07-31,"AA",19805,"AA","2583",11298,"DFW","Dallas/Fort Worth, TX","TX",11433,"DTW","Detroit, MI","MI","2020","2159",99.00,99.00,10.00,4.00,"2359","0113",74.00,74.00,0.00,"",0.00,159.00,134.00,120.00,1.00,986.00,19.00,0.00,0.00,0.00,55.00,
2016,7,1,5,2016-07-01,"AA",19805,"AA","2585",11298,"DFW","Dallas/Fort Worth, TX","TX",13342,"MKE","Milwaukee, WI","WI","1500","1644",104.00,104.00,15.00,4.00,"1720","1854",94.00,94.00,0.00,"",0.00,140.00,130.00,111.00,1.00,853.00,12.00,0.00,0.00,0.00,82.00,
2016,7,3,7,2016-07-03,"AA",19805,"AA","2585",11298,"DFW","Dallas/Fort Worth, TX","TX",13342,"MKE","Milwaukee, WI","WI","1500","1454",-6.00,0.00,12.00,5.00,"1720","1658",-22.00,0.00,0.00,"",0.00,140.00,124.00,107.00,1.00,853.00,,,,,,
2016,7,4,1,2016-07-04,"AA",19805,"AA","2585",11298,"DFW","Dallas/Fort Worth, TX","TX",13342,"MKE","Milwaukee, WI","WI","1520","1530",10.00,10.00,11.00,3.00,"1738","1729",-9.00,0.00,0.00,"",0.00,138.00,119.00,105.00,1.00,853.00,,,,,,
2016,7,5,2,2016-07-05,"AA",19805,"AA","2585",11298,"DFW","Dallas/Fort Worth, TX","TX",13342,"MKE","Milwaukee, WI","WI","1500","1505",5.00,5.00,15.00,7.00,"1720","1724",4.00,4.00,0.00,"",0.00,140.00,139.00,117.00,1.00,853.00,,,,,,
2016,7,6,3,2016-07-06,"AA",19805,"AA","2585",11298,"DFW","Dallas/Fort Worth, TX","TX",13342,"MKE","Milwaukee, WI","WI","1500","1512",12.00,12.00,13.00,8.00,"1720","1730",10.00,10.00,0.00,"",0.00,140.00,138.00,117.00,1.00,853.00,,,,,,
2016,7,7,4,2016-07-07,"AA",19805,"AA","2585",11298,"DFW","Dallas/Fort Worth, TX","TX",13342,"MKE","Milwaukee, WI","WI","1500","1457",-3.00,0.00,13.00,4.00,"1720","1706",-14.00,0.00,0.00,"",0.00,140.00,129.00,112.00,1.00,853.00,,,,,,
2016,7,8,5,2016-07-08,"AA",19805,"AA","2585",11298,"DFW","Dallas/Fort Worth, TX","TX",13342,"MKE","Milwaukee, WI","WI","1500","1454",-6.00,0.00,17.00,3.00,"1720","1706",-14.00,0.00,0.00,"",0.00,140.00,132.00,112.00,1.00,853.00,,,,,,
2016,7,10,7,2016-07-10,"AA",19805,"AA","2585",11298,"DFW","Dallas/Fort Worth, TX","TX",13342,"MKE","Milwaukee, WI","WI","1500","1611",71.00,71.00,9.00,7.00,"1720","1825",65.00,65.00,0.00,"",0.00,140.00,134.00,118.00,1.00,853.00,2.00,0.00,0.00,0.00,63.00,
2016,7,11,1,2016-07-11,"AA",19805,"AA","2585",11298,"DFW","Dallas/Fort Worth, TX","TX",13342,"MKE","Milwaukee, WI","WI","1500","1454",-6.00,0.00,18.00,6.00,"1720","1710",-10.00,0.00,0.00,"",0.00,140.00,136.00,112.00,1.00,853.00,,,,,,
2016,7,12,2,2016-07-12,"AA",19805,"AA","2585",11298,"DFW","Dallas/Fort Worth, TX","TX",13342,"MKE","Milwaukee, WI","WI","1500","1514",14.00,14.00,13.00,5.00,"1720","1733",13.00,13.00,0.00,"",0.00,140.00,139.00,121.00,1.00,853.00,,,,,,
2016,7,13,3,2016-07-13,"AA",19805,"AA","2585",11298,"DFW","Dallas/Fort Worth, TX","TX",13342,"MKE","Milwaukee, WI","WI","1500","1458",-2.00,0.00,14.00,8.00,"1720","1722",2.00,2.00,0.00,"",0.00,140.00,144.00,122.00,1.00,853.00,,,,,,
2016,7,14,4,2016-07-14,"AA",19805,"AA","2585",11298,"DFW","Dallas/Fort Worth, TX","TX",13342,"MKE","Milwaukee, WI","WI","1500","1507",7.00,7.00,9.00,5.00,"1720","1715",-5.00,0.00,0.00,"",0.00,140.00,128.00,114.00,1.00,853.00,,,,,,
2016,7,15,5,2016-07-15,"AA",19805,"AA","2585",11298,"DFW","Dallas/Fort Worth, TX","TX",13342,"MKE","Milwaukee, WI","WI","1500","1610",70.00,70.00,12.00,3.00,"1720","1814",54.00,54.00,0.00,"",0.00,140.00,124.00,109.00,1.00,853.00,41.00,0.00,0.00,0.00,13.00,
2016,7,17,7,2016-07-17,"AA",19805,"AA","2585",11298,"DFW","Dallas/Fort Worth, TX","TX",13342,"MKE","Milwaukee, WI","WI","1500","1454",-6.00,0.00,14.00,4.00,"1720","1703",-17.00,0.00,0.00,"",0.00,140.00,129.00,111.00,1.00,853.00,,,,,,
2016,7,18,1,2016-07-18,"AA",19805,"AA","2585",11298,"DFW","Dallas/Fort Worth, TX","TX",13342,"MKE","Milwaukee, WI","WI","1500","1543",43.00,43.00,18.00,4.00,"1720","1754",34.00,34.00,0.00,"",0.00,140.00,131.00,109.00,1.00,853.00,6.00,0.00,0.00,0.00,28.00,
2016,7,19,2,2016-07-19,"AA",19805,"AA","2585",11298,"DFW","Dallas/Fort Worth, TX","TX",13342,"MKE","Milwaukee, WI","WI","1500","1459",-1.00,0.00,12.00,3.00,"1720","1712",-8.00,0.00,0.00,"",0.00,140.00,133.00,118.00,1.00,853.00,,,,,,
2016,7,20,3,2016-07-20,"AA",19805,"AA","2585",11298,"DFW","Dallas/Fort Worth, TX","TX",13342,"MKE","Milwaukee, WI","WI","1500","1458",-2.00,0.00,15.00,5.00,"1720","1717",-3.00,0.00,0.00,"",0.00,140.00,139.00,119.00,1.00,853.00,,,,,,
2016,7,21,4,2016-07-21,"AA",19805,"AA","2585",11298,"DFW","Dallas/Fort Worth, TX","TX",13342,"MKE","Milwaukee, WI","WI","1500","1621",81.00,81.00,10.00,4.00,"1720","1832",72.00,72.00,0.00,"",0.00,140.00,131.00,117.00,1.00,853.00,3.00,0.00,0.00,0.00,69.00,
2016,7,22,5,2016-07-22,"AA",19805,"AA","2585",11298,"DFW","Dallas/Fort Worth, TX","TX",13342,"MKE","Milwaukee, WI","WI","1500","1530",30.00,30.00,15.00,6.00,"1720","1753",33.00,33.00,0.00,"",0.00,140.00,143.00,122.00,1.00,853.00,19.00,0.00,3.00,0.00,11.00,
2016,7,24,7,2016-07-24,"AA",19805,"AA","2585",11298,"DFW","Dallas/Fort Worth, TX","TX",13342,"MKE","Milwaukee, WI","WI","1500","1500",0.00,0.00,10.00,4.00,"1720","1711",-9.00,0.00,0.00,"",0.00,140.00,131.00,117.00,1.00,853.00,,,,,,
2016,7,25,1,2016-07-25,"AA",19805,"AA","2585",11298,"DFW","Dallas/Fort Worth, TX","TX",13342,"MKE","Milwaukee, WI","WI","1500","1457",-3.00,0.00,17.00,7.00,"1720","1722",2.00,2.00,0.00,"",0.00,140.00,145.00,121.00,1.00,853.00,,,,,,
2016,7,26,2,2016-07-26,"AA",19805,"AA","2585",11298,"DFW","Dallas/Fort Worth, TX","TX",13342,"MKE","Milwaukee, WI","WI","1500","1453",-7.00,0.00,18.00,8.00,"1720","1715",-5.00,0.00,0.00,"",0.00,140.00,142.00,116.00,1.00,853.00,,,,,,
2016,7,27,3,2016-07-27,"AA",19805,"AA","2585",11298,"DFW","Dallas/Fort Worth, TX","TX",13342,"MKE","Milwaukee, WI","WI","1500","1742",162.00,162.00,34.00,3.00,"1720","2007",167.00,167.00,0.00,"",0.00,140.00,145.00,108.00,1.00,853.00,0.00,162.00,5.00,0.00,0.00,
2016,7,28,4,2016-07-28,"AA",19805,"AA","2585",11298,"DFW","Dallas/Fort Worth, TX","TX",13342,"MKE","Milwaukee, WI","WI","1500","1703",123.00,123.00,26.00,3.00,"1720","1921",121.00,121.00,0.00,"",0.00,140.00,138.00,109.00,1.00,853.00,121.00,0.00,0.00,0.00,0.00,
2016,7,29,5,2016-07-29,"AA",19805,"AA","2585",11298,"DFW","Dallas/Fort Worth, TX","TX",13342,"MKE","Milwaukee, WI","WI","1500","1629",89.00,89.00,14.00,3.00,"1720","1836",76.00,76.00,0.00,"",0.00,140.00,127.00,110.00,1.00,853.00,0.00,0.00,0.00,0.00,76.00,
2016,7,31,7,2016-07-31,"AA",19805,"AA","2585",11298,"DFW","Dallas/Fort Worth, TX","TX",13342,"MKE","Milwaukee, WI","WI","1500","1538",38.00,38.00,16.00,5.00,"1720","1746",26.00,26.00,0.00,"",0.00,140.00,128.00,107.00,1.00,853.00,2.00,0.00,0.00,0.00,24.00,
2016,7,1,5,2016-07-01,"AA",19805,"AA","2585",13342,"MKE","Milwaukee, WI","WI",11298,"DFW","Dallas/Fort Worth, TX","TX","1820","1928",68.00,68.00,9.00,16.00,"2048","2147",59.00,59.00,0.00,"",0.00,148.00,139.00,114.00,1.00,853.00,0.00,0.00,0.00,0.00,59.00,
2016,7,3,7,2016-07-03,"AA",19805,"AA","2585",13342,"MKE","Milwaukee, WI","WI",11298,"DFW","Dallas/Fort Worth, TX","TX","1820","1811",-9.00,0.00,12.00,7.00,"2048","2031",-17.00,0.00,0.00,"",0.00,148.00,140.00,121.00,1.00,853.00,,,,,,
2016,7,4,1,2016-07-04,"AA",19805,"AA","2585",13342,"MKE","Milwaukee, WI","WI",11298,"DFW","Dallas/Fort Worth, TX","TX","1820","1817",-3.00,0.00,13.00,12.00,"2048","2047",-1.00,0.00,0.00,"",0.00,148.00,150.00,125.00,1.00,853.00,,,,,,
2016,7,5,2,2016-07-05,"AA",19805,"AA","2585",13342,"MKE","Milwaukee, WI","WI",11298,"DFW","Dallas/Fort Worth, TX","TX","1820","1815",-5.00,0.00,12.00,6.00,"2048","2032",-16.00,0.00,0.00,"",0.00,148.00,137.00,119.00,1.00,853.00,,,,,,
2016,7,6,3,2016-07-06,"AA",19805,"AA","2585",13342,"MKE","Milwaukee, WI","WI",11298,"DFW","Dallas/Fort Worth, TX","TX","1820","1813",-7.00,0.00,15.00,11.00,"2048","2042",-6.00,0.00,0.00,"",0.00,148.00,149.00,123.00,1.00,853.00,,,,,,
2016,7,7,4,2016-07-07,"AA",19805,"AA","2585",13342,"MKE","Milwaukee, WI","WI",11298,"DFW","Dallas/Fort Worth, TX","TX","1820","1821",1.00,1.00,8.00,11.00,"2048","2035",-13.00,0.00,0.00,"",0.00,148.00,134.00,115.00,1.00,853.00,,,,,,
2016,7,8,5,2016-07-08,"AA",19805,"AA","2585",13342,"MKE","Milwaukee, WI","WI",11298,"DFW","Dallas/Fort Worth, TX","TX","1820","1812",-8.00,0.00,7.00,17.00,"2048","2029",-19.00,0.00,0.00,"",0.00,148.00,137.00,113.00,1.00,853.00,,,,,,
2016,7,10,7,2016-07-10,"AA",19805,"AA","2585",13342,"MKE","Milwaukee, WI","WI",11298,"DFW","Dallas/Fort Worth, TX","TX","1820","1902",42.00,42.00,14.00,10.00,"2048","2127",39.00,39.00,0.00,"",0.00,148.00,145.00,121.00,1.00,853.00,0.00,0.00,0.00,0.00,39.00,
2016,7,11,1,2016-07-11,"AA",19805,"AA","2585",13342,"MKE","Milwaukee, WI","WI",11298,"DFW","Dallas/Fort Worth, TX","TX","1820","1810",-10.00,0.00,10.00,6.00,"2048","2020",-28.00,0.00,0.00,"",0.00,148.00,130.00,114.00,1.00,853.00,,,,,,
2016,7,12,2,2016-07-12,"AA",19805,"AA","2585",13342,"MKE","Milwaukee, WI","WI",11298,"DFW","Dallas/Fort Worth, TX","TX","1820","1820",0.00,0.00,13.00,12.00,"2048","2054",6.00,6.00,0.00,"",0.00,148.00,154.00,129.00,1.00,853.00,,,,,,
2016,7,13,3,2016-07-13,"AA",19805,"AA","2585",13342,"MKE","Milwaukee, WI","WI",11298,"DFW","Dallas/Fort Worth, TX","TX","1820","1814",-6.00,0.00,20.00,9.00,"2048","2049",1.00,1.00,0.00,"",0.00,148.00,155.00,126.00,1.00,853.00,,,,,,
2016,7,14,4,2016-07-14,"AA",19805,"AA","2585",13342,"MKE","Milwaukee, WI","WI",11298,"DFW","Dallas/Fort Worth, TX","TX","1820","1818",-2.00,0.00,11.00,5.00,"2048","2028",-20.00,0.00,0.00,"",0.00,148.00,130.00,114.00,1.00,853.00,,,,,,
2016,7,15,5,2016-07-15,"AA",19805,"AA","2585",13342,"MKE","Milwaukee, WI","WI",11298,"DFW","Dallas/Fort Worth, TX","TX","1820","1848",28.00,28.00,13.00,10.00,"2048","2111",23.00,23.00,0.00,"",0.00,148.00,143.00,120.00,1.00,853.00,0.00,0.00,0.00,0.00,23.00,
2016,7,17,7,2016-07-17,"AA",19805,"AA","2585",13342,"MKE","Milwaukee, WI","WI",11298,"DFW","Dallas/Fort Worth, TX","TX","1820","1816",-4.00,0.00,9.00,17.00,"2048","2038",-10.00,0.00,0.00,"",0.00,148.00,142.00,116.00,1.00,853.00,,,,,,
2016,7,18,1,2016-07-18,"AA",19805,"AA","2585",13342,"MKE","Milwaukee, WI","WI",11298,"DFW","Dallas/Fort Worth, TX","TX","1820","1833",13.00,13.00,8.00,12.00,"2048","2050",2.00,2.00,0.00,"",0.00,148.00,137.00,117.00,1.00,853.00,,,,,,
2016,7,19,2,2016-07-19,"AA",19805,"AA","2585",13342,"MKE","Milwaukee, WI","WI",11298,"DFW","Dallas/Fort Worth, TX","TX","1820","1817",-3.00,0.00,12.00,13.00,"2048","2033",-15.00,0.00,0.00,"",0.00,148.00,136.00,111.00,1.00,853.00,,,,,,
2016,7,20,3,2016-07-20,"AA",19805,"AA","2585",13342,"MKE","Milwaukee, WI","WI",11298,"DFW","Dallas/Fort Worth, TX","TX","1820","1814",-6.00,0.00,10.00,5.00,"2048","2021",-27.00,0.00,0.00,"",0.00,148.00,127.00,112.00,1.00,853.00,,,,,,
2016,7,21,4,2016-07-21,"AA",19805,"AA","2585",13342,"MKE","Milwaukee, WI","WI",11298,"DFW","Dallas/Fort Worth, TX","TX","1820","0937",917.00,917.00,18.00,12.00,"2048","1207",919.00,919.00,0.00,"",0.00,148.00,150.00,120.00,1.00,853.00,865.00,0.00,2.00,0.00,52.00,
2016,7,22,5,2016-07-22,"AA",19805,"AA","2585",13342,"MKE","Milwaukee, WI","WI",11298,"DFW","Dallas/Fort Worth, TX","TX","1820","1831",11.00,11.00,9.00,9.00,"2048","2040",-8.00,0.00,0.00,"",0.00,148.00,129.00,111.00,1.00,853.00,,,,,,
2016,7,24,7,2016-07-24,"AA",19805,"AA","2585",13342,"MKE","Milwaukee, WI","WI",11298,"DFW","Dallas/Fort Worth, TX","TX","1820","1811",-9.00,0.00,18.00,11.00,"2048","2050",2.00,2.00,0.00,"",0.00,148.00,159.00,130.00,1.00,853.00,,,,,,
2016,7,25,1,2016-07-25,"AA",19805,"AA","2585",13342,"MKE","Milwaukee, WI","WI",11298,"DFW","Dallas/Fort Worth, TX","TX","1820","1830",10.00,10.00,15.00,32.00,"2048","2116",28.00,28.00,0.00,"",0.00,148.00,166.00,119.00,1.00,853.00,0.00,10.00,18.00,0.00,0.00,
2016,7,26,2,2016-07-26,"AA",19805,"AA","2585",13342,"MKE","Milwaukee, WI","WI",11298,"DFW","Dallas/Fort Worth, TX","TX","1820","1815",-5.00,0.00,15.00,13.00,"2048","2049",1.00,1.00,0.00,"",0.00,148.00,154.00,126.00,1.00,853.00,,,,,,
2016,7,27,3,2016-07-27,"AA",19805,"AA","2585",13342,"MKE","Milwaukee, WI","WI",11298,"DFW","Dallas/Fort Worth, TX","TX","1820","2211",231.00,231.00,14.00,4.00,"2048","0030",222.00,222.00,0.00,"",0.00,148.00,139.00,121.00,1.00,853.00,81.00,0.00,0.00,0.00,141.00,
2016,7,28,4,2016-07-28,"AA",19805,"AA","2585",13342,"MKE","Milwaukee, WI","WI",11298,"DFW","Dallas/Fort Worth, TX","TX","1820","2005",105.00,105.00,9.00,10.00,"2048","2220",92.00,92.00,0.00,"",0.00,148.00,135.00,116.00,1.00,853.00,4.00,0.00,0.00,0.00,88.00,
2016,7,29,5,2016-07-29,"AA",19805,"AA","2585",13342,"MKE","Milwaukee, WI","WI",11298,"DFW","Dallas/Fort Worth, TX","TX","1820","1917",57.00,57.00,11.00,8.00,"2048","2144",56.00,56.00,0.00,"",0.00,148.00,147.00,128.00,1.00,853.00,1.00,0.00,0.00,0.00,55.00,
2016,7,31,7,2016-07-31,"AA",19805,"AA","2585",13342,"MKE","Milwaukee, WI","WI",11298,"DFW","Dallas/Fort Worth, TX","TX","1820","1948",88.00,88.00,15.00,4.00,"2048","2210",82.00,82.00,0.00,"",0.00,148.00,142.00,123.00,1.00,853.00,77.00,0.00,0.00,0.00,5.00,
2016,7,1,5,2016-07-01,"AA",19805,"AA","2586",13930,"ORD","Chicago, IL","IL",14771,"SFO","San Francisco, CA","CA","1710","1708",-2.00,0.00,12.00,15.00,"1948","1940",-8.00,0.00,0.00,"",0.00,278.00,272.00,245.00,1.00,1846.00,,,,,,
2016,7,2,6,2016-07-02,"AA",19805,"AA","2586",13930,"ORD","Chicago, IL","IL",14771,"SFO","San Francisco, CA","CA","1710","1709",-1.00,0.00,12.00,5.00,"1948","1929",-19.00,0.00,0.00,"",0.00,278.00,260.00,243.00,1.00,1846.00,,,,,,
2016,7,3,7,2016-07-03,"AA",19805,"AA","2586",13930,"ORD","Chicago, IL","IL",14771,"SFO","San Francisco, CA","CA","1710","1725",15.00,15.00,14.00,3.00,"1948","1939",-9.00,0.00,0.00,"",0.00,278.00,254.00,237.00,1.00,1846.00,,,,,,
2016,7,4,1,2016-07-04,"AA",19805,"AA","2586",13930,"ORD","Chicago, IL","IL",14771,"SFO","San Francisco, CA","CA","1710","1704",-6.00,0.00,14.00,4.00,"1948","1921",-27.00,0.00,0.00,"",0.00,278.00,257.00,239.00,1.00,1846.00,,,,,,
2016,7,5,2,2016-07-05,"AA",19805,"AA","2586",13930,"ORD","Chicago, IL","IL",14771,"SFO","San Francisco, CA","CA","1710","1709",-1.00,0.00,26.00,8.00,"1948","1958",10.00,10.00,0.00,"",0.00,278.00,289.00,255.00,1.00,1846.00,,,,,,
2016,7,6,3,2016-07-06,"AA",19805,"AA","2586",13930,"ORD","Chicago, IL","IL",14771,"SFO","San Francisco, CA","CA","1710","1815",65.00,65.00,21.00,4.00,"1948","2049",61.00,61.00,0.00,"",0.00,278.00,274.00,249.00,1.00,1846.00,0.00,0.00,0.00,0.00,61.00,
2016,7,7,4,2016-07-07,"AA",19805,"AA","2586",13930,"ORD","Chicago, IL","IL",14771,"SFO","San Francisco, CA","CA","1710","1807",57.00,57.00,59.00,6.00,"1948","2129",101.00,101.00,0.00,"",0.00,278.00,322.00,257.00,1.00,1846.00,36.00,0.00,44.00,0.00,21.00,
2016,7,8,5,2016-07-08,"AA",19805,"AA","2586",13930,"ORD","Chicago, IL","IL",14771,"SFO","San Francisco, CA","CA","1710","1708",-2.00,0.00,17.00,12.00,"1948","2002",14.00,14.00,0.00,"",0.00,278.00,294.00,265.00,1.00,1846.00,,,,,,
2016,7,9,6,2016-07-09,"AA",19805,"AA","2586",13930,"ORD","Chicago, IL","IL",14771,"SFO","San Francisco, CA","CA","1710","1703",-7.00,0.00,14.00,7.00,"1948","1937",-11.00,0.00,0.00,"",0.00,278.00,274.00,253.00,1.00,1846.00,,,,,,
2016,7,10,7,2016-07-10,"AA",19805,"AA","2586",13930,"ORD","Chicago, IL","IL",14771,"SFO","San Francisco, CA","CA","1710","1946",156.00,156.00,27.00,12.00,"1948","2232",164.00,164.00,0.00,"",0.00,278.00,286.00,247.00,1.00,1846.00,33.00,0.00,8.00,0.00,123.00,
2016,7,11,1,2016-07-11,"AA",19805,"AA","2586",13930,"ORD","Chicago, IL","IL",14771,"SFO","San Francisco, CA","CA","1710","1704",-6.00,0.00,18.00,11.00,"1948","1945",-3.00,0.00,0.00,"",0.00,278.00,281.00,252.00,1.00,1846.00,,,,,,
2016,7,12,2,2016-07-12,"AA",19805,"AA","2586",13930,"ORD","Chicago, IL","IL",14771,"SFO","San Francisco, CA","CA","1710","1703",-7.00,0.00,22.00,5.00,"1948","1938",-10.00,0.00,0.00,"",0.00,278.00,275.00,248.00,1.00,1846.00,,,,,,
2016,7,13,3,2016-07-13,"AA",19805,"AA","2586",13930,"ORD","Chicago, IL","IL",14771,"SFO","San Francisco, CA","CA","1710","1706",-4.00,0.00,125.00,7.00,"1948","2133",105.00,105.00,0.00,"",0.00,278.00,387.00,255.00,1.00,1846.00,0.00,0.00,105.00,0.00,0.00,
2016,7,14,4,2016-07-14,"AA",19805,"AA","2586",13930,"ORD","Chicago, IL","IL",14771,"SFO","San Francisco, CA","CA","1710","1955",165.00,165.00,21.00,5.00,"1948","2231",163.00,163.00,0.00,"",0.00,278.00,276.00,250.00,1.00,1846.00,0.00,0.00,0.00,0.00,163.00,
2016,7,15,5,2016-07-15,"AA",19805,"AA","2586",13930,"ORD","Chicago, IL","IL",14771,"SFO","San Francisco, CA","CA","1710","1901",111.00,111.00,21.00,10.00,"1948","2152",124.00,124.00,0.00,"",0.00,278.00,291.00,260.00,1.00,1846.00,4.00,0.00,13.00,0.00,107.00,
2016,7,16,6,2016-07-16,"AA",19805,"AA","2586",13930,"ORD","Chicago, IL","IL",14771,"SFO","San Francisco, CA","CA","1710","1706",-4.00,0.00,22.00,5.00,"1948","1954",6.00,6.00,0.00,"",0.00,278.00,288.00,261.00,1.00,1846.00,,,,,,
2016,7,17,7,2016-07-17,"AA",19805,"AA","2586",13930,"ORD","Chicago, IL","IL",14771,"SFO","San Francisco, CA","CA","1710","2126",256.00,256.00,20.00,5.00,"1948","0009",261.00,261.00,0.00,"",0.00,278.00,283.00,258.00,1.00,1846.00,1.00,0.00,5.00,0.00,255.00,
2016,7,18,1,2016-07-18,"AA",19805,"AA","2586",13930,"ORD","Chicago, IL","IL",14771,"SFO","San Francisco, CA","CA","1710","1705",-5.00,0.00,32.00,5.00,"1948","1956",8.00,8.00,0.00,"",0.00,278.00,291.00,254.00,1.00,1846.00,,,,,,
2016,7,19,2,2016-07-19,"AA",19805,"AA","2586",13930,"ORD","Chicago, IL","IL",14771,"SFO","San Francisco, CA","CA","1710","1706",-4.00,0.00,55.00,6.00,"1948","2028",40.00,40.00,0.00,"",0.00,278.00,322.00,261.00,1.00,1846.00,0.00,0.00,40.00,0.00,0.00,
2016,7,20,3,2016-07-20,"AA",19805,"AA","2586",13930,"ORD","Chicago, IL","IL",14771,"SFO","San Francisco, CA","CA","1710","1721",11.00,11.00,13.00,4.00,"1948","1948",0.00,0.00,0.00,"",0.00,278.00,267.00,250.00,1.00,1846.00,,,,,,
2016,7,21,4,2016-07-21,"AA",19805,"AA","2586",13930,"ORD","Chicago, IL","IL",14771,"SFO","San Francisco, CA","CA","1710","1708",-2.00,0.00,39.00,6.00,"1948","1952",4.00,4.00,0.00,"",0.00,278.00,284.00,239.00,1.00,1846.00,,,,,,
2016,7,22,5,2016-07-22,"AA",19805,"AA","2586",13930,"ORD","Chicago, IL","IL",14771,"SFO","San Francisco, CA","CA","1710","1705",-5.00,0.00,24.00,5.00,"1948","1932",-16.00,0.00,0.00,"",0.00,278.00,267.00,238.00,1.00,1846.00,,,,,,
2016,7,23,6,2016-07-23,"AA",19805,"AA","2586",13930,"ORD","Chicago, IL","IL",14771,"SFO","San Francisco, CA","CA","1710","1707",-3.00,0.00,13.00,6.00,"1948","1932",-16.00,0.00,0.00,"",0.00,278.00,265.00,246.00,1.00,1846.00,,,,,,
2016,7,24,7,2016-07-24,"AA",19805,"AA","2586",13930,"ORD","Chicago, IL","IL",14771,"SFO","San Francisco, CA","CA","1710","1708",-2.00,0.00,10.00,5.00,"1948","1933",-15.00,0.00,0.00,"",0.00,278.00,265.00,250.00,1.00,1846.00,,,,,,
2016,7,25,1,2016-07-25,"AA",19805,"AA","2586",13930,"ORD","Chicago, IL","IL",14771,"SFO","San Francisco, CA","CA","1710","1710",0.00,0.00,12.00,4.00,"1948","1934",-14.00,0.00,0.00,"",0.00,278.00,264.00,248.00,1.00,1846.00,,,,,,
2016,7,26,2,2016-07-26,"AA",19805,"AA","2586",13930,"ORD","Chicago, IL","IL",14771,"SFO","San Francisco, CA","CA","1710","1713",3.00,3.00,16.00,4.00,"1948","1938",-10.00,0.00,0.00,"",0.00,278.00,265.00,245.00,1.00,1846.00,,,,,,
2016,7,27,3,2016-07-27,"AA",19805,"AA","2586",13930,"ORD","Chicago, IL","IL",14771,"SFO","San Francisco, CA","CA","1710","1710",0.00,0.00,13.00,5.00,"1948","1933",-15.00,0.00,0.00,"",0.00,278.00,263.00,245.00,1.00,1846.00,,,,,,
2016,7,28,4,2016-07-28,"AA",19805,"AA","2586",13930,"ORD","Chicago, IL","IL",14771,"SFO","San Francisco, CA","CA","1710","",,,,,"1948","",,,1.00,"B",0.00,278.00,,,1.00,1846.00,,,,,,
2016,7,29,5,2016-07-29,"AA",19805,"AA","2586",13930,"ORD","Chicago, IL","IL",14771,"SFO","San Francisco, CA","CA","1710","1854",104.00,104.00,12.00,9.00,"1948","2115",87.00,87.00,0.00,"",0.00,278.00,261.00,240.00,1.00,1846.00,18.00,0.00,0.00,0.00,69.00,
2016,7,30,6,2016-07-30,"AA",19805,"AA","2586",13930,"ORD","Chicago, IL","IL",14771,"SFO","San Francisco, CA","CA","1710","1715",5.00,5.00,13.00,4.00,"1948","1932",-16.00,0.00,0.00,"",0.00,278.00,257.00,240.00,1.00,1846.00,,,,,,
2016,7,31,7,2016-07-31,"AA",19805,"AA","2586",13930,"ORD","Chicago, IL","IL",14771,"SFO","San Francisco, CA","CA","1710","1706",-4.00,0.00,17.00,5.00,"1948","1929",-19.00,0.00,0.00,"",0.00,278.00,263.00,241.00,1.00,1846.00,,,,,,
2016,7,1,5,2016-07-01,"AA",19805,"AA","2587",11697,"FLL","Fort Lauderdale, FL","FL",11298,"DFW","Dallas/Fort Worth, TX","TX","2046","2042",-4.00,0.00,18.00,12.00,"2249","2245",-4.00,0.00,0.00,"",0.00,183.00,183.00,153.00,1.00,1119.00,,,,,,
2016,7,10,7,2016-07-10,"AA",19805,"AA","2587",13930,"ORD","Chicago, IL","IL",13487,"MSP","Minneapolis, MN","MN","0710","0704",-6.00,0.00,23.00,4.00,"0836","0834",-2.00,0.00,0.00,"",0.00,86.00,90.00,63.00,1.00,334.00,,,,,,
2016,7,17,7,2016-07-17,"AA",19805,"AA","2587",13930,"ORD","Chicago, IL","IL",13487,"MSP","Minneapolis, MN","MN","0710","0710",0.00,0.00,23.00,8.00,"0836","0853",17.00,17.00,0.00,"",0.00,86.00,103.00,72.00,1.00,334.00,0.00,0.00,17.00,0.00,0.00,
2016,7,24,7,2016-07-24,"AA",19805,"AA","2587",13930,"ORD","Chicago, IL","IL",13487,"MSP","Minneapolis, MN","MN","0710","0733",23.00,23.00,15.00,4.00,"0836","0850",14.00,14.00,0.00,"",0.00,86.00,77.00,58.00,1.00,334.00,,,,,,
2016,7,31,7,2016-07-31,"AA",19805,"AA","2587",13930,"ORD","Chicago, IL","IL",13487,"MSP","Minneapolis, MN","MN","0710","0710",0.00,0.00,20.00,5.00,"0836","0835",-1.00,0.00,0.00,"",0.00,86.00,85.00,60.00,1.00,334.00,,,,,,
2016,7,1,5,2016-07-01,"AA",19805,"AA","2588",12892,"LAX","Los Angeles, CA","CA",14747,"SEA","Seattle, WA","WA","1940","2157",137.00,137.00,26.00,6.00,"2225","0041",136.00,136.00,0.00,"",0.00,165.00,164.00,132.00,1.00,954.00,0.00,0.00,0.00,0.00,136.00,
2016,7,2,6,2016-07-02,"AA",19805,"AA","2588",12892,"LAX","Los Angeles, CA","CA",14747,"SEA","Seattle, WA","WA","1952","1949",-3.00,0.00,18.00,8.00,"2236","2228",-8.00,0.00,0.00,"",0.00,164.00,159.00,133.00,1.00,954.00,,,,,,
2016,7,3,7,2016-07-03,"AA",19805,"AA","2588",12892,"LAX","Los Angeles, CA","CA",14747,"SEA","Seattle, WA","WA","1940","1933",-7.00,0.00,18.00,11.00,"2225","2210",-15.00,0.00,0.00,"",0.00,165.00,157.00,128.00,1.00,954.00,,,,,,
2016,7,4,1,2016-07-04,"AA",19805,"AA","2588",12892,"LAX","Los Angeles, CA","CA",14747,"SEA","Seattle, WA","WA","1940","1938",-2.00,0.00,32.00,13.00,"2225","2232",7.00,7.00,0.00,"",0.00,165.00,174.00,129.00,1.00,954.00,,,,,,
2016,7,5,2,2016-07-05,"AA",19805,"AA","2588",12892,"LAX","Los Angeles, CA","CA",14747,"SEA","Seattle, WA","WA","1940","1955",15.00,15.00,16.00,21.00,"2225","2249",24.00,24.00,0.00,"",0.00,165.00,174.00,137.00,1.00,954.00,0.00,0.00,9.00,6.00,9.00,
2016,7,6,3,2016-07-06,"AA",19805,"AA","2588",12892,"LAX","Los Angeles, CA","CA",14747,"SEA","Seattle, WA","WA","1940","1938",-2.00,0.00,20.00,25.00,"2225","2235",10.00,10.00,0.00,"",0.00,165.00,177.00,132.00,1.00,954.00,,,,,,
2016,7,7,4,2016-07-07,"AA",19805,"AA","2588",12892,"LAX","Los Angeles, CA","CA",14747,"SEA","Seattle, WA","WA","1940","1938",-2.00,0.00,12.00,13.00,"2225","2231",6.00,6.00,0.00,"",0.00,165.00,173.00,148.00,1.00,954.00,,,,,,
2016,7,8,5,2016-07-08,"AA",19805,"AA","2588",12892,"LAX","Los Angeles, CA","CA",14747,"SEA","Seattle, WA","WA","1940","1932",-8.00,0.00,24.00,9.00,"2225","2229",4.00,4.00,0.00,"",0.00,165.00,177.00,144.00,1.00,954.00,,,,,,
2016,7,9,6,2016-07-09,"AA",19805,"AA","2588",12892,"LAX","Los Angeles, CA","CA",14747,"SEA","Seattle, WA","WA","1940","1953",13.00,13.00,24.00,15.00,"2225","2236",11.00,11.00,0.00,"",0.00,165.00,163.00,124.00,1.00,954.00,,,,,,
2016,7,10,7,2016-07-10,"AA",19805,"AA","2588",12892,"LAX","Los Angeles, CA","CA",14747,"SEA","Seattle, WA","WA","1940","1944",4.00,4.00,19.00,10.00,"2225","2235",10.00,10.00,0.00,"",0.00,165.00,171.00,142.00,1.00,954.00,,,,,,
2016,7,11,1,2016-07-11,"AA",19805,"AA","2588",12892,"LAX","Los Angeles, CA","CA",14747,"SEA","Seattle, WA","WA","1940","1952",12.00,12.00,18.00,12.00,"2225","2231",6.00,6.00,0.00,"",0.00,165.00,159.00,129.00,1.00,954.00,,,,,,
2016,7,12,2,2016-07-12,"AA",19805,"AA","2588",12892,"LAX","Los Angeles, CA","CA",14747,"SEA","Seattle, WA","WA","1940","1952",12.00,12.00,26.00,11.00,"2225","2241",16.00,16.00,0.00,"",0.00,165.00,169.00,132.00,1.00,954.00,0.00,0.00,4.00,12.00,0.00,
2016,7,13,3,2016-07-13,"AA",19805,"AA","2588",12892,"LAX","Los Angeles, CA","CA",14747,"SEA","Seattle, WA","WA","1940","1940",0.00,0.00,25.00,9.00,"2225","2230",5.00,5.00,0.00,"",0.00,165.00,170.00,136.00,1.00,954.00,,,,,,
2016,7,14,4,2016-07-14,"AA",19805,"AA","2588",12892,"LAX","Los Angeles, CA","CA",14747,"SEA","Seattle, WA","WA","1940","2006",26.00,26.00,25.00,14.00,"2225","2252",27.00,27.00,0.00,"",0.00,165.00,166.00,127.00,1.00,954.00,15.00,0.00,1.00,0.00,11.00,
2016,7,15,5,2016-07-15,"AA",19805,"AA","2588",12892,"LAX","Los Angeles, CA","CA",14747,"SEA","Seattle, WA","WA","1940","2134",114.00,114.00,18.00,7.00,"2225","0009",104.00,104.00,0.00,"",0.00,165.00,155.00,130.00,1.00,954.00,1.00,0.00,0.00,0.00,103.00,
2016,7,16,6,2016-07-16,"AA",19805,"AA","2588",12892,"LAX","Los Angeles, CA","CA",14747,"SEA","Seattle, WA","WA","1940","1932",-8.00,0.00,18.00,11.00,"2225","2210",-15.00,0.00,0.00,"",0.00,165.00,158.00,129.00,1.00,954.00,,,,,,
2016,7,17,7,2016-07-17,"AA",19805,"AA","2588",12892,"LAX","Los Angeles, CA","CA",14747,"SEA","Seattle, WA","WA","1940","1943",3.00,3.00,27.00,8.00,"2225","2227",2.00,2.00,0.00,"",0.00,165.00,164.00,129.00,1.00,954.00,,,,,,
2016,7,18,1,2016-07-18,"AA",19805,"AA","2588",12892,"LAX","Los Angeles, CA","CA",14747,"SEA","Seattle, WA","WA","1940","2012",32.00,32.00,25.00,9.00,"2225","2245",20.00,20.00,0.00,"",0.00,165.00,153.00,119.00,1.00,954.00,12.00,0.00,0.00,0.00,8.00,
2016,7,19,2,2016-07-19,"AA",19805,"AA","2588",12892,"LAX","Los Angeles, CA","CA",14747,"SEA","Seattle, WA","WA","1940","1935",-5.00,0.00,26.00,9.00,"2225","2212",-13.00,0.00,0.00,"",0.00,165.00,157.00,122.00,1.00,954.00,,,,,,
2016,7,20,3,2016-07-20,"AA",19805,"AA","2588",12892,"LAX","Los Angeles, CA","CA",14747,"SEA","Seattle, WA","WA","1940","1952",12.00,12.00,34.00,13.00,"2225","2239",14.00,14.00,0.00,"",0.00,165.00,167.00,120.00,1.00,954.00,,,,,,
2016,7,21,4,2016-07-21,"AA",19805,"AA","2588",12892,"LAX","Los Angeles, CA","CA",14747,"SEA","Seattle, WA","WA","1940","1939",-1.00,0.00,17.00,22.00,"2225","2226",1.00,1.00,0.00,"",0.00,165.00,167.00,128.00,1.00,954.00,,,,,,
2016,7,22,5,2016-07-22,"AA",19805,"AA","2588",12892,"LAX","Los Angeles, CA","CA",14747,"SEA","Seattle, WA","WA","1940","1935",-5.00,0.00,27.00,12.00,"2225","2225",0.00,0.00,0.00,"",0.00,165.00,170.00,131.00,1.00,954.00,,,,,,
2016,7,23,6,2016-07-23,"AA",19805,"AA","2588",12892,"LAX","Los Angeles, CA","CA",14747,"SEA","Seattle, WA","WA","1940","1936",-4.00,0.00,13.00,7.00,"2225","2203",-22.00,0.00,0.00,"",0.00,165.00,147.00,127.00,1.00,954.00,,,,,,
2016,7,24,7,2016-07-24,"AA",19805,"AA","2588",12892,"LAX","Los Angeles, CA","CA",14747,"SEA","Seattle, WA","WA","1940","1959",19.00,19.00,32.00,13.00,"2225","2250",25.00,25.00,0.00,"",0.00,165.00,171.00,126.00,1.00,954.00,0.00,0.00,25.00,0.00,0.00,
2016,7,25,1,2016-07-25,"AA",19805,"AA","2588",12892,"LAX","Los Angeles, CA","CA",14747,"SEA","Seattle, WA","WA","1940","2041",61.00,61.00,18.00,8.00,"2225","2315",50.00,50.00,0.00,"",0.00,165.00,154.00,128.00,1.00,954.00,50.00,0.00,0.00,0.00,0.00,
2016,7,26,2,2016-07-26,"AA",19805,"AA","2588",12892,"LAX","Los Angeles, CA","CA",14747,"SEA","Seattle, WA","WA","1940","1938",-2.00,0.00,21.00,13.00,"2225","2227",2.00,2.00,0.00,"",0.00,165.00,169.00,135.00,1.00,954.00,,,,,,
2016,7,27,3,2016-07-27,"AA",19805,"AA","2588",12892,"LAX","Los Angeles, CA","CA",14747,"SEA","Seattle, WA","WA","1940","1938",-2.00,0.00,24.00,14.00,"2225","2221",-4.00,0.00,0.00,"",0.00,165.00,163.00,125.00,1.00,954.00,,,,,,
2016,7,28,4,2016-07-28,"AA",19805,"AA","2588",12892,"LAX","Los Angeles, CA","CA",14747,"SEA","Seattle, WA","WA","1940","1936",-4.00,0.00,22.00,9.00,"2225","2220",-5.00,0.00,0.00,"",0.00,165.00,164.00,133.00,1.00,954.00,,,,,,
2016,7,29,5,2016-07-29,"AA",19805,"AA","2588",12892,"LAX","Los Angeles, CA","CA",14747,"SEA","Seattle, WA","WA","1940","1938",-2.00,0.00,16.00,9.00,"2225","2227",2.00,2.00,0.00,"",0.00,165.00,169.00,144.00,1.00,954.00,,,,,,
2016,7,30,6,2016-07-30,"AA",19805,"AA","2588",12892,"LAX","Los Angeles, CA","CA",14747,"SEA","Seattle, WA","WA","1940","1938",-2.00,0.00,24.00,11.00,"2225","2228",3.00,3.00,0.00,"",0.00,165.00,170.00,135.00,1.00,954.00,,,,,,
2016,7,31,7,2016-07-31,"AA",19805,"AA","2588",12892,"LAX","Los Angeles, CA","CA",14747,"SEA","Seattle, WA","WA","1940","2153",133.00,133.00,43.00,7.00,"2225","0052",147.00,147.00,0.00,"",0.00,165.00,179.00,129.00,1.00,954.00,90.00,0.00,14.00,0.00,43.00,
2016,7,1,5,2016-07-01,"AA",19805,"AA","2589",14747,"SEA","Seattle, WA","WA",12892,"LAX","Los Angeles, CA","CA","0600","0556",-4.00,0.00,20.00,32.00,"0848","0856",8.00,8.00,0.00,"",0.00,168.00,180.00,128.00,1.00,954.00,,,,,,
2016,7,2,6,2016-07-02,"AA",19805,"AA","2589",14747,"SEA","Seattle, WA","WA",12892,"LAX","Los Angeles, CA","CA","0600","0555",-5.00,0.00,12.00,17.00,"0848","0829",-19.00,0.00,0.00,"",0.00,168.00,154.00,125.00,1.00,954.00,,,,,,
2016,7,3,7,2016-07-03,"AA",19805,"AA","2589",14747,"SEA","Seattle, WA","WA",12892,"LAX","Los Angeles, CA","CA","0600","0550",-10.00,0.00,14.00,37.00,"0848","0842",-6.00,0.00,0.00,"",0.00,168.00,172.00,121.00,1.00,954.00,,,,,,
2016,7,4,1,2016-07-04,"AA",19805,"AA","2589",14747,"SEA","Seattle, WA","WA",12892,"LAX","Los Angeles, CA","CA","0600","0553",-7.00,0.00,15.00,26.00,"0848","0847",-1.00,0.00,0.00,"",0.00,168.00,174.00,133.00,1.00,954.00,,,,,,
2016,7,5,2,2016-07-05,"AA",19805,"AA","2589",14747,"SEA","Seattle, WA","WA",12892,"LAX","Los Angeles, CA","CA","0610","0624",14.00,14.00,24.00,36.00,"0858","0931",33.00,33.00,0.00,"",0.00,168.00,187.00,127.00,1.00,954.00,14.00,0.00,19.00,0.00,0.00,
2016,7,6,3,2016-07-06,"AA",19805,"AA","2589",14747,"SEA","Seattle, WA","WA",12892,"LAX","Los Angeles, CA","CA","0610","0603",-7.00,0.00,18.00,32.00,"0858","0901",3.00,3.00,0.00,"",0.00,168.00,178.00,128.00,1.00,954.00,,,,,,
2016,7,7,4,2016-07-07,"AA",19805,"AA","2589",14747,"SEA","Seattle, WA","WA",12892,"LAX","Los Angeles, CA","CA","0610","0601",-9.00,0.00,22.00,11.00,"0858","0846",-12.00,0.00,0.00,"",0.00,168.00,165.00,132.00,1.00,954.00,,,,,,
2016,7,8,5,2016-07-08,"AA",19805,"AA","2589",14747,"SEA","Seattle, WA","WA",12892,"LAX","Los Angeles, CA","CA","0610","0602",-8.00,0.00,15.00,17.00,"0858","0849",-9.00,0.00,0.00,"",0.00,168.00,167.00,135.00,1.00,954.00,,,,,,
2016,7,9,6,2016-07-09,"AA",19805,"AA","2589",14747,"SEA","Seattle, WA","WA",12892,"LAX","Los Angeles, CA","CA","0610","0609",-1.00,0.00,21.00,18.00,"0858","0903",5.00,5.00,0.00,"",0.00,168.00,174.00,135.00,1.00,954.00,,,,,,
2016,7,10,7,2016-07-10,"AA",19805,"AA","2589",14747,"SEA","Seattle, WA","WA",12892,"LAX","Los Angeles, CA","CA","0610","0607",-3.00,0.00,23.00,17.00,"0858","0855",-3.00,0.00,0.00,"",0.00,168.00,168.00,128.00,1.00,954.00,,,,,,
2016,7,11,1,2016-07-11,"AA",19805,"AA","2589",14747,"SEA","Seattle, WA","WA",12892,"LAX","Los Angeles, CA","CA","0610","0607",-3.00,0.00,20.00,17.00,"0858","0848",-10.00,0.00,0.00,"",0.00,168.00,161.00,124.00,1.00,954.00,,,,,,
2016,7,12,2,2016-07-12,"AA",19805,"AA","2589",14747,"SEA","Seattle, WA","WA",12892,"LAX","Los Angeles, CA","CA","0610","0605",-5.00,0.00,27.00,5.00,"0858","0850",-8.00,0.00,0.00,"",0.00,168.00,165.00,133.00,1.00,954.00,,,,,,
2016,7,13,3,2016-07-13,"AA",19805,"AA","2589",14747,"SEA","Seattle, WA","WA",12892,"LAX","Los Angeles, CA","CA","0610","0605",-5.00,0.00,15.00,11.00,"0858","0840",-18.00,0.00,0.00,"",0.00,168.00,155.00,129.00,1.00,954.00,,,,,,
2016,7,14,4,2016-07-14,"AA",19805,"AA","2589",14747,"SEA","Seattle, WA","WA",12892,"LAX","Los Angeles, CA","CA","0610","0559",-11.00,0.00,25.00,23.00,"0858","0900",2.00,2.00,0.00,"",0.00,168.00,181.00,133.00,1.00,954.00,,,,,,
2016,7,15,5,2016-07-15,"AA",19805,"AA","2589",14747,"SEA","Seattle, WA","WA",12892,"LAX","Los Angeles, CA","CA","0610","0606",-4.00,0.00,18.00,20.00,"0858","0900",2.00,2.00,0.00,"",0.00,168.00,174.00,136.00,1.00,954.00,,,,,,
2016,7,16,6,2016-07-16,"AA",19805,"AA","2589",14747,"SEA","Seattle, WA","WA",12892,"LAX","Los Angeles, CA","CA","0610","0603",-7.00,0.00,28.00,19.00,"0858","0857",-1.00,0.00,0.00,"",0.00,168.00,174.00,127.00,1.00,954.00,,,,,,
2016,7,17,7,2016-07-17,"AA",19805,"AA","2589",14747,"SEA","Seattle, WA","WA",12892,"LAX","Los Angeles, CA","CA","0610","0600",-10.00,0.00,19.00,48.00,"0858","0918",20.00,20.00,0.00,"",0.00,168.00,198.00,131.00,1.00,954.00,0.00,0.00,20.00,0.00,0.00,
2016,7,18,1,2016-07-18,"AA",19805,"AA","2589",14747,"SEA","Seattle, WA","WA",12892,"LAX","Los Angeles, CA","CA","0610","0605",-5.00,0.00,24.00,12.00,"0858","0859",1.00,1.00,0.00,"",0.00,168.00,174.00,138.00,1.00,954.00,,,,,,
2016,7,19,2,2016-07-19,"AA",19805,"AA","2589",14747,"SEA","Seattle, WA","WA",12892,"LAX","Los Angeles, CA","CA","0610","0603",-7.00,0.00,24.00,17.00,"0858","0857",-1.00,0.00,0.00,"",0.00,168.00,174.00,133.00,1.00,954.00,,,,,,
2016,7,20,3,2016-07-20,"AA",19805,"AA","2589",14747,"SEA","Seattle, WA","WA",12892,"LAX","Los Angeles, CA","CA","0610","0607",-3.00,0.00,14.00,15.00,"0858","0849",-9.00,0.00,0.00,"",0.00,168.00,162.00,133.00,1.00,954.00,,,,,,
2016,7,21,4,2016-07-21,"AA",19805,"AA","2589",14747,"SEA","Seattle, WA","WA",12892,"LAX","Los Angeles, CA","CA","0610","0608",-2.00,0.00,16.00,25.00,"0858","0910",12.00,12.00,0.00,"",0.00,168.00,182.00,141.00,1.00,954.00,,,,,,
2016,7,22,5,2016-07-22,"AA",19805,"AA","2589",14747,"SEA","Seattle, WA","WA",12892,"LAX","Los Angeles, CA","CA","0610","0603",-7.00,0.00,14.00,43.00,"0858","0913",15.00,15.00,0.00,"",0.00,168.00,190.00,133.00,1.00,954.00,0.00,0.00,15.00,0.00,0.00,
2016,7,23,6,2016-07-23,"AA",19805,"AA","2589",14747,"SEA","Seattle, WA","WA",12892,"LAX","Los Angeles, CA","CA","0610","0603",-7.00,0.00,17.00,24.00,"0858","0851",-7.00,0.00,0.00,"",0.00,168.00,168.00,127.00,1.00,954.00,,,,,,
2016,7,24,7,2016-07-24,"AA",19805,"AA","2589",14747,"SEA","Seattle, WA","WA",12892,"LAX","Los Angeles, CA","CA","0610","0605",-5.00,0.00,19.00,14.00,"0858","0901",3.00,3.00,0.00,"",0.00,168.00,176.00,143.00,1.00,954.00,,,,,,
2016,7,25,1,2016-07-25,"AA",19805,"AA","2589",14747,"SEA","Seattle, WA","WA",12892,"LAX","Los Angeles, CA","CA","0610","0605",-5.00,0.00,18.00,18.00,"0858","0847",-11.00,0.00,0.00,"",0.00,168.00,162.00,126.00,1.00,954.00,,,,,,
2016,7,26,2,2016-07-26,"AA",19805,"AA","2589",14747,"SEA","Seattle, WA","WA",12892,"LAX","Los Angeles, CA","CA","0610","0616",6.00,6.00,14.00,25.00,"0858","0858",0.00,0.00,0.00,"",0.00,168.00,162.00,123.00,1.00,954.00,,,,,,
2016,7,27,3,2016-07-27,"AA",19805,"AA","2589",14747,"SEA","Seattle, WA","WA",12892,"LAX","Los Angeles, CA","CA","0610","0603",-7.00,0.00,21.00,19.00,"0858","0853",-5.00,0.00,0.00,"",0.00,168.00,170.00,130.00,1.00,954.00,,,,,,
2016,7,28,4,2016-07-28,"AA",19805,"AA","2589",14747,"SEA","Seattle, WA","WA",12892,"LAX","Los Angeles, CA","CA","0610","0605",-5.00,0.00,17.00,28.00,"0858","0900",2.00,2.00,0.00,"",0.00,168.00,175.00,130.00,1.00,954.00,,,,,,
2016,7,29,5,2016-07-29,"AA",19805,"AA","2589",14747,"SEA","Seattle, WA","WA",12892,"LAX","Los Angeles, CA","CA","0610","0636",26.00,26.00,17.00,27.00,"0858","0926",28.00,28.00,0.00,"",0.00,168.00,170.00,126.00,1.00,954.00,26.00,0.00,2.00,0.00,0.00,
2016,7,30,6,2016-07-30,"AA",19805,"AA","2589",14747,"SEA","Seattle, WA","WA",12892,"LAX","Los Angeles, CA","CA","0610","0605",-5.00,0.00,21.00,18.00,"0858","0855",-3.00,0.00,0.00,"",0.00,168.00,170.00,131.00,1.00,954.00,,,,,,
2016,7,31,7,2016-07-31,"AA",19805,"AA","2589",14747,"SEA","Seattle, WA","WA",12892,"LAX","Los Angeles, CA","CA","0610","0606",-4.00,0.00,16.00,30.00,"0858","0855",-3.00,0.00,0.00,"",0.00,168.00,169.00,123.00,1.00,954.00,,,,,,
2016,7,1,5,2016-07-01,"AA",19805,"AA","2590",11298,"DFW","Dallas/Fort Worth, TX","TX",11697,"FLL","Fort Lauderdale, FL","FL","2340","2349",9.00,9.00,19.00,3.00,"0328","0329",1.00,1.00,0.00,"",0.00,168.00,160.00,138.00,1.00,1119.00,,,,,,
2016,7,1,5,2016-07-01,"AA",19805,"AA","2591",10721,"BOS","Boston, MA","MA",13930,"ORD","Chicago, IL","IL","1630","1629",-1.00,0.00,16.00,25.00,"1826","1843",17.00,17.00,0.00,"",0.00,176.00,194.00,153.00,1.00,867.00,0.00,0.00,17.00,0.00,0.00,
2016,7,2,6,2016-07-02,"AA",19805,"AA","2591",10721,"BOS","Boston, MA","MA",13930,"ORD","Chicago, IL","IL","1630","1627",-3.00,0.00,12.00,18.00,"1826","1821",-5.00,0.00,0.00,"",0.00,176.00,174.00,144.00,1.00,867.00,,,,,,
2016,7,3,7,2016-07-03,"AA",19805,"AA","2591",10721,"BOS","Boston, MA","MA",13930,"ORD","Chicago, IL","IL","1630","1617",-13.00,0.00,28.00,23.00,"1826","1835",9.00,9.00,0.00,"",0.00,176.00,198.00,147.00,1.00,867.00,,,,,,
2016,7,4,1,2016-07-04,"AA",19805,"AA","2591",10721,"BOS","Boston, MA","MA",13930,"ORD","Chicago, IL","IL","1630","1621",-9.00,0.00,19.00,35.00,"1826","1822",-4.00,0.00,0.00,"",0.00,176.00,181.00,127.00,1.00,867.00,,,,,,
2016,7,5,2,2016-07-05,"AA",19805,"AA","2591",10721,"BOS","Boston, MA","MA",13930,"ORD","Chicago, IL","IL","1630","1627",-3.00,0.00,15.00,13.00,"1826","1809",-17.00,0.00,0.00,"",0.00,176.00,162.00,134.00,1.00,867.00,,,,,,
2016,7,6,3,2016-07-06,"AA",19805,"AA","2591",10721,"BOS","Boston, MA","MA",13930,"ORD","Chicago, IL","IL","1630","1624",-6.00,0.00,13.00,20.00,"1826","1805",-21.00,0.00,0.00,"",0.00,176.00,161.00,128.00,1.00,867.00,,,,,,
2016,7,7,4,2016-07-07,"AA",19805,"AA","2591",10721,"BOS","Boston, MA","MA",13930,"ORD","Chicago, IL","IL","1630","1623",-7.00,0.00,10.00,19.00,"1826","1825",-1.00,0.00,0.00,"",0.00,176.00,182.00,153.00,1.00,867.00,,,,,,
2016,7,8,5,2016-07-08,"AA",19805,"AA","2591",10721,"BOS","Boston, MA","MA",13930,"ORD","Chicago, IL","IL","1630","1622",-8.00,0.00,18.00,46.00,"1826","1842",16.00,16.00,0.00,"",0.00,176.00,200.00,136.00,1.00,867.00,0.00,0.00,16.00,0.00,0.00,
2016,7,9,6,2016-07-09,"AA",19805,"AA","2591",10721,"BOS","Boston, MA","MA",13930,"ORD","Chicago, IL","IL","1630","1627",-3.00,0.00,12.00,32.00,"1826","1820",-6.00,0.00,0.00,"",0.00,176.00,173.00,129.00,1.00,867.00,,,,,,
2016,7,10,7,2016-07-10,"AA",19805,"AA","2591",10721,"BOS","Boston, MA","MA",13930,"ORD","Chicago, IL","IL","1630","1624",-6.00,0.00,10.00,18.00,"1826","1806",-20.00,0.00,0.00,"",0.00,176.00,162.00,134.00,1.00,867.00,,,,,,
2016,7,11,1,2016-07-11,"AA",19805,"AA","2591",10721,"BOS","Boston, MA","MA",13930,"ORD","Chicago, IL","IL","1630","1631",1.00,1.00,14.00,48.00,"1826","1837",11.00,11.00,0.00,"",0.00,176.00,186.00,124.00,1.00,867.00,,,,,,
2016,7,12,2,2016-07-12,"AA",19805,"AA","2591",10721,"BOS","Boston, MA","MA",13930,"ORD","Chicago, IL","IL","1630","1648",18.00,18.00,19.00,20.00,"1826","1854",28.00,28.00,0.00,"",0.00,176.00,186.00,147.00,1.00,867.00,0.00,0.00,28.00,0.00,0.00,
2016,7,13,3,2016-07-13,"AA",19805,"AA","2591",10721,"BOS","Boston, MA","MA",13930,"ORD","Chicago, IL","IL","1630","1623",-7.00,0.00,26.00,9.00,"1826","1813",-13.00,0.00,0.00,"",0.00,176.00,170.00,135.00,1.00,867.00,,,,,,
2016,7,14,4,2016-07-14,"AA",19805,"AA","2591",10721,"BOS","Boston, MA","MA",13930,"ORD","Chicago, IL","IL","1630","1629",-1.00,0.00,27.00,42.00,"1826","1857",31.00,31.00,0.00,"",0.00,176.00,208.00,139.00,1.00,867.00,0.00,0.00,31.00,0.00,0.00,
2016,7,15,5,2016-07-15,"AA",19805,"AA","2591",10721,"BOS","Boston, MA","MA",13930,"ORD","Chicago, IL","IL","1630","1816",106.00,106.00,32.00,19.00,"1826","2031",125.00,125.00,0.00,"",0.00,176.00,195.00,144.00,1.00,867.00,7.00,0.00,19.00,0.00,99.00,
2016,7,16,6,2016-07-16,"AA",19805,"AA","2591",10721,"BOS","Boston, MA","MA",13930,"ORD","Chicago, IL","IL","1630","1625",-5.00,0.00,18.00,15.00,"1826","1809",-17.00,0.00,0.00,"",0.00,176.00,164.00,131.00,1.00,867.00,,,,,,
2016,7,17,7,2016-07-17,"AA",19805,"AA","2591",10721,"BOS","Boston, MA","MA",13930,"ORD","Chicago, IL","IL","1630","1627",-3.00,0.00,19.00,46.00,"1826","1847",21.00,21.00,0.00,"",0.00,176.00,200.00,135.00,1.00,867.00,0.00,0.00,21.00,0.00,0.00,
2016,7,18,1,2016-07-18,"AA",19805,"AA","2591",10721,"BOS","Boston, MA","MA",13930,"ORD","Chicago, IL","IL","1630","1628",-2.00,0.00,40.00,18.00,"1826","1849",23.00,23.00,0.00,"",0.00,176.00,201.00,143.00,1.00,867.00,0.00,0.00,23.00,0.00,0.00,
2016,7,19,2,2016-07-19,"AA",19805,"AA","2591",10721,"BOS","Boston, MA","MA",13930,"ORD","Chicago, IL","IL","1630","1623",-7.00,0.00,18.00,15.00,"1826","1803",-23.00,0.00,0.00,"",0.00,176.00,160.00,127.00,1.00,867.00,,,,,,
2016,7,20,3,2016-07-20,"AA",19805,"AA","2591",10721,"BOS","Boston, MA","MA",13930,"ORD","Chicago, IL","IL","1630","1626",-4.00,0.00,15.00,14.00,"1826","1755",-31.00,0.00,0.00,"",0.00,176.00,149.00,120.00,1.00,867.00,,,,,,
2016,7,21,4,2016-07-21,"AA",19805,"AA","2591",10721,"BOS","Boston, MA","MA",13930,"ORD","Chicago, IL","IL","1630","1715",45.00,45.00,32.00,15.00,"1826","1916",50.00,50.00,0.00,"",0.00,176.00,181.00,134.00,1.00,867.00,0.00,0.00,50.00,0.00,0.00,
2016,7,22,5,2016-07-22,"AA",19805,"AA","2591",10721,"BOS","Boston, MA","MA",13930,"ORD","Chicago, IL","IL","1630","1726",56.00,56.00,24.00,21.00,"1826","1921",55.00,55.00,0.00,"",0.00,176.00,175.00,130.00,1.00,867.00,3.00,0.00,0.00,0.00,52.00,
2016,7,23,6,2016-07-23,"AA",19805,"AA","2591",10721,"BOS","Boston, MA","MA",13930,"ORD","Chicago, IL","IL","1630","1626",-4.00,0.00,11.00,16.00,"1826","1804",-22.00,0.00,0.00,"",0.00,176.00,158.00,131.00,1.00,867.00,,,,,,
2016,7,24,7,2016-07-24,"AA",19805,"AA","2591",10721,"BOS","Boston, MA","MA",13930,"ORD","Chicago, IL","IL","1630","1705",35.00,35.00,27.00,42.00,"1826","2040",134.00,134.00,0.00,"",0.00,176.00,275.00,206.00,1.00,867.00,0.00,0.00,134.00,0.00,0.00,
2016,7,25,1,2016-07-25,"AA",19805,"AA","2591",10721,"BOS","Boston, MA","MA",13930,"ORD","Chicago, IL","IL","1630","1623",-7.00,0.00,18.00,27.00,"1826","1822",-4.00,0.00,0.00,"",0.00,176.00,179.00,134.00,1.00,867.00,,,,,,
2016,7,26,2,2016-07-26,"AA",19805,"AA","2591",10721,"BOS","Boston, MA","MA",13930,"ORD","Chicago, IL","IL","1630","1630",0.00,0.00,24.00,18.00,"1826","1827",1.00,1.00,0.00,"",0.00,176.00,177.00,135.00,1.00,867.00,,,,,,
2016,7,27,3,2016-07-27,"AA",19805,"AA","2591",10721,"BOS","Boston, MA","MA",13930,"ORD","Chicago, IL","IL","1630","1625",-5.00,0.00,15.00,29.00,"1826","1819",-7.00,0.00,0.00,"",0.00,176.00,174.00,130.00,1.00,867.00,,,,,,
2016,7,28,4,2016-07-28,"AA",19805,"AA","2591",10721,"BOS","Boston, MA","MA",13930,"ORD","Chicago, IL","IL","1630","1839",129.00,129.00,29.00,21.00,"1826","2056",150.00,150.00,0.00,"",0.00,176.00,197.00,147.00,1.00,867.00,0.00,0.00,150.00,0.00,0.00,
2016,7,29,5,2016-07-29,"AA",19805,"AA","2591",10721,"BOS","Boston, MA","MA",13930,"ORD","Chicago, IL","IL","1630","1937",187.00,187.00,19.00,20.00,"1826","2145",199.00,199.00,0.00,"",0.00,176.00,188.00,149.00,1.00,867.00,0.00,0.00,199.00,0.00,0.00,
2016,7,30,6,2016-07-30,"AA",19805,"AA","2591",10721,"BOS","Boston, MA","MA",13930,"ORD","Chicago, IL","IL","1630","1625",-5.00,0.00,12.00,43.00,"1826","1838",12.00,12.00,0.00,"",0.00,176.00,193.00,138.00,1.00,867.00,,,,,,
2016,7,31,7,2016-07-31,"AA",19805,"AA","2591",10721,"BOS","Boston, MA","MA",13930,"ORD","Chicago, IL","IL","1630","1726",56.00,56.00,12.00,9.00,"1826","1903",37.00,37.00,0.00,"",0.00,176.00,157.00,136.00,1.00,867.00,7.00,0.00,0.00,0.00,30.00,
2016,7,1,5,2016-07-01,"AA",19805,"AA","2594",14771,"SFO","San Francisco, CA","CA",13930,"ORD","Chicago, IL","IL","0915","1127",132.00,132.00,19.00,22.00,"1539","1738",119.00,119.00,0.00,"",0.00,264.00,251.00,210.00,1.00,1846.00,119.00,0.00,0.00,0.00,0.00,
2016,7,4,1,2016-07-04,"AA",19805,"AA","2594",14771,"SFO","San Francisco, CA","CA",13930,"ORD","Chicago, IL","IL","0915","0911",-4.00,0.00,30.00,19.00,"1539","1543",4.00,4.00,0.00,"",0.00,264.00,272.00,223.00,1.00,1846.00,,,,,,
2016,7,5,2,2016-07-05,"AA",19805,"AA","2594",14771,"SFO","San Francisco, CA","CA",13930,"ORD","Chicago, IL","IL","0915","0916",1.00,1.00,23.00,16.00,"1539","1523",-16.00,0.00,0.00,"",0.00,264.00,247.00,208.00,1.00,1846.00,,,,,,
2016,7,6,3,2016-07-06,"AA",19805,"AA","2594",14771,"SFO","San Francisco, CA","CA",13930,"ORD","Chicago, IL","IL","0915","0921",6.00,6.00,15.00,33.00,"1539","1543",4.00,4.00,0.00,"",0.00,264.00,262.00,214.00,1.00,1846.00,,,,,,
2016,7,7,4,2016-07-07,"AA",19805,"AA","2594",14771,"SFO","San Francisco, CA","CA",13930,"ORD","Chicago, IL","IL","0915","0905",-10.00,0.00,23.00,25.00,"1539","1529",-10.00,0.00,0.00,"",0.00,264.00,264.00,216.00,1.00,1846.00,,,,,,
2016,7,8,5,2016-07-08,"AA",19805,"AA","2594",14771,"SFO","San Francisco, CA","CA",13930,"ORD","Chicago, IL","IL","0915","0908",-7.00,0.00,27.00,36.00,"1539","1546",7.00,7.00,0.00,"",0.00,264.00,278.00,215.00,1.00,1846.00,,,,,,
2016,7,9,6,2016-07-09,"AA",19805,"AA","2594",14771,"SFO","San Francisco, CA","CA",13930,"ORD","Chicago, IL","IL","0915","0908",-7.00,0.00,23.00,16.00,"1539","1521",-18.00,0.00,0.00,"",0.00,264.00,253.00,214.00,1.00,1846.00,,,,,,
2016,7,10,7,2016-07-10,"AA",19805,"AA","2594",14771,"SFO","San Francisco, CA","CA",13930,"ORD","Chicago, IL","IL","0915","0917",2.00,2.00,15.00,16.00,"1539","1511",-28.00,0.00,0.00,"",0.00,264.00,234.00,203.00,1.00,1846.00,,,,,,
2016,7,11,1,2016-07-11,"AA",19805,"AA","2594",14771,"SFO","San Francisco, CA","CA",13930,"ORD","Chicago, IL","IL","0915","0915",0.00,0.00,32.00,14.00,"1539","1531",-8.00,0.00,0.00,"",0.00,264.00,256.00,210.00,1.00,1846.00,,,,,,
2016,7,12,2,2016-07-12,"AA",19805,"AA","2594",14771,"SFO","San Francisco, CA","CA",13930,"ORD","Chicago, IL","IL","0915","0909",-6.00,0.00,22.00,18.00,"1539","1515",-24.00,0.00,0.00,"",0.00,264.00,246.00,206.00,1.00,1846.00,,,,,,
2016,7,13,3,2016-07-13,"AA",19805,"AA","2594",14771,"SFO","San Francisco, CA","CA",13930,"ORD","Chicago, IL","IL","0915","0956",41.00,41.00,14.00,15.00,"1539","1610",31.00,31.00,0.00,"",0.00,264.00,254.00,225.00,1.00,1846.00,31.00,0.00,0.00,0.00,0.00,
2016,7,14,4,2016-07-14,"AA",19805,"AA","2594",14771,"SFO","San Francisco, CA","CA",13930,"ORD","Chicago, IL","IL","0915","0916",1.00,1.00,16.00,18.00,"1539","1519",-20.00,0.00,0.00,"",0.00,264.00,243.00,209.00,1.00,1846.00,,,,,,
2016,7,15,5,2016-07-15,"AA",19805,"AA","2594",14771,"SFO","San Francisco, CA","CA",13930,"ORD","Chicago, IL","IL","0915","0943",28.00,28.00,22.00,17.00,"1539","1550",11.00,11.00,0.00,"",0.00,264.00,247.00,208.00,1.00,1846.00,,,,,,
2016,7,16,6,2016-07-16,"AA",19805,"AA","2594",14771,"SFO","San Francisco, CA","CA",13930,"ORD","Chicago, IL","IL","0915","0910",-5.00,0.00,20.00,15.00,"1539","1511",-28.00,0.00,0.00,"",0.00,264.00,241.00,206.00,1.00,1846.00,,,,,,
2016,7,17,7,2016-07-17,"AA",19805,"AA","2594",14771,"SFO","San Francisco, CA","CA",13930,"ORD","Chicago, IL","IL","0915","1025",70.00,70.00,34.00,14.00,"1539","1640",61.00,61.00,0.00,"",0.00,264.00,255.00,207.00,1.00,1846.00,0.00,0.00,61.00,0.00,0.00,
2016,7,18,1,2016-07-18,"AA",19805,"AA","2594",14771,"SFO","San Francisco, CA","CA",13930,"ORD","Chicago, IL","IL","0915","0947",32.00,32.00,15.00,19.00,"1539","1542",3.00,3.00,0.00,"",0.00,264.00,235.00,201.00,1.00,1846.00,,,,,,
2016,7,19,2,2016-07-19,"AA",19805,"AA","2594",14771,"SFO","San Francisco, CA","CA",13930,"ORD","Chicago, IL","IL","0915","1307",232.00,232.00,21.00,19.00,"1539","1924",225.00,225.00,0.00,"",0.00,264.00,257.00,217.00,1.00,1846.00,225.00,0.00,0.00,0.00,0.00,
2016,7,20,3,2016-07-20,"AA",19805,"AA","2594",14771,"SFO","San Francisco, CA","CA",13930,"ORD","Chicago, IL","IL","0915","0911",-4.00,0.00,22.00,25.00,"1539","1534",-5.00,0.00,0.00,"",0.00,264.00,263.00,216.00,1.00,1846.00,,,,,,
2016,7,21,4,2016-07-21,"AA",19805,"AA","2594",14771,"SFO","San Francisco, CA","CA",13930,"ORD","Chicago, IL","IL","0915","0908",-7.00,0.00,13.00,15.00,"1539","1510",-29.00,0.00,0.00,"",0.00,264.00,242.00,214.00,1.00,1846.00,,,,,,
2016,7,22,5,2016-07-22,"AA",19805,"AA","2594",14771,"SFO","San Francisco, CA","CA",13930,"ORD","Chicago, IL","IL","0915","0931",16.00,16.00,22.00,11.00,"1539","1539",0.00,0.00,0.00,"",0.00,264.00,248.00,215.00,1.00,1846.00,,,,,,
2016,7,23,6,2016-07-23,"AA",19805,"AA","2594",14771,"SFO","San Francisco, CA","CA",13930,"ORD","Chicago, IL","IL","0915","0917",2.00,2.00,20.00,9.00,"1539","1527",-12.00,0.00,0.00,"",0.00,264.00,250.00,221.00,1.00,1846.00,,,,,,
2016,7,24,7,2016-07-24,"AA",19805,"AA","2594",14771,"SFO","San Francisco, CA","CA",13930,"ORD","Chicago, IL","IL","0915","",,,,,"1539","",,,1.00,"A",0.00,264.00,,,1.00,1846.00,,,,,,
2016,7,25,1,2016-07-25,"AA",19805,"AA","2594",14771,"SFO","San Francisco, CA","CA",13930,"ORD","Chicago, IL","IL","0915","1012",57.00,57.00,38.00,12.00,"1539","1633",54.00,54.00,0.00,"",0.00,264.00,261.00,211.00,1.00,1846.00,54.00,0.00,0.00,0.00,0.00,
2016,7,26,2,2016-07-26,"AA",19805,"AA","2594",14771,"SFO","San Francisco, CA","CA",13930,"ORD","Chicago, IL","IL","0915","0913",-2.00,0.00,16.00,21.00,"1539","1523",-16.00,0.00,0.00,"",0.00,264.00,250.00,213.00,1.00,1846.00,,,,,,
2016,7,27,3,2016-07-27,"AA",19805,"AA","2594",14771,"SFO","San Francisco, CA","CA",13930,"ORD","Chicago, IL","IL","0915","",,,,,"1539","",,,1.00,"A",0.00,264.00,,,1.00,1846.00,,,,,,
2016,7,28,4,2016-07-28,"AA",19805,"AA","2594",14771,"SFO","San Francisco, CA","CA",13930,"ORD","Chicago, IL","IL","0915","1021",66.00,66.00,19.00,50.00,"1539","1722",103.00,103.00,0.00,"",0.00,264.00,301.00,232.00,1.00,1846.00,66.00,0.00,37.00,0.00,0.00,
2016,7,29,5,2016-07-29,"AA",19805,"AA","2594",14771,"SFO","San Francisco, CA","CA",13930,"ORD","Chicago, IL","IL","0915","0945",30.00,30.00,29.00,15.00,"1539","1629",50.00,50.00,0.00,"",0.00,264.00,284.00,240.00,1.00,1846.00,0.00,0.00,50.00,0.00,0.00,
2016,7,30,6,2016-07-30,"AA",19805,"AA","2594",14771,"SFO","San Francisco, CA","CA",13930,"ORD","Chicago, IL","IL","0915","0913",-2.00,0.00,17.00,15.00,"1539","1524",-15.00,0.00,0.00,"",0.00,264.00,251.00,219.00,1.00,1846.00,,,,,,
2016,7,31,7,2016-07-31,"AA",19805,"AA","2594",14771,"SFO","San Francisco, CA","CA",13930,"ORD","Chicago, IL","IL","0915","0915",0.00,0.00,20.00,47.00,"1539","1556",17.00,17.00,0.00,"",0.00,264.00,281.00,214.00,1.00,1846.00,0.00,0.00,17.00,0.00,0.00,
2016,7,1,5,2016-07-01,"AA",19805,"AA","2595",10397,"ATL","Atlanta, GA","GA",11298,"DFW","Dallas/Fort Worth, TX","TX","0949","2031",642.00,642.00,19.00,8.00,"1107","2137",630.00,630.00,0.00,"",0.00,138.00,126.00,99.00,1.00,731.00,630.00,0.00,0.00,0.00,0.00,
2016,7,2,6,2016-07-02,"AA",19805,"AA","2595",10397,"ATL","Atlanta, GA","GA",11298,"DFW","Dallas/Fort Worth, TX","TX","0940","0942",2.00,2.00,23.00,10.00,"1058","1051",-7.00,0.00,0.00,"",0.00,138.00,129.00,96.00,1.00,731.00,,,,,,
2016,7,3,7,2016-07-03,"AA",19805,"AA","2595",10397,"ATL","Atlanta, GA","GA",11298,"DFW","Dallas/Fort Worth, TX","TX","0949","0941",-8.00,0.00,16.00,5.00,"1107","1040",-27.00,0.00,0.00,"",0.00,138.00,119.00,98.00,1.00,731.00,,,,,,
2016,7,4,1,2016-07-04,"AA",19805,"AA","2595",10397,"ATL","Atlanta, GA","GA",11298,"DFW","Dallas/Fort Worth, TX","TX","0949","0947",-2.00,0.00,17.00,46.00,"1107","1131",24.00,24.00,0.00,"",0.00,138.00,164.00,101.00,1.00,731.00,0.00,0.00,24.00,0.00,0.00,
2016,7,5,2,2016-07-05,"AA",19805,"AA","2595",10397,"ATL","Atlanta, GA","GA",11298,"DFW","Dallas/Fort Worth, TX","TX","0949","1000",11.00,11.00,27.00,36.00,"1107","1146",39.00,39.00,0.00,"",0.00,138.00,166.00,103.00,1.00,731.00,11.00,0.00,28.00,0.00,0.00,
2016,7,6,3,2016-07-06,"AA",19805,"AA","2595",10397,"ATL","Atlanta, GA","GA",11298,"DFW","Dallas/Fort Worth, TX","TX","0949","0947",-2.00,0.00,20.00,13.00,"1107","1103",-4.00,0.00,0.00,"",0.00,138.00,136.00,103.00,1.00,731.00,,,,,,
2016,7,7,4,2016-07-07,"AA",19805,"AA","2595",10397,"ATL","Atlanta, GA","GA",11298,"DFW","Dallas/Fort Worth, TX","TX","0949","0942",-7.00,0.00,31.00,16.00,"1107","1113",6.00,6.00,0.00,"",0.00,138.00,151.00,104.00,1.00,731.00,,,,,,
2016,7,8,5,2016-07-08,"AA",19805,"AA","2595",10397,"ATL","Atlanta, GA","GA",11298,"DFW","Dallas/Fort Worth, TX","TX","0949","0947",-2.00,0.00,18.00,13.00,"1107","1103",-4.00,0.00,0.00,"",0.00,138.00,136.00,105.00,1.00,731.00,,,,,,
2016,7,9,6,2016-07-09,"AA",19805,"AA","2595",10397,"ATL","Atlanta, GA","GA",11298,"DFW","Dallas/Fort Worth, TX","TX","0949","0948",-1.00,0.00,21.00,11.00,"1107","1059",-8.00,0.00,0.00,"",0.00,138.00,131.00,99.00,1.00,731.00,,,,,,
2016,7,10,7,2016-07-10,"AA",19805,"AA","2595",10397,"ATL","Atlanta, GA","GA",11298,"DFW","Dallas/Fort Worth, TX","TX","0949","0940",-9.00,0.00,21.00,14.00,"1107","1055",-12.00,0.00,0.00,"",0.00,138.00,135.00,100.00,1.00,731.00,,,,,,
2016,7,11,1,2016-07-11,"AA",19805,"AA","2595",10397,"ATL","Atlanta, GA","GA",11298,"DFW","Dallas/Fort Worth, TX","TX","0949","0947",-2.00,0.00,15.00,21.00,"1107","1105",-2.00,0.00,0.00,"",0.00,138.00,138.00,102.00,1.00,731.00,,,,,,
2016,7,12,2,2016-07-12,"AA",19805,"AA","2595",10397,"ATL","Atlanta, GA","GA",11298,"DFW","Dallas/Fort Worth, TX","TX","0949","0955",6.00,6.00,19.00,14.00,"1107","1111",4.00,4.00,0.00,"",0.00,138.00,136.00,103.00,1.00,731.00,,,,,,
2016,7,13,3,2016-07-13,"AA",19805,"AA","2595",10397,"ATL","Atlanta, GA","GA",11298,"DFW","Dallas/Fort Worth, TX","TX","0949","0948",-1.00,0.00,21.00,18.00,"1107","1106",-1.00,0.00,0.00,"",0.00,138.00,138.00,99.00,1.00,731.00,,,,,,
2016,7,14,4,2016-07-14,"AA",19805,"AA","2595",10397,"ATL","Atlanta, GA","GA",11298,"DFW","Dallas/Fort Worth, TX","TX","0949","0945",-4.00,0.00,21.00,6.00,"1107","1054",-13.00,0.00,0.00,"",0.00,138.00,129.00,102.00,1.00,731.00,,,,,,
2016,7,15,5,2016-07-15,"AA",19805,"AA","2595",10397,"ATL","Atlanta, GA","GA",11298,"DFW","Dallas/Fort Worth, TX","TX","0949","0947",-2.00,0.00,46.00,5.00,"1107","1153",46.00,46.00,0.00,"",0.00,138.00,186.00,135.00,1.00,731.00,0.00,0.00,46.00,0.00,0.00,
2016,7,16,6,2016-07-16,"AA",19805,"AA","2595",10397,"ATL","Atlanta, GA","GA",11298,"DFW","Dallas/Fort Worth, TX","TX","0949","0944",-5.00,0.00,22.00,6.00,"1107","1055",-12.00,0.00,0.00,"",0.00,138.00,131.00,103.00,1.00,731.00,,,,,,
2016,7,17,7,2016-07-17,"AA",19805,"AA","2595",10397,"ATL","Atlanta, GA","GA",11298,"DFW","Dallas/Fort Worth, TX","TX","0949","0944",-5.00,0.00,34.00,18.00,"1107","1118",11.00,11.00,0.00,"",0.00,138.00,154.00,102.00,1.00,731.00,,,,,,
2016,7,18,1,2016-07-18,"AA",19805,"AA","2595",10397,"ATL","Atlanta, GA","GA",11298,"DFW","Dallas/Fort Worth, TX","TX","0949","0949",0.00,0.00,22.00,17.00,"1107","1108",1.00,1.00,0.00,"",0.00,138.00,139.00,100.00,1.00,731.00,,,,,,
2016,7,19,2,2016-07-19,"AA",19805,"AA","2595",10397,"ATL","Atlanta, GA","GA",11298,"DFW","Dallas/Fort Worth, TX","TX","0949","0945",-4.00,0.00,19.00,11.00,"1107","1053",-14.00,0.00,0.00,"",0.00,138.00,128.00,98.00,1.00,731.00,,,,,,
2016,7,20,3,2016-07-20,"AA",19805,"AA","2595",10397,"ATL","Atlanta, GA","GA",11298,"DFW","Dallas/Fort Worth, TX","TX","0949","1025",36.00,36.00,12.00,14.00,"1107","1131",24.00,24.00,0.00,"",0.00,138.00,126.00,100.00,1.00,731.00,24.00,0.00,0.00,0.00,0.00,
2016,7,21,4,2016-07-21,"AA",19805,"AA","2595",10397,"ATL","Atlanta, GA","GA",11298,"DFW","Dallas/Fort Worth, TX","TX","0949","0946",-3.00,0.00,17.00,12.00,"1107","1055",-12.00,0.00,0.00,"",0.00,138.00,129.00,100.00,1.00,731.00,,,,,,
2016,7,22,5,2016-07-22,"AA",19805,"AA","2595",10397,"ATL","Atlanta, GA","GA",11298,"DFW","Dallas/Fort Worth, TX","TX","0949","0947",-2.00,0.00,17.00,15.00,"1107","1057",-10.00,0.00,0.00,"",0.00,138.00,130.00,98.00,1.00,731.00,,,,,,
2016,7,23,6,2016-07-23,"AA",19805,"AA","2595",10397,"ATL","Atlanta, GA","GA",11298,"DFW","Dallas/Fort Worth, TX","TX","0949","0944",-5.00,0.00,16.00,9.00,"1107","1048",-19.00,0.00,0.00,"",0.00,138.00,124.00,99.00,1.00,731.00,,,,,,
2016,7,24,7,2016-07-24,"AA",19805,"AA","2595",10397,"ATL","Atlanta, GA","GA",11298,"DFW","Dallas/Fort Worth, TX","TX","0949","1009",20.00,20.00,11.00,13.00,"1107","1112",5.00,5.00,0.00,"",0.00,138.00,123.00,99.00,1.00,731.00,,,,,,
2016,7,25,1,2016-07-25,"AA",19805,"AA","2595",10397,"ATL","Atlanta, GA","GA",11298,"DFW","Dallas/Fort Worth, TX","TX","0949","0946",-3.00,0.00,21.00,7.00,"1107","1050",-17.00,0.00,0.00,"",0.00,138.00,124.00,96.00,1.00,731.00,,,,,,
2016,7,26,2,2016-07-26,"AA",19805,"AA","2595",10397,"ATL","Atlanta, GA","GA",11298,"DFW","Dallas/Fort Worth, TX","TX","0949","1121",92.00,92.00,19.00,6.00,"1107","1223",76.00,76.00,0.00,"",0.00,138.00,122.00,97.00,1.00,731.00,76.00,0.00,0.00,0.00,0.00,
2016,7,27,3,2016-07-27,"AA",19805,"AA","2595",10397,"ATL","Atlanta, GA","GA",11298,"DFW","Dallas/Fort Worth, TX","TX","0949","0943",-6.00,0.00,21.00,9.00,"1107","1049",-18.00,0.00,0.00,"",0.00,138.00,126.00,96.00,1.00,731.00,,,,,,
2016,7,28,4,2016-07-28,"AA",19805,"AA","2595",10397,"ATL","Atlanta, GA","GA",11298,"DFW","Dallas/Fort Worth, TX","TX","0949","0949",0.00,0.00,31.00,8.00,"1107","1114",7.00,7.00,0.00,"",0.00,138.00,145.00,106.00,1.00,731.00,,,,,,
2016,7,29,5,2016-07-29,"AA",19805,"AA","2595",10397,"ATL","Atlanta, GA","GA",11298,"DFW","Dallas/Fort Worth, TX","TX","0949","1034",45.00,45.00,13.00,13.00,"1107","1141",34.00,34.00,0.00,"",0.00,138.00,127.00,101.00,1.00,731.00,34.00,0.00,0.00,0.00,0.00,
2016,7,30,6,2016-07-30,"AA",19805,"AA","2595",10397,"ATL","Atlanta, GA","GA",11298,"DFW","Dallas/Fort Worth, TX","TX","0949","1010",21.00,21.00,15.00,10.00,"1107","1115",8.00,8.00,0.00,"",0.00,138.00,125.00,100.00,1.00,731.00,,,,,,
2016,7,31,7,2016-07-31,"AA",19805,"AA","2595",10397,"ATL","Atlanta, GA","GA",11298,"DFW","Dallas/Fort Worth, TX","TX","0949","0947",-2.00,0.00,23.00,7.00,"1107","1057",-10.00,0.00,0.00,"",0.00,138.00,130.00,100.00,1.00,731.00,,,,,,
2016,7,1,5,2016-07-01,"AA",19805,"AA","2596",13303,"MIA","Miami, FL","FL",11298,"DFW","Dallas/Fort Worth, TX","TX","1215","1224",9.00,9.00,16.00,12.00,"1413","1426",13.00,13.00,0.00,"",0.00,178.00,182.00,154.00,1.00,1121.00,,,,,,
2016,7,2,6,2016-07-02,"AA",19805,"AA","2596",13303,"MIA","Miami, FL","FL",11298,"DFW","Dallas/Fort Worth, TX","TX","1215","1213",-2.00,0.00,139.00,10.00,"1414","1617",123.00,123.00,0.00,"",0.00,179.00,304.00,155.00,1.00,1121.00,0.00,0.00,123.00,0.00,0.00,
2016,7,3,7,2016-07-03,"AA",19805,"AA","2596",13303,"MIA","Miami, FL","FL",11298,"DFW","Dallas/Fort Worth, TX","TX","1210","1229",19.00,19.00,16.00,7.00,"1411","1415",4.00,4.00,0.00,"",0.00,181.00,166.00,143.00,1.00,1121.00,,,,,,
2016,7,4,1,2016-07-04,"AA",19805,"AA","2596",13303,"MIA","Miami, FL","FL",11298,"DFW","Dallas/Fort Worth, TX","TX","1215","1311",56.00,56.00,11.00,13.00,"1413","1506",53.00,53.00,0.00,"",0.00,178.00,175.00,151.00,1.00,1121.00,0.00,0.00,0.00,0.00,53.00,
2016,7,5,2,2016-07-05,"AA",19805,"AA","2596",13303,"MIA","Miami, FL","FL",11298,"DFW","Dallas/Fort Worth, TX","TX","1215","1212",-3.00,0.00,11.00,29.00,"1413","1418",5.00,5.00,0.00,"",0.00,178.00,186.00,146.00,1.00,1121.00,,,,,,
2016,7,6,3,2016-07-06,"AA",19805,"AA","2596",13303,"MIA","Miami, FL","FL",11298,"DFW","Dallas/Fort Worth, TX","TX","1215","1330",75.00,75.00,18.00,5.00,"1413","1520",67.00,67.00,0.00,"",0.00,178.00,170.00,147.00,1.00,1121.00,0.00,0.00,0.00,0.00,67.00,
2016,7,7,4,2016-07-07,"AA",19805,"AA","2596",13303,"MIA","Miami, FL","FL",11298,"DFW","Dallas/Fort Worth, TX","TX","1215","1236",21.00,21.00,24.00,9.00,"1413","1437",24.00,24.00,0.00,"",0.00,178.00,181.00,148.00,1.00,1121.00,21.00,0.00,3.00,0.00,0.00,
2016,7,8,5,2016-07-08,"AA",19805,"AA","2596",13303,"MIA","Miami, FL","FL",11298,"DFW","Dallas/Fort Worth, TX","TX","1215","1215",0.00,0.00,14.00,7.00,"1413","1401",-12.00,0.00,0.00,"",0.00,178.00,166.00,145.00,1.00,1121.00,,,,,,
2016,7,9,6,2016-07-09,"AA",19805,"AA","2596",13303,"MIA","Miami, FL","FL",11298,"DFW","Dallas/Fort Worth, TX","TX","1215","1227",12.00,12.00,14.00,8.00,"1414","1416",2.00,2.00,0.00,"",0.00,179.00,169.00,147.00,1.00,1121.00,,,,,,
2016,7,10,7,2016-07-10,"AA",19805,"AA","2596",13303,"MIA","Miami, FL","FL",11298,"DFW","Dallas/Fort Worth, TX","TX","1210","1208",-2.00,0.00,12.00,12.00,"1411","1355",-16.00,0.00,0.00,"",0.00,181.00,167.00,143.00,1.00,1121.00,,,,,,
2016,7,11,1,2016-07-11,"AA",19805,"AA","2596",13303,"MIA","Miami, FL","FL",11298,"DFW","Dallas/Fort Worth, TX","TX","1215","1212",-3.00,0.00,13.00,11.00,"1413","1406",-7.00,0.00,0.00,"",0.00,178.00,174.00,150.00,1.00,1121.00,,,,,,
2016,7,12,2,2016-07-12,"AA",19805,"AA","2596",13303,"MIA","Miami, FL","FL",11298,"DFW","Dallas/Fort Worth, TX","TX","1215","",,,,,"1413","",,,1.00,"A",0.00,178.00,,,1.00,1121.00,,,,,,
2016,7,13,3,2016-07-13,"AA",19805,"AA","2596",13303,"MIA","Miami, FL","FL",11298,"DFW","Dallas/Fort Worth, TX","TX","1215","1210",-5.00,0.00,19.00,13.00,"1413","1411",-2.00,0.00,0.00,"",0.00,178.00,181.00,149.00,1.00,1121.00,,,,,,
2016,7,14,4,2016-07-14,"AA",19805,"AA","2596",13303,"MIA","Miami, FL","FL",11298,"DFW","Dallas/Fort Worth, TX","TX","1215","1225",10.00,10.00,23.00,6.00,"1413","1420",7.00,7.00,0.00,"",0.00,178.00,175.00,146.00,1.00,1121.00,,,,,,
2016,7,15,5,2016-07-15,"AA",19805,"AA","2596",13303,"MIA","Miami, FL","FL",11298,"DFW","Dallas/Fort Worth, TX","TX","1215","1551",216.00,216.00,20.00,5.00,"1413","1742",209.00,209.00,0.00,"",0.00,178.00,171.00,146.00,1.00,1121.00,53.00,0.00,0.00,0.00,156.00,
2016,7,16,6,2016-07-16,"AA",19805,"AA","2596",13303,"MIA","Miami, FL","FL",11298,"DFW","Dallas/Fort Worth, TX","TX","1215","1210",-5.00,0.00,11.00,10.00,"1414","1358",-16.00,0.00,0.00,"",0.00,179.00,168.00,147.00,1.00,1121.00,,,,,,
2016,7,17,7,2016-07-17,"AA",19805,"AA","2596",13303,"MIA","Miami, FL","FL",11298,"DFW","Dallas/Fort Worth, TX","TX","1210","1205",-5.00,0.00,14.00,5.00,"1411","1345",-26.00,0.00,0.00,"",0.00,181.00,160.00,141.00,1.00,1121.00,,,,,,
2016,7,18,1,2016-07-18,"AA",19805,"AA","2596",13303,"MIA","Miami, FL","FL",11298,"DFW","Dallas/Fort Worth, TX","TX","1215","1304",49.00,49.00,17.00,7.00,"1413","1450",37.00,37.00,0.00,"",0.00,178.00,166.00,142.00,1.00,1121.00,37.00,0.00,0.00,0.00,0.00,
2016,7,19,2,2016-07-19,"AA",19805,"AA","2596",13303,"MIA","Miami, FL","FL",11298,"DFW","Dallas/Fort Worth, TX","TX","1215","1537",202.00,202.00,12.00,11.00,"1413","1720",187.00,187.00,0.00,"",0.00,178.00,163.00,140.00,1.00,1121.00,187.00,0.00,0.00,0.00,0.00,
2016,7,20,3,2016-07-20,"AA",19805,"AA","2596",13303,"MIA","Miami, FL","FL",11298,"DFW","Dallas/Fort Worth, TX","TX","1215","1303",48.00,48.00,13.00,10.00,"1413","1442",29.00,29.00,0.00,"",0.00,178.00,159.00,136.00,1.00,1121.00,0.00,0.00,0.00,0.00,29.00,
2016,7,21,4,2016-07-21,"AA",19805,"AA","2596",13303,"MIA","Miami, FL","FL",11298,"DFW","Dallas/Fort Worth, TX","TX","1215","1226",11.00,11.00,17.00,5.00,"1413","1411",-2.00,0.00,0.00,"",0.00,178.00,165.00,143.00,1.00,1121.00,,,,,,
2016,7,10,7,2016-07-10,"AA",19805,"AA","2532",11298,"DFW","Dallas/Fort Worth, TX","TX",13487,"MSP","Minneapolis, MN","MN","0800","0756",-4.00,0.00,12.00,5.00,"1016","1012",-4.00,0.00,0.00,"",0.00,136.00,136.00,119.00,1.00,852.00,,,,,,
2016,7,11,1,2016-07-11,"AA",19805,"AA","2532",11298,"DFW","Dallas/Fort Worth, TX","TX",13487,"MSP","Minneapolis, MN","MN","0800","0756",-4.00,0.00,10.00,6.00,"1016","1007",-9.00,0.00,0.00,"",0.00,136.00,131.00,115.00,1.00,852.00,,,,,,
2016,7,12,2,2016-07-12,"AA",19805,"AA","2532",11298,"DFW","Dallas/Fort Worth, TX","TX",13487,"MSP","Minneapolis, MN","MN","0800","0803",3.00,3.00,10.00,6.00,"1016","1018",2.00,2.00,0.00,"",0.00,136.00,135.00,119.00,1.00,852.00,,,,,,
2016,7,13,3,2016-07-13,"AA",19805,"AA","2532",11298,"DFW","Dallas/Fort Worth, TX","TX",13487,"MSP","Minneapolis, MN","MN","0800","0906",66.00,66.00,18.00,6.00,"1016","1130",74.00,74.00,0.00,"",0.00,136.00,144.00,120.00,1.00,852.00,23.00,0.00,8.00,0.00,43.00,
2016,7,14,4,2016-07-14,"AA",19805,"AA","2532",11298,"DFW","Dallas/Fort Worth, TX","TX",13487,"MSP","Minneapolis, MN","MN","0800","0815",15.00,15.00,12.00,3.00,"1016","1031",15.00,15.00,0.00,"",0.00,136.00,136.00,121.00,1.00,852.00,15.00,0.00,0.00,0.00,0.00,
2016,7,15,5,2016-07-15,"AA",19805,"AA","2532",11298,"DFW","Dallas/Fort Worth, TX","TX",13487,"MSP","Minneapolis, MN","MN","0800","0757",-3.00,0.00,21.00,6.00,"1016","1030",14.00,14.00,0.00,"",0.00,136.00,153.00,126.00,1.00,852.00,,,,,,
2016,7,16,6,2016-07-16,"AA",19805,"AA","2532",11298,"DFW","Dallas/Fort Worth, TX","TX",13487,"MSP","Minneapolis, MN","MN","0800","0805",5.00,5.00,14.00,6.00,"1016","1026",10.00,10.00,0.00,"",0.00,136.00,141.00,121.00,1.00,852.00,,,,,,
2016,7,17,7,2016-07-17,"AA",19805,"AA","2532",11298,"DFW","Dallas/Fort Worth, TX","TX",13487,"MSP","Minneapolis, MN","MN","0800","0754",-6.00,0.00,11.00,5.00,"1016","1014",-2.00,0.00,0.00,"",0.00,136.00,140.00,124.00,1.00,852.00,,,,,,
2016,7,18,1,2016-07-18,"AA",19805,"AA","2532",11298,"DFW","Dallas/Fort Worth, TX","TX",13487,"MSP","Minneapolis, MN","MN","0800","0815",15.00,15.00,12.00,4.00,"1016","1034",18.00,18.00,0.00,"",0.00,136.00,139.00,123.00,1.00,852.00,15.00,0.00,3.00,0.00,0.00,
2016,7,19,2,2016-07-19,"AA",19805,"AA","2532",11298,"DFW","Dallas/Fort Worth, TX","TX",13487,"MSP","Minneapolis, MN","MN","0800","0800",0.00,0.00,15.00,5.00,"1016","1022",6.00,6.00,0.00,"",0.00,136.00,142.00,122.00,1.00,852.00,,,,,,
2016,7,20,3,2016-07-20,"AA",19805,"AA","2532",11298,"DFW","Dallas/Fort Worth, TX","TX",13487,"MSP","Minneapolis, MN","MN","0800","0756",-4.00,0.00,23.00,5.00,"1016","1021",5.00,5.00,0.00,"",0.00,136.00,145.00,117.00,1.00,852.00,,,,,,
2016,7,21,4,2016-07-21,"AA",19805,"AA","2532",11298,"DFW","Dallas/Fort Worth, TX","TX",13487,"MSP","Minneapolis, MN","MN","0800","0755",-5.00,0.00,10.00,6.00,"1016","1011",-5.00,0.00,0.00,"",0.00,136.00,136.00,120.00,1.00,852.00,,,,,,
2016,7,22,5,2016-07-22,"AA",19805,"AA","2532",11298,"DFW","Dallas/Fort Worth, TX","TX",13487,"MSP","Minneapolis, MN","MN","0800","0756",-4.00,0.00,8.00,8.00,"1016","1013",-3.00,0.00,0.00,"",0.00,136.00,137.00,121.00,1.00,852.00,,,,,,
2016,7,23,6,2016-07-23,"AA",19805,"AA","2532",11298,"DFW","Dallas/Fort Worth, TX","TX",13487,"MSP","Minneapolis, MN","MN","0800","0815",15.00,15.00,10.00,10.00,"1016","1410",,,0.00,"",1.00,136.00,,,1.00,852.00,,,,,,
2016,7,24,7,2016-07-24,"AA",19805,"AA","2532",11298,"DFW","Dallas/Fort Worth, TX","TX",13487,"MSP","Minneapolis, MN","MN","0800","0753",-7.00,0.00,14.00,4.00,"1016","1005",-11.00,0.00,0.00,"",0.00,136.00,132.00,114.00,1.00,852.00,,,,,,
2016,7,25,1,2016-07-25,"AA",19805,"AA","2532",11298,"DFW","Dallas/Fort Worth, TX","TX",13487,"MSP","Minneapolis, MN","MN","0800","0758",-2.00,0.00,10.00,4.00,"1016","1026",10.00,10.00,0.00,"",0.00,136.00,148.00,134.00,1.00,852.00,,,,,,
2016,7,26,2,2016-07-26,"AA",19805,"AA","2532",11298,"DFW","Dallas/Fort Worth, TX","TX",13487,"MSP","Minneapolis, MN","MN","0800","0801",1.00,1.00,12.00,6.00,"1016","1015",-1.00,0.00,0.00,"",0.00,136.00,134.00,116.00,1.00,852.00,,,,,,
2016,7,27,3,2016-07-27,"AA",19805,"AA","2532",11298,"DFW","Dallas/Fort Worth, TX","TX",13487,"MSP","Minneapolis, MN","MN","0800","0757",-3.00,0.00,12.00,4.00,"1016","1003",-13.00,0.00,0.00,"",0.00,136.00,126.00,110.00,1.00,852.00,,,,,,
2016,7,28,4,2016-07-28,"AA",19805,"AA","2532",11298,"DFW","Dallas/Fort Worth, TX","TX",13487,"MSP","Minneapolis, MN","MN","0800","0813",13.00,13.00,18.00,4.00,"1016","1032",16.00,16.00,0.00,"",0.00,136.00,139.00,117.00,1.00,852.00,13.00,0.00,3.00,0.00,0.00,
2016,7,29,5,2016-07-29,"AA",19805,"AA","2532",11298,"DFW","Dallas/Fort Worth, TX","TX",13487,"MSP","Minneapolis, MN","MN","0800","0758",-2.00,0.00,9.00,4.00,"1016","1012",-4.00,0.00,0.00,"",0.00,136.00,134.00,121.00,1.00,852.00,,,,,,
2016,7,30,6,2016-07-30,"AA",19805,"AA","2532",11298,"DFW","Dallas/Fort Worth, TX","TX",13487,"MSP","Minneapolis, MN","MN","0800","0914",74.00,74.00,16.00,6.00,"1016","1137",81.00,81.00,0.00,"",0.00,136.00,143.00,121.00,1.00,852.00,2.00,0.00,7.00,0.00,72.00,
2016,7,31,7,2016-07-31,"AA",19805,"AA","2532",11298,"DFW","Dallas/Fort Worth, TX","TX",13487,"MSP","Minneapolis, MN","MN","0800","0756",-4.00,0.00,10.00,5.00,"1016","1019",3.00,3.00,0.00,"",0.00,136.00,143.00,128.00,1.00,852.00,,,,,,
2016,7,1,5,2016-07-01,"AA",19805,"AA","2532",13487,"MSP","Minneapolis, MN","MN",11298,"DFW","Dallas/Fort Worth, TX","TX","1104","1102",-2.00,0.00,11.00,9.00,"1330","1319",-11.00,0.00,0.00,"",0.00,146.00,137.00,117.00,1.00,852.00,,,,,,
2016,7,2,6,2016-07-02,"AA",19805,"AA","2532",13487,"MSP","Minneapolis, MN","MN",11298,"DFW","Dallas/Fort Worth, TX","TX","1104","1106",2.00,2.00,10.00,6.00,"1330","1320",-10.00,0.00,0.00,"",0.00,146.00,134.00,118.00,1.00,852.00,,,,,,
2016,7,3,7,2016-07-03,"AA",19805,"AA","2532",13487,"MSP","Minneapolis, MN","MN",11298,"DFW","Dallas/Fort Worth, TX","TX","1104","1054",-10.00,0.00,12.00,10.00,"1330","1312",-18.00,0.00,0.00,"",0.00,146.00,138.00,116.00,1.00,852.00,,,,,,
2016,7,4,1,2016-07-04,"AA",19805,"AA","2532",13487,"MSP","Minneapolis, MN","MN",11298,"DFW","Dallas/Fort Worth, TX","TX","1104","1057",-7.00,0.00,11.00,11.00,"1330","1313",-17.00,0.00,0.00,"",0.00,146.00,136.00,114.00,1.00,852.00,,,,,,
2016,7,5,2,2016-07-05,"AA",19805,"AA","2532",13487,"MSP","Minneapolis, MN","MN",11298,"DFW","Dallas/Fort Worth, TX","TX","1104","",,,,,"1330","",,,1.00,"A",0.00,146.00,,,1.00,852.00,,,,,,
2016,7,6,3,2016-07-06,"AA",19805,"AA","2532",13487,"MSP","Minneapolis, MN","MN",11298,"DFW","Dallas/Fort Worth, TX","TX","1104","1101",-3.00,0.00,9.00,9.00,"1330","1318",-12.00,0.00,0.00,"",0.00,146.00,137.00,119.00,1.00,852.00,,,,,,
2016,7,7,4,2016-07-07,"AA",19805,"AA","2532",13487,"MSP","Minneapolis, MN","MN",11298,"DFW","Dallas/Fort Worth, TX","TX","1104","1110",6.00,6.00,15.00,8.00,"1330","1327",-3.00,0.00,0.00,"",0.00,146.00,137.00,114.00,1.00,852.00,,,,,,
2016,7,8,5,2016-07-08,"AA",19805,"AA","2532",13487,"MSP","Minneapolis, MN","MN",11298,"DFW","Dallas/Fort Worth, TX","TX","1104","1057",-7.00,0.00,16.00,12.00,"1330","1318",-12.00,0.00,0.00,"",0.00,146.00,141.00,113.00,1.00,852.00,,,,,,
2016,7,9,6,2016-07-09,"AA",19805,"AA","2532",13487,"MSP","Minneapolis, MN","MN",11298,"DFW","Dallas/Fort Worth, TX","TX","1104","1127",23.00,23.00,14.00,6.00,"1330","1346",16.00,16.00,0.00,"",0.00,146.00,139.00,119.00,1.00,852.00,4.00,0.00,0.00,0.00,12.00,
2016,7,10,7,2016-07-10,"AA",19805,"AA","2532",13487,"MSP","Minneapolis, MN","MN",11298,"DFW","Dallas/Fort Worth, TX","TX","1104","1101",-3.00,0.00,17.00,13.00,"1330","1329",-1.00,0.00,0.00,"",0.00,146.00,148.00,118.00,1.00,852.00,,,,,,
2016,7,11,1,2016-07-11,"AA",19805,"AA","2532",13487,"MSP","Minneapolis, MN","MN",11298,"DFW","Dallas/Fort Worth, TX","TX","1104","1056",-8.00,0.00,19.00,4.00,"1330","1317",-13.00,0.00,0.00,"",0.00,146.00,141.00,118.00,1.00,852.00,,,,,,
2016,7,12,2,2016-07-12,"AA",19805,"AA","2532",13487,"MSP","Minneapolis, MN","MN",11298,"DFW","Dallas/Fort Worth, TX","TX","1104","1057",-7.00,0.00,19.00,9.00,"1330","1325",-5.00,0.00,0.00,"",0.00,146.00,148.00,120.00,1.00,852.00,,,,,,
2016,7,13,3,2016-07-13,"AA",19805,"AA","2532",13487,"MSP","Minneapolis, MN","MN",11298,"DFW","Dallas/Fort Worth, TX","TX","1104","1056",-8.00,0.00,19.00,9.00,"1330","1326",-4.00,0.00,0.00,"",0.00,146.00,150.00,122.00,1.00,852.00,,,,,,
2016,7,14,4,2016-07-14,"AA",19805,"AA","2532",13487,"MSP","Minneapolis, MN","MN",11298,"DFW","Dallas/Fort Worth, TX","TX","1104","1058",-6.00,0.00,13.00,10.00,"1330","1320",-10.00,0.00,0.00,"",0.00,146.00,142.00,119.00,1.00,852.00,,,,,,
2016,7,15,5,2016-07-15,"AA",19805,"AA","2532",13487,"MSP","Minneapolis, MN","MN",11298,"DFW","Dallas/Fort Worth, TX","TX","1104","1104",0.00,0.00,19.00,36.00,"1330","1359",29.00,29.00,0.00,"",0.00,146.00,175.00,120.00,1.00,852.00,0.00,0.00,29.00,0.00,0.00,
2016,7,16,6,2016-07-16,"AA",19805,"AA","2532",13487,"MSP","Minneapolis, MN","MN",11298,"DFW","Dallas/Fort Worth, TX","TX","1104","1111",7.00,7.00,19.00,18.00,"1330","1340",10.00,10.00,0.00,"",0.00,146.00,149.00,112.00,1.00,852.00,,,,,,
2016,7,17,7,2016-07-17,"AA",19805,"AA","2532",13487,"MSP","Minneapolis, MN","MN",11298,"DFW","Dallas/Fort Worth, TX","TX","1104","1058",-6.00,0.00,14.00,8.00,"1330","1330",0.00,0.00,0.00,"",0.00,146.00,152.00,130.00,1.00,852.00,,,,,,
2016,7,18,1,2016-07-18,"AA",19805,"AA","2532",13487,"MSP","Minneapolis, MN","MN",11298,"DFW","Dallas/Fort Worth, TX","TX","1104","1056",-8.00,0.00,13.00,11.00,"1330","1318",-12.00,0.00,0.00,"",0.00,146.00,142.00,118.00,1.00,852.00,,,,,,
2016,7,19,2,2016-07-19,"AA",19805,"AA","2532",13487,"MSP","Minneapolis, MN","MN",11298,"DFW","Dallas/Fort Worth, TX","TX","1104","1053",-11.00,0.00,16.00,12.00,"1330","1324",-6.00,0.00,0.00,"",0.00,146.00,151.00,123.00,1.00,852.00,,,,,,
2016,7,20,3,2016-07-20,"AA",19805,"AA","2532",13487,"MSP","Minneapolis, MN","MN",11298,"DFW","Dallas/Fort Worth, TX","TX","1104","1059",-5.00,0.00,18.00,11.00,"1330","1325",-5.00,0.00,0.00,"",0.00,146.00,146.00,117.00,1.00,852.00,,,,,,
2016,7,21,4,2016-07-21,"AA",19805,"AA","2532",13487,"MSP","Minneapolis, MN","MN",11298,"DFW","Dallas/Fort Worth, TX","TX","1104","",,,,,"1330","",,,1.00,"A",0.00,146.00,,,1.00,852.00,,,,,,
2016,7,22,5,2016-07-22,"AA",19805,"AA","2532",13487,"MSP","Minneapolis, MN","MN",11298,"DFW","Dallas/Fort Worth, TX","TX","1104","1105",1.00,1.00,17.00,16.00,"1330","1343",13.00,13.00,0.00,"",0.00,146.00,158.00,125.00,1.00,852.00,,,,,,
2016,7,23,6,2016-07-23,"AA",19805,"AA","2532",13487,"MSP","Minneapolis, MN","MN",11298,"DFW","Dallas/Fort Worth, TX","TX","1104","1452",228.00,228.00,14.00,9.00,"1330","1710",220.00,220.00,0.00,"",0.00,146.00,138.00,115.00,1.00,852.00,2.00,0.00,0.00,0.00,218.00,
2016,7,24,7,2016-07-24,"AA",19805,"AA","2532",13487,"MSP","Minneapolis, MN","MN",11298,"DFW","Dallas/Fort Worth, TX","TX","1104","1054",-10.00,0.00,18.00,11.00,"1330","1320",-10.00,0.00,0.00,"",0.00,146.00,146.00,117.00,1.00,852.00,,,,,,
2016,7,25,1,2016-07-25,"AA",19805,"AA","2532",13487,"MSP","Minneapolis, MN","MN",11298,"DFW","Dallas/Fort Worth, TX","TX","1104","1058",-6.00,0.00,12.00,9.00,"1330","1317",-13.00,0.00,0.00,"",0.00,146.00,139.00,118.00,1.00,852.00,,,,,,
2016,7,26,2,2016-07-26,"AA",19805,"AA","2532",13487,"MSP","Minneapolis, MN","MN",11298,"DFW","Dallas/Fort Worth, TX","TX","1104","1101",-3.00,0.00,14.00,8.00,"1330","1316",-14.00,0.00,0.00,"",0.00,146.00,135.00,113.00,1.00,852.00,,,,,,
2016,7,27,3,2016-07-27,"AA",19805,"AA","2532",13487,"MSP","Minneapolis, MN","MN",11298,"DFW","Dallas/Fort Worth, TX","TX","1104","1330",146.00,146.00,70.00,13.00,"1330","2016",,,0.00,"",1.00,146.00,,,1.00,852.00,,,,,,
2016,7,28,4,2016-07-28,"AA",19805,"AA","2532",13487,"MSP","Minneapolis, MN","MN",11298,"DFW","Dallas/Fort Worth, TX","TX","1104","1058",-6.00,0.00,16.00,12.00,"1330","1321",-9.00,0.00,0.00,"",0.00,146.00,143.00,115.00,1.00,852.00,,,,,,
2016,7,29,5,2016-07-29,"AA",19805,"AA","2532",13487,"MSP","Minneapolis, MN","MN",11298,"DFW","Dallas/Fort Worth, TX","TX","1104","1300",116.00,116.00,15.00,11.00,"1330","1521",111.00,111.00,0.00,"",0.00,146.00,141.00,115.00,1.00,852.00,111.00,0.00,0.00,0.00,0.00,
2016,7,30,6,2016-07-30,"AA",19805,"AA","2532",13487,"MSP","Minneapolis, MN","MN",11298,"DFW","Dallas/Fort Worth, TX","TX","1104","1218",74.00,74.00,19.00,9.00,"1330","1449",79.00,79.00,0.00,"",0.00,146.00,151.00,123.00,1.00,852.00,1.00,0.00,5.00,0.00,73.00,
2016,7,31,7,2016-07-31,"AA",19805,"AA","2532",13487,"MSP","Minneapolis, MN","MN",11298,"DFW","Dallas/Fort Worth, TX","TX","1104","1056",-8.00,0.00,14.00,11.00,"1330","1317",-13.00,0.00,0.00,"",0.00,146.00,141.00,116.00,1.00,852.00,,,,,,
2016,7,1,5,2016-07-01,"AA",19805,"AA","2533",11298,"DFW","Dallas/Fort Worth, TX","TX",11638,"FAT","Fresno, CA","CA","1035","1031",-4.00,0.00,10.00,4.00,"1155","1147",-8.00,0.00,0.00,"",0.00,200.00,196.00,182.00,1.00,1313.00,,,,,,
2016,7,2,6,2016-07-02,"AA",19805,"AA","2533",11298,"DFW","Dallas/Fort Worth, TX","TX",11638,"FAT","Fresno, CA","CA","1035","1159",84.00,84.00,23.00,7.00,"1155","1323",88.00,88.00,0.00,"",0.00,200.00,204.00,174.00,1.00,1313.00,84.00,0.00,4.00,0.00,0.00,
2016,7,3,7,2016-07-03,"AA",19805,"AA","2533",11298,"DFW","Dallas/Fort Worth, TX","TX",11638,"FAT","Fresno, CA","CA","1035","1045",10.00,10.00,13.00,5.00,"1155","1200",5.00,5.00,0.00,"",0.00,200.00,195.00,177.00,1.00,1313.00,,,,,,
2016,7,4,1,2016-07-04,"AA",19805,"AA","2533",11298,"DFW","Dallas/Fort Worth, TX","TX",11638,"FAT","Fresno, CA","CA","1035","1200",85.00,85.00,14.00,4.00,"1155","1311",76.00,76.00,0.00,"",0.00,200.00,191.00,173.00,1.00,1313.00,0.00,0.00,0.00,0.00,76.00,
2016,7,5,2,2016-07-05,"AA",19805,"AA","2533",11298,"DFW","Dallas/Fort Worth, TX","TX",11638,"FAT","Fresno, CA","CA","1040","1037",-3.00,0.00,63.00,4.00,"1200","1250",50.00,50.00,0.00,"",0.00,200.00,253.00,186.00,1.00,1313.00,0.00,0.00,50.00,0.00,0.00,
2016,7,6,3,2016-07-06,"AA",19805,"AA","2533",11298,"DFW","Dallas/Fort Worth, TX","TX",11638,"FAT","Fresno, CA","CA","1040","1036",-4.00,0.00,15.00,5.00,"1200","1155",-5.00,0.00,0.00,"",0.00,200.00,199.00,179.00,1.00,1313.00,,,,,,
2016,7,7,4,2016-07-07,"AA",19805,"AA","2533",11298,"DFW","Dallas/Fort Worth, TX","TX",11638,"FAT","Fresno, CA","CA","1040","1033",-7.00,0.00,12.00,4.00,"1200","1150",-10.00,0.00,0.00,"",0.00,200.00,197.00,181.00,1.00,1313.00,,,,,,
2016,7,8,5,2016-07-08,"AA",19805,"AA","2533",11298,"DFW","Dallas/Fort Worth, TX","TX",11638,"FAT","Fresno, CA","CA","1040","1036",-4.00,0.00,19.00,7.00,"1200","1209",9.00,9.00,0.00,"",0.00,200.00,213.00,187.00,1.00,1313.00,,,,,,
2016,7,9,6,2016-07-09,"AA",19805,"AA","2533",11298,"DFW","Dallas/Fort Worth, TX","TX",11638,"FAT","Fresno, CA","CA","1040","1039",-1.00,0.00,12.00,19.00,"1200","1204",4.00,4.00,0.00,"",0.00,200.00,205.00,174.00,1.00,1313.00,,,,,,
2016,7,10,7,2016-07-10,"AA",19805,"AA","2533",11298,"DFW","Dallas/Fort Worth, TX","TX",11638,"FAT","Fresno, CA","CA","1040","1038",-2.00,0.00,16.00,4.00,"1200","1157",-3.00,0.00,0.00,"",0.00,200.00,199.00,179.00,1.00,1313.00,,,,,,
2016,7,11,1,2016-07-11,"AA",19805,"AA","2533",11298,"DFW","Dallas/Fort Worth, TX","TX",11638,"FAT","Fresno, CA","CA","1040","1036",-4.00,0.00,13.00,3.00,"1200","1158",-2.00,0.00,0.00,"",0.00,200.00,202.00,186.00,1.00,1313.00,,,,,,
2016,7,12,2,2016-07-12,"AA",19805,"AA","2533",11298,"DFW","Dallas/Fort Worth, TX","TX",11638,"FAT","Fresno, CA","CA","1040","1210",90.00,90.00,14.00,4.00,"1200","1325",85.00,85.00,0.00,"",0.00,200.00,195.00,177.00,1.00,1313.00,8.00,0.00,0.00,0.00,77.00,
2016,7,13,3,2016-07-13,"AA",19805,"AA","2533",11298,"DFW","Dallas/Fort Worth, TX","TX",11638,"FAT","Fresno, CA","CA","1040","1214",94.00,94.00,15.00,5.00,"1200","1337",97.00,97.00,0.00,"",0.00,200.00,203.00,183.00,1.00,1313.00,94.00,0.00,3.00,0.00,0.00,
2016,7,14,4,2016-07-14,"AA",19805,"AA","2533",11298,"DFW","Dallas/Fort Worth, TX","TX",11638,"FAT","Fresno, CA","CA","1040","1226",106.00,106.00,17.00,4.00,"1200","1337",97.00,97.00,0.00,"",0.00,200.00,191.00,170.00,1.00,1313.00,5.00,0.00,0.00,0.00,92.00,
2016,7,15,5,2016-07-15,"AA",19805,"AA","2533",11298,"DFW","Dallas/Fort Worth, TX","TX",11638,"FAT","Fresno, CA","CA","1040","1223",103.00,103.00,31.00,3.00,"1200","1356",116.00,116.00,0.00,"",0.00,200.00,213.00,179.00,1.00,1313.00,73.00,0.00,13.00,0.00,30.00,
2016,7,16,6,2016-07-16,"AA",19805,"AA","2533",11298,"DFW","Dallas/Fort Worth, TX","TX",11638,"FAT","Fresno, CA","CA","1040","1046",6.00,6.00,13.00,8.00,"1200","1159",-1.00,0.00,0.00,"",0.00,200.00,193.00,172.00,1.00,1313.00,,,,,,
2016,7,17,7,2016-07-17,"AA",19805,"AA","2533",11298,"DFW","Dallas/Fort Worth, TX","TX",11638,"FAT","Fresno, CA","CA","1040","1035",-5.00,0.00,17.00,3.00,"1200","1146",-14.00,0.00,0.00,"",0.00,200.00,191.00,171.00,1.00,1313.00,,,,,,
2016,7,18,1,2016-07-18,"AA",19805,"AA","2533",11298,"DFW","Dallas/Fort Worth, TX","TX",11638,"FAT","Fresno, CA","CA","1040","1036",-4.00,0.00,18.00,7.00,"1200","1148",-12.00,0.00,0.00,"",0.00,200.00,192.00,167.00,1.00,1313.00,,,,,,
2016,7,19,2,2016-07-19,"AA",19805,"AA","2533",11298,"DFW","Dallas/Fort Worth, TX","TX",11638,"FAT","Fresno, CA","CA","1040","1035",-5.00,0.00,15.00,18.00,"1200","1156",-4.00,0.00,0.00,"",0.00,200.00,201.00,168.00,1.00,1313.00,,,,,,
2016,7,20,3,2016-07-20,"AA",19805,"AA","2533",11298,"DFW","Dallas/Fort Worth, TX","TX",11638,"FAT","Fresno, CA","CA","1040","1037",-3.00,0.00,19.00,4.00,"1200","1153",-7.00,0.00,0.00,"",0.00,200.00,196.00,173.00,1.00,1313.00,,,,,,
2016,7,21,4,2016-07-21,"AA",19805,"AA","2533",11298,"DFW","Dallas/Fort Worth, TX","TX",11638,"FAT","Fresno, CA","CA","1040","1034",-6.00,0.00,12.00,6.00,"1200","1144",-16.00,0.00,0.00,"",0.00,200.00,190.00,172.00,1.00,1313.00,,,,,,
2016,7,22,5,2016-07-22,"AA",19805,"AA","2533",11298,"DFW","Dallas/Fort Worth, TX","TX",11638,"FAT","Fresno, CA","CA","1040","1048",8.00,8.00,13.00,8.00,"1200","1200",0.00,0.00,0.00,"",0.00,200.00,192.00,171.00,1.00,1313.00,,,,,,
2016,7,23,6,2016-07-23,"AA",19805,"AA","2533",11298,"DFW","Dallas/Fort Worth, TX","TX",11638,"FAT","Fresno, CA","CA","1040","1037",-3.00,0.00,12.00,8.00,"1200","1147",-13.00,0.00,0.00,"",0.00,200.00,190.00,170.00,1.00,1313.00,,,,,,
2016,7,24,7,2016-07-24,"AA",19805,"AA","2533",11298,"DFW","Dallas/Fort Worth, TX","TX",11638,"FAT","Fresno, CA","CA","1040","1038",-2.00,0.00,15.00,4.00,"1200","1149",-11.00,0.00,0.00,"",0.00,200.00,191.00,172.00,1.00,1313.00,,,,,,
2016,7,25,1,2016-07-25,"AA",19805,"AA","2533",11298,"DFW","Dallas/Fort Worth, TX","TX",11638,"FAT","Fresno, CA","CA","1040","1042",2.00,2.00,10.00,5.00,"1200","1146",-14.00,0.00,0.00,"",0.00,200.00,184.00,169.00,1.00,1313.00,,,,,,
2016,7,26,2,2016-07-26,"AA",19805,"AA","2533",11298,"DFW","Dallas/Fort Worth, TX","TX",11638,"FAT","Fresno, CA","CA","1040","1034",-6.00,0.00,12.00,6.00,"1200","1146",-14.00,0.00,0.00,"",0.00,200.00,192.00,174.00,1.00,1313.00,,,,,,
2016,7,27,3,2016-07-27,"AA",19805,"AA","2533",11298,"DFW","Dallas/Fort Worth, TX","TX",11638,"FAT","Fresno, CA","CA","1040","1037",-3.00,0.00,15.00,5.00,"1200","1155",-5.00,0.00,0.00,"",0.00,200.00,198.00,178.00,1.00,1313.00,,,,,,
2016,7,28,4,2016-07-28,"AA",19805,"AA","2533",11298,"DFW","Dallas/Fort Worth, TX","TX",11638,"FAT","Fresno, CA","CA","1040","1039",-1.00,0.00,12.00,4.00,"1200","1152",-8.00,0.00,0.00,"",0.00,200.00,193.00,177.00,1.00,1313.00,,,,,,
2016,7,29,5,2016-07-29,"AA",19805,"AA","2533",11298,"DFW","Dallas/Fort Worth, TX","TX",11638,"FAT","Fresno, CA","CA","1040","1035",-5.00,0.00,12.00,4.00,"1200","1148",-12.00,0.00,0.00,"",0.00,200.00,193.00,177.00,1.00,1313.00,,,,,,
2016,7,30,6,2016-07-30,"AA",19805,"AA","2533",11298,"DFW","Dallas/Fort Worth, TX","TX",11638,"FAT","Fresno, CA","CA","1040","1034",-6.00,0.00,13.00,6.00,"1200","1146",-14.00,0.00,0.00,"",0.00,200.00,192.00,173.00,1.00,1313.00,,,,,,
2016,7,31,7,2016-07-31,"AA",19805,"AA","2533",11298,"DFW","Dallas/Fort Worth, TX","TX",11638,"FAT","Fresno, CA","CA","1040","1045",5.00,5.00,19.00,7.00,"1200","1205",5.00,5.00,0.00,"",0.00,200.00,200.00,174.00,1.00,1313.00,,,,,,
2016,7,1,5,2016-07-01,"AA",19805,"AA","2533",11638,"FAT","Fresno, CA","CA",11298,"DFW","Dallas/Fort Worth, TX","TX","1235","1234",-1.00,0.00,13.00,9.00,"1753","1746",-7.00,0.00,0.00,"",0.00,198.00,192.00,170.00,1.00,1313.00,,,,,,
2016,7,2,6,2016-07-02,"AA",19805,"AA","2533",11638,"FAT","Fresno, CA","CA",11298,"DFW","Dallas/Fort Worth, TX","TX","1235","1357",82.00,82.00,13.00,9.00,"1753","1908",75.00,75.00,0.00,"",0.00,198.00,191.00,169.00,1.00,1313.00,0.00,0.00,0.00,0.00,75.00,
2016,7,3,7,2016-07-03,"AA",19805,"AA","2533",11638,"FAT","Fresno, CA","CA",11298,"DFW","Dallas/Fort Worth, TX","TX","1235","1240",5.00,5.00,8.00,11.00,"1753","1738",-15.00,0.00,0.00,"",0.00,198.00,178.00,159.00,1.00,1313.00,,,,,,
2016,7,4,1,2016-07-04,"AA",19805,"AA","2533",11638,"FAT","Fresno, CA","CA",11298,"DFW","Dallas/Fort Worth, TX","TX","1235","1355",80.00,80.00,10.00,8.00,"1753","1854",61.00,61.00,0.00,"",0.00,198.00,179.00,161.00,1.00,1313.00,3.00,0.00,0.00,0.00,58.00,
2016,7,5,2,2016-07-05,"AA",19805,"AA","2533",11638,"FAT","Fresno, CA","CA",11298,"DFW","Dallas/Fort Worth, TX","TX","1240","1325",45.00,45.00,16.00,11.00,"1758","1836",38.00,38.00,0.00,"",0.00,198.00,191.00,164.00,1.00,1313.00,0.00,0.00,0.00,0.00,38.00,
2016,7,6,3,2016-07-06,"AA",19805,"AA","2533",11638,"FAT","Fresno, CA","CA",11298,"DFW","Dallas/Fort Worth, TX","TX","1240","1236",-4.00,0.00,29.00,13.00,"1758","1759",1.00,1.00,0.00,"",0.00,198.00,203.00,161.00,1.00,1313.00,,,,,,
2016,7,7,4,2016-07-07,"AA",19805,"AA","2533",11638,"FAT","Fresno, CA","CA",11298,"DFW","Dallas/Fort Worth, TX","TX","1240","1236",-4.00,0.00,15.00,12.00,"1758","1747",-11.00,0.00,0.00,"",0.00,198.00,191.00,164.00,1.00,1313.00,,,,,,
2016,7,8,5,2016-07-08,"AA",19805,"AA","2533",11638,"FAT","Fresno, CA","CA",11298,"DFW","Dallas/Fort Worth, TX","TX","1240","1244",4.00,4.00,10.00,10.00,"1758","1749",-9.00,0.00,0.00,"",0.00,198.00,185.00,165.00,1.00,1313.00,,,,,,
2016,7,9,6,2016-07-09,"AA",19805,"AA","2533",11638,"FAT","Fresno, CA","CA",11298,"DFW","Dallas/Fort Worth, TX","TX","1240","1242",2.00,2.00,11.00,10.00,"1758","1833",35.00,35.00,0.00,"",0.00,198.00,231.00,210.00,1.00,1313.00,0.00,0.00,33.00,0.00,2.00,
2016,7,10,7,2016-07-10,"AA",19805,"AA","2533",11638,"FAT","Fresno, CA","CA",11298,"DFW","Dallas/Fort Worth, TX","TX","1240","1240",0.00,0.00,11.00,11.00,"1758","1741",-17.00,0.00,0.00,"",0.00,198.00,181.00,159.00,1.00,1313.00,,,,,,
2016,7,11,1,2016-07-11,"AA",19805,"AA","2533",11638,"FAT","Fresno, CA","CA",11298,"DFW","Dallas/Fort Worth, TX","TX","1240","1239",-1.00,0.00,10.00,13.00,"1758","1736",-22.00,0.00,0.00,"",0.00,198.00,177.00,154.00,1.00,1313.00,,,,,,
2016,7,12,2,2016-07-12,"AA",19805,"AA","2533",11638,"FAT","Fresno, CA","CA",11298,"DFW","Dallas/Fort Worth, TX","TX","1240","1412",92.00,92.00,11.00,15.00,"1758","1916",78.00,78.00,0.00,"",0.00,198.00,184.00,158.00,1.00,1313.00,6.00,0.00,0.00,0.00,72.00,
2016,7,13,3,2016-07-13,"AA",19805,"AA","2533",11638,"FAT","Fresno, CA","CA",11298,"DFW","Dallas/Fort Worth, TX","TX","1240","1413",93.00,93.00,13.00,12.00,"1758","1925",87.00,87.00,0.00,"",0.00,198.00,192.00,167.00,1.00,1313.00,0.00,0.00,0.00,0.00,87.00,
2016,7,14,4,2016-07-14,"AA",19805,"AA","2533",11638,"FAT","Fresno, CA","CA",11298,"DFW","Dallas/Fort Worth, TX","TX","1240","1413",93.00,93.00,11.00,13.00,"1758","1929",91.00,91.00,0.00,"",0.00,198.00,196.00,172.00,1.00,1313.00,0.00,0.00,0.00,0.00,91.00,
2016,7,15,5,2016-07-15,"AA",19805,"AA","2533",11638,"FAT","Fresno, CA","CA",11298,"DFW","Dallas/Fort Worth, TX","TX","1240","1428",108.00,108.00,9.00,8.00,"1758","1954",116.00,116.00,0.00,"",0.00,198.00,206.00,189.00,1.00,1313.00,0.00,0.00,8.00,0.00,108.00,
2016,7,16,6,2016-07-16,"AA",19805,"AA","2533",11638,"FAT","Fresno, CA","CA",11298,"DFW","Dallas/Fort Worth, TX","TX","1240","1304",24.00,24.00,9.00,8.00,"1758","1800",2.00,2.00,0.00,"",0.00,198.00,176.00,159.00,1.00,1313.00,,,,,,
2016,7,17,7,2016-07-17,"AA",19805,"AA","2533",11638,"FAT","Fresno, CA","CA",11298,"DFW","Dallas/Fort Worth, TX","TX","1240","1236",-4.00,0.00,11.00,9.00,"1758","1737",-21.00,0.00,0.00,"",0.00,198.00,181.00,161.00,1.00,1313.00,,,,,,
2016,7,18,1,2016-07-18,"AA",19805,"AA","2533",11638,"FAT","Fresno, CA","CA",11298,"DFW","Dallas/Fort Worth, TX","TX","1240","1239",-1.00,0.00,8.00,10.00,"1758","1754",-4.00,0.00,0.00,"",0.00,198.00,195.00,177.00,1.00,1313.00,,,,,,
2016,7,19,2,2016-07-19,"AA",19805,"AA","2533",11638,"FAT","Fresno, CA","CA",11298,"DFW","Dallas/Fort Worth, TX","TX","1240","1238",-2.00,0.00,16.00,9.00,"1758","1757",-1.00,0.00,0.00,"",0.00,198.00,199.00,174.00,1.00,1313.00,,,,,,
2016,7,20,3,2016-07-20,"AA",19805,"AA","2533",11638,"FAT","Fresno, CA","CA",11298,"DFW","Dallas/Fort Worth, TX","TX","1240","1237",-3.00,0.00,16.00,10.00,"1758","1753",-5.00,0.00,0.00,"",0.00,198.00,196.00,170.00,1.00,1313.00,,,,,,
2016,7,21,4,2016-07-21,"AA",19805,"AA","2533",11638,"FAT","Fresno, CA","CA",11298,"DFW","Dallas/Fort Worth, TX","TX","1240","1235",-5.00,0.00,10.00,11.00,"1758","1746",-12.00,0.00,0.00,"",0.00,198.00,191.00,170.00,1.00,1313.00,,,,,,
2016,7,22,5,2016-07-22,"AA",19805,"AA","2533",11638,"FAT","Fresno, CA","CA",11298,"DFW","Dallas/Fort Worth, TX","TX","1240","1241",1.00,1.00,16.00,9.00,"1758","1753",-5.00,0.00,0.00,"",0.00,198.00,192.00,167.00,1.00,1313.00,,,,,,
2016,7,23,6,2016-07-23,"AA",19805,"AA","2533",11638,"FAT","Fresno, CA","CA",11298,"DFW","Dallas/Fort Worth, TX","TX","1240","1237",-3.00,0.00,15.00,10.00,"1758","1748",-10.00,0.00,0.00,"",0.00,198.00,191.00,166.00,1.00,1313.00,,,,,,
2016,7,24,7,2016-07-24,"AA",19805,"AA","2533",11638,"FAT","Fresno, CA","CA",11298,"DFW","Dallas/Fort Worth, TX","TX","1240","1241",1.00,1.00,14.00,8.00,"1758","1744",-14.00,0.00,0.00,"",0.00,198.00,183.00,161.00,1.00,1313.00,,,,,,
2016,7,25,1,2016-07-25,"AA",19805,"AA","2533",11638,"FAT","Fresno, CA","CA",11298,"DFW","Dallas/Fort Worth, TX","TX","1240","1241",1.00,1.00,13.00,11.00,"1758","2102",,,0.00,"",1.00,198.00,,,1.00,1313.00,,,,,,
2016,7,26,2,2016-07-26,"AA",19805,"AA","2533",11638,"FAT","Fresno, CA","CA",11298,"DFW","Dallas/Fort Worth, TX","TX","1240","1238",-2.00,0.00,13.00,5.00,"1758","1803",5.00,5.00,0.00,"",0.00,198.00,205.00,187.00,1.00,1313.00,,,,,,
2016,7,27,3,2016-07-27,"AA",19805,"AA","2533",11638,"FAT","Fresno, CA","CA",11298,"DFW","Dallas/Fort Worth, TX","TX","1240","1409",89.00,89.00,47.00,11.00,"1758","1951",113.00,113.00,0.00,"",0.00,198.00,222.00,164.00,1.00,1313.00,0.00,89.00,24.00,0.00,0.00,
2016,7,28,4,2016-07-28,"AA",19805,"AA","2533",11638,"FAT","Fresno, CA","CA",11298,"DFW","Dallas/Fort Worth, TX","TX","1240","0638",1078.00,1078.00,8.00,13.00,"1758","1141",1063.00,1063.00,0.00,"",0.00,198.00,183.00,162.00,1.00,1313.00,1063.00,0.00,0.00,0.00,0.00,
2016,7,29,5,2016-07-29,"AA",19805,"AA","2533",11638,"FAT","Fresno, CA","CA",11298,"DFW","Dallas/Fort Worth, TX","TX","1240","1236",-4.00,0.00,19.00,15.00,"1758","1754",-4.00,0.00,0.00,"",0.00,198.00,198.00,164.00,1.00,1313.00,,,,,,
2016,7,30,6,2016-07-30,"AA",19805,"AA","2533",11638,"FAT","Fresno, CA","CA",11298,"DFW","Dallas/Fort Worth, TX","TX","1240","1250",10.00,10.00,16.00,12.00,"1758","1807",9.00,9.00,0.00,"",0.00,198.00,197.00,169.00,1.00,1313.00,,,,,,
2016,7,31,7,2016-07-31,"AA",19805,"AA","2533",11638,"FAT","Fresno, CA","CA",11298,"DFW","Dallas/Fort Worth, TX","TX","1240","1252",12.00,12.00,10.00,8.00,"1758","1754",-4.00,0.00,0.00,"",0.00,198.00,182.00,164.00,1.00,1313.00,,,,,,
2016,7,1,5,2016-07-01,"AA",19805,"AA","2535",11298,"DFW","Dallas/Fort Worth, TX","TX",13930,"ORD","Chicago, IL","IL","1510","1508",-2.00,0.00,11.00,22.00,"1735","1728",-7.00,0.00,0.00,"",0.00,145.00,140.00,107.00,1.00,802.00,,,,,,
2016,7,2,6,2016-07-02,"AA",19805,"AA","2535",11298,"DFW","Dallas/Fort Worth, TX","TX",13930,"ORD","Chicago, IL","IL","1510","1508",-2.00,0.00,10.00,15.00,"1735","1715",-20.00,0.00,0.00,"",0.00,145.00,127.00,102.00,1.00,802.00,,,,,,
2016,7,4,1,2016-07-04,"AA",19805,"AA","2535",11298,"DFW","Dallas/Fort Worth, TX","TX",13930,"ORD","Chicago, IL","IL","1510","1719",129.00,129.00,11.00,24.00,"1735","1944",129.00,129.00,0.00,"",0.00,145.00,145.00,110.00,1.00,802.00,0.00,0.00,0.00,0.00,129.00,
2016,7,5,2,2016-07-05,"AA",19805,"AA","2535",11298,"DFW","Dallas/Fort Worth, TX","TX",13930,"ORD","Chicago, IL","IL","1510","1641",91.00,91.00,12.00,28.00,"1735","1909",94.00,94.00,0.00,"",0.00,145.00,148.00,108.00,1.00,802.00,0.00,0.00,3.00,0.00,91.00,
2016,7,6,3,2016-07-06,"AA",19805,"AA","2535",11298,"DFW","Dallas/Fort Worth, TX","TX",13930,"ORD","Chicago, IL","IL","1510","1507",-3.00,0.00,11.00,29.00,"1735","1742",7.00,7.00,0.00,"",0.00,145.00,155.00,115.00,1.00,802.00,,,,,,
2016,7,7,4,2016-07-07,"AA",19805,"AA","2535",11298,"DFW","Dallas/Fort Worth, TX","TX",13930,"ORD","Chicago, IL","IL","1510","1505",-5.00,0.00,13.00,13.00,"1735","1720",-15.00,0.00,0.00,"",0.00,145.00,135.00,109.00,1.00,802.00,,,,,,
2016,7,8,5,2016-07-08,"AA",19805,"AA","2535",11298,"DFW","Dallas/Fort Worth, TX","TX",13930,"ORD","Chicago, IL","IL","1510","1540",30.00,30.00,16.00,16.00,"1735","1800",25.00,25.00,0.00,"",0.00,145.00,140.00,108.00,1.00,802.00,3.00,0.00,0.00,0.00,22.00,
2016,7,9,6,2016-07-09,"AA",19805,"AA","2535",11298,"DFW","Dallas/Fort Worth, TX","TX",13930,"ORD","Chicago, IL","IL","1510","1512",2.00,2.00,19.00,18.00,"1734","1737",3.00,3.00,0.00,"",0.00,144.00,145.00,108.00,1.00,802.00,,,,,,
2016,7,11,1,2016-07-11,"AA",19805,"AA","2535",11298,"DFW","Dallas/Fort Worth, TX","TX",13930,"ORD","Chicago, IL","IL","1510","1504",-6.00,0.00,15.00,22.00,"1735","1729",-6.00,0.00,0.00,"",0.00,145.00,145.00,108.00,1.00,802.00,,,,,,
2016,7,12,2,2016-07-12,"AA",19805,"AA","2535",11298,"DFW","Dallas/Fort Worth, TX","TX",13930,"ORD","Chicago, IL","IL","1510","1508",-2.00,0.00,22.00,13.00,"1735","1733",-2.00,0.00,0.00,"",0.00,145.00,145.00,110.00,1.00,802.00,,,,,,
2016,7,13,3,2016-07-13,"AA",19805,"AA","2535",11298,"DFW","Dallas/Fort Worth, TX","TX",13930,"ORD","Chicago, IL","IL","1510","1510",0.00,0.00,15.00,31.00,"1735","1900",85.00,85.00,0.00,"",0.00,145.00,230.00,184.00,1.00,802.00,0.00,0.00,85.00,0.00,0.00,
2016,7,14,4,2016-07-14,"AA",19805,"AA","2535",11298,"DFW","Dallas/Fort Worth, TX","TX",13930,"ORD","Chicago, IL","IL","1510","1511",1.00,1.00,12.00,16.00,"1735","1731",-4.00,0.00,0.00,"",0.00,145.00,140.00,112.00,1.00,802.00,,,,,,
2016,7,15,5,2016-07-15,"AA",19805,"AA","2535",11298,"DFW","Dallas/Fort Worth, TX","TX",13930,"ORD","Chicago, IL","IL","1510","1621",71.00,71.00,8.00,16.00,"1735","1832",57.00,57.00,0.00,"",0.00,145.00,131.00,107.00,1.00,802.00,7.00,0.00,0.00,0.00,50.00,
2016,7,16,6,2016-07-16,"AA",19805,"AA","2535",11298,"DFW","Dallas/Fort Worth, TX","TX",13930,"ORD","Chicago, IL","IL","1510","1709",119.00,119.00,15.00,50.00,"1734","2000",146.00,146.00,0.00,"",0.00,144.00,171.00,106.00,1.00,802.00,119.00,0.00,27.00,0.00,0.00,
2016,7,18,1,2016-07-18,"AA",19805,"AA","2535",11298,"DFW","Dallas/Fort Worth, TX","TX",13930,"ORD","Chicago, IL","IL","1510","1527",17.00,17.00,12.00,11.00,"1735","1731",-4.00,0.00,0.00,"",0.00,145.00,124.00,101.00,1.00,802.00,,,,,,
2016,7,19,2,2016-07-19,"AA",19805,"AA","2535",11298,"DFW","Dallas/Fort Worth, TX","TX",13930,"ORD","Chicago, IL","IL","1510","1509",-1.00,0.00,15.00,15.00,"1735","1731",-4.00,0.00,0.00,"",0.00,145.00,142.00,112.00,1.00,802.00,,,,,,
2016,7,20,3,2016-07-20,"AA",19805,"AA","2535",11298,"DFW","Dallas/Fort Worth, TX","TX",13930,"ORD","Chicago, IL","IL","1510","1543",33.00,33.00,11.00,12.00,"1735","1753",18.00,18.00,0.00,"",0.00,145.00,130.00,107.00,1.00,802.00,3.00,0.00,0.00,0.00,15.00,
2016,7,21,4,2016-07-21,"AA",19805,"AA","2535",11298,"DFW","Dallas/Fort Worth, TX","TX",13930,"ORD","Chicago, IL","IL","1510","1555",45.00,45.00,68.00,18.00,"1735","1925",110.00,110.00,0.00,"",0.00,145.00,210.00,124.00,1.00,802.00,0.00,0.00,69.00,0.00,41.00,
2016,7,22,5,2016-07-22,"AA",19805,"AA","2535",11298,"DFW","Dallas/Fort Worth, TX","TX",13930,"ORD","Chicago, IL","IL","1510","1514",4.00,4.00,14.00,18.00,"1735","1739",4.00,4.00,0.00,"",0.00,145.00,145.00,113.00,1.00,802.00,,,,,,
2016,7,23,6,2016-07-23,"AA",19805,"AA","2535",11298,"DFW","Dallas/Fort Worth, TX","TX",13930,"ORD","Chicago, IL","IL","1510","1505",-5.00,0.00,14.00,13.00,"1734","1725",-9.00,0.00,0.00,"",0.00,144.00,140.00,113.00,1.00,802.00,,,,,,
2016,7,25,1,2016-07-25,"AA",19805,"AA","2535",11298,"DFW","Dallas/Fort Worth, TX","TX",13930,"ORD","Chicago, IL","IL","1510","1837",207.00,207.00,26.00,20.00,"1735","2121",226.00,226.00,0.00,"",0.00,145.00,164.00,118.00,1.00,802.00,207.00,0.00,19.00,0.00,0.00,
2016,7,26,2,2016-07-26,"AA",19805,"AA","2535",11298,"DFW","Dallas/Fort Worth, TX","TX",13930,"ORD","Chicago, IL","IL","1510","1512",2.00,2.00,28.00,12.00,"1735","1743",8.00,8.00,0.00,"",0.00,145.00,151.00,111.00,1.00,802.00,,,,,,
2016,7,27,3,2016-07-27,"AA",19805,"AA","2535",11298,"DFW","Dallas/Fort Worth, TX","TX",13930,"ORD","Chicago, IL","IL","1510","1621",71.00,71.00,36.00,19.00,"1735","1901",86.00,86.00,0.00,"",0.00,145.00,160.00,105.00,1.00,802.00,0.00,59.00,15.00,0.00,12.00,
2016,7,28,4,2016-07-28,"AA",19805,"AA","2535",11298,"DFW","Dallas/Fort Worth, TX","TX",13930,"ORD","Chicago, IL","IL","1510","1718",128.00,128.00,33.00,35.00,"1735","2009",154.00,154.00,0.00,"",0.00,145.00,171.00,103.00,1.00,802.00,0.00,0.00,109.00,0.00,45.00,
2016,7,29,5,2016-07-29,"AA",19805,"AA","2535",11298,"DFW","Dallas/Fort Worth, TX","TX",13930,"ORD","Chicago, IL","IL","1510","1916",246.00,246.00,18.00,27.00,"1735","2147",252.00,252.00,0.00,"",0.00,145.00,151.00,106.00,1.00,802.00,0.00,0.00,12.00,0.00,240.00,
2016,7,30,6,2016-07-30,"AA",19805,"AA","2535",11298,"DFW","Dallas/Fort Worth, TX","TX",13930,"ORD","Chicago, IL","IL","1510","1522",12.00,12.00,17.00,12.00,"1734","1741",7.00,7.00,0.00,"",0.00,144.00,139.00,110.00,1.00,802.00,,,,,,
2016,7,24,7,2016-07-24,"AA",19805,"AA","2535",11298,"DFW","Dallas/Fort Worth, TX","TX",14747,"SEA","Seattle, WA","WA","2350","0016",26.00,26.00,10.00,9.00,"0158","0158",0.00,0.00,0.00,"",0.00,248.00,222.00,203.00,1.00,1660.00,,,,,,
2016,7,1,5,2016-07-01,"AA",19805,"AA","2536",12264,"IAD","Washington, DC","VA",13303,"MIA","Miami, FL","FL","1740","",,,,,"2041","",,,1.00,"B",0.00,181.00,,,1.00,921.00,,,,,,
2016,7,2,6,2016-07-02,"AA",19805,"AA","2536",12264,"IAD","Washington, DC","VA",13303,"MIA","Miami, FL","FL","1740","1831",51.00,51.00,23.00,9.00,"2041","2112",31.00,31.00,0.00,"",0.00,181.00,161.00,129.00,1.00,921.00,29.00,0.00,0.00,0.00,2.00,
2016,7,3,7,2016-07-03,"AA",19805,"AA","2536",12264,"IAD","Washington, DC","VA",13303,"MIA","Miami, FL","FL","1740","1748",8.00,8.00,44.00,27.00,"2041","2110",29.00,29.00,0.00,"",0.00,181.00,202.00,131.00,1.00,921.00,0.00,0.00,21.00,0.00,8.00,
2016,7,4,1,2016-07-04,"AA",19805,"AA","2536",12264,"IAD","Washington, DC","VA",13303,"MIA","Miami, FL","FL","1740","1737",-3.00,0.00,19.00,5.00,"2041","2011",-30.00,0.00,0.00,"",0.00,181.00,154.00,130.00,1.00,921.00,,,,,,
2016,7,5,2,2016-07-05,"AA",19805,"AA","2536",12264,"IAD","Washington, DC","VA",13303,"MIA","Miami, FL","FL","1740","1734",-6.00,0.00,74.00,7.00,"2041","2112",31.00,31.00,0.00,"",0.00,181.00,218.00,137.00,1.00,921.00,0.00,0.00,31.00,0.00,0.00,
2016,7,6,3,2016-07-06,"AA",19805,"AA","2536",12264,"IAD","Washington, DC","VA",13303,"MIA","Miami, FL","FL","1740","1905",85.00,85.00,25.00,8.00,"2041","2154",73.00,73.00,0.00,"",0.00,181.00,169.00,136.00,1.00,921.00,0.00,0.00,0.00,0.00,73.00,
2016,7,7,4,2016-07-07,"AA",19805,"AA","2536",12264,"IAD","Washington, DC","VA",13303,"MIA","Miami, FL","FL","1740","1739",-1.00,0.00,21.00,24.00,"2041","2034",-7.00,0.00,0.00,"",0.00,181.00,175.00,130.00,1.00,921.00,,,,,,
2016,7,8,5,2016-07-08,"AA",19805,"AA","2536",12264,"IAD","Washington, DC","VA",13303,"MIA","Miami, FL","FL","1740","1930",110.00,110.00,20.00,6.00,"2041","2218",97.00,97.00,0.00,"",0.00,181.00,168.00,142.00,1.00,921.00,4.00,0.00,0.00,0.00,93.00,
2016,7,9,6,2016-07-09,"AA",19805,"AA","2536",12264,"IAD","Washington, DC","VA",13303,"MIA","Miami, FL","FL","1740","1734",-6.00,0.00,19.00,29.00,"2041","2032",-9.00,0.00,0.00,"",0.00,181.00,178.00,130.00,1.00,921.00,,,,,,
2016,7,10,7,2016-07-10,"AA",19805,"AA","2536",12264,"IAD","Washington, DC","VA",13303,"MIA","Miami, FL","FL","1740","1732",-8.00,0.00,30.00,10.00,"2041","2028",-13.00,0.00,0.00,"",0.00,181.00,176.00,136.00,1.00,921.00,,,,,,
2016,7,11,1,2016-07-11,"AA",19805,"AA","2536",12264,"IAD","Washington, DC","VA",13303,"MIA","Miami, FL","FL","1740","1731",-9.00,0.00,24.00,30.00,"2041","2038",-3.00,0.00,0.00,"",0.00,181.00,187.00,133.00,1.00,921.00,,,,,,
2016,7,12,2,2016-07-12,"AA",19805,"AA","2536",12264,"IAD","Washington, DC","VA",13303,"MIA","Miami, FL","FL","1740","1735",-5.00,0.00,26.00,20.00,"2041","2040",-1.00,0.00,0.00,"",0.00,181.00,185.00,139.00,1.00,921.00,,,,,,
2016,7,13,3,2016-07-13,"AA",19805,"AA","2536",12264,"IAD","Washington, DC","VA",13303,"MIA","Miami, FL","FL","1740","1817",37.00,37.00,26.00,15.00,"2041","2127",46.00,46.00,0.00,"",0.00,181.00,190.00,149.00,1.00,921.00,36.00,0.00,9.00,0.00,1.00,
2016,7,14,4,2016-07-14,"AA",19805,"AA","2536",12264,"IAD","Washington, DC","VA",13303,"MIA","Miami, FL","FL","1740","1736",-4.00,0.00,19.00,20.00,"2041","2032",-9.00,0.00,0.00,"",0.00,181.00,176.00,137.00,1.00,921.00,,,,,,
2016,7,15,5,2016-07-15,"AA",19805,"AA","2536",12264,"IAD","Washington, DC","VA",13303,"MIA","Miami, FL","FL","1740","1745",5.00,5.00,23.00,11.00,"2041","2025",-16.00,0.00,0.00,"",0.00,181.00,160.00,126.00,1.00,921.00,,,,,,
2016,7,16,6,2016-07-16,"AA",19805,"AA","2536",12264,"IAD","Washington, DC","VA",13303,"MIA","Miami, FL","FL","1740","1810",30.00,30.00,39.00,11.00,"2041","2120",39.00,39.00,0.00,"",0.00,181.00,190.00,140.00,1.00,921.00,0.00,30.00,9.00,0.00,0.00,
2016,7,17,7,2016-07-17,"AA",19805,"AA","2536",12264,"IAD","Washington, DC","VA",13303,"MIA","Miami, FL","FL","1740","1736",-4.00,0.00,29.00,24.00,"2041","2034",-7.00,0.00,0.00,"",0.00,181.00,178.00,125.00,1.00,921.00,,,,,,
2016,7,18,1,2016-07-18,"AA",19805,"AA","2536",12264,"IAD","Washington, DC","VA",13303,"MIA","Miami, FL","FL","1740","1804",24.00,24.00,25.00,12.00,"2041","2054",13.00,13.00,0.00,"",0.00,181.00,170.00,133.00,1.00,921.00,,,,,,
2016,7,19,2,2016-07-19,"AA",19805,"AA","2536",12264,"IAD","Washington, DC","VA",13303,"MIA","Miami, FL","FL","1740","1752",12.00,12.00,49.00,8.00,"2041","2104",23.00,23.00,0.00,"",0.00,181.00,192.00,135.00,1.00,921.00,5.00,0.00,11.00,0.00,7.00,
2016,7,20,3,2016-07-20,"AA",19805,"AA","2536",12264,"IAD","Washington, DC","VA",13303,"MIA","Miami, FL","FL","1740","1750",10.00,10.00,40.00,15.00,"2041","2049",8.00,8.00,0.00,"",0.00,181.00,179.00,124.00,1.00,921.00,,,,,,
2016,7,21,4,2016-07-21,"AA",19805,"AA","2536",12264,"IAD","Washington, DC","VA",13303,"MIA","Miami, FL","FL","1740","1845",65.00,65.00,31.00,7.00,"2041","2125",44.00,44.00,0.00,"",0.00,181.00,160.00,122.00,1.00,921.00,0.00,0.00,0.00,0.00,44.00,
2016,7,22,5,2016-07-22,"AA",19805,"AA","2536",12264,"IAD","Washington, DC","VA",13303,"MIA","Miami, FL","FL","1740","1737",-3.00,0.00,38.00,7.00,"2041","2026",-15.00,0.00,0.00,"",0.00,181.00,169.00,124.00,1.00,921.00,,,,,,
2016,7,23,6,2016-07-23,"AA",19805,"AA","2536",12264,"IAD","Washington, DC","VA",13303,"MIA","Miami, FL","FL","1740","1909",89.00,89.00,15.00,6.00,"2041","2132",51.00,51.00,0.00,"",0.00,181.00,143.00,122.00,1.00,921.00,13.00,0.00,0.00,0.00,38.00,
2016,7,24,7,2016-07-24,"AA",19805,"AA","2536",12264,"IAD","Washington, DC","VA",13303,"MIA","Miami, FL","FL","1740","1817",37.00,37.00,18.00,8.00,"2041","2046",5.00,5.00,0.00,"",0.00,181.00,149.00,123.00,1.00,921.00,,,,,,
2016,7,25,1,2016-07-25,"AA",19805,"AA","2536",12264,"IAD","Washington, DC","VA",13303,"MIA","Miami, FL","FL","1740","1742",2.00,2.00,44.00,33.00,"2041","2112",31.00,31.00,0.00,"",0.00,181.00,210.00,133.00,1.00,921.00,0.00,0.00,29.00,0.00,2.00,
2016,7,26,2,2016-07-26,"AA",19805,"AA","2536",12264,"IAD","Washington, DC","VA",13303,"MIA","Miami, FL","FL","1740","1740",0.00,0.00,23.00,17.00,"2041","2030",-11.00,0.00,0.00,"",0.00,181.00,170.00,130.00,1.00,921.00,,,,,,
2016,7,27,3,2016-07-27,"AA",19805,"AA","2536",12264,"IAD","Washington, DC","VA",13303,"MIA","Miami, FL","FL","1740","1828",48.00,48.00,27.00,8.00,"2041","2127",46.00,46.00,0.00,"",0.00,181.00,179.00,144.00,1.00,921.00,0.00,46.00,0.00,0.00,0.00,
2016,7,28,4,2016-07-28,"AA",19805,"AA","2536",12264,"IAD","Washington, DC","VA",13303,"MIA","Miami, FL","FL","1740","1855",75.00,75.00,152.00,4.00,"2041","2347",186.00,186.00,0.00,"",0.00,181.00,292.00,136.00,1.00,921.00,0.00,0.00,111.00,0.00,75.00,
2016,7,29,5,2016-07-29,"AA",19805,"AA","2536",12264,"IAD","Washington, DC","VA",13303,"MIA","Miami, FL","FL","1740","1803",23.00,23.00,35.00,6.00,"2041","2051",10.00,10.00,0.00,"",0.00,181.00,168.00,127.00,1.00,921.00,,,,,,
2016,7,30,6,2016-07-30,"AA",19805,"AA","2536",12264,"IAD","Washington, DC","VA",13303,"MIA","Miami, FL","FL","1740","1744",4.00,4.00,138.00,5.00,"2041","2218",97.00,97.00,0.00,"",0.00,181.00,274.00,131.00,1.00,921.00,0.00,4.00,93.00,0.00,0.00,
2016,7,31,7,2016-07-31,"AA",19805,"AA","2536",12264,"IAD","Washington, DC","VA",13303,"MIA","Miami, FL","FL","1740","1840",60.00,60.00,52.00,26.00,"2041","2218",97.00,97.00,0.00,"",0.00,181.00,218.00,140.00,1.00,921.00,1.00,0.00,37.00,0.00,59.00,
2016,7,1,5,2016-07-01,"AA",19805,"AA","2536",13303,"MIA","Miami, FL","FL",12264,"IAD","Washington, DC","VA","1417","1605",108.00,108.00,22.00,10.00,"1649","1845",116.00,116.00,0.00,"",0.00,152.00,160.00,128.00,1.00,921.00,108.00,0.00,8.00,0.00,0.00,
2016,7,2,6,2016-07-02,"AA",19805,"AA","2536",13303,"MIA","Miami, FL","FL",12264,"IAD","Washington, DC","VA","1417","1419",2.00,2.00,34.00,6.00,"1649","1659",10.00,10.00,0.00,"",0.00,152.00,160.00,120.00,1.00,921.00,,,,,,
2016,7,3,7,2016-07-03,"AA",19805,"AA","2536",13303,"MIA","Miami, FL","FL",12264,"IAD","Washington, DC","VA","1417","1448",31.00,31.00,14.00,6.00,"1649","1711",22.00,22.00,0.00,"",0.00,152.00,143.00,123.00,1.00,921.00,0.00,22.00,0.00,0.00,0.00,
2016,7,4,1,2016-07-04,"AA",19805,"AA","2536",13303,"MIA","Miami, FL","FL",12264,"IAD","Washington, DC","VA","1417","1413",-4.00,0.00,20.00,4.00,"1649","1648",-1.00,0.00,0.00,"",0.00,152.00,155.00,131.00,1.00,921.00,,,,,,
2016,7,5,2,2016-07-05,"AA",19805,"AA","2536",13303,"MIA","Miami, FL","FL",12264,"IAD","Washington, DC","VA","1417","1410",-7.00,0.00,14.00,6.00,"1649","1629",-20.00,0.00,0.00,"",0.00,152.00,139.00,119.00,1.00,921.00,,,,,,
2016,7,6,3,2016-07-06,"AA",19805,"AA","2536",13303,"MIA","Miami, FL","FL",12264,"IAD","Washington, DC","VA","1417","1605",108.00,108.00,23.00,4.00,"1649","1826",97.00,97.00,0.00,"",0.00,152.00,141.00,114.00,1.00,921.00,97.00,0.00,0.00,0.00,0.00,
2016,7,7,4,2016-07-07,"AA",19805,"AA","2536",13303,"MIA","Miami, FL","FL",12264,"IAD","Washington, DC","VA","1417","1417",0.00,0.00,12.00,4.00,"1649","1631",-18.00,0.00,0.00,"",0.00,152.00,134.00,118.00,1.00,921.00,,,,,,
2016,7,8,5,2016-07-08,"AA",19805,"AA","2536",13303,"MIA","Miami, FL","FL",12264,"IAD","Washington, DC","VA","1417","1618",121.00,121.00,14.00,8.00,"1649","1841",112.00,112.00,0.00,"",0.00,152.00,143.00,121.00,1.00,921.00,45.00,0.00,0.00,0.00,67.00,
2016,7,9,6,2016-07-09,"AA",19805,"AA","2536",13303,"MIA","Miami, FL","FL",12264,"IAD","Washington, DC","VA","1417","1413",-4.00,0.00,11.00,5.00,"1649","1624",-25.00,0.00,0.00,"",0.00,152.00,131.00,115.00,1.00,921.00,,,,,,
2016,7,10,7,2016-07-10,"AA",19805,"AA","2536",13303,"MIA","Miami, FL","FL",12264,"IAD","Washington, DC","VA","1417","1411",-6.00,0.00,10.00,6.00,"1649","1625",-24.00,0.00,0.00,"",0.00,152.00,134.00,118.00,1.00,921.00,,,,,,
2016,7,11,1,2016-07-11,"AA",19805,"AA","2536",13303,"MIA","Miami, FL","FL",12264,"IAD","Washington, DC","VA","1417","1413",-4.00,0.00,15.00,6.00,"1649","1633",-16.00,0.00,0.00,"",0.00,152.00,140.00,119.00,1.00,921.00,,,,,,
2016,7,12,2,2016-07-12,"AA",19805,"AA","2536",13303,"MIA","Miami, FL","FL",12264,"IAD","Washington, DC","VA","1417","1409",-8.00,0.00,18.00,9.00,"1649","1650",1.00,1.00,0.00,"",0.00,152.00,161.00,134.00,1.00,921.00,,,,,,
2016,7,13,3,2016-07-13,"AA",19805,"AA","2536",13303,"MIA","Miami, FL","FL",12264,"IAD","Washington, DC","VA","1417","1417",0.00,0.00,24.00,11.00,"1649","1656",7.00,7.00,0.00,"",0.00,152.00,159.00,124.00,1.00,921.00,,,,,,
2016,7,14,4,2016-07-14,"AA",19805,"AA","2536",13303,"MIA","Miami, FL","FL",12264,"IAD","Washington, DC","VA","1417","1410",-7.00,0.00,22.00,6.00,"1649","1641",-8.00,0.00,0.00,"",0.00,152.00,151.00,123.00,1.00,921.00,,,,,,
2016,7,15,5,2016-07-15,"AA",19805,"AA","2536",13303,"MIA","Miami, FL","FL",12264,"IAD","Washington, DC","VA","1417","1415",-2.00,0.00,23.00,5.00,"1649","1645",-4.00,0.00,0.00,"",0.00,152.00,150.00,122.00,1.00,921.00,,,,,,
2016,7,16,6,2016-07-16,"AA",19805,"AA","2536",13303,"MIA","Miami, FL","FL",12264,"IAD","Washington, DC","VA","1417","1410",-7.00,0.00,15.00,5.00,"1649","1643",-6.00,0.00,0.00,"",0.00,152.00,153.00,133.00,1.00,921.00,,,,,,
2016,7,17,7,2016-07-17,"AA",19805,"AA","2536",13303,"MIA","Miami, FL","FL",12264,"IAD","Washington, DC","VA","1417","1411",-6.00,0.00,17.00,5.00,"1649","1634",-15.00,0.00,0.00,"",0.00,152.00,143.00,121.00,1.00,921.00,,,,,,
2016,7,18,1,2016-07-18,"AA",19805,"AA","2536",13303,"MIA","Miami, FL","FL",12264,"IAD","Washington, DC","VA","1417","1424",7.00,7.00,19.00,4.00,"1649","1717",28.00,28.00,0.00,"",0.00,152.00,173.00,150.00,1.00,921.00,0.00,0.00,28.00,0.00,0.00,
2016,7,19,2,2016-07-19,"AA",19805,"AA","2536",13303,"MIA","Miami, FL","FL",12264,"IAD","Washington, DC","VA","1417","1414",-3.00,0.00,17.00,5.00,"1649","1702",13.00,13.00,0.00,"",0.00,152.00,168.00,146.00,1.00,921.00,,,,,,
2016,7,20,3,2016-07-20,"AA",19805,"AA","2536",13303,"MIA","Miami, FL","FL",12264,"IAD","Washington, DC","VA","1417","1412",-5.00,0.00,20.00,6.00,"1649","1646",-3.00,0.00,0.00,"",0.00,152.00,154.00,128.00,1.00,921.00,,,,,,
2016,7,21,4,2016-07-21,"AA",19805,"AA","2536",13303,"MIA","Miami, FL","FL",12264,"IAD","Washington, DC","VA","1417","1530",73.00,73.00,15.00,7.00,"1649","1802",73.00,73.00,0.00,"",0.00,152.00,152.00,130.00,1.00,921.00,60.00,0.00,0.00,0.00,13.00,
2016,7,22,5,2016-07-22,"AA",19805,"AA","2536",13303,"MIA","Miami, FL","FL",12264,"IAD","Washington, DC","VA","1417","1414",-3.00,0.00,15.00,7.00,"1649","1646",-3.00,0.00,0.00,"",0.00,152.00,152.00,130.00,1.00,921.00,,,,,,
2016,7,23,6,2016-07-23,"AA",19805,"AA","2536",13303,"MIA","Miami, FL","FL",12264,"IAD","Washington, DC","VA","1417","1529",72.00,72.00,17.00,6.00,"1649","1802",73.00,73.00,0.00,"",0.00,152.00,153.00,130.00,1.00,921.00,0.00,65.00,1.00,0.00,7.00,
2016,7,24,7,2016-07-24,"AA",19805,"AA","2536",13303,"MIA","Miami, FL","FL",12264,"IAD","Washington, DC","VA","1417","1503",46.00,46.00,10.00,5.00,"1649","1721",32.00,32.00,0.00,"",0.00,152.00,138.00,123.00,1.00,921.00,0.00,0.00,0.00,0.00,32.00,
2016,7,25,1,2016-07-25,"AA",19805,"AA","2536",13303,"MIA","Miami, FL","FL",12264,"IAD","Washington, DC","VA","1417","1411",-6.00,0.00,31.00,9.00,"1649","1659",10.00,10.00,0.00,"",0.00,152.00,168.00,128.00,1.00,921.00,,,,,,
2016,7,26,2,2016-07-26,"AA",19805,"AA","2536",13303,"MIA","Miami, FL","FL",12264,"IAD","Washington, DC","VA","1417","1412",-5.00,0.00,16.00,6.00,"1649","1638",-11.00,0.00,0.00,"",0.00,152.00,146.00,124.00,1.00,921.00,,,,,,
2016,7,27,3,2016-07-27,"AA",19805,"AA","2536",13303,"MIA","Miami, FL","FL",12264,"IAD","Washington, DC","VA","1417","1411",-6.00,0.00,19.00,6.00,"1649","1652",3.00,3.00,0.00,"",0.00,152.00,161.00,136.00,1.00,921.00,,,,,,
2016,7,28,4,2016-07-28,"AA",19805,"AA","2536",13303,"MIA","Miami, FL","FL",12264,"IAD","Washington, DC","VA","1417","1418",1.00,1.00,106.00,5.00,"1649","1810",81.00,81.00,0.00,"",0.00,152.00,232.00,121.00,1.00,921.00,0.00,0.00,81.00,0.00,0.00,
2016,7,29,5,2016-07-29,"AA",19805,"AA","2536",13303,"MIA","Miami, FL","FL",12264,"IAD","Washington, DC","VA","1417","1504",47.00,47.00,11.00,5.00,"1649","1722",33.00,33.00,0.00,"",0.00,152.00,138.00,122.00,1.00,921.00,0.00,18.00,0.00,0.00,15.00,
2016,7,30,6,2016-07-30,"AA",19805,"AA","2536",13303,"MIA","Miami, FL","FL",12264,"IAD","Washington, DC","VA","1417","1423",6.00,6.00,17.00,8.00,"1649","1653",4.00,4.00,0.00,"",0.00,152.00,150.00,125.00,1.00,921.00,,,,,,
2016,7,31,7,2016-07-31,"AA",19805,"AA","2536",13303,"MIA","Miami, FL","FL",12264,"IAD","Washington, DC","VA","1417","1453",36.00,36.00,21.00,8.00,"1649","1754",65.00,65.00,0.00,"",0.00,152.00,181.00,152.00,1.00,921.00,0.00,0.00,29.00,0.00,36.00,
2016,7,1,5,2016-07-01,"AA",19805,"AA","2537",14771,"SFO","San Francisco, CA","CA",13930,"ORD","Chicago, IL","IL","0500","0509",9.00,9.00,13.00,13.00,"1112","1113",1.00,1.00,0.00,"",0.00,252.00,244.00,218.00,1.00,1846.00,,,,,,
2016,7,2,6,2016-07-02,"AA",19805,"AA","2537",14771,"SFO","San Francisco, CA","CA",13930,"ORD","Chicago, IL","IL","0500","0455",-5.00,0.00,16.00,17.00,"1112","1100",-12.00,0.00,0.00,"",0.00,252.00,245.00,212.00,1.00,1846.00,,,,,,
2016,7,3,7,2016-07-03,"AA",19805,"AA","2537",14771,"SFO","San Francisco, CA","CA",13930,"ORD","Chicago, IL","IL","0500","0454",-6.00,0.00,13.00,13.00,"1112","1104",-8.00,0.00,0.00,"",0.00,252.00,250.00,224.00,1.00,1846.00,,,,,,
2016,7,4,1,2016-07-04,"AA",19805,"AA","2537",14771,"SFO","San Francisco, CA","CA",13930,"ORD","Chicago, IL","IL","0500","0455",-5.00,0.00,14.00,4.00,"1112","1054",-18.00,0.00,0.00,"",0.00,252.00,239.00,221.00,1.00,1846.00,,,,,,
2016,7,5,2,2016-07-05,"AA",19805,"AA","2537",14771,"SFO","San Francisco, CA","CA",13930,"ORD","Chicago, IL","IL","0500","0456",-4.00,0.00,14.00,10.00,"1112","1106",-6.00,0.00,0.00,"",0.00,252.00,250.00,226.00,1.00,1846.00,,,,,,
2016,7,6,3,2016-07-06,"AA",19805,"AA","2537",14771,"SFO","San Francisco, CA","CA",13930,"ORD","Chicago, IL","IL","0500","0453",-7.00,0.00,14.00,16.00,"1112","1058",-14.00,0.00,0.00,"",0.00,252.00,245.00,215.00,1.00,1846.00,,,,,,
2016,7,7,4,2016-07-07,"AA",19805,"AA","2537",14771,"SFO","San Francisco, CA","CA",13930,"ORD","Chicago, IL","IL","0500","0507",7.00,7.00,19.00,16.00,"1112","1128",16.00,16.00,0.00,"",0.00,252.00,261.00,226.00,1.00,1846.00,7.00,0.00,9.00,0.00,0.00,
2016,7,8,5,2016-07-08,"AA",19805,"AA","2537",14771,"SFO","San Francisco, CA","CA",13930,"ORD","Chicago, IL","IL","0500","0454",-6.00,0.00,10.00,14.00,"1112","1100",-12.00,0.00,0.00,"",0.00,252.00,246.00,222.00,1.00,1846.00,,,,,,
2016,7,9,6,2016-07-09,"AA",19805,"AA","2537",14771,"SFO","San Francisco, CA","CA",13930,"ORD","Chicago, IL","IL","0500","0504",4.00,4.00,10.00,13.00,"1112","1101",-11.00,0.00,0.00,"",0.00,252.00,237.00,214.00,1.00,1846.00,,,,,,
2016,7,10,7,2016-07-10,"AA",19805,"AA","2537",14771,"SFO","San Francisco, CA","CA",13930,"ORD","Chicago, IL","IL","0500","0452",-8.00,0.00,13.00,14.00,"1112","1047",-25.00,0.00,0.00,"",0.00,252.00,235.00,208.00,1.00,1846.00,,,,,,
2016,7,11,1,2016-07-11,"AA",19805,"AA","2537",14771,"SFO","San Francisco, CA","CA",13930,"ORD","Chicago, IL","IL","0500","0509",9.00,9.00,20.00,15.00,"1112","1112",0.00,0.00,0.00,"",0.00,252.00,243.00,208.00,1.00,1846.00,,,,,,
2016,7,12,2,2016-07-12,"AA",19805,"AA","2537",14771,"SFO","San Francisco, CA","CA",13930,"ORD","Chicago, IL","IL","0500","0501",1.00,1.00,12.00,14.00,"1112","1104",-8.00,0.00,0.00,"",0.00,252.00,243.00,217.00,1.00,1846.00,,,,,,
2016,7,13,3,2016-07-13,"AA",19805,"AA","2537",14771,"SFO","San Francisco, CA","CA",13930,"ORD","Chicago, IL","IL","0500","0456",-4.00,0.00,13.00,14.00,"1112","1056",-16.00,0.00,0.00,"",0.00,252.00,240.00,213.00,1.00,1846.00,,,,,,
2016,7,14,4,2016-07-14,"AA",19805,"AA","2537",14771,"SFO","San Francisco, CA","CA",13930,"ORD","Chicago, IL","IL","0500","0457",-3.00,0.00,16.00,13.00,"1112","1051",-21.00,0.00,0.00,"",0.00,252.00,234.00,205.00,1.00,1846.00,,,,,,
2016,7,15,5,2016-07-15,"AA",19805,"AA","2537",14771,"SFO","San Francisco, CA","CA",13930,"ORD","Chicago, IL","IL","0500","0458",-2.00,0.00,16.00,12.00,"1112","1101",-11.00,0.00,0.00,"",0.00,252.00,243.00,215.00,1.00,1846.00,,,,,,
2016,7,16,6,2016-07-16,"AA",19805,"AA","2537",14771,"SFO","San Francisco, CA","CA",13930,"ORD","Chicago, IL","IL","0500","0459",-1.00,0.00,16.00,17.00,"1112","1059",-13.00,0.00,0.00,"",0.00,252.00,240.00,207.00,1.00,1846.00,,,,,,
2016,7,17,7,2016-07-17,"AA",19805,"AA","2537",14771,"SFO","San Francisco, CA","CA",13930,"ORD","Chicago, IL","IL","0500","0508",8.00,8.00,10.00,14.00,"1112","1059",-13.00,0.00,0.00,"",0.00,252.00,231.00,207.00,1.00,1846.00,,,,,,
2016,7,18,1,2016-07-18,"AA",19805,"AA","2537",14771,"SFO","San Francisco, CA","CA",13930,"ORD","Chicago, IL","IL","0500","0451",-9.00,0.00,13.00,25.00,"1112","1053",-19.00,0.00,0.00,"",0.00,252.00,242.00,204.00,1.00,1846.00,,,,,,
2016,7,19,2,2016-07-19,"AA",19805,"AA","2537",14771,"SFO","San Francisco, CA","CA",13930,"ORD","Chicago, IL","IL","0500","0456",-4.00,0.00,14.00,19.00,"1112","1112",0.00,0.00,0.00,"",0.00,252.00,256.00,223.00,1.00,1846.00,,,,,,
2016,7,20,3,2016-07-20,"AA",19805,"AA","2537",14771,"SFO","San Francisco, CA","CA",13930,"ORD","Chicago, IL","IL","0500","0457",-3.00,0.00,14.00,14.00,"1112","1105",-7.00,0.00,0.00,"",0.00,252.00,248.00,220.00,1.00,1846.00,,,,,,
2016,7,21,4,2016-07-21,"AA",19805,"AA","2537",14771,"SFO","San Francisco, CA","CA",13930,"ORD","Chicago, IL","IL","0500","0456",-4.00,0.00,13.00,12.00,"1112","1105",-7.00,0.00,0.00,"",0.00,252.00,249.00,224.00,1.00,1846.00,,,,,,
2016,7,22,5,2016-07-22,"AA",19805,"AA","2537",14771,"SFO","San Francisco, CA","CA",13930,"ORD","Chicago, IL","IL","0500","0455",-5.00,0.00,14.00,9.00,"1112","1052",-20.00,0.00,0.00,"",0.00,252.00,237.00,214.00,1.00,1846.00,,,,,,
2016,7,23,6,2016-07-23,"AA",19805,"AA","2537",14771,"SFO","San Francisco, CA","CA",13930,"ORD","Chicago, IL","IL","0500","0455",-5.00,0.00,11.00,13.00,"1112","1058",-14.00,0.00,0.00,"",0.00,252.00,243.00,219.00,1.00,1846.00,,,,,,
2016,7,24,7,2016-07-24,"AA",19805,"AA","2537",14771,"SFO","San Francisco, CA","CA",13930,"ORD","Chicago, IL","IL","0500","0458",-2.00,0.00,10.00,11.00,"1112","1040",-32.00,0.00,0.00,"",0.00,252.00,222.00,201.00,1.00,1846.00,,,,,,
2016,7,25,1,2016-07-25,"AA",19805,"AA","2537",14771,"SFO","San Francisco, CA","CA",13930,"ORD","Chicago, IL","IL","0500","0511",11.00,11.00,12.00,12.00,"1112","1103",-9.00,0.00,0.00,"",0.00,252.00,232.00,208.00,1.00,1846.00,,,,,,
2016,7,26,2,2016-07-26,"AA",19805,"AA","2537",14771,"SFO","San Francisco, CA","CA",13930,"ORD","Chicago, IL","IL","0500","0455",-5.00,0.00,10.00,12.00,"1112","1047",-25.00,0.00,0.00,"",0.00,252.00,232.00,210.00,1.00,1846.00,,,,,,
2016,7,27,3,2016-07-27,"AA",19805,"AA","2537",14771,"SFO","San Francisco, CA","CA",13930,"ORD","Chicago, IL","IL","0500","0518",18.00,18.00,17.00,11.00,"1112","1126",14.00,14.00,0.00,"",0.00,252.00,248.00,220.00,1.00,1846.00,,,,,,
2016,7,28,4,2016-07-28,"AA",19805,"AA","2537",14771,"SFO","San Francisco, CA","CA",13930,"ORD","Chicago, IL","IL","0500","0457",-3.00,0.00,17.00,9.00,"1112","1100",-12.00,0.00,0.00,"",0.00,252.00,243.00,217.00,1.00,1846.00,,,,,,
2016,7,29,5,2016-07-29,"AA",19805,"AA","2537",14771,"SFO","San Francisco, CA","CA",13930,"ORD","Chicago, IL","IL","0500","",,,,,"1112","",,,1.00,"B",0.00,252.00,,,1.00,1846.00,,,,,,
2016,7,30,6,2016-07-30,"AA",19805,"AA","2537",14771,"SFO","San Francisco, CA","CA",13930,"ORD","Chicago, IL","IL","0500","0511",11.00,11.00,13.00,11.00,"1112","1121",9.00,9.00,0.00,"",0.00,252.00,250.00,226.00,1.00,1846.00,,,,,,
2016,7,31,7,2016-07-31,"AA",19805,"AA","2537",14771,"SFO","San Francisco, CA","CA",13930,"ORD","Chicago, IL","IL","0500","0455",-5.00,0.00,13.00,14.00,"1112","1057",-15.00,0.00,0.00,"",0.00,252.00,242.00,215.00,1.00,1846.00,,,,,,
2016,7,1,5,2016-07-01,"AA",19805,"AA","2538",10397,"ATL","Atlanta, GA","GA",11298,"DFW","Dallas/Fort Worth, TX","TX","1959","2028",29.00,29.00,19.00,5.00,"2120","2132",12.00,12.00,0.00,"",0.00,141.00,124.00,100.00,1.00,731.00,,,,,,
2016,7,2,6,2016-07-02,"AA",19805,"AA","2538",10397,"ATL","Atlanta, GA","GA",11298,"DFW","Dallas/Fort Worth, TX","TX","1959","1952",-7.00,0.00,18.00,6.00,"2120","2057",-23.00,0.00,0.00,"",0.00,141.00,125.00,101.00,1.00,731.00,,,,,,
2016,7,3,7,2016-07-03,"AA",19805,"AA","2538",10397,"ATL","Atlanta, GA","GA",11298,"DFW","Dallas/Fort Worth, TX","TX","1959","1953",-6.00,0.00,19.00,6.00,"2120","2103",-17.00,0.00,0.00,"",0.00,141.00,130.00,105.00,1.00,731.00,,,,,,
2016,7,4,1,2016-07-04,"AA",19805,"AA","2538",10397,"ATL","Atlanta, GA","GA",11298,"DFW","Dallas/Fort Worth, TX","TX","1959","2047",48.00,48.00,12.00,4.00,"2120","2145",25.00,25.00,0.00,"",0.00,141.00,118.00,102.00,1.00,731.00,3.00,0.00,0.00,0.00,22.00,
2016,7,9,6,2016-07-09,"AA",19805,"AA","2538",10397,"ATL","Atlanta, GA","GA",11298,"DFW","Dallas/Fort Worth, TX","TX","1955","1944",-11.00,0.00,25.00,83.00,"2116","2214",58.00,58.00,0.00,"",0.00,141.00,210.00,102.00,1.00,731.00,0.00,0.00,58.00,0.00,0.00,
2016,7,16,6,2016-07-16,"AA",19805,"AA","2538",10397,"ATL","Atlanta, GA","GA",11298,"DFW","Dallas/Fort Worth, TX","TX","1955","1951",-4.00,0.00,30.00,4.00,"2116","2104",-12.00,0.00,0.00,"",0.00,141.00,133.00,99.00,1.00,731.00,,,,,,
2016,7,23,6,2016-07-23,"AA",19805,"AA","2538",10397,"ATL","Atlanta, GA","GA",11298,"DFW","Dallas/Fort Worth, TX","TX","1955","1944",-11.00,0.00,23.00,10.00,"2116","2100",-16.00,0.00,0.00,"",0.00,141.00,136.00,103.00,1.00,731.00,,,,,,
2016,7,30,6,2016-07-30,"AA",19805,"AA","2538",10397,"ATL","Atlanta, GA","GA",11298,"DFW","Dallas/Fort Worth, TX","TX","1955","2123",88.00,88.00,13.00,13.00,"2116","2237",81.00,81.00,0.00,"",0.00,141.00,134.00,108.00,1.00,731.00,0.00,0.00,0.00,0.00,81.00,
2016,7,24,7,2016-07-24,"AA",19805,"AA","2538",10693,"BNA","Nashville, TN","TN",11298,"DFW","Dallas/Fort Worth, TX","TX","2058","2059",1.00,1.00,16.00,13.00,"2259","2256",-3.00,0.00,0.00,"",0.00,121.00,117.00,88.00,1.00,631.00,,,,,,
2016,7,1,5,2016-07-01,"AA",19805,"AA","2539",10423,"AUS","Austin, TX","TX",11298,"DFW","Dallas/Fort Worth, TX","TX","1020","1019",-1.00,0.00,10.00,11.00,"1124","1125",1.00,1.00,0.00,"",0.00,64.00,66.00,45.00,1.00,190.00,,,,,,
2016,7,2,6,2016-07-02,"AA",19805,"AA","2539",10423,"AUS","Austin, TX","TX",11298,"DFW","Dallas/Fort Worth, TX","TX","1020","1014",-6.00,0.00,9.00,13.00,"1124","1114",-10.00,0.00,0.00,"",0.00,64.00,60.00,38.00,1.00,190.00,,,,,,
2016,7,3,7,2016-07-03,"AA",19805,"AA","2539",10423,"AUS","Austin, TX","TX",11298,"DFW","Dallas/Fort Worth, TX","TX","1020","1015",-5.00,0.00,12.00,6.00,"1124","1112",-12.00,0.00,0.00,"",0.00,64.00,57.00,39.00,1.00,190.00,,,,,,
2016,7,4,1,2016-07-04,"AA",19805,"AA","2539",10423,"AUS","Austin, TX","TX",11298,"DFW","Dallas/Fort Worth, TX","TX","1020","1101",41.00,41.00,10.00,8.00,"1124","1201",37.00,37.00,0.00,"",0.00,64.00,60.00,42.00,1.00,190.00,0.00,0.00,0.00,0.00,37.00,
2016,7,5,2,2016-07-05,"AA",19805,"AA","2539",10423,"AUS","Austin, TX","TX",11298,"DFW","Dallas/Fort Worth, TX","TX","1030","1042",12.00,12.00,15.00,8.00,"1134","1145",11.00,11.00,0.00,"",0.00,64.00,63.00,40.00,1.00,190.00,,,,,,
2016,7,6,3,2016-07-06,"AA",19805,"AA","2539",10423,"AUS","Austin, TX","TX",11298,"DFW","Dallas/Fort Worth, TX","TX","1030","1029",-1.00,0.00,13.00,16.00,"1134","1136",2.00,2.00,0.00,"",0.00,64.00,67.00,38.00,1.00,190.00,,,,,,
2016,7,7,4,2016-07-07,"AA",19805,"AA","2539",10423,"AUS","Austin, TX","TX",11298,"DFW","Dallas/Fort Worth, TX","TX","1030","1053",23.00,23.00,9.00,8.00,"1134","1154",20.00,20.00,0.00,"",0.00,64.00,61.00,44.00,1.00,190.00,0.00,0.00,0.00,0.00,20.00,
2016,7,8,5,2016-07-08,"AA",19805,"AA","2539",10423,"AUS","Austin, TX","TX",11298,"DFW","Dallas/Fort Worth, TX","TX","1030","1023",-7.00,0.00,16.00,16.00,"1134","1133",-1.00,0.00,0.00,"",0.00,64.00,70.00,38.00,1.00,190.00,,,,,,
2016,7,9,6,2016-07-09,"AA",19805,"AA","2539",10423,"AUS","Austin, TX","TX",11298,"DFW","Dallas/Fort Worth, TX","TX","1030","1034",4.00,4.00,14.00,7.00,"1134","1142",8.00,8.00,0.00,"",0.00,64.00,68.00,47.00,1.00,190.00,,,,,,
2016,7,10,7,2016-07-10,"AA",19805,"AA","2539",10423,"AUS","Austin, TX","TX",11298,"DFW","Dallas/Fort Worth, TX","TX","1030","1025",-5.00,0.00,11.00,13.00,"1134","1127",-7.00,0.00,0.00,"",0.00,64.00,62.00,38.00,1.00,190.00,,,,,,
2016,7,11,1,2016-07-11,"AA",19805,"AA","2539",10423,"AUS","Austin, TX","TX",11298,"DFW","Dallas/Fort Worth, TX","TX","1030","1114",44.00,44.00,11.00,11.00,"1134","1215",41.00,41.00,0.00,"",0.00,64.00,61.00,39.00,1.00,190.00,0.00,0.00,0.00,0.00,41.00,
2016,7,12,2,2016-07-12,"AA",19805,"AA","2539",10423,"AUS","Austin, TX","TX",11298,"DFW","Dallas/Fort Worth, TX","TX","1030","1046",16.00,16.00,15.00,10.00,"1134","1153",19.00,19.00,0.00,"",0.00,64.00,67.00,42.00,1.00,190.00,4.00,0.00,3.00,0.00,12.00,
2016,7,13,3,2016-07-13,"AA",19805,"AA","2539",10423,"AUS","Austin, TX","TX",11298,"DFW","Dallas/Fort Worth, TX","TX","1030","1028",-2.00,0.00,12.00,6.00,"1134","1153",19.00,19.00,0.00,"",0.00,64.00,85.00,67.00,1.00,190.00,0.00,0.00,19.00,0.00,0.00,
2016,7,14,4,2016-07-14,"AA",19805,"AA","2539",10423,"AUS","Austin, TX","TX",11298,"DFW","Dallas/Fort Worth, TX","TX","1030","1027",-3.00,0.00,13.00,15.00,"1134","1136",2.00,2.00,0.00,"",0.00,64.00,69.00,41.00,1.00,190.00,,,,,,
2016,7,15,5,2016-07-15,"AA",19805,"AA","2539",10423,"AUS","Austin, TX","TX",11298,"DFW","Dallas/Fort Worth, TX","TX","1030","1229",119.00,119.00,24.00,23.00,"1134","1357",143.00,143.00,0.00,"",0.00,64.00,88.00,41.00,1.00,190.00,0.00,7.00,24.00,0.00,112.00,
2016,7,16,6,2016-07-16,"AA",19805,"AA","2539",10423,"AUS","Austin, TX","TX",11298,"DFW","Dallas/Fort Worth, TX","TX","1030","1028",-2.00,0.00,11.00,12.00,"1134","1131",-3.00,0.00,0.00,"",0.00,64.00,63.00,40.00,1.00,190.00,,,,,,
2016,7,17,7,2016-07-17,"AA",19805,"AA","2539",10423,"AUS","Austin, TX","TX",11298,"DFW","Dallas/Fort Worth, TX","TX","1030","1034",4.00,4.00,13.00,6.00,"1134","1135",1.00,1.00,0.00,"",0.00,64.00,61.00,42.00,1.00,190.00,,,,,,
2016,7,18,1,2016-07-18,"AA",19805,"AA","2539",10423,"AUS","Austin, TX","TX",11298,"DFW","Dallas/Fort Worth, TX","TX","1030","1029",-1.00,0.00,13.00,12.00,"1134","1134",0.00,0.00,0.00,"",0.00,64.00,65.00,40.00,1.00,190.00,,,,,,
2016,7,19,2,2016-07-19,"AA",19805,"AA","2539",10423,"AUS","Austin, TX","TX",11298,"DFW","Dallas/Fort Worth, TX","TX","1030","1051",21.00,21.00,9.00,11.00,"1134","1148",14.00,14.00,0.00,"",0.00,64.00,57.00,37.00,1.00,190.00,,,,,,
2016,7,20,3,2016-07-20,"AA",19805,"AA","2539",10423,"AUS","Austin, TX","TX",11298,"DFW","Dallas/Fort Worth, TX","TX","1030","1027",-3.00,0.00,15.00,13.00,"1134","1133",-1.00,0.00,0.00,"",0.00,64.00,66.00,38.00,1.00,190.00,,,,,,
2016,7,21,4,2016-07-21,"AA",19805,"AA","2539",10423,"AUS","Austin, TX","TX",11298,"DFW","Dallas/Fort Worth, TX","TX","1030","1027",-3.00,0.00,12.00,7.00,"1134","1131",-3.00,0.00,0.00,"",0.00,64.00,64.00,45.00,1.00,190.00,,,,,,
2016,7,22,5,2016-07-22,"AA",19805,"AA","2539",10423,"AUS","Austin, TX","TX",11298,"DFW","Dallas/Fort Worth, TX","TX","1030","1037",7.00,7.00,10.00,22.00,"1134","1149",15.00,15.00,0.00,"",0.00,64.00,72.00,40.00,1.00,190.00,6.00,0.00,8.00,0.00,1.00,
2016,7,23,6,2016-07-23,"AA",19805,"AA","2539",10423,"AUS","Austin, TX","TX",11298,"DFW","Dallas/Fort Worth, TX","TX","1030","1034",4.00,4.00,9.00,8.00,"1134","1132",-2.00,0.00,0.00,"",0.00,64.00,58.00,41.00,1.00,190.00,,,,,,
2016,7,24,7,2016-07-24,"AA",19805,"AA","2539",10423,"AUS","Austin, TX","TX",11298,"DFW","Dallas/Fort Worth, TX","TX","1030","1032",2.00,2.00,13.00,10.00,"1134","1134",0.00,0.00,0.00,"",0.00,64.00,62.00,39.00,1.00,190.00,,,,,,
2016,7,25,1,2016-07-25,"AA",19805,"AA","2539",10423,"AUS","Austin, TX","TX",11298,"DFW","Dallas/Fort Worth, TX","TX","1030","1035",5.00,5.00,10.00,14.00,"1134","1139",5.00,5.00,0.00,"",0.00,64.00,64.00,40.00,1.00,190.00,,,,,,
2016,7,26,2,2016-07-26,"AA",19805,"AA","2539",10423,"AUS","Austin, TX","TX",11298,"DFW","Dallas/Fort Worth, TX","TX","1030","1031",1.00,1.00,12.00,7.00,"1134","1132",-2.00,0.00,0.00,"",0.00,64.00,61.00,42.00,1.00,190.00,,,,,,
2016,7,27,3,2016-07-27,"AA",19805,"AA","2539",10423,"AUS","Austin, TX","TX",11298,"DFW","Dallas/Fort Worth, TX","TX","1030","1238",128.00,128.00,16.00,15.00,"1134","1350",136.00,136.00,0.00,"",0.00,64.00,72.00,41.00,1.00,190.00,0.00,0.00,8.00,0.00,128.00,
2016,7,28,4,2016-07-28,"AA",19805,"AA","2539",10423,"AUS","Austin, TX","TX",11298,"DFW","Dallas/Fort Worth, TX","TX","1030","1134",64.00,64.00,11.00,4.00,"1134","1226",52.00,52.00,0.00,"",0.00,64.00,52.00,37.00,1.00,190.00,0.00,0.00,0.00,0.00,52.00,
2016,7,29,5,2016-07-29,"AA",19805,"AA","2539",10423,"AUS","Austin, TX","TX",11298,"DFW","Dallas/Fort Worth, TX","TX","1030","1051",21.00,21.00,10.00,7.00,"1134","1147",13.00,13.00,0.00,"",0.00,64.00,56.00,39.00,1.00,190.00,,,,,,
2016,7,30,6,2016-07-30,"AA",19805,"AA","2539",10423,"AUS","Austin, TX","TX",11298,"DFW","Dallas/Fort Worth, TX","TX","1030","1027",-3.00,0.00,11.00,6.00,"1134","1120",-14.00,0.00,0.00,"",0.00,64.00,53.00,36.00,1.00,190.00,,,,,,
2016,7,31,7,2016-07-31,"AA",19805,"AA","2539",10423,"AUS","Austin, TX","TX",11298,"DFW","Dallas/Fort Worth, TX","TX","1030","1025",-5.00,0.00,11.00,12.00,"1134","1128",-6.00,0.00,0.00,"",0.00,64.00,63.00,40.00,1.00,190.00,,,,,,
2016,7,1,5,2016-07-01,"AA",19805,"AA","2540",11697,"FLL","Fort Lauderdale, FL","FL",11298,"DFW","Dallas/Fort Worth, TX","TX","0600","0557",-3.00,0.00,14.00,9.00,"0801","0752",-9.00,0.00,0.00,"",0.00,181.00,175.00,152.00,1.00,1119.00,,,,,,
2016,7,2,6,2016-07-02,"AA",19805,"AA","2540",11697,"FLL","Fort Lauderdale, FL","FL",11298,"DFW","Dallas/Fort Worth, TX","TX","0600","0551",-9.00,0.00,25.00,18.00,"0801","0812",11.00,11.00,0.00,"",0.00,181.00,201.00,158.00,1.00,1119.00,,,,,,
2016,7,5,2,2016-07-05,"AA",19805,"AA","2540",11697,"FLL","Fort Lauderdale, FL","FL",11298,"DFW","Dallas/Fort Worth, TX","TX","0600","0552",-8.00,0.00,13.00,12.00,"0801","0744",-17.00,0.00,0.00,"",0.00,181.00,172.00,147.00,1.00,1119.00,,,,,,
2016,7,6,3,2016-07-06,"AA",19805,"AA","2540",11697,"FLL","Fort Lauderdale, FL","FL",11298,"DFW","Dallas/Fort Worth, TX","TX","0600","0556",-4.00,0.00,11.00,8.00,"0801","0747",-14.00,0.00,0.00,"",0.00,181.00,171.00,152.00,1.00,1119.00,,,,,,
2016,7,7,4,2016-07-07,"AA",19805,"AA","2540",11697,"FLL","Fort Lauderdale, FL","FL",11298,"DFW","Dallas/Fort Worth, TX","TX","0600","0602",2.00,2.00,15.00,13.00,"0801","0759",-2.00,0.00,0.00,"",0.00,181.00,177.00,149.00,1.00,1119.00,,,,,,
2016,7,8,5,2016-07-08,"AA",19805,"AA","2540",11697,"FLL","Fort Lauderdale, FL","FL",11298,"DFW","Dallas/Fort Worth, TX","TX","0600","0555",-5.00,0.00,13.00,11.00,"0801","0755",-6.00,0.00,0.00,"",0.00,181.00,180.00,156.00,1.00,1119.00,,,,,,
2016,7,9,6,2016-07-09,"AA",19805,"AA","2540",11697,"FLL","Fort Lauderdale, FL","FL",11298,"DFW","Dallas/Fort Worth, TX","TX","0600","0555",-5.00,0.00,14.00,6.00,"0801","0800",-1.00,0.00,0.00,"",0.00,181.00,185.00,165.00,1.00,1119.00,,,,,,
2016,7,10,7,2016-07-10,"AA",19805,"AA","2540",11697,"FLL","Fort Lauderdale, FL","FL",11298,"DFW","Dallas/Fort Worth, TX","TX","0600","0555",-5.00,0.00,22.00,16.00,"0801","0801",0.00,0.00,0.00,"",0.00,181.00,186.00,148.00,1.00,1119.00,,,,,,
2016,7,11,1,2016-07-11,"AA",19805,"AA","2540",11697,"FLL","Fort Lauderdale, FL","FL",11298,"DFW","Dallas/Fort Worth, TX","TX","0600","0554",-6.00,0.00,16.00,7.00,"0801","0750",-11.00,0.00,0.00,"",0.00,181.00,176.00,153.00,1.00,1119.00,,,,,,
2016,7,12,2,2016-07-12,"AA",19805,"AA","2540",11697,"FLL","Fort Lauderdale, FL","FL",11298,"DFW","Dallas/Fort Worth, TX","TX","0600","0552",-8.00,0.00,28.00,11.00,"0801","0812",11.00,11.00,0.00,"",0.00,181.00,200.00,161.00,1.00,1119.00,,,,,,
2016,7,13,3,2016-07-13,"AA",19805,"AA","2540",11697,"FLL","Fort Lauderdale, FL","FL",11298,"DFW","Dallas/Fort Worth, TX","TX","0600","0557",-3.00,0.00,15.00,9.00,"0801","0753",-8.00,0.00,0.00,"",0.00,181.00,176.00,152.00,1.00,1119.00,,,,,,
2016,7,14,4,2016-07-14,"AA",19805,"AA","2540",11697,"FLL","Fort Lauderdale, FL","FL",11298,"DFW","Dallas/Fort Worth, TX","TX","0600","0555",-5.00,0.00,20.00,17.00,"0801","0757",-4.00,0.00,0.00,"",0.00,181.00,182.00,145.00,1.00,1119.00,,,,,,
2016,7,15,5,2016-07-15,"AA",19805,"AA","2540",11697,"FLL","Fort Lauderdale, FL","FL",11298,"DFW","Dallas/Fort Worth, TX","TX","0600","0557",-3.00,0.00,24.00,19.00,"0801","0812",11.00,11.00,0.00,"",0.00,181.00,195.00,152.00,1.00,1119.00,,,,,,
2016,7,16,6,2016-07-16,"AA",19805,"AA","2540",11697,"FLL","Fort Lauderdale, FL","FL",11298,"DFW","Dallas/Fort Worth, TX","TX","0600","0554",-6.00,0.00,13.00,38.00,"0801","0806",5.00,5.00,0.00,"",0.00,181.00,192.00,141.00,1.00,1119.00,,,,,,
2016,7,17,7,2016-07-17,"AA",19805,"AA","2540",11697,"FLL","Fort Lauderdale, FL","FL",11298,"DFW","Dallas/Fort Worth, TX","TX","0600","0557",-3.00,0.00,14.00,13.00,"0801","0748",-13.00,0.00,0.00,"",0.00,181.00,171.00,144.00,1.00,1119.00,,,,,,
2016,7,18,1,2016-07-18,"AA",19805,"AA","2540",11697,"FLL","Fort Lauderdale, FL","FL",11298,"DFW","Dallas/Fort Worth, TX","TX","0600","0555",-5.00,0.00,15.00,4.00,"0801","0743",-18.00,0.00,0.00,"",0.00,181.00,168.00,149.00,1.00,1119.00,,,,,,
2016,7,19,2,2016-07-19,"AA",19805,"AA","2540",11697,"FLL","Fort Lauderdale, FL","FL",11298,"DFW","Dallas/Fort Worth, TX","TX","0600","0643",43.00,43.00,20.00,6.00,"0801","0830",29.00,29.00,0.00,"",0.00,181.00,167.00,141.00,1.00,1119.00,29.00,0.00,0.00,0.00,0.00,
2016,7,20,3,2016-07-20,"AA",19805,"AA","2540",11697,"FLL","Fort Lauderdale, FL","FL",11298,"DFW","Dallas/Fort Worth, TX","TX","0600","0554",-6.00,0.00,12.00,6.00,"0801","0732",-29.00,0.00,0.00,"",0.00,181.00,158.00,140.00,1.00,1119.00,,,,,,
2016,7,21,4,2016-07-21,"AA",19805,"AA","2540",11697,"FLL","Fort Lauderdale, FL","FL",11298,"DFW","Dallas/Fort Worth, TX","TX","0600","0557",-3.00,0.00,14.00,11.00,"0801","0755",-6.00,0.00,0.00,"",0.00,181.00,178.00,153.00,1.00,1119.00,,,,,,
2016,7,22,5,2016-07-22,"AA",19805,"AA","2540",11697,"FLL","Fort Lauderdale, FL","FL",11298,"DFW","Dallas/Fort Worth, TX","TX","0600","0559",-1.00,0.00,15.00,8.00,"0801","0749",-12.00,0.00,0.00,"",0.00,181.00,170.00,147.00,1.00,1119.00,,,,,,
2016,7,23,6,2016-07-23,"AA",19805,"AA","2540",11697,"FLL","Fort Lauderdale, FL","FL",11298,"DFW","Dallas/Fort Worth, TX","TX","0600","0557",-3.00,0.00,15.00,11.00,"0801","0753",-8.00,0.00,0.00,"",0.00,181.00,176.00,150.00,1.00,1119.00,,,,,,
2016,7,24,7,2016-07-24,"AA",19805,"AA","2540",11697,"FLL","Fort Lauderdale, FL","FL",11298,"DFW","Dallas/Fort Worth, TX","TX","0600","0557",-3.00,0.00,15.00,15.00,"0801","0752",-9.00,0.00,0.00,"",0.00,181.00,175.00,145.00,1.00,1119.00,,,,,,
2016,7,25,1,2016-07-25,"AA",19805,"AA","2540",11697,"FLL","Fort Lauderdale, FL","FL",11298,"DFW","Dallas/Fort Worth, TX","TX","0600","0559",-1.00,0.00,14.00,13.00,"0801","0757",-4.00,0.00,0.00,"",0.00,181.00,178.00,151.00,1.00,1119.00,,,,,,
2016,7,26,2,2016-07-26,"AA",19805,"AA","2540",11697,"FLL","Fort Lauderdale, FL","FL",11298,"DFW","Dallas/Fort Worth, TX","TX","0600","0555",-5.00,0.00,28.00,18.00,"0801","0808",7.00,7.00,0.00,"",0.00,181.00,193.00,147.00,1.00,1119.00,,,,,,
2016,7,27,3,2016-07-27,"AA",19805,"AA","2540",11697,"FLL","Fort Lauderdale, FL","FL",11298,"DFW","Dallas/Fort Worth, TX","TX","0600","0557",-3.00,0.00,20.00,12.00,"0801","0751",-10.00,0.00,0.00,"",0.00,181.00,174.00,142.00,1.00,1119.00,,,,,,
2016,7,28,4,2016-07-28,"AA",19805,"AA","2540",11697,"FLL","Fort Lauderdale, FL","FL",11298,"DFW","Dallas/Fort Worth, TX","TX","0600","0559",-1.00,0.00,15.00,18.00,"0801","0759",-2.00,0.00,0.00,"",0.00,181.00,180.00,147.00,1.00,1119.00,,,,,,
2016,7,29,5,2016-07-29,"AA",19805,"AA","2540",11697,"FLL","Fort Lauderdale, FL","FL",11298,"DFW","Dallas/Fort Worth, TX","TX","0600","0552",-8.00,0.00,15.00,17.00,"0801","0749",-12.00,0.00,0.00,"",0.00,181.00,177.00,145.00,1.00,1119.00,,,,,,
2016,7,30,6,2016-07-30,"AA",19805,"AA","2540",11697,"FLL","Fort Lauderdale, FL","FL",11298,"DFW","Dallas/Fort Worth, TX","TX","0600","0556",-4.00,0.00,11.00,15.00,"0801","0753",-8.00,0.00,0.00,"",0.00,181.00,177.00,151.00,1.00,1119.00,,,,,,
2016,7,31,7,2016-07-31,"AA",19805,"AA","2540",11697,"FLL","Fort Lauderdale, FL","FL",11298,"DFW","Dallas/Fort Worth, TX","TX","0600","0606",6.00,6.00,17.00,6.00,"0801","0757",-4.00,0.00,0.00,"",0.00,181.00,171.00,148.00,1.00,1119.00,,,,,,
2016,7,1,5,2016-07-01,"AA",19805,"AA","2541",12264,"IAD","Washington, DC","VA",11298,"DFW","Dallas/Fort Worth, TX","TX","1512","1506",-6.00,0.00,16.00,9.00,"1729","1706",-23.00,0.00,0.00,"",0.00,197.00,180.00,155.00,1.00,1172.00,,,,,,
2016,7,2,6,2016-07-02,"AA",19805,"AA","2541",12264,"IAD","Washington, DC","VA",11298,"DFW","Dallas/Fort Worth, TX","TX","1512","1505",-7.00,0.00,10.00,7.00,"1729","1655",-34.00,0.00,0.00,"",0.00,197.00,170.00,153.00,1.00,1172.00,,,,,,
2016,7,3,7,2016-07-03,"AA",19805,"AA","2541",12264,"IAD","Washington, DC","VA",11298,"DFW","Dallas/Fort Worth, TX","TX","1512","1505",-7.00,0.00,15.00,6.00,"1729","1708",-21.00,0.00,0.00,"",0.00,197.00,183.00,162.00,1.00,1172.00,,,,,,
2016,7,4,1,2016-07-04,"AA",19805,"AA","2541",12264,"IAD","Washington, DC","VA",11298,"DFW","Dallas/Fort Worth, TX","TX","1512","1726",134.00,134.00,22.00,2.00,"1729","1939",130.00,130.00,0.00,"",0.00,197.00,193.00,169.00,1.00,1172.00,16.00,0.00,0.00,0.00,114.00,
2016,7,5,2,2016-07-05,"AA",19805,"AA","2541",12264,"IAD","Washington, DC","VA",11298,"DFW","Dallas/Fort Worth, TX","TX","1512","1507",-5.00,0.00,14.00,13.00,"1729","1709",-20.00,0.00,0.00,"",0.00,197.00,182.00,155.00,1.00,1172.00,,,,,,
2016,7,6,3,2016-07-06,"AA",19805,"AA","2541",12264,"IAD","Washington, DC","VA",11298,"DFW","Dallas/Fort Worth, TX","TX","1512","1520",8.00,8.00,21.00,16.00,"1729","1731",2.00,2.00,0.00,"",0.00,197.00,191.00,154.00,1.00,1172.00,,,,,,
2016,7,7,4,2016-07-07,"AA",19805,"AA","2541",12264,"IAD","Washington, DC","VA",11298,"DFW","Dallas/Fort Worth, TX","TX","1512","1508",-4.00,0.00,11.00,10.00,"1729","1702",-27.00,0.00,0.00,"",0.00,197.00,174.00,153.00,1.00,1172.00,,,,,,
2016,7,8,5,2016-07-08,"AA",19805,"AA","2541",12264,"IAD","Washington, DC","VA",11298,"DFW","Dallas/Fort Worth, TX","TX","1512","1507",-5.00,0.00,22.00,11.00,"1729","1714",-15.00,0.00,0.00,"",0.00,197.00,187.00,154.00,1.00,1172.00,,,,,,
2016,7,9,6,2016-07-09,"AA",19805,"AA","2541",12264,"IAD","Washington, DC","VA",11298,"DFW","Dallas/Fort Worth, TX","TX","1512","1512",0.00,0.00,13.00,40.00,"1729","2044",,,0.00,"",1.00,197.00,,,1.00,1172.00,,,,,,
2016,7,10,7,2016-07-10,"AA",19805,"AA","2541",12264,"IAD","Washington, DC","VA",11298,"DFW","Dallas/Fort Worth, TX","TX","1512","1536",24.00,24.00,21.00,10.00,"1729","1741",12.00,12.00,0.00,"",0.00,197.00,185.00,154.00,1.00,1172.00,,,,,,
2016,7,11,1,2016-07-11,"AA",19805,"AA","2541",12264,"IAD","Washington, DC","VA",11298,"DFW","Dallas/Fort Worth, TX","TX","1512","1511",-1.00,0.00,10.00,9.00,"1729","1659",-30.00,0.00,0.00,"",0.00,197.00,168.00,149.00,1.00,1172.00,,,,,,
2016,7,12,2,2016-07-12,"AA",19805,"AA","2541",12264,"IAD","Washington, DC","VA",11298,"DFW","Dallas/Fort Worth, TX","TX","1512","1513",1.00,1.00,19.00,6.00,"1729","1721",-8.00,0.00,0.00,"",0.00,197.00,188.00,163.00,1.00,1172.00,,,,,,
2016,7,13,3,2016-07-13,"AA",19805,"AA","2541",12264,"IAD","Washington, DC","VA",11298,"DFW","Dallas/Fort Worth, TX","TX","1512","1515",3.00,3.00,51.00,10.00,"1729","1748",19.00,19.00,0.00,"",0.00,197.00,213.00,152.00,1.00,1172.00,3.00,0.00,16.00,0.00,0.00,
2016,7,14,4,2016-07-14,"AA",19805,"AA","2541",12264,"IAD","Washington, DC","VA",11298,"DFW","Dallas/Fort Worth, TX","TX","1512","1631",79.00,79.00,18.00,13.00,"1729","1856",87.00,87.00,0.00,"",0.00,197.00,205.00,174.00,1.00,1172.00,8.00,0.00,8.00,0.00,71.00,
2016,7,15,5,2016-07-15,"AA",19805,"AA","2541",12264,"IAD","Washington, DC","VA",11298,"DFW","Dallas/Fort Worth, TX","TX","1512","1620",68.00,68.00,15.00,8.00,"1729","1828",59.00,59.00,0.00,"",0.00,197.00,188.00,165.00,1.00,1172.00,2.00,0.00,0.00,0.00,57.00,
2016,7,16,6,2016-07-16,"AA",19805,"AA","2541",12264,"IAD","Washington, DC","VA",11298,"DFW","Dallas/Fort Worth, TX","TX","1512","1531",19.00,19.00,32.00,14.00,"1729","1759",30.00,30.00,0.00,"",0.00,197.00,208.00,162.00,1.00,1172.00,0.00,0.00,11.00,0.00,19.00,
2016,7,17,7,2016-07-17,"AA",19805,"AA","2541",12264,"IAD","Washington, DC","VA",11298,"DFW","Dallas/Fort Worth, TX","TX","1512","1509",-3.00,0.00,12.00,17.00,"1729","1706",-23.00,0.00,0.00,"",0.00,197.00,177.00,148.00,1.00,1172.00,,,,,,
2016,7,18,1,2016-07-18,"AA",19805,"AA","2541",12264,"IAD","Washington, DC","VA",11298,"DFW","Dallas/Fort Worth, TX","TX","1512","1632",80.00,80.00,14.00,4.00,"1729","1821",52.00,52.00,0.00,"",0.00,197.00,169.00,151.00,1.00,1172.00,0.00,52.00,0.00,0.00,0.00,
2016,7,19,2,2016-07-19,"AA",19805,"AA","2541",12264,"IAD","Washington, DC","VA",11298,"DFW","Dallas/Fort Worth, TX","TX","1512","1619",67.00,67.00,28.00,8.00,"1729","1822",53.00,53.00,0.00,"",0.00,197.00,183.00,147.00,1.00,1172.00,51.00,0.00,0.00,0.00,2.00,
2016,7,20,3,2016-07-20,"AA",19805,"AA","2541",12264,"IAD","Washington, DC","VA",11298,"DFW","Dallas/Fort Worth, TX","TX","1512","1502",-10.00,0.00,14.00,11.00,"1729","1700",-29.00,0.00,0.00,"",0.00,197.00,178.00,153.00,1.00,1172.00,,,,,,
2016,7,21,4,2016-07-21,"AA",19805,"AA","2541",12264,"IAD","Washington, DC","VA",11298,"DFW","Dallas/Fort Worth, TX","TX","1512","1507",-5.00,0.00,11.00,10.00,"1729","1656",-33.00,0.00,0.00,"",0.00,197.00,169.00,148.00,1.00,1172.00,,,,,,
2016,7,22,5,2016-07-22,"AA",19805,"AA","2541",12264,"IAD","Washington, DC","VA",11298,"DFW","Dallas/Fort Worth, TX","TX","1512","1517",5.00,5.00,13.00,8.00,"1729","1709",-20.00,0.00,0.00,"",0.00,197.00,172.00,151.00,1.00,1172.00,,,,,,
2016,7,23,6,2016-07-23,"AA",19805,"AA","2541",12264,"IAD","Washington, DC","VA",11298,"DFW","Dallas/Fort Worth, TX","TX","1512","1512",0.00,0.00,14.00,3.00,"1729","1659",-30.00,0.00,0.00,"",0.00,197.00,167.00,150.00,1.00,1172.00,,,,,,
2016,7,24,7,2016-07-24,"AA",19805,"AA","2541",12264,"IAD","Washington, DC","VA",11298,"DFW","Dallas/Fort Worth, TX","TX","1512","1735",143.00,143.00,11.00,14.00,"1729","1931",122.00,122.00,0.00,"",0.00,197.00,176.00,151.00,1.00,1172.00,1.00,0.00,0.00,0.00,121.00,
2016,7,25,1,2016-07-25,"AA",19805,"AA","2541",12264,"IAD","Washington, DC","VA",11298,"DFW","Dallas/Fort Worth, TX","TX","1512","",,,,,"1729","",,,1.00,"A",0.00,197.00,,,1.00,1172.00,,,,,,
2016,7,26,2,2016-07-26,"AA",19805,"AA","2541",12264,"IAD","Washington, DC","VA",11298,"DFW","Dallas/Fort Worth, TX","TX","1512","1506",-6.00,0.00,20.00,5.00,"1729","1719",-10.00,0.00,0.00,"",0.00,197.00,193.00,168.00,1.00,1172.00,,,,,,
2016,7,27,3,2016-07-27,"AA",19805,"AA","2541",12264,"IAD","Washington, DC","VA",11298,"DFW","Dallas/Fort Worth, TX","TX","1512","1607",55.00,55.00,11.00,14.00,"1729","1840",71.00,71.00,0.00,"",0.00,197.00,213.00,188.00,1.00,1172.00,0.00,55.00,16.00,0.00,0.00,
2016,7,28,4,2016-07-28,"AA",19805,"AA","2541",12264,"IAD","Washington, DC","VA",11298,"DFW","Dallas/Fort Worth, TX","TX","1512","1517",5.00,5.00,39.00,14.00,"1729","1754",25.00,25.00,0.00,"",0.00,197.00,217.00,164.00,1.00,1172.00,5.00,0.00,20.00,0.00,0.00,
2016,7,29,5,2016-07-29,"AA",19805,"AA","2541",12264,"IAD","Washington, DC","VA",11298,"DFW","Dallas/Fort Worth, TX","TX","1512","1536",24.00,24.00,25.00,6.00,"1729","1757",28.00,28.00,0.00,"",0.00,197.00,201.00,170.00,1.00,1172.00,8.00,0.00,4.00,0.00,16.00,
2016,7,30,6,2016-07-30,"AA",19805,"AA","2541",12264,"IAD","Washington, DC","VA",11298,"DFW","Dallas/Fort Worth, TX","TX","1512","1521",9.00,9.00,48.00,7.00,"1729","1810",41.00,41.00,0.00,"",0.00,197.00,229.00,174.00,1.00,1172.00,0.00,0.00,32.00,0.00,9.00,
2016,7,31,7,2016-07-31,"AA",19805,"AA","2541",12264,"IAD","Washington, DC","VA",11298,"DFW","Dallas/Fort Worth, TX","TX","1512","1536",24.00,24.00,13.00,8.00,"1729","1733",4.00,4.00,0.00,"",0.00,197.00,177.00,156.00,1.00,1172.00,,,,,,
2016,7,24,7,2016-07-24,"AA",19805,"AA","2542",11298,"DFW","Dallas/Fort Worth, TX","TX",10693,"BNA","Nashville, TN","TN","2353","0003",10.00,10.00,10.00,5.00,"0138","0144",6.00,6.00,0.00,"",0.00,105.00,101.00,86.00,1.00,631.00,,,,,,
2016,7,1,5,2016-07-01,"AA",19805,"AA","2542",13891,"ONT","Ontario, CA","CA",11298,"DFW","Dallas/Fort Worth, TX","TX","0108","0108",0.00,0.00,14.00,3.00,"0610","0549",-21.00,0.00,0.00,"",0.00,182.00,161.00,144.00,1.00,1188.00,,,,,,
2016,7,2,6,2016-07-02,"AA",19805,"AA","2542",13891,"ONT","Ontario, CA","CA",11298,"DFW","Dallas/Fort Worth, TX","TX","0108","0104",-4.00,0.00,8.00,3.00,"0610","0536",-34.00,0.00,0.00,"",0.00,182.00,152.00,141.00,1.00,1188.00,,,,,,
2016,7,4,1,2016-07-04,"AA",19805,"AA","2542",13891,"ONT","Ontario, CA","CA",11298,"DFW","Dallas/Fort Worth, TX","TX","0108","0205",57.00,57.00,10.00,13.00,"0610","0723",73.00,73.00,0.00,"",0.00,182.00,198.00,175.00,1.00,1188.00,0.00,0.00,16.00,0.00,57.00,
2016,7,5,2,2016-07-05,"AA",19805,"AA","2542",13891,"ONT","Ontario, CA","CA",11298,"DFW","Dallas/Fort Worth, TX","TX","0110","0108",-2.00,0.00,9.00,10.00,"0612","0556",-16.00,0.00,0.00,"",0.00,182.00,168.00,149.00,1.00,1188.00,,,,,,
2016,7,7,4,2016-07-07,"AA",19805,"AA","2542",13891,"ONT","Ontario, CA","CA",11298,"DFW","Dallas/Fort Worth, TX","TX","0110","0106",-4.00,0.00,10.00,10.00,"0612","0546",-26.00,0.00,0.00,"",0.00,182.00,160.00,140.00,1.00,1188.00,,,,,,
2016,7,8,5,2016-07-08,"AA",19805,"AA","2542",13891,"ONT","Ontario, CA","CA",11298,"DFW","Dallas/Fort Worth, TX","TX","0110","0100",-10.00,0.00,8.00,8.00,"0612","0540",-32.00,0.00,0.00,"",0.00,182.00,160.00,144.00,1.00,1188.00,,,,,,
2016,7,9,6,2016-07-09,"AA",19805,"AA","2542",13891,"ONT","Ontario, CA","CA",11298,"DFW","Dallas/Fort Worth, TX","TX","0110","0106",-4.00,0.00,12.00,5.00,"0612","0544",-28.00,0.00,0.00,"",0.00,182.00,158.00,141.00,1.00,1188.00,,,,,,
2016,7,11,1,2016-07-11,"AA",19805,"AA","2542",13891,"ONT","Ontario, CA","CA",11298,"DFW","Dallas/Fort Worth, TX","TX","0110","0106",-4.00,0.00,14.00,8.00,"0612","0549",-23.00,0.00,0.00,"",0.00,182.00,163.00,141.00,1.00,1188.00,,,,,,
2016,7,12,2,2016-07-12,"AA",19805,"AA","2542",13891,"ONT","Ontario, CA","CA",11298,"DFW","Dallas/Fort Worth, TX","TX","0110","0055",-15.00,0.00,15.00,5.00,"0612","0538",-34.00,0.00,0.00,"",0.00,182.00,163.00,143.00,1.00,1188.00,,,,,,
2016,7,14,4,2016-07-14,"AA",19805,"AA","2542",13891,"ONT","Ontario, CA","CA",11298,"DFW","Dallas/Fort Worth, TX","TX","0110","0116",6.00,6.00,13.00,11.00,"0612","0607",-5.00,0.00,0.00,"",0.00,182.00,171.00,147.00,1.00,1188.00,,,,,,
2016,7,15,5,2016-07-15,"AA",19805,"AA","2542",13891,"ONT","Ontario, CA","CA",11298,"DFW","Dallas/Fort Worth, TX","TX","0110","0110",0.00,0.00,14.00,7.00,"0612","0606",-6.00,0.00,0.00,"",0.00,182.00,176.00,155.00,1.00,1188.00,,,,,,
2016,7,16,6,2016-07-16,"AA",19805,"AA","2542",13891,"ONT","Ontario, CA","CA",11298,"DFW","Dallas/Fort Worth, TX","TX","0110","0102",-8.00,0.00,10.00,4.00,"0612","0550",-22.00,0.00,0.00,"",0.00,182.00,168.00,154.00,1.00,1188.00,,,,,,
2016,7,18,1,2016-07-18,"AA",19805,"AA","2542",13891,"ONT","Ontario, CA","CA",11298,"DFW","Dallas/Fort Worth, TX","TX","0110","0100",-10.00,0.00,14.00,8.00,"0612","0552",-20.00,0.00,0.00,"",0.00,182.00,172.00,150.00,1.00,1188.00,,,,,,
2016,7,19,2,2016-07-19,"AA",19805,"AA","2542",13891,"ONT","Ontario, CA","CA",11298,"DFW","Dallas/Fort Worth, TX","TX","0110","0117",7.00,7.00,8.00,12.00,"0612","0614",2.00,2.00,0.00,"",0.00,182.00,177.00,157.00,1.00,1188.00,,,,,,
2016,7,21,4,2016-07-21,"AA",19805,"AA","2542",13891,"ONT","Ontario, CA","CA",11298,"DFW","Dallas/Fort Worth, TX","TX","0110","0058",-12.00,0.00,7.00,4.00,"0612","0540",-32.00,0.00,0.00,"",0.00,182.00,162.00,151.00,1.00,1188.00,,,,,,
2016,7,22,5,2016-07-22,"AA",19805,"AA","2542",13891,"ONT","Ontario, CA","CA",11298,"DFW","Dallas/Fort Worth, TX","TX","0110","0139",29.00,29.00,16.00,5.00,"0612","0632",20.00,20.00,0.00,"",0.00,182.00,173.00,152.00,1.00,1188.00,20.00,0.00,0.00,0.00,0.00,
2016,7,23,6,2016-07-23,"AA",19805,"AA","2542",13891,"ONT","Ontario, CA","CA",11298,"DFW","Dallas/Fort Worth, TX","TX","0110","0111",1.00,1.00,20.00,9.00,"0612","0614",2.00,2.00,0.00,"",0.00,182.00,183.00,154.00,1.00,1188.00,,,,,,
2016,7,25,1,2016-07-25,"AA",19805,"AA","2542",13891,"ONT","Ontario, CA","CA",11298,"DFW","Dallas/Fort Worth, TX","TX","0110","0125",15.00,15.00,8.00,6.00,"0612","0618",6.00,6.00,0.00,"",0.00,182.00,173.00,159.00,1.00,1188.00,,,,,,
2016,7,26,2,2016-07-26,"AA",19805,"AA","2542",13891,"ONT","Ontario, CA","CA",11298,"DFW","Dallas/Fort Worth, TX","TX","0110","0105",-5.00,0.00,10.00,7.00,"0612","0552",-20.00,0.00,0.00,"",0.00,182.00,167.00,150.00,1.00,1188.00,,,,,,
2016,7,28,4,2016-07-28,"AA",19805,"AA","2542",13891,"ONT","Ontario, CA","CA",11298,"DFW","Dallas/Fort Worth, TX","TX","0110","0107",-3.00,0.00,13.00,4.00,"0612","0551",-21.00,0.00,0.00,"",0.00,182.00,164.00,147.00,1.00,1188.00,,,,,,
2016,7,29,5,2016-07-29,"AA",19805,"AA","2542",13891,"ONT","Ontario, CA","CA",11298,"DFW","Dallas/Fort Worth, TX","TX","0110","0112",2.00,2.00,15.00,5.00,"0612","0600",-12.00,0.00,0.00,"",0.00,182.00,168.00,148.00,1.00,1188.00,,,,,,
2016,7,30,6,2016-07-30,"AA",19805,"AA","2542",13891,"ONT","Ontario, CA","CA",11298,"DFW","Dallas/Fort Worth, TX","TX","0110","0225",75.00,75.00,9.00,8.00,"0612","0712",60.00,60.00,0.00,"",0.00,182.00,167.00,150.00,1.00,1188.00,0.00,60.00,0.00,0.00,0.00,
2016,7,1,5,2016-07-01,"AA",19805,"AA","2543",14869,"SLC","Salt Lake City, UT","UT",11298,"DFW","Dallas/Fort Worth, TX","TX","0945","0940",-5.00,0.00,18.00,13.00,"1324","1317",-7.00,0.00,0.00,"",0.00,159.00,157.00,126.00,1.00,989.00,,,,,,
2016,7,2,6,2016-07-02,"AA",19805,"AA","2543",14869,"SLC","Salt Lake City, UT","UT",11298,"DFW","Dallas/Fort Worth, TX","TX","0910","0910",0.00,0.00,14.00,4.00,"1249","1235",-14.00,0.00,0.00,"",0.00,159.00,145.00,127.00,1.00,989.00,,,,,,
2016,7,3,7,2016-07-03,"AA",19805,"AA","2543",14869,"SLC","Salt Lake City, UT","UT",11298,"DFW","Dallas/Fort Worth, TX","TX","0945","0952",7.00,7.00,28.00,14.00,"1324","1338",14.00,14.00,0.00,"",0.00,159.00,166.00,124.00,1.00,989.00,,,,,,
2016,7,4,1,2016-07-04,"AA",19805,"AA","2543",14869,"SLC","Salt Lake City, UT","UT",11298,"DFW","Dallas/Fort Worth, TX","TX","0945","0940",-5.00,0.00,17.00,13.00,"1324","1318",-6.00,0.00,0.00,"",0.00,159.00,158.00,128.00,1.00,989.00,,,,,,
2016,7,5,2,2016-07-05,"AA",19805,"AA","2543",14869,"SLC","Salt Lake City, UT","UT",11298,"DFW","Dallas/Fort Worth, TX","TX","0945","0940",-5.00,0.00,15.00,11.00,"1324","1309",-15.00,0.00,0.00,"",0.00,159.00,149.00,123.00,1.00,989.00,,,,,,
2016,7,6,3,2016-07-06,"AA",19805,"AA","2543",14869,"SLC","Salt Lake City, UT","UT",11298,"DFW","Dallas/Fort Worth, TX","TX","0945","0942",-3.00,0.00,33.00,11.00,"1324","1332",8.00,8.00,0.00,"",0.00,159.00,170.00,126.00,1.00,989.00,,,,,,
2016,7,7,4,2016-07-07,"AA",19805,"AA","2543",14869,"SLC","Salt Lake City, UT","UT",11298,"DFW","Dallas/Fort Worth, TX","TX","0945","0941",-4.00,0.00,23.00,11.00,"1324","1317",-7.00,0.00,0.00,"",0.00,159.00,156.00,122.00,1.00,989.00,,,,,,
2016,7,8,5,2016-07-08,"AA",19805,"AA","2543",14869,"SLC","Salt Lake City, UT","UT",11298,"DFW","Dallas/Fort Worth, TX","TX","0945","0956",11.00,11.00,13.00,8.00,"1324","1322",-2.00,0.00,0.00,"",0.00,159.00,146.00,125.00,1.00,989.00,,,,,,
2016,7,9,6,2016-07-09,"AA",19805,"AA","2543",14869,"SLC","Salt Lake City, UT","UT",11298,"DFW","Dallas/Fort Worth, TX","TX","0910","0909",-1.00,0.00,10.00,10.00,"1249","1230",-19.00,0.00,0.00,"",0.00,159.00,141.00,121.00,1.00,989.00,,,,,,
2016,7,10,7,2016-07-10,"AA",19805,"AA","2543",14869,"SLC","Salt Lake City, UT","UT",11298,"DFW","Dallas/Fort Worth, TX","TX","0945","0943",-2.00,0.00,25.00,13.00,"1324","1325",1.00,1.00,0.00,"",0.00,159.00,162.00,124.00,1.00,989.00,,,,,,
2016,7,11,1,2016-07-11,"AA",19805,"AA","2543",14869,"SLC","Salt Lake City, UT","UT",11298,"DFW","Dallas/Fort Worth, TX","TX","0945","0940",-5.00,0.00,23.00,13.00,"1324","1315",-9.00,0.00,0.00,"",0.00,159.00,155.00,119.00,1.00,989.00,,,,,,
2016,7,12,2,2016-07-12,"AA",19805,"AA","2543",14869,"SLC","Salt Lake City, UT","UT",11298,"DFW","Dallas/Fort Worth, TX","TX","0945","1119",94.00,94.00,17.00,10.00,"1324","1447",83.00,83.00,0.00,"",0.00,159.00,148.00,121.00,1.00,989.00,83.00,0.00,0.00,0.00,0.00,
2016,7,13,3,2016-07-13,"AA",19805,"AA","2543",14869,"SLC","Salt Lake City, UT","UT",11298,"DFW","Dallas/Fort Worth, TX","TX","0945","0942",-3.00,0.00,19.00,11.00,"1324","1317",-7.00,0.00,0.00,"",0.00,159.00,155.00,125.00,1.00,989.00,,,,,,
2016,7,14,4,2016-07-14,"AA",19805,"AA","2543",14869,"SLC","Salt Lake City, UT","UT",11298,"DFW","Dallas/Fort Worth, TX","TX","0945","0944",-1.00,0.00,16.00,13.00,"1324","1319",-5.00,0.00,0.00,"",0.00,159.00,155.00,126.00,1.00,989.00,,,,,,
2016,7,15,5,2016-07-15,"AA",19805,"AA","2543",14869,"SLC","Salt Lake City, UT","UT",11298,"DFW","Dallas/Fort Worth, TX","TX","0945","0938",-7.00,0.00,21.00,62.00,"1324","1406",42.00,42.00,0.00,"",0.00,159.00,208.00,125.00,1.00,989.00,0.00,0.00,42.00,0.00,0.00,
2016,7,16,6,2016-07-16,"AA",19805,"AA","2543",14869,"SLC","Salt Lake City, UT","UT",11298,"DFW","Dallas/Fort Worth, TX","TX","0910","0912",2.00,2.00,15.00,11.00,"1249","1245",-4.00,0.00,0.00,"",0.00,159.00,153.00,127.00,1.00,989.00,,,,,,
2016,7,17,7,2016-07-17,"AA",19805,"AA","2543",14869,"SLC","Salt Lake City, UT","UT",11298,"DFW","Dallas/Fort Worth, TX","TX","0945","0939",-6.00,0.00,17.00,8.00,"1324","1306",-18.00,0.00,0.00,"",0.00,159.00,147.00,122.00,1.00,989.00,,,,,,
2016,7,18,1,2016-07-18,"AA",19805,"AA","2543",14869,"SLC","Salt Lake City, UT","UT",11298,"DFW","Dallas/Fort Worth, TX","TX","0945","0958",13.00,13.00,16.00,5.00,"1324","1334",10.00,10.00,0.00,"",0.00,159.00,156.00,135.00,1.00,989.00,,,,,,
2016,7,19,2,2016-07-19,"AA",19805,"AA","2543",14869,"SLC","Salt Lake City, UT","UT",11298,"DFW","Dallas/Fort Worth, TX","TX","0945","0940",-5.00,0.00,20.00,16.00,"1324","1326",2.00,2.00,0.00,"",0.00,159.00,166.00,130.00,1.00,989.00,,,,,,
2016,7,20,3,2016-07-20,"AA",19805,"AA","2543",14869,"SLC","Salt Lake City, UT","UT",11298,"DFW","Dallas/Fort Worth, TX","TX","0945","0940",-5.00,0.00,22.00,14.00,"1324","1324",0.00,0.00,0.00,"",0.00,159.00,164.00,128.00,1.00,989.00,,,,,,
2016,7,21,4,2016-07-21,"AA",19805,"AA","2543",14869,"SLC","Salt Lake City, UT","UT",11298,"DFW","Dallas/Fort Worth, TX","TX","0945","0941",-4.00,0.00,38.00,13.00,"1324","1342",18.00,18.00,0.00,"",0.00,159.00,181.00,130.00,1.00,989.00,0.00,0.00,18.00,0.00,0.00,
2016,7,22,5,2016-07-22,"AA",19805,"AA","2543",14869,"SLC","Salt Lake City, UT","UT",11298,"DFW","Dallas/Fort Worth, TX","TX","0945","0955",10.00,10.00,19.00,14.00,"1324","1343",19.00,19.00,0.00,"",0.00,159.00,168.00,135.00,1.00,989.00,10.00,0.00,9.00,0.00,0.00,
2016,7,23,6,2016-07-23,"AA",19805,"AA","2543",14869,"SLC","Salt Lake City, UT","UT",11298,"DFW","Dallas/Fort Worth, TX","TX","0910","0919",9.00,9.00,13.00,7.00,"1249","1245",-4.00,0.00,0.00,"",0.00,159.00,146.00,126.00,1.00,989.00,,,,,,
2016,7,24,7,2016-07-24,"AA",19805,"AA","2543",14869,"SLC","Salt Lake City, UT","UT",11298,"DFW","Dallas/Fort Worth, TX","TX","0851","0843",-8.00,0.00,14.00,8.00,"1231","1210",-21.00,0.00,0.00,"",0.00,160.00,147.00,125.00,1.00,989.00,,,,,,
2016,7,25,1,2016-07-25,"AA",19805,"AA","2543",14869,"SLC","Salt Lake City, UT","UT",11298,"DFW","Dallas/Fort Worth, TX","TX","0945","0937",-8.00,0.00,17.00,12.00,"1324","1315",-9.00,0.00,0.00,"",0.00,159.00,158.00,129.00,1.00,989.00,,,,,,
2016,7,26,2,2016-07-26,"AA",19805,"AA","2543",14869,"SLC","Salt Lake City, UT","UT",11298,"DFW","Dallas/Fort Worth, TX","TX","0945","0946",1.00,1.00,21.00,12.00,"1324","1324",0.00,0.00,0.00,"",0.00,159.00,158.00,125.00,1.00,989.00,,,,,,
2016,7,27,3,2016-07-27,"AA",19805,"AA","2543",14869,"SLC","Salt Lake City, UT","UT",11298,"DFW","Dallas/Fort Worth, TX","TX","0945","0943",-2.00,0.00,30.00,14.00,"1324","1333",9.00,9.00,0.00,"",0.00,159.00,170.00,126.00,1.00,989.00,,,,,,
2016,7,28,4,2016-07-28,"AA",19805,"AA","2543",14869,"SLC","Salt Lake City, UT","UT",11298,"DFW","Dallas/Fort Worth, TX","TX","0945","1158",133.00,133.00,27.00,7.00,"1324","1536",132.00,132.00,0.00,"",0.00,159.00,158.00,124.00,1.00,989.00,132.00,0.00,0.00,0.00,0.00,
2016,7,29,5,2016-07-29,"AA",19805,"AA","2543",14869,"SLC","Salt Lake City, UT","UT",11298,"DFW","Dallas/Fort Worth, TX","TX","0945","0943",-2.00,0.00,27.00,7.00,"1324","1331",7.00,7.00,0.00,"",0.00,159.00,168.00,134.00,1.00,989.00,,,,,,
2016,7,30,6,2016-07-30,"AA",19805,"AA","2543",14869,"SLC","Salt Lake City, UT","UT",11298,"DFW","Dallas/Fort Worth, TX","TX","0910","0905",-5.00,0.00,15.00,10.00,"1249","1235",-14.00,0.00,0.00,"",0.00,159.00,150.00,125.00,1.00,989.00,,,,,,
2016,7,31,7,2016-07-31,"AA",19805,"AA","2543",14869,"SLC","Salt Lake City, UT","UT",11298,"DFW","Dallas/Fort Worth, TX","TX","0945","0936",-9.00,0.00,35.00,11.00,"1324","1330",6.00,6.00,0.00,"",0.00,159.00,174.00,128.00,1.00,989.00,,,,,,
2016,7,1,5,2016-07-01,"AA",19805,"AA","2547",10423,"AUS","Austin, TX","TX",11298,"DFW","Dallas/Fort Worth, TX","TX","0515","0509",-6.00,0.00,12.00,7.00,"0615","0605",-10.00,0.00,0.00,"",0.00,60.00,56.00,37.00,1.00,190.00,,,,,,
2016,7,2,6,2016-07-02,"AA",19805,"AA","2547",10423,"AUS","Austin, TX","TX",11298,"DFW","Dallas/Fort Worth, TX","TX","0515","0508",-7.00,0.00,12.00,7.00,"0615","0611",-4.00,0.00,0.00,"",0.00,60.00,63.00,44.00,1.00,190.00,,,,,,
2016,7,5,2,2016-07-05,"AA",19805,"AA","2547",10423,"AUS","Austin, TX","TX",11298,"DFW","Dallas/Fort Worth, TX","TX","0515","0509",-6.00,0.00,16.00,4.00,"0615","0616",1.00,1.00,0.00,"",0.00,60.00,67.00,47.00,1.00,190.00,,,,,,
2016,7,6,3,2016-07-06,"AA",19805,"AA","2547",10423,"AUS","Austin, TX","TX",11298,"DFW","Dallas/Fort Worth, TX","TX","0515","0510",-5.00,0.00,15.00,6.00,"0615","0621",6.00,6.00,0.00,"",0.00,60.00,71.00,50.00,1.00,190.00,,,,,,
2016,7,7,4,2016-07-07,"AA",19805,"AA","2547",10423,"AUS","Austin, TX","TX",11298,"DFW","Dallas/Fort Worth, TX","TX","0515","0510",-5.00,0.00,11.00,5.00,"0615","0611",-4.00,0.00,0.00,"",0.00,60.00,61.00,45.00,1.00,190.00,,,,,,
2016,7,8,5,2016-07-08,"AA",19805,"AA","2547",10423,"AUS","Austin, TX","TX",11298,"DFW","Dallas/Fort Worth, TX","TX","0515","0512",-3.00,0.00,11.00,11.00,"0615","0612",-3.00,0.00,0.00,"",0.00,60.00,60.00,38.00,1.00,190.00,,,,,,
2016,7,9,6,2016-07-09,"AA",19805,"AA","2547",10423,"AUS","Austin, TX","TX",11298,"DFW","Dallas/Fort Worth, TX","TX","0515","0510",-5.00,0.00,17.00,8.00,"0615","0615",0.00,0.00,0.00,"",0.00,60.00,65.00,40.00,1.00,190.00,,,,,,
2016,7,10,7,2016-07-10,"AA",19805,"AA","2547",10423,"AUS","Austin, TX","TX",11298,"DFW","Dallas/Fort Worth, TX","TX","0515","0514",-1.00,0.00,16.00,7.00,"0615","0620",5.00,5.00,0.00,"",0.00,60.00,66.00,43.00,1.00,190.00,,,,,,
2016,7,11,1,2016-07-11,"AA",19805,"AA","2547",10423,"AUS","Austin, TX","TX",11298,"DFW","Dallas/Fort Worth, TX","TX","0515","0511",-4.00,0.00,12.00,11.00,"0615","0613",-2.00,0.00,0.00,"",0.00,60.00,62.00,39.00,1.00,190.00,,,,,,
2016,7,12,2,2016-07-12,"AA",19805,"AA","2547",10423,"AUS","Austin, TX","TX",11298,"DFW","Dallas/Fort Worth, TX","TX","0515","0508",-7.00,0.00,15.00,8.00,"0615","0613",-2.00,0.00,0.00,"",0.00,60.00,65.00,42.00,1.00,190.00,,,,,,
2016,7,13,3,2016-07-13,"AA",19805,"AA","2547",10423,"AUS","Austin, TX","TX",11298,"DFW","Dallas/Fort Worth, TX","TX","0515","0510",-5.00,0.00,13.00,5.00,"0615","0613",-2.00,0.00,0.00,"",0.00,60.00,63.00,45.00,1.00,190.00,,,,,,
2016,7,14,4,2016-07-14,"AA",19805,"AA","2547",10423,"AUS","Austin, TX","TX",11298,"DFW","Dallas/Fort Worth, TX","TX","0515","0513",-2.00,0.00,12.00,5.00,"0615","0611",-4.00,0.00,0.00,"",0.00,60.00,58.00,41.00,1.00,190.00,,,,,,
2016,7,15,5,2016-07-15,"AA",19805,"AA","2547",10423,"AUS","Austin, TX","TX",11298,"DFW","Dallas/Fort Worth, TX","TX","0515","0531",16.00,16.00,12.00,11.00,"0615","0634",19.00,19.00,0.00,"",0.00,60.00,63.00,40.00,1.00,190.00,16.00,0.00,3.00,0.00,0.00,
2016,7,16,6,2016-07-16,"AA",19805,"AA","2547",10423,"AUS","Austin, TX","TX",11298,"DFW","Dallas/Fort Worth, TX","TX","0515","0515",0.00,0.00,11.00,8.00,"0615","0611",-4.00,0.00,0.00,"",0.00,60.00,56.00,37.00,1.00,190.00,,,,,,
2016,7,17,7,2016-07-17,"AA",19805,"AA","2547",10423,"AUS","Austin, TX","TX",11298,"DFW","Dallas/Fort Worth, TX","TX","0515","0511",-4.00,0.00,17.00,19.00,"0615","0628",13.00,13.00,0.00,"",0.00,60.00,77.00,41.00,1.00,190.00,,,,,,
2016,7,18,1,2016-07-18,"AA",19805,"AA","2547",10423,"AUS","Austin, TX","TX",11298,"DFW","Dallas/Fort Worth, TX","TX","0515","0507",-8.00,0.00,14.00,9.00,"0615","0617",2.00,2.00,0.00,"",0.00,60.00,70.00,47.00,1.00,190.00,,,,,,
2016,7,19,2,2016-07-19,"AA",19805,"AA","2547",10423,"AUS","Austin, TX","TX",11298,"DFW","Dallas/Fort Worth, TX","TX","0515","0507",-8.00,0.00,13.00,11.00,"0615","0615",0.00,0.00,0.00,"",0.00,60.00,68.00,44.00,1.00,190.00,,,,,,
2016,7,20,3,2016-07-20,"AA",19805,"AA","2547",10423,"AUS","Austin, TX","TX",11298,"DFW","Dallas/Fort Worth, TX","TX","0515","0525",10.00,10.00,11.00,7.00,"0615","0623",8.00,8.00,0.00,"",0.00,60.00,58.00,40.00,1.00,190.00,,,,,,
2016,7,21,4,2016-07-21,"AA",19805,"AA","2547",10423,"AUS","Austin, TX","TX",11298,"DFW","Dallas/Fort Worth, TX","TX","0515","0508",-7.00,0.00,11.00,8.00,"0615","0607",-8.00,0.00,0.00,"",0.00,60.00,59.00,40.00,1.00,190.00,,,,,,
2016,7,22,5,2016-07-22,"AA",19805,"AA","2547",10423,"AUS","Austin, TX","TX",11298,"DFW","Dallas/Fort Worth, TX","TX","0515","0512",-3.00,0.00,13.00,11.00,"0615","0616",1.00,1.00,0.00,"",0.00,60.00,64.00,40.00,1.00,190.00,,,,,,
2016,7,23,6,2016-07-23,"AA",19805,"AA","2547",10423,"AUS","Austin, TX","TX",11298,"DFW","Dallas/Fort Worth, TX","TX","0515","0514",-1.00,0.00,14.00,8.00,"0615","0614",-1.00,0.00,0.00,"",0.00,60.00,60.00,38.00,1.00,190.00,,,,,,
2016,7,24,7,2016-07-24,"AA",19805,"AA","2547",10423,"AUS","Austin, TX","TX",11298,"DFW","Dallas/Fort Worth, TX","TX","0515","0512",-3.00,0.00,12.00,11.00,"0615","0613",-2.00,0.00,0.00,"",0.00,60.00,61.00,38.00,1.00,190.00,,,,,,
2016,7,25,1,2016-07-25,"AA",19805,"AA","2547",10423,"AUS","Austin, TX","TX",11298,"DFW","Dallas/Fort Worth, TX","TX","0515","0511",-4.00,0.00,12.00,8.00,"0615","0617",2.00,2.00,0.00,"",0.00,60.00,66.00,46.00,1.00,190.00,,,,,,
2016,7,26,2,2016-07-26,"AA",19805,"AA","2547",10423,"AUS","Austin, TX","TX",11298,"DFW","Dallas/Fort Worth, TX","TX","0515","0513",-2.00,0.00,11.00,36.00,"0615","0644",29.00,29.00,0.00,"",0.00,60.00,91.00,44.00,1.00,190.00,0.00,0.00,29.00,0.00,0.00,
2016,7,27,3,2016-07-27,"AA",19805,"AA","2547",10423,"AUS","Austin, TX","TX",11298,"DFW","Dallas/Fort Worth, TX","TX","0515","0507",-8.00,0.00,11.00,6.00,"0615","0604",-11.00,0.00,0.00,"",0.00,60.00,57.00,40.00,1.00,190.00,,,,,,
2016,7,28,4,2016-07-28,"AA",19805,"AA","2547",10423,"AUS","Austin, TX","TX",11298,"DFW","Dallas/Fort Worth, TX","TX","0515","",,,,,"0615","",,,1.00,"B",0.00,60.00,,,1.00,190.00,,,,,,
2016,7,29,5,2016-07-29,"AA",19805,"AA","2547",10423,"AUS","Austin, TX","TX",11298,"DFW","Dallas/Fort Worth, TX","TX","0515","0708",113.00,113.00,11.00,8.00,"0615","0806",111.00,111.00,0.00,"",0.00,60.00,58.00,39.00,1.00,190.00,111.00,0.00,0.00,0.00,0.00,
2016,7,30,6,2016-07-30,"AA",19805,"AA","2547",10423,"AUS","Austin, TX","TX",11298,"DFW","Dallas/Fort Worth, TX","TX","0515","0509",-6.00,0.00,20.00,9.00,"0615","0617",2.00,2.00,0.00,"",0.00,60.00,68.00,39.00,1.00,190.00,,,,,,
2016,7,31,7,2016-07-31,"AA",19805,"AA","2547",10423,"AUS","Austin, TX","TX",11298,"DFW","Dallas/Fort Worth, TX","TX","0515","0510",-5.00,0.00,11.00,5.00,"0615","0605",-10.00,0.00,0.00,"",0.00,60.00,55.00,39.00,1.00,190.00,,,,,,
2016,7,1,5,2016-07-01,"AA",19805,"AA","2548",13487,"MSP","Minneapolis, MN","MN",14107,"PHX","Phoenix, AZ","AZ","1120","1112",-8.00,0.00,14.00,6.00,"1240","1228",-12.00,0.00,0.00,"",0.00,200.00,196.00,176.00,1.00,1276.00,,,,,,
2016,7,2,6,2016-07-02,"AA",19805,"AA","2548",13487,"MSP","Minneapolis, MN","MN",14107,"PHX","Phoenix, AZ","AZ","1120","1122",2.00,2.00,14.00,4.00,"1240","1234",-6.00,0.00,0.00,"",0.00,200.00,192.00,174.00,1.00,1276.00,,,,,,
2016,7,3,7,2016-07-03,"AA",19805,"AA","2548",13487,"MSP","Minneapolis, MN","MN",14107,"PHX","Phoenix, AZ","AZ","1120","1115",-5.00,0.00,18.00,17.00,"1240","1245",5.00,5.00,0.00,"",0.00,200.00,210.00,175.00,1.00,1276.00,,,,,,
2016,7,4,1,2016-07-04,"AA",19805,"AA","2548",13487,"MSP","Minneapolis, MN","MN",14107,"PHX","Phoenix, AZ","AZ","1120","1116",-4.00,0.00,12.00,20.00,"1240","1229",-11.00,0.00,0.00,"",0.00,200.00,193.00,161.00,1.00,1276.00,,,,,,
2016,7,5,2,2016-07-05,"AA",19805,"AA","2548",13487,"MSP","Minneapolis, MN","MN",14107,"PHX","Phoenix, AZ","AZ","1120","1116",-4.00,0.00,16.00,6.00,"1240","1230",-10.00,0.00,0.00,"",0.00,200.00,194.00,172.00,1.00,1276.00,,,,,,
2016,7,6,3,2016-07-06,"AA",19805,"AA","2548",13487,"MSP","Minneapolis, MN","MN",14107,"PHX","Phoenix, AZ","AZ","1120","1149",29.00,29.00,18.00,7.00,"1240","1312",32.00,32.00,0.00,"",0.00,200.00,203.00,178.00,1.00,1276.00,29.00,0.00,3.00,0.00,0.00,
2016,7,7,4,2016-07-07,"AA",19805,"AA","2548",13487,"MSP","Minneapolis, MN","MN",14107,"PHX","Phoenix, AZ","AZ","1120","1117",-3.00,0.00,12.00,10.00,"1240","1234",-6.00,0.00,0.00,"",0.00,200.00,197.00,175.00,1.00,1276.00,,,,,,
2016,7,8,5,2016-07-08,"AA",19805,"AA","2548",13487,"MSP","Minneapolis, MN","MN",14107,"PHX","Phoenix, AZ","AZ","1120","1114",-6.00,0.00,12.00,5.00,"1240","1224",-16.00,0.00,0.00,"",0.00,200.00,190.00,173.00,1.00,1276.00,,,,,,
2016,7,9,6,2016-07-09,"AA",19805,"AA","2548",13487,"MSP","Minneapolis, MN","MN",14107,"PHX","Phoenix, AZ","AZ","1120","1117",-3.00,0.00,18.00,6.00,"1240","1222",-18.00,0.00,0.00,"",0.00,200.00,185.00,161.00,1.00,1276.00,,,,,,
2016,7,10,7,2016-07-10,"AA",19805,"AA","2548",13487,"MSP","Minneapolis, MN","MN",14107,"PHX","Phoenix, AZ","AZ","1120","1118",-2.00,0.00,34.00,5.00,"1240","1252",12.00,12.00,0.00,"",0.00,200.00,214.00,175.00,1.00,1276.00,,,,,,
2016,7,11,1,2016-07-11,"AA",19805,"AA","2548",13487,"MSP","Minneapolis, MN","MN",14107,"PHX","Phoenix, AZ","AZ","1120","1116",-4.00,0.00,12.00,5.00,"1240","1231",-9.00,0.00,0.00,"",0.00,200.00,195.00,178.00,1.00,1276.00,,,,,,
2016,7,12,2,2016-07-12,"AA",19805,"AA","2548",13487,"MSP","Minneapolis, MN","MN",14107,"PHX","Phoenix, AZ","AZ","1120","1118",-2.00,0.00,14.00,8.00,"1240","1235",-5.00,0.00,0.00,"",0.00,200.00,197.00,175.00,1.00,1276.00,,,,,,
2016,7,13,3,2016-07-13,"AA",19805,"AA","2548",13487,"MSP","Minneapolis, MN","MN",14107,"PHX","Phoenix, AZ","AZ","1120","1227",67.00,67.00,15.00,5.00,"1240","1335",55.00,55.00,0.00,"",0.00,200.00,188.00,168.00,1.00,1276.00,10.00,0.00,0.00,0.00,45.00,
2016,7,14,4,2016-07-14,"AA",19805,"AA","2548",13487,"MSP","Minneapolis, MN","MN",14107,"PHX","Phoenix, AZ","AZ","1120","1134",14.00,14.00,19.00,8.00,"1240","1252",12.00,12.00,0.00,"",0.00,200.00,198.00,171.00,1.00,1276.00,,,,,,
2016,7,15,5,2016-07-15,"AA",19805,"AA","2548",13487,"MSP","Minneapolis, MN","MN",14107,"PHX","Phoenix, AZ","AZ","1120","1122",2.00,2.00,20.00,9.00,"1240","1243",3.00,3.00,0.00,"",0.00,200.00,201.00,172.00,1.00,1276.00,,,,,,
2016,7,16,6,2016-07-16,"AA",19805,"AA","2548",13487,"MSP","Minneapolis, MN","MN",14107,"PHX","Phoenix, AZ","AZ","1120","1124",4.00,4.00,14.00,9.00,"1240","1237",-3.00,0.00,0.00,"",0.00,200.00,193.00,170.00,1.00,1276.00,,,,,,
2016,7,17,7,2016-07-17,"AA",19805,"AA","2548",13487,"MSP","Minneapolis, MN","MN",14107,"PHX","Phoenix, AZ","AZ","1120","1115",-5.00,0.00,17.00,7.00,"1240","1232",-8.00,0.00,0.00,"",0.00,200.00,197.00,173.00,1.00,1276.00,,,,,,
2016,7,18,1,2016-07-18,"AA",19805,"AA","2548",13487,"MSP","Minneapolis, MN","MN",14107,"PHX","Phoenix, AZ","AZ","1120","1123",3.00,3.00,17.00,7.00,"1240","1236",-4.00,0.00,0.00,"",0.00,200.00,193.00,169.00,1.00,1276.00,,,,,,
2016,7,19,2,2016-07-19,"AA",19805,"AA","2548",13487,"MSP","Minneapolis, MN","MN",14107,"PHX","Phoenix, AZ","AZ","1120","1115",-5.00,0.00,13.00,5.00,"1240","1214",-26.00,0.00,0.00,"",0.00,200.00,179.00,161.00,1.00,1276.00,,,,,,
2016,7,20,3,2016-07-20,"AA",19805,"AA","2548",13487,"MSP","Minneapolis, MN","MN",14107,"PHX","Phoenix, AZ","AZ","1120","1118",-2.00,0.00,11.00,12.00,"1240","1228",-12.00,0.00,0.00,"",0.00,200.00,190.00,167.00,1.00,1276.00,,,,,,
2016,7,21,4,2016-07-21,"AA",19805,"AA","2548",13487,"MSP","Minneapolis, MN","MN",14107,"PHX","Phoenix, AZ","AZ","1120","1114",-6.00,0.00,17.00,14.00,"1240","1232",-8.00,0.00,0.00,"",0.00,200.00,198.00,167.00,1.00,1276.00,,,,,,
2016,7,22,5,2016-07-22,"AA",19805,"AA","2548",13487,"MSP","Minneapolis, MN","MN",14107,"PHX","Phoenix, AZ","AZ","1120","1336",136.00,136.00,16.00,5.00,"1240","1443",123.00,123.00,0.00,"",0.00,200.00,187.00,166.00,1.00,1276.00,123.00,0.00,0.00,0.00,0.00,
2016,7,23,6,2016-07-23,"AA",19805,"AA","2548",13487,"MSP","Minneapolis, MN","MN",14107,"PHX","Phoenix, AZ","AZ","1120","1243",83.00,83.00,68.00,9.00,"1240","1450",130.00,130.00,0.00,"",0.00,200.00,247.00,170.00,1.00,1276.00,0.00,83.00,47.00,0.00,0.00,
2016,7,24,7,2016-07-24,"AA",19805,"AA","2548",13487,"MSP","Minneapolis, MN","MN",14107,"PHX","Phoenix, AZ","AZ","1120","1113",-7.00,0.00,11.00,10.00,"1240","1228",-12.00,0.00,0.00,"",0.00,200.00,195.00,174.00,1.00,1276.00,,,,,,
2016,7,25,1,2016-07-25,"AA",19805,"AA","2548",13487,"MSP","Minneapolis, MN","MN",14107,"PHX","Phoenix, AZ","AZ","1120","1114",-6.00,0.00,13.00,7.00,"1240","1223",-17.00,0.00,0.00,"",0.00,200.00,189.00,169.00,1.00,1276.00,,,,,,
2016,7,26,2,2016-07-26,"AA",19805,"AA","2548",13487,"MSP","Minneapolis, MN","MN",14107,"PHX","Phoenix, AZ","AZ","1120","1442",202.00,202.00,18.00,8.00,"1240","1558",198.00,198.00,0.00,"",0.00,200.00,196.00,170.00,1.00,1276.00,198.00,0.00,0.00,0.00,0.00,
2016,7,27,3,2016-07-27,"AA",19805,"AA","2548",13487,"MSP","Minneapolis, MN","MN",14107,"PHX","Phoenix, AZ","AZ","1120","1121",1.00,1.00,19.00,6.00,"1240","1227",-13.00,0.00,0.00,"",0.00,200.00,186.00,161.00,1.00,1276.00,,,,,,
2016,7,28,4,2016-07-28,"AA",19805,"AA","2548",13487,"MSP","Minneapolis, MN","MN",14107,"PHX","Phoenix, AZ","AZ","1120","1115",-5.00,0.00,18.00,8.00,"1240","1228",-12.00,0.00,0.00,"",0.00,200.00,193.00,167.00,1.00,1276.00,,,,,,
2016,7,29,5,2016-07-29,"AA",19805,"AA","2548",13487,"MSP","Minneapolis, MN","MN",14107,"PHX","Phoenix, AZ","AZ","1120","1155",35.00,35.00,20.00,6.00,"1240","1304",24.00,24.00,0.00,"",0.00,200.00,189.00,163.00,1.00,1276.00,24.00,0.00,0.00,0.00,0.00,
2016,7,30,6,2016-07-30,"AA",19805,"AA","2548",13487,"MSP","Minneapolis, MN","MN",14107,"PHX","Phoenix, AZ","AZ","1120","1123",3.00,3.00,12.00,5.00,"1240","1222",-18.00,0.00,0.00,"",0.00,200.00,179.00,162.00,1.00,1276.00,,,,,,
2016,7,31,7,2016-07-31,"AA",19805,"AA","2548",13487,"MSP","Minneapolis, MN","MN",14107,"PHX","Phoenix, AZ","AZ","1120","1117",-3.00,0.00,13.00,6.00,"1240","1235",-5.00,0.00,0.00,"",0.00,200.00,198.00,179.00,1.00,1276.00,,,,,,
2016,7,1,5,2016-07-01,"AA",19805,"AA","2548",14107,"PHX","Phoenix, AZ","AZ",14908,"SNA","Santa Ana, CA","CA","1350","1349",-1.00,0.00,18.00,5.00,"1507","1509",2.00,2.00,0.00,"",0.00,77.00,80.00,57.00,1.00,338.00,,,,,,
2016,7,2,6,2016-07-02,"AA",19805,"AA","2548",14107,"PHX","Phoenix, AZ","AZ",14908,"SNA","Santa Ana, CA","CA","1350","1343",-7.00,0.00,17.00,6.00,"1507","1500",-7.00,0.00,0.00,"",0.00,77.00,77.00,54.00,1.00,338.00,,,,,,
2016,7,3,7,2016-07-03,"AA",19805,"AA","2548",14107,"PHX","Phoenix, AZ","AZ",14908,"SNA","Santa Ana, CA","CA","1350","1343",-7.00,0.00,10.00,8.00,"1507","1455",-12.00,0.00,0.00,"",0.00,77.00,72.00,54.00,1.00,338.00,,,,,,
2016,7,23,6,2016-07-23,"AA",19805,"AA","2618",11298,"DFW","Dallas/Fort Worth, TX","TX",12441,"JAC","Jackson, WY","WY","1117","1111",-6.00,0.00,14.00,16.00,"1305","1257",-8.00,0.00,0.00,"",0.00,168.00,166.00,136.00,1.00,1047.00,,,,,,
2016,7,24,7,2016-07-24,"AA",19805,"AA","2618",11298,"DFW","Dallas/Fort Worth, TX","TX",12441,"JAC","Jackson, WY","WY","1124","1131",7.00,7.00,15.00,3.00,"1310","1306",-4.00,0.00,0.00,"",0.00,166.00,155.00,137.00,1.00,1047.00,,,,,,
2016,7,25,1,2016-07-25,"AA",19805,"AA","2618",11298,"DFW","Dallas/Fort Worth, TX","TX",12441,"JAC","Jackson, WY","WY","1117","1111",-6.00,0.00,14.00,8.00,"1305","1251",-14.00,0.00,0.00,"",0.00,168.00,160.00,138.00,1.00,1047.00,,,,,,
2016,7,26,2,2016-07-26,"AA",19805,"AA","2618",11298,"DFW","Dallas/Fort Worth, TX","TX",12441,"JAC","Jackson, WY","WY","1117","1125",8.00,8.00,19.00,4.00,"1305","1308",3.00,3.00,0.00,"",0.00,168.00,163.00,140.00,1.00,1047.00,,,,,,
2016,7,27,3,2016-07-27,"AA",19805,"AA","2618",11298,"DFW","Dallas/Fort Worth, TX","TX",12441,"JAC","Jackson, WY","WY","1117","1108",-9.00,0.00,20.00,3.00,"1305","1256",-9.00,0.00,0.00,"",0.00,168.00,168.00,145.00,1.00,1047.00,,,,,,
2016,7,28,4,2016-07-28,"AA",19805,"AA","2618",11298,"DFW","Dallas/Fort Worth, TX","TX",12441,"JAC","Jackson, WY","WY","1117","1110",-7.00,0.00,23.00,8.00,"1305","1303",-2.00,0.00,0.00,"",0.00,168.00,173.00,142.00,1.00,1047.00,,,,,,
2016,7,29,5,2016-07-29,"AA",19805,"AA","2618",11298,"DFW","Dallas/Fort Worth, TX","TX",12441,"JAC","Jackson, WY","WY","1117","1112",-5.00,0.00,14.00,6.00,"1305","1304",-1.00,0.00,0.00,"",0.00,168.00,172.00,152.00,1.00,1047.00,,,,,,
2016,7,30,6,2016-07-30,"AA",19805,"AA","2618",11298,"DFW","Dallas/Fort Worth, TX","TX",12441,"JAC","Jackson, WY","WY","1117","1115",-2.00,0.00,11.00,4.00,"1305","1252",-13.00,0.00,0.00,"",0.00,168.00,157.00,142.00,1.00,1047.00,,,,,,
2016,7,31,7,2016-07-31,"AA",19805,"AA","2618",11298,"DFW","Dallas/Fort Worth, TX","TX",12441,"JAC","Jackson, WY","WY","1124","1202",38.00,38.00,12.00,3.00,"1310","1335",25.00,25.00,0.00,"",0.00,166.00,153.00,138.00,1.00,1047.00,11.00,0.00,0.00,0.00,14.00,
2016,7,1,5,2016-07-01,"AA",19805,"AA","2619",11298,"DFW","Dallas/Fort Worth, TX","TX",12441,"JAC","Jackson, WY","WY","2015","2012",-3.00,0.00,11.00,5.00,"2159","2148",-11.00,0.00,0.00,"",0.00,164.00,156.00,140.00,1.00,1047.00,,,,,,
2016,7,2,6,2016-07-02,"AA",19805,"AA","2619",11298,"DFW","Dallas/Fort Worth, TX","TX",12441,"JAC","Jackson, WY","WY","2015","2010",-5.00,0.00,10.00,3.00,"2159","2154",-5.00,0.00,0.00,"",0.00,164.00,164.00,151.00,1.00,1047.00,,,,,,
2016,7,3,7,2016-07-03,"AA",19805,"AA","2619",11298,"DFW","Dallas/Fort Worth, TX","TX",12441,"JAC","Jackson, WY","WY","2015","2025",10.00,10.00,10.00,2.00,"2159","2217",18.00,18.00,0.00,"",0.00,164.00,172.00,160.00,1.00,1047.00,10.00,0.00,8.00,0.00,0.00,
2016,7,4,1,2016-07-04,"AA",19805,"AA","2619",11298,"DFW","Dallas/Fort Worth, TX","TX",12441,"JAC","Jackson, WY","WY","2015","2011",-4.00,0.00,13.00,3.00,"2159","2154",-5.00,0.00,0.00,"",0.00,164.00,163.00,147.00,1.00,1047.00,,,,,,
2016,7,5,2,2016-07-05,"AA",19805,"AA","2619",11298,"DFW","Dallas/Fort Worth, TX","TX",12441,"JAC","Jackson, WY","WY","2015","2021",6.00,6.00,14.00,3.00,"2159","2202",3.00,3.00,0.00,"",0.00,164.00,161.00,144.00,1.00,1047.00,,,,,,
2016,7,6,3,2016-07-06,"AA",19805,"AA","2619",11298,"DFW","Dallas/Fort Worth, TX","TX",12441,"JAC","Jackson, WY","WY","2015","2029",14.00,14.00,11.00,3.00,"2159","2212",13.00,13.00,0.00,"",0.00,164.00,163.00,149.00,1.00,1047.00,,,,,,
2016,7,7,4,2016-07-07,"AA",19805,"AA","2619",11298,"DFW","Dallas/Fort Worth, TX","TX",12441,"JAC","Jackson, WY","WY","2015","2010",-5.00,0.00,16.00,6.00,"2159","2159",0.00,0.00,0.00,"",0.00,164.00,169.00,147.00,1.00,1047.00,,,,,,
2016,7,8,5,2016-07-08,"AA",19805,"AA","2619",11298,"DFW","Dallas/Fort Worth, TX","TX",12441,"JAC","Jackson, WY","WY","2015","2051",36.00,36.00,15.00,4.00,"2159","2234",35.00,35.00,0.00,"",0.00,164.00,163.00,144.00,1.00,1047.00,35.00,0.00,0.00,0.00,0.00,
2016,7,9,6,2016-07-09,"AA",19805,"AA","2619",11298,"DFW","Dallas/Fort Worth, TX","TX",12441,"JAC","Jackson, WY","WY","2015","2034",19.00,19.00,17.00,2.00,"2159","2215",16.00,16.00,0.00,"",0.00,164.00,161.00,142.00,1.00,1047.00,0.00,16.00,0.00,0.00,0.00,
2016,7,10,7,2016-07-10,"AA",19805,"AA","2619",11298,"DFW","Dallas/Fort Worth, TX","TX",12441,"JAC","Jackson, WY","WY","2015","2009",-6.00,0.00,12.00,2.00,"2159","2150",-9.00,0.00,0.00,"",0.00,164.00,161.00,147.00,1.00,1047.00,,,,,,
2016,7,11,1,2016-07-11,"AA",19805,"AA","2619",11298,"DFW","Dallas/Fort Worth, TX","TX",12441,"JAC","Jackson, WY","WY","2015","2020",5.00,5.00,15.00,3.00,"2159","2208",9.00,9.00,0.00,"",0.00,164.00,168.00,150.00,1.00,1047.00,,,,,,
2016,7,12,2,2016-07-12,"AA",19805,"AA","2619",11298,"DFW","Dallas/Fort Worth, TX","TX",12441,"JAC","Jackson, WY","WY","2015","2012",-3.00,0.00,16.00,2.00,"2159","2157",-2.00,0.00,0.00,"",0.00,164.00,165.00,147.00,1.00,1047.00,,,,,,
2016,7,13,3,2016-07-13,"AA",19805,"AA","2619",11298,"DFW","Dallas/Fort Worth, TX","TX",12441,"JAC","Jackson, WY","WY","2015","2007",-8.00,0.00,14.00,3.00,"2159","2151",-8.00,0.00,0.00,"",0.00,164.00,164.00,147.00,1.00,1047.00,,,,,,
2016,7,14,4,2016-07-14,"AA",19805,"AA","2619",11298,"DFW","Dallas/Fort Worth, TX","TX",12441,"JAC","Jackson, WY","WY","2015","2012",-3.00,0.00,15.00,4.00,"2159","2200",1.00,1.00,0.00,"",0.00,164.00,168.00,149.00,1.00,1047.00,,,,,,
2016,7,15,5,2016-07-15,"AA",19805,"AA","2619",11298,"DFW","Dallas/Fort Worth, TX","TX",12441,"JAC","Jackson, WY","WY","2015","2312",177.00,177.00,12.00,4.00,"2159","0102",183.00,183.00,0.00,"",0.00,164.00,170.00,154.00,1.00,1047.00,112.00,0.00,6.00,0.00,65.00,
2016,7,16,6,2016-07-16,"AA",19805,"AA","2619",11298,"DFW","Dallas/Fort Worth, TX","TX",12441,"JAC","Jackson, WY","WY","2015","2010",-5.00,0.00,11.00,3.00,"2159","2148",-11.00,0.00,0.00,"",0.00,164.00,158.00,144.00,1.00,1047.00,,,,,,
2016,7,17,7,2016-07-17,"AA",19805,"AA","2619",11298,"DFW","Dallas/Fort Worth, TX","TX",12441,"JAC","Jackson, WY","WY","2015","2015",0.00,0.00,10.00,3.00,"2159","2152",-7.00,0.00,0.00,"",0.00,164.00,157.00,144.00,1.00,1047.00,,,,,,
2016,7,18,1,2016-07-18,"AA",19805,"AA","2619",11298,"DFW","Dallas/Fort Worth, TX","TX",12441,"JAC","Jackson, WY","WY","2015","2011",-4.00,0.00,16.00,3.00,"2159","2145",-14.00,0.00,0.00,"",0.00,164.00,154.00,135.00,1.00,1047.00,,,,,,
2016,7,19,2,2016-07-19,"AA",19805,"AA","2619",11298,"DFW","Dallas/Fort Worth, TX","TX",12441,"JAC","Jackson, WY","WY","2015","2008",-7.00,0.00,17.00,4.00,"2159","2144",-15.00,0.00,0.00,"",0.00,164.00,156.00,135.00,1.00,1047.00,,,,,,
2016,7,20,3,2016-07-20,"AA",19805,"AA","2619",11298,"DFW","Dallas/Fort Worth, TX","TX",12441,"JAC","Jackson, WY","WY","2015","2055",40.00,40.00,13.00,3.00,"2159","2230",31.00,31.00,0.00,"",0.00,164.00,155.00,139.00,1.00,1047.00,31.00,0.00,0.00,0.00,0.00,
2016,7,21,4,2016-07-21,"AA",19805,"AA","2619",11298,"DFW","Dallas/Fort Worth, TX","TX",12441,"JAC","Jackson, WY","WY","2015","2010",-5.00,0.00,16.00,4.00,"2159","2150",-9.00,0.00,0.00,"",0.00,164.00,160.00,140.00,1.00,1047.00,,,,,,
2016,7,22,5,2016-07-22,"AA",19805,"AA","2619",11298,"DFW","Dallas/Fort Worth, TX","TX",12441,"JAC","Jackson, WY","WY","2015","2009",-6.00,0.00,10.00,3.00,"2159","2146",-13.00,0.00,0.00,"",0.00,164.00,157.00,144.00,1.00,1047.00,,,,,,
2016,7,23,6,2016-07-23,"AA",19805,"AA","2619",11298,"DFW","Dallas/Fort Worth, TX","TX",12441,"JAC","Jackson, WY","WY","2015","2029",14.00,14.00,20.00,3.00,"2159","2259",60.00,60.00,0.00,"",0.00,164.00,210.00,187.00,1.00,1047.00,14.00,0.00,46.00,0.00,0.00,
2016,7,24,7,2016-07-24,"AA",19805,"AA","2619",11298,"DFW","Dallas/Fort Worth, TX","TX",12441,"JAC","Jackson, WY","WY","2015","2017",2.00,2.00,21.00,3.00,"2159","2202",3.00,3.00,0.00,"",0.00,164.00,165.00,141.00,1.00,1047.00,,,,,,
2016,7,25,1,2016-07-25,"AA",19805,"AA","2619",11298,"DFW","Dallas/Fort Worth, TX","TX",12441,"JAC","Jackson, WY","WY","2015","2051",36.00,36.00,13.00,3.00,"2159","2225",26.00,26.00,0.00,"",0.00,164.00,154.00,138.00,1.00,1047.00,26.00,0.00,0.00,0.00,0.00,
2016,7,26,2,2016-07-26,"AA",19805,"AA","2619",11298,"DFW","Dallas/Fort Worth, TX","TX",12441,"JAC","Jackson, WY","WY","2015","2014",-1.00,0.00,12.00,2.00,"2159","2155",-4.00,0.00,0.00,"",0.00,164.00,161.00,147.00,1.00,1047.00,,,,,,
2016,7,27,3,2016-07-27,"AA",19805,"AA","2619",11298,"DFW","Dallas/Fort Worth, TX","TX",12441,"JAC","Jackson, WY","WY","2015","2016",1.00,1.00,16.00,3.00,"2159","2159",0.00,0.00,0.00,"",0.00,164.00,163.00,144.00,1.00,1047.00,,,,,,
2016,7,28,4,2016-07-28,"AA",19805,"AA","2619",11298,"DFW","Dallas/Fort Worth, TX","TX",12441,"JAC","Jackson, WY","WY","2015","2114",59.00,59.00,13.00,3.00,"2159","2258",59.00,59.00,0.00,"",0.00,164.00,164.00,148.00,1.00,1047.00,59.00,0.00,0.00,0.00,0.00,
2016,7,29,5,2016-07-29,"AA",19805,"AA","2619",11298,"DFW","Dallas/Fort Worth, TX","TX",12441,"JAC","Jackson, WY","WY","2015","2027",12.00,12.00,21.00,3.00,"2159","2215",16.00,16.00,0.00,"",0.00,164.00,168.00,144.00,1.00,1047.00,12.00,0.00,4.00,0.00,0.00,
2016,7,30,6,2016-07-30,"AA",19805,"AA","2619",11298,"DFW","Dallas/Fort Worth, TX","TX",12441,"JAC","Jackson, WY","WY","2015","2102",47.00,47.00,17.00,3.00,"2159","2247",48.00,48.00,0.00,"",0.00,164.00,165.00,145.00,1.00,1047.00,44.00,0.00,1.00,0.00,3.00,
2016,7,31,7,2016-07-31,"AA",19805,"AA","2619",11298,"DFW","Dallas/Fort Worth, TX","TX",12441,"JAC","Jackson, WY","WY","2015","2021",6.00,6.00,19.00,2.00,"2159","2202",3.00,3.00,0.00,"",0.00,164.00,161.00,140.00,1.00,1047.00,,,,,,
2016,7,1,5,2016-07-01,"AA",19805,"AA","2620",12441,"JAC","Jackson, WY","WY",11298,"DFW","Dallas/Fort Worth, TX","TX","0800","0756",-4.00,0.00,10.00,3.00,"1142","1120",-22.00,0.00,0.00,"",0.00,162.00,144.00,131.00,1.00,1047.00,,,,,,
2016,7,2,6,2016-07-02,"AA",19805,"AA","2620",12441,"JAC","Jackson, WY","WY",11298,"DFW","Dallas/Fort Worth, TX","TX","0800","0754",-6.00,0.00,13.00,13.00,"1142","1131",-11.00,0.00,0.00,"",0.00,162.00,157.00,131.00,1.00,1047.00,,,,,,
2016,7,3,7,2016-07-03,"AA",19805,"AA","2620",12441,"JAC","Jackson, WY","WY",11298,"DFW","Dallas/Fort Worth, TX","TX","0750","0742",-8.00,0.00,12.00,7.00,"1137","1111",-26.00,0.00,0.00,"",0.00,167.00,149.00,130.00,1.00,1047.00,,,,,,
2016,7,4,1,2016-07-04,"AA",19805,"AA","2620",12441,"JAC","Jackson, WY","WY",11298,"DFW","Dallas/Fort Worth, TX","TX","0800","0748",-12.00,0.00,14.00,9.00,"1142","1124",-18.00,0.00,0.00,"",0.00,162.00,156.00,133.00,1.00,1047.00,,,,,,
2016,7,5,2,2016-07-05,"AA",19805,"AA","2620",12441,"JAC","Jackson, WY","WY",11298,"DFW","Dallas/Fort Worth, TX","TX","0750","0749",-1.00,0.00,13.00,15.00,"1137","1144",7.00,7.00,0.00,"",0.00,167.00,175.00,147.00,1.00,1047.00,,,,,,
2016,7,6,3,2016-07-06,"AA",19805,"AA","2620",12441,"JAC","Jackson, WY","WY",11298,"DFW","Dallas/Fort Worth, TX","TX","0750","0748",-2.00,0.00,11.00,5.00,"1137","1113",-24.00,0.00,0.00,"",0.00,167.00,145.00,129.00,1.00,1047.00,,,,,,
2016,7,7,4,2016-07-07,"AA",19805,"AA","2620",12441,"JAC","Jackson, WY","WY",11298,"DFW","Dallas/Fort Worth, TX","TX","0750","0741",-9.00,0.00,9.00,16.00,"1137","1114",-23.00,0.00,0.00,"",0.00,167.00,153.00,128.00,1.00,1047.00,,,,,,
2016,7,8,5,2016-07-08,"AA",19805,"AA","2620",12441,"JAC","Jackson, WY","WY",11298,"DFW","Dallas/Fort Worth, TX","TX","0750","0746",-4.00,0.00,13.00,5.00,"1137","1115",-22.00,0.00,0.00,"",0.00,167.00,149.00,131.00,1.00,1047.00,,,,,,
2016,7,9,6,2016-07-09,"AA",19805,"AA","2620",12441,"JAC","Jackson, WY","WY",11298,"DFW","Dallas/Fort Worth, TX","TX","0750","0802",12.00,12.00,15.00,10.00,"1137","1136",-1.00,0.00,0.00,"",0.00,167.00,154.00,129.00,1.00,1047.00,,,,,,
2016,7,10,7,2016-07-10,"AA",19805,"AA","2620",12441,"JAC","Jackson, WY","WY",11298,"DFW","Dallas/Fort Worth, TX","TX","0750","0742",-8.00,0.00,9.00,19.00,"1137","1119",-18.00,0.00,0.00,"",0.00,167.00,157.00,129.00,1.00,1047.00,,,,,,
2016,7,11,1,2016-07-11,"AA",19805,"AA","2620",12441,"JAC","Jackson, WY","WY",11298,"DFW","Dallas/Fort Worth, TX","TX","0750","0737",-13.00,0.00,13.00,10.00,"1137","1108",-29.00,0.00,0.00,"",0.00,167.00,151.00,128.00,1.00,1047.00,,,,,,
2016,7,12,2,2016-07-12,"AA",19805,"AA","2620",12441,"JAC","Jackson, WY","WY",11298,"DFW","Dallas/Fort Worth, TX","TX","0750","0735",-15.00,0.00,14.00,14.00,"1137","1109",-28.00,0.00,0.00,"",0.00,167.00,154.00,126.00,1.00,1047.00,,,,,,
2016,7,13,3,2016-07-13,"AA",19805,"AA","2620",12441,"JAC","Jackson, WY","WY",11298,"DFW","Dallas/Fort Worth, TX","TX","0750","0818",28.00,28.00,7.00,9.00,"1137","1139",2.00,2.00,0.00,"",0.00,167.00,141.00,125.00,1.00,1047.00,,,,,,
2016,7,14,4,2016-07-14,"AA",19805,"AA","2620",12441,"JAC","Jackson, WY","WY",11298,"DFW","Dallas/Fort Worth, TX","TX","0750","0741",-9.00,0.00,15.00,3.00,"1137","1106",-31.00,0.00,0.00,"",0.00,167.00,145.00,127.00,1.00,1047.00,,,,,,
2016,7,15,5,2016-07-15,"AA",19805,"AA","2620",12441,"JAC","Jackson, WY","WY",11298,"DFW","Dallas/Fort Worth, TX","TX","0750","0749",-1.00,0.00,18.00,8.00,"1137","1127",-10.00,0.00,0.00,"",0.00,167.00,158.00,132.00,1.00,1047.00,,,,,,
2016,7,16,6,2016-07-16,"AA",19805,"AA","2620",12441,"JAC","Jackson, WY","WY",11298,"DFW","Dallas/Fort Worth, TX","TX","0750","0749",-1.00,0.00,15.00,20.00,"1137","1137",0.00,0.00,0.00,"",0.00,167.00,168.00,133.00,1.00,1047.00,,,,,,
2016,7,17,7,2016-07-17,"AA",19805,"AA","2620",12441,"JAC","Jackson, WY","WY",11298,"DFW","Dallas/Fort Worth, TX","TX","0750","0751",1.00,1.00,15.00,11.00,"1137","1129",-8.00,0.00,0.00,"",0.00,167.00,158.00,132.00,1.00,1047.00,,,,,,
2016,7,18,1,2016-07-18,"AA",19805,"AA","2620",12441,"JAC","Jackson, WY","WY",11298,"DFW","Dallas/Fort Worth, TX","TX","0750","0743",-7.00,0.00,28.00,7.00,"1137","1130",-7.00,0.00,0.00,"",0.00,167.00,167.00,132.00,1.00,1047.00,,,,,,
2016,7,19,2,2016-07-19,"AA",19805,"AA","2620",12441,"JAC","Jackson, WY","WY",11298,"DFW","Dallas/Fort Worth, TX","TX","0750","0742",-8.00,0.00,13.00,7.00,"1137","1122",-15.00,0.00,0.00,"",0.00,167.00,160.00,140.00,1.00,1047.00,,,,,,
2016,7,20,3,2016-07-20,"AA",19805,"AA","2620",12441,"JAC","Jackson, WY","WY",11298,"DFW","Dallas/Fort Worth, TX","TX","0750","0749",-1.00,0.00,11.00,13.00,"1137","1127",-10.00,0.00,0.00,"",0.00,167.00,158.00,134.00,1.00,1047.00,,,,,,
2016,7,21,4,2016-07-21,"AA",19805,"AA","2620",12441,"JAC","Jackson, WY","WY",11298,"DFW","Dallas/Fort Worth, TX","TX","0750","0742",-8.00,0.00,27.00,11.00,"1137","1132",-5.00,0.00,0.00,"",0.00,167.00,170.00,132.00,1.00,1047.00,,,,,,
2016,7,22,5,2016-07-22,"AA",19805,"AA","2620",12441,"JAC","Jackson, WY","WY",11298,"DFW","Dallas/Fort Worth, TX","TX","0750","0750",0.00,0.00,14.00,20.00,"1137","1136",-1.00,0.00,0.00,"",0.00,167.00,166.00,132.00,1.00,1047.00,,,,,,
2016,7,23,6,2016-07-23,"AA",19805,"AA","2620",12441,"JAC","Jackson, WY","WY",11298,"DFW","Dallas/Fort Worth, TX","TX","0750","0748",-2.00,0.00,13.00,5.00,"1137","1121",-16.00,0.00,0.00,"",0.00,167.00,153.00,135.00,1.00,1047.00,,,,,,
2016,7,24,7,2016-07-24,"AA",19805,"AA","2620",12441,"JAC","Jackson, WY","WY",11298,"DFW","Dallas/Fort Worth, TX","TX","0750","0752",2.00,2.00,18.00,12.00,"1137","1134",-3.00,0.00,0.00,"",0.00,167.00,162.00,132.00,1.00,1047.00,,,,,,
2016,7,25,1,2016-07-25,"AA",19805,"AA","2620",12441,"JAC","Jackson, WY","WY",11298,"DFW","Dallas/Fort Worth, TX","TX","0750","0748",-2.00,0.00,11.00,7.00,"1137","1119",-18.00,0.00,0.00,"",0.00,167.00,151.00,133.00,1.00,1047.00,,,,,,
2016,7,26,2,2016-07-26,"AA",19805,"AA","2620",12441,"JAC","Jackson, WY","WY",11298,"DFW","Dallas/Fort Worth, TX","TX","0750","0746",-4.00,0.00,16.00,8.00,"1137","1122",-15.00,0.00,0.00,"",0.00,167.00,156.00,132.00,1.00,1047.00,,,,,,
2016,7,27,3,2016-07-27,"AA",19805,"AA","2620",12441,"JAC","Jackson, WY","WY",11298,"DFW","Dallas/Fort Worth, TX","TX","0750","0741",-9.00,0.00,12.00,11.00,"1137","1108",-29.00,0.00,0.00,"",0.00,167.00,147.00,124.00,1.00,1047.00,,,,,,
2016,7,28,4,2016-07-28,"AA",19805,"AA","2620",12441,"JAC","Jackson, WY","WY",11298,"DFW","Dallas/Fort Worth, TX","TX","0750","0746",-4.00,0.00,15.00,11.00,"1137","1120",-17.00,0.00,0.00,"",0.00,167.00,154.00,128.00,1.00,1047.00,,,,,,
2016,7,29,5,2016-07-29,"AA",19805,"AA","2620",12441,"JAC","Jackson, WY","WY",11298,"DFW","Dallas/Fort Worth, TX","TX","0750","0742",-8.00,0.00,9.00,10.00,"1137","1115",-22.00,0.00,0.00,"",0.00,167.00,153.00,134.00,1.00,1047.00,,,,,,
2016,7,30,6,2016-07-30,"AA",19805,"AA","2620",12441,"JAC","Jackson, WY","WY",11298,"DFW","Dallas/Fort Worth, TX","TX","0750","0740",-10.00,0.00,17.00,14.00,"1137","1125",-12.00,0.00,0.00,"",0.00,167.00,165.00,134.00,1.00,1047.00,,,,,,
2016,7,31,7,2016-07-31,"AA",19805,"AA","2620",12441,"JAC","Jackson, WY","WY",11298,"DFW","Dallas/Fort Worth, TX","TX","0750","0750",0.00,0.00,16.00,9.00,"1137","1128",-9.00,0.00,0.00,"",0.00,167.00,158.00,133.00,1.00,1047.00,,,,,,
2016,7,1,5,2016-07-01,"AA",19805,"AA","2621",11298,"DFW","Dallas/Fort Worth, TX","TX",11503,"EGE","Eagle, CO","CO","1655","1700",5.00,5.00,12.00,5.00,"1811","1816",5.00,5.00,0.00,"",0.00,136.00,136.00,119.00,1.00,721.00,,,,,,
2016,7,2,6,2016-07-02,"AA",19805,"AA","2621",11298,"DFW","Dallas/Fort Worth, TX","TX",11503,"EGE","Eagle, CO","CO","1655","1747",52.00,52.00,13.00,6.00,"1811","1857",46.00,46.00,0.00,"",0.00,136.00,130.00,111.00,1.00,721.00,31.00,0.00,0.00,0.00,15.00,
2016,7,3,7,2016-07-03,"AA",19805,"AA","2621",11298,"DFW","Dallas/Fort Worth, TX","TX",11503,"EGE","Eagle, CO","CO","1655","1651",-4.00,0.00,10.00,5.00,"1811","1754",-17.00,0.00,0.00,"",0.00,136.00,123.00,108.00,1.00,721.00,,,,,,
2016,7,4,1,2016-07-04,"AA",19805,"AA","2621",11298,"DFW","Dallas/Fort Worth, TX","TX",11503,"EGE","Eagle, CO","CO","1655","1701",6.00,6.00,11.00,4.00,"1811","1801",-10.00,0.00,0.00,"",0.00,136.00,120.00,105.00,1.00,721.00,,,,,,
2016,7,5,2,2016-07-05,"AA",19805,"AA","2621",11298,"DFW","Dallas/Fort Worth, TX","TX",11503,"EGE","Eagle, CO","CO","1655","1650",-5.00,0.00,14.00,5.00,"1811","1759",-12.00,0.00,0.00,"",0.00,136.00,129.00,110.00,1.00,721.00,,,,,,
2016,7,6,3,2016-07-06,"AA",19805,"AA","2621",11298,"DFW","Dallas/Fort Worth, TX","TX",11503,"EGE","Eagle, CO","CO","1655","1650",-5.00,0.00,20.00,3.00,"1811","1803",-8.00,0.00,0.00,"",0.00,136.00,133.00,110.00,1.00,721.00,,,,,,
2016,7,7,4,2016-07-07,"AA",19805,"AA","2621",11298,"DFW","Dallas/Fort Worth, TX","TX",11503,"EGE","Eagle, CO","CO","1655","0708",853.00,853.00,14.00,5.00,"1811","0824",853.00,853.00,0.00,"",0.00,136.00,136.00,117.00,1.00,721.00,13.00,0.00,0.00,0.00,840.00,
2016,7,8,5,2016-07-08,"AA",19805,"AA","2621",11298,"DFW","Dallas/Fort Worth, TX","TX",11503,"EGE","Eagle, CO","CO","1655","1656",1.00,1.00,17.00,4.00,"1811","1808",-3.00,0.00,0.00,"",0.00,136.00,132.00,111.00,1.00,721.00,,,,,,
2016,7,9,6,2016-07-09,"AA",19805,"AA","2621",11298,"DFW","Dallas/Fort Worth, TX","TX",11503,"EGE","Eagle, CO","CO","1655","1730",35.00,35.00,48.00,5.00,"1811","1912",61.00,61.00,0.00,"",0.00,136.00,162.00,109.00,1.00,721.00,0.00,35.00,26.00,0.00,0.00,
2016,7,10,7,2016-07-10,"AA",19805,"AA","2621",11298,"DFW","Dallas/Fort Worth, TX","TX",11503,"EGE","Eagle, CO","CO","1655","1653",-2.00,0.00,26.00,6.00,"1811","1819",8.00,8.00,0.00,"",0.00,136.00,146.00,114.00,1.00,721.00,,,,,,
2016,7,11,1,2016-07-11,"AA",19805,"AA","2621",11298,"DFW","Dallas/Fort Worth, TX","TX",11503,"EGE","Eagle, CO","CO","1655","1655",0.00,0.00,19.00,4.00,"1811","1814",3.00,3.00,0.00,"",0.00,136.00,139.00,116.00,1.00,721.00,,,,,,
2016,7,12,2,2016-07-12,"AA",19805,"AA","2621",11298,"DFW","Dallas/Fort Worth, TX","TX",11503,"EGE","Eagle, CO","CO","1655","1700",5.00,5.00,16.00,4.00,"1811","1811",0.00,0.00,0.00,"",0.00,136.00,131.00,111.00,1.00,721.00,,,,,,
2016,7,13,3,2016-07-13,"AA",19805,"AA","2621",11298,"DFW","Dallas/Fort Worth, TX","TX",11503,"EGE","Eagle, CO","CO","1655","1714",19.00,19.00,12.00,4.00,"1811","1820",9.00,9.00,0.00,"",0.00,136.00,126.00,110.00,1.00,721.00,,,,,,
2016,7,14,4,2016-07-14,"AA",19805,"AA","2621",11298,"DFW","Dallas/Fort Worth, TX","TX",11503,"EGE","Eagle, CO","CO","1655","1716",21.00,21.00,13.00,5.00,"1811","1825",14.00,14.00,0.00,"",0.00,136.00,129.00,111.00,1.00,721.00,,,,,,
2016,7,15,5,2016-07-15,"AA",19805,"AA","2621",11298,"DFW","Dallas/Fort Worth, TX","TX",11503,"EGE","Eagle, CO","CO","1655","1740",45.00,45.00,13.00,6.00,"1811","1852",41.00,41.00,0.00,"",0.00,136.00,132.00,113.00,1.00,721.00,39.00,0.00,0.00,0.00,2.00,
2016,7,16,6,2016-07-16,"AA",19805,"AA","2621",11298,"DFW","Dallas/Fort Worth, TX","TX",11503,"EGE","Eagle, CO","CO","1655","1749",54.00,54.00,10.00,4.00,"1811","1849",38.00,38.00,0.00,"",0.00,136.00,120.00,106.00,1.00,721.00,14.00,0.00,0.00,0.00,24.00,
2016,7,17,7,2016-07-17,"AA",19805,"AA","2621",11298,"DFW","Dallas/Fort Worth, TX","TX",11503,"EGE","Eagle, CO","CO","1655","1657",2.00,2.00,13.00,5.00,"1811","1801",-10.00,0.00,0.00,"",0.00,136.00,124.00,106.00,1.00,721.00,,,,,,
2016,7,18,1,2016-07-18,"AA",19805,"AA","2621",11298,"DFW","Dallas/Fort Worth, TX","TX",11503,"EGE","Eagle, CO","CO","1655","1655",0.00,0.00,21.00,3.00,"1811","1801",-10.00,0.00,0.00,"",0.00,136.00,126.00,102.00,1.00,721.00,,,,,,
2016,7,19,2,2016-07-19,"AA",19805,"AA","2621",11298,"DFW","Dallas/Fort Worth, TX","TX",11503,"EGE","Eagle, CO","CO","1655","1649",-6.00,0.00,17.00,4.00,"1811","1754",-17.00,0.00,0.00,"",0.00,136.00,125.00,104.00,1.00,721.00,,,,,,
2016,7,20,3,2016-07-20,"AA",19805,"AA","2621",11298,"DFW","Dallas/Fort Worth, TX","TX",11503,"EGE","Eagle, CO","CO","1655","1652",-3.00,0.00,16.00,4.00,"1811","1754",-17.00,0.00,0.00,"",0.00,136.00,122.00,102.00,1.00,721.00,,,,,,
2016,7,21,4,2016-07-21,"AA",19805,"AA","2621",11298,"DFW","Dallas/Fort Worth, TX","TX",11503,"EGE","Eagle, CO","CO","1655","1652",-3.00,0.00,20.00,3.00,"1811","1802",-9.00,0.00,0.00,"",0.00,136.00,130.00,107.00,1.00,721.00,,,,,,
2016,7,22,5,2016-07-22,"AA",19805,"AA","2621",11298,"DFW","Dallas/Fort Worth, TX","TX",11503,"EGE","Eagle, CO","CO","1655","1712",17.00,17.00,14.00,3.00,"1811","1814",3.00,3.00,0.00,"",0.00,136.00,122.00,105.00,1.00,721.00,,,,,,
2016,7,23,6,2016-07-23,"AA",19805,"AA","2621",11298,"DFW","Dallas/Fort Worth, TX","TX",11503,"EGE","Eagle, CO","CO","1655","0830",935.00,935.00,15.00,4.00,"1811","0936",925.00,925.00,0.00,"",0.00,136.00,126.00,107.00,1.00,721.00,215.00,0.00,0.00,0.00,710.00,
2016,7,24,7,2016-07-24,"AA",19805,"AA","2621",11298,"DFW","Dallas/Fort Worth, TX","TX",11503,"EGE","Eagle, CO","CO","1655","1648",-7.00,0.00,14.00,2.00,"1811","1759",-12.00,0.00,0.00,"",0.00,136.00,131.00,115.00,1.00,721.00,,,,,,
2016,7,25,1,2016-07-25,"AA",19805,"AA","2621",11298,"DFW","Dallas/Fort Worth, TX","TX",11503,"EGE","Eagle, CO","CO","1655","1719",24.00,24.00,38.00,4.00,"1811","1856",45.00,45.00,0.00,"",0.00,136.00,157.00,115.00,1.00,721.00,24.00,0.00,21.00,0.00,0.00,
2016,7,26,2,2016-07-26,"AA",19805,"AA","2621",11298,"DFW","Dallas/Fort Worth, TX","TX",11503,"EGE","Eagle, CO","CO","1655","1706",11.00,11.00,35.00,5.00,"1811","1828",17.00,17.00,0.00,"",0.00,136.00,142.00,102.00,1.00,721.00,11.00,0.00,6.00,0.00,0.00,
2016,7,27,3,2016-07-27,"AA",19805,"AA","2621",11298,"DFW","Dallas/Fort Worth, TX","TX",11503,"EGE","Eagle, CO","CO","1655","1712",17.00,17.00,21.00,5.00,"1811","1826",15.00,15.00,0.00,"",0.00,136.00,134.00,108.00,1.00,721.00,15.00,0.00,0.00,0.00,0.00,
2016,7,28,4,2016-07-28,"AA",19805,"AA","2621",11298,"DFW","Dallas/Fort Worth, TX","TX",11503,"EGE","Eagle, CO","CO","1655","1650",-5.00,0.00,20.00,4.00,"1811","1822",11.00,11.00,0.00,"",0.00,136.00,152.00,128.00,1.00,721.00,,,,,,
2016,7,29,5,2016-07-29,"AA",19805,"AA","2621",11298,"DFW","Dallas/Fort Worth, TX","TX",11503,"EGE","Eagle, CO","CO","1655","1747",52.00,52.00,14.00,5.00,"1811","1850",39.00,39.00,0.00,"",0.00,136.00,123.00,104.00,1.00,721.00,39.00,0.00,0.00,0.00,0.00,
2016,7,30,6,2016-07-30,"AA",19805,"AA","2621",11298,"DFW","Dallas/Fort Worth, TX","TX",11503,"EGE","Eagle, CO","CO","1655","1700",5.00,5.00,11.00,3.00,"1811","1759",-12.00,0.00,0.00,"",0.00,136.00,119.00,105.00,1.00,721.00,,,,,,
2016,7,31,7,2016-07-31,"AA",19805,"AA","2621",11298,"DFW","Dallas/Fort Worth, TX","TX",11503,"EGE","Eagle, CO","CO","1655","1728",33.00,33.00,11.00,5.00,"1811","1828",17.00,17.00,0.00,"",0.00,136.00,120.00,104.00,1.00,721.00,17.00,0.00,0.00,0.00,0.00,
2016,7,1,5,2016-07-01,"AA",19805,"AA","2622",11503,"EGE","Eagle, CO","CO",11298,"DFW","Dallas/Fort Worth, TX","TX","0815","0811",-4.00,0.00,16.00,12.00,"1117","1112",-5.00,0.00,0.00,"",0.00,122.00,121.00,93.00,1.00,721.00,,,,,,
2016,7,2,6,2016-07-02,"AA",19805,"AA","2622",11503,"EGE","Eagle, CO","CO",11298,"DFW","Dallas/Fort Worth, TX","TX","0815","0803",-12.00,0.00,11.00,15.00,"1117","1108",-9.00,0.00,0.00,"",0.00,122.00,125.00,99.00,1.00,721.00,,,,,,
2016,7,3,7,2016-07-03,"AA",19805,"AA","2622",11503,"EGE","Eagle, CO","CO",11298,"DFW","Dallas/Fort Worth, TX","TX","0815","0803",-12.00,0.00,15.00,15.00,"1117","1112",-5.00,0.00,0.00,"",0.00,122.00,129.00,99.00,1.00,721.00,,,,,,
2016,7,4,1,2016-07-04,"AA",19805,"AA","2622",11503,"EGE","Eagle, CO","CO",11298,"DFW","Dallas/Fort Worth, TX","TX","0815","0808",-7.00,0.00,12.00,40.00,"1117","1138",21.00,21.00,0.00,"",0.00,122.00,150.00,98.00,1.00,721.00,0.00,0.00,21.00,0.00,0.00,
2016,7,5,2,2016-07-05,"AA",19805,"AA","2622",11503,"EGE","Eagle, CO","CO",11298,"DFW","Dallas/Fort Worth, TX","TX","0815","0812",-3.00,0.00,22.00,15.00,"1117","1127",10.00,10.00,0.00,"",0.00,122.00,135.00,98.00,1.00,721.00,,,,,,
2016,7,6,3,2016-07-06,"AA",19805,"AA","2622",11503,"EGE","Eagle, CO","CO",11298,"DFW","Dallas/Fort Worth, TX","TX","0815","0828",13.00,13.00,16.00,10.00,"1117","1127",10.00,10.00,0.00,"",0.00,122.00,119.00,93.00,1.00,721.00,,,,,,
2016,7,7,4,2016-07-07,"AA",19805,"AA","2622",11503,"EGE","Eagle, CO","CO",11298,"DFW","Dallas/Fort Worth, TX","TX","0815","0813",-2.00,0.00,18.00,10.00,"1117","1117",0.00,0.00,0.00,"",0.00,122.00,124.00,96.00,1.00,721.00,,,,,,
2016,7,8,5,2016-07-08,"AA",19805,"AA","2622",11503,"EGE","Eagle, CO","CO",11298,"DFW","Dallas/Fort Worth, TX","TX","0815","0913",58.00,58.00,12.00,11.00,"1117","1210",53.00,53.00,0.00,"",0.00,122.00,117.00,94.00,1.00,721.00,53.00,0.00,0.00,0.00,0.00,
2016,7,9,6,2016-07-09,"AA",19805,"AA","2622",11503,"EGE","Eagle, CO","CO",11298,"DFW","Dallas/Fort Worth, TX","TX","0815","0808",-7.00,0.00,15.00,8.00,"1117","1108",-9.00,0.00,0.00,"",0.00,122.00,120.00,97.00,1.00,721.00,,,,,,
2016,7,10,7,2016-07-10,"AA",19805,"AA","2622",11503,"EGE","Eagle, CO","CO",11298,"DFW","Dallas/Fort Worth, TX","TX","0815","0810",-5.00,0.00,11.00,13.00,"1117","1107",-10.00,0.00,0.00,"",0.00,122.00,117.00,93.00,1.00,721.00,,,,,,
2016,7,11,1,2016-07-11,"AA",19805,"AA","2622",11503,"EGE","Eagle, CO","CO",11298,"DFW","Dallas/Fort Worth, TX","TX","0815","0804",-11.00,0.00,12.00,11.00,"1117","1104",-13.00,0.00,0.00,"",0.00,122.00,120.00,97.00,1.00,721.00,,,,,,
2016,7,12,2,2016-07-12,"AA",19805,"AA","2622",11503,"EGE","Eagle, CO","CO",11298,"DFW","Dallas/Fort Worth, TX","TX","0815","0807",-8.00,0.00,17.00,21.00,"1117","1119",2.00,2.00,0.00,"",0.00,122.00,132.00,94.00,1.00,721.00,,,,,,
2016,7,13,3,2016-07-13,"AA",19805,"AA","2622",11503,"EGE","Eagle, CO","CO",11298,"DFW","Dallas/Fort Worth, TX","TX","0815","0806",-9.00,0.00,12.00,18.00,"1117","1105",-12.00,0.00,0.00,"",0.00,122.00,119.00,89.00,1.00,721.00,,,,,,
2016,7,14,4,2016-07-14,"AA",19805,"AA","2622",11503,"EGE","Eagle, CO","CO",11298,"DFW","Dallas/Fort Worth, TX","TX","0815","0805",-10.00,0.00,11.00,9.00,"1117","1057",-20.00,0.00,0.00,"",0.00,122.00,112.00,92.00,1.00,721.00,,,,,,
2016,7,15,5,2016-07-15,"AA",19805,"AA","2622",11503,"EGE","Eagle, CO","CO",11298,"DFW","Dallas/Fort Worth, TX","TX","0815","0809",-6.00,0.00,19.00,13.00,"1117","1114",-3.00,0.00,0.00,"",0.00,122.00,125.00,93.00,1.00,721.00,,,,,,
2016,7,16,6,2016-07-16,"AA",19805,"AA","2622",11503,"EGE","Eagle, CO","CO",11298,"DFW","Dallas/Fort Worth, TX","TX","0815","0806",-9.00,0.00,13.00,7.00,"1117","1100",-17.00,0.00,0.00,"",0.00,122.00,114.00,94.00,1.00,721.00,,,,,,
2016,7,17,7,2016-07-17,"AA",19805,"AA","2622",11503,"EGE","Eagle, CO","CO",11298,"DFW","Dallas/Fort Worth, TX","TX","0815","0809",-6.00,0.00,17.00,14.00,"1117","1118",1.00,1.00,0.00,"",0.00,122.00,129.00,98.00,1.00,721.00,,,,,,
2016,7,18,1,2016-07-18,"AA",19805,"AA","2622",11503,"EGE","Eagle, CO","CO",11298,"DFW","Dallas/Fort Worth, TX","TX","0815","0809",-6.00,0.00,17.00,9.00,"1117","1112",-5.00,0.00,0.00,"",0.00,122.00,123.00,97.00,1.00,721.00,,,,,,
2016,7,19,2,2016-07-19,"AA",19805,"AA","2622",11503,"EGE","Eagle, CO","CO",11298,"DFW","Dallas/Fort Worth, TX","TX","0815","0805",-10.00,0.00,15.00,15.00,"1117","1115",-2.00,0.00,0.00,"",0.00,122.00,130.00,100.00,1.00,721.00,,,,,,
2016,7,20,3,2016-07-20,"AA",19805,"AA","2622",11503,"EGE","Eagle, CO","CO",11298,"DFW","Dallas/Fort Worth, TX","TX","0815","0801",-14.00,0.00,16.00,16.00,"1117","1114",-3.00,0.00,0.00,"",0.00,122.00,133.00,101.00,1.00,721.00,,,,,,
2016,7,21,4,2016-07-21,"AA",19805,"AA","2622",11503,"EGE","Eagle, CO","CO",11298,"DFW","Dallas/Fort Worth, TX","TX","0815","0812",-3.00,0.00,17.00,13.00,"1117","1120",3.00,3.00,0.00,"",0.00,122.00,128.00,98.00,1.00,721.00,,,,,,
2016,7,22,5,2016-07-22,"AA",19805,"AA","2622",11503,"EGE","Eagle, CO","CO",11298,"DFW","Dallas/Fort Worth, TX","TX","0815","0806",-9.00,0.00,17.00,15.00,"1117","1113",-4.00,0.00,0.00,"",0.00,122.00,127.00,95.00,1.00,721.00,,,,,,
2016,7,23,6,2016-07-23,"AA",19805,"AA","2622",11503,"EGE","Eagle, CO","CO",11298,"DFW","Dallas/Fort Worth, TX","TX","0815","0805",-10.00,0.00,26.00,7.00,"1117","1118",1.00,1.00,0.00,"",0.00,122.00,133.00,100.00,1.00,721.00,,,,,,
2016,7,24,7,2016-07-24,"AA",19805,"AA","2622",11503,"EGE","Eagle, CO","CO",11298,"DFW","Dallas/Fort Worth, TX","TX","0815","1023",128.00,128.00,17.00,5.00,"1117","1321",124.00,124.00,0.00,"",0.00,122.00,118.00,96.00,1.00,721.00,124.00,0.00,0.00,0.00,0.00,
2016,7,25,1,2016-07-25,"AA",19805,"AA","2622",11503,"EGE","Eagle, CO","CO",11298,"DFW","Dallas/Fort Worth, TX","TX","0815","0814",-1.00,0.00,23.00,15.00,"1117","1128",11.00,11.00,0.00,"",0.00,122.00,134.00,96.00,1.00,721.00,,,,,,
2016,7,26,2,2016-07-26,"AA",19805,"AA","2622",11503,"EGE","Eagle, CO","CO",11298,"DFW","Dallas/Fort Worth, TX","TX","0815","0808",-7.00,0.00,21.00,14.00,"1117","1118",1.00,1.00,0.00,"",0.00,122.00,130.00,95.00,1.00,721.00,,,,,,
2016,7,27,3,2016-07-27,"AA",19805,"AA","2622",11503,"EGE","Eagle, CO","CO",11298,"DFW","Dallas/Fort Worth, TX","TX","0815","0800",-15.00,0.00,29.00,15.00,"1117","1119",2.00,2.00,0.00,"",0.00,122.00,139.00,95.00,1.00,721.00,,,,,,
2016,7,28,4,2016-07-28,"AA",19805,"AA","2622",11503,"EGE","Eagle, CO","CO",11298,"DFW","Dallas/Fort Worth, TX","TX","0815","0810",-5.00,0.00,18.00,12.00,"1117","1112",-5.00,0.00,0.00,"",0.00,122.00,122.00,92.00,1.00,721.00,,,,,,
2016,7,29,5,2016-07-29,"AA",19805,"AA","2622",11503,"EGE","Eagle, CO","CO",11298,"DFW","Dallas/Fort Worth, TX","TX","0815","0803",-12.00,0.00,21.00,8.00,"1117","1115",-2.00,0.00,0.00,"",0.00,122.00,132.00,103.00,1.00,721.00,,,,,,
2016,7,30,6,2016-07-30,"AA",19805,"AA","2622",11503,"EGE","Eagle, CO","CO",11298,"DFW","Dallas/Fort Worth, TX","TX","0815","0809",-6.00,0.00,26.00,12.00,"1117","1124",7.00,7.00,0.00,"",0.00,122.00,135.00,97.00,1.00,721.00,,,,,,
2016,7,31,7,2016-07-31,"AA",19805,"AA","2622",11503,"EGE","Eagle, CO","CO",11298,"DFW","Dallas/Fort Worth, TX","TX","0815","0811",-4.00,0.00,15.00,12.00,"1117","1112",-5.00,0.00,0.00,"",0.00,122.00,121.00,94.00,1.00,721.00,,,,,,
2016,7,1,5,2016-07-01,"AA",19805,"AA","2623",11298,"DFW","Dallas/Fort Worth, TX","TX",15304,"TPA","Tampa, FL","FL","1830","1849",19.00,19.00,12.00,4.00,"2158","2206",8.00,8.00,0.00,"",0.00,148.00,137.00,121.00,1.00,929.00,,,,,,
2016,7,2,6,2016-07-02,"AA",19805,"AA","2623",11298,"DFW","Dallas/Fort Worth, TX","TX",15304,"TPA","Tampa, FL","FL","1830","1902",32.00,32.00,17.00,16.00,"2158","2237",39.00,39.00,0.00,"",0.00,148.00,155.00,122.00,1.00,929.00,32.00,0.00,7.00,0.00,0.00,
2016,7,3,7,2016-07-03,"AA",19805,"AA","2623",11298,"DFW","Dallas/Fort Worth, TX","TX",15304,"TPA","Tampa, FL","FL","1830","2049",139.00,139.00,17.00,5.00,"2158","0012",134.00,134.00,0.00,"",0.00,148.00,143.00,121.00,1.00,929.00,47.00,0.00,0.00,0.00,87.00,
2016,7,4,1,2016-07-04,"AA",19805,"AA","2623",11298,"DFW","Dallas/Fort Worth, TX","TX",15304,"TPA","Tampa, FL","FL","1830","1853",23.00,23.00,15.00,4.00,"2158","2218",20.00,20.00,0.00,"",0.00,148.00,145.00,126.00,1.00,929.00,0.00,0.00,0.00,0.00,20.00,
2016,7,5,2,2016-07-05,"AA",19805,"AA","2623",11298,"DFW","Dallas/Fort Worth, TX","TX",15304,"TPA","Tampa, FL","FL","1830","1834",4.00,4.00,13.00,5.00,"2158","2157",-1.00,0.00,0.00,"",0.00,148.00,143.00,125.00,1.00,929.00,,,,,,
2016,7,6,3,2016-07-06,"AA",19805,"AA","2623",11298,"DFW","Dallas/Fort Worth, TX","TX",15304,"TPA","Tampa, FL","FL","1830","1829",-1.00,0.00,15.00,4.00,"2158","2149",-9.00,0.00,0.00,"",0.00,148.00,140.00,121.00,1.00,929.00,,,,,,
2016,7,7,4,2016-07-07,"AA",19805,"AA","2623",11298,"DFW","Dallas/Fort Worth, TX","TX",15304,"TPA","Tampa, FL","FL","1830","1847",17.00,17.00,14.00,4.00,"2158","2209",11.00,11.00,0.00,"",0.00,148.00,142.00,124.00,1.00,929.00,,,,,,
2016,7,8,5,2016-07-08,"AA",19805,"AA","2623",11298,"DFW","Dallas/Fort Worth, TX","TX",15304,"TPA","Tampa, FL","FL","1830","1827",-3.00,0.00,10.00,9.00,"2158","2150",-8.00,0.00,0.00,"",0.00,148.00,143.00,124.00,1.00,929.00,,,,,,
2016,7,9,6,2016-07-09,"AA",19805,"AA","2623",11298,"DFW","Dallas/Fort Worth, TX","TX",15304,"TPA","Tampa, FL","FL","1830","",,,,,"2158","",,,1.00,"C",0.00,148.00,,,1.00,929.00,,,,,,
2016,7,10,7,2016-07-10,"AA",19805,"AA","2623",11298,"DFW","Dallas/Fort Worth, TX","TX",15304,"TPA","Tampa, FL","FL","1830","1825",-5.00,0.00,16.00,5.00,"2158","2149",-9.00,0.00,0.00,"",0.00,148.00,144.00,123.00,1.00,929.00,,,,,,
2016,7,11,1,2016-07-11,"AA",19805,"AA","2623",11298,"DFW","Dallas/Fort Worth, TX","TX",15304,"TPA","Tampa, FL","FL","1830","1829",-1.00,0.00,11.00,7.00,"2158","2158",0.00,0.00,0.00,"",0.00,148.00,149.00,131.00,1.00,929.00,,,,,,
2016,7,12,2,2016-07-12,"AA",19805,"AA","2623",11298,"DFW","Dallas/Fort Worth, TX","TX",15304,"TPA","Tampa, FL","FL","1830","1826",-4.00,0.00,13.00,5.00,"2158","2212",14.00,14.00,0.00,"",0.00,148.00,166.00,148.00,1.00,929.00,,,,,,
2016,7,13,3,2016-07-13,"AA",19805,"AA","2623",11298,"DFW","Dallas/Fort Worth, TX","TX",15304,"TPA","Tampa, FL","FL","1830","1831",1.00,1.00,14.00,8.00,"2158","2200",2.00,2.00,0.00,"",0.00,148.00,149.00,127.00,1.00,929.00,,,,,,
2016,7,14,4,2016-07-14,"AA",19805,"AA","2623",11298,"DFW","Dallas/Fort Worth, TX","TX",15304,"TPA","Tampa, FL","FL","1830","1948",78.00,78.00,15.00,3.00,"2158","2309",71.00,71.00,0.00,"",0.00,148.00,141.00,123.00,1.00,929.00,0.00,0.00,0.00,0.00,71.00,
2016,7,15,5,2016-07-15,"AA",19805,"AA","2623",11298,"DFW","Dallas/Fort Worth, TX","TX",15304,"TPA","Tampa, FL","FL","1830","1938",68.00,68.00,15.00,5.00,"2158","2258",60.00,60.00,0.00,"",0.00,148.00,140.00,120.00,1.00,929.00,0.00,0.00,0.00,0.00,60.00,
2016,7,16,6,2016-07-16,"AA",19805,"AA","2623",11298,"DFW","Dallas/Fort Worth, TX","TX",15304,"TPA","Tampa, FL","FL","1830","1952",82.00,82.00,8.00,3.00,"2158","2303",65.00,65.00,0.00,"",0.00,148.00,131.00,120.00,1.00,929.00,2.00,0.00,0.00,0.00,63.00,
2016,7,17,7,2016-07-17,"AA",19805,"AA","2623",11298,"DFW","Dallas/Fort Worth, TX","TX",15304,"TPA","Tampa, FL","FL","1830","1854",24.00,24.00,24.00,8.00,"2158","2240",42.00,42.00,0.00,"",0.00,148.00,166.00,134.00,1.00,929.00,9.00,0.00,18.00,0.00,15.00,
2016,7,18,1,2016-07-18,"AA",19805,"AA","2623",11298,"DFW","Dallas/Fort Worth, TX","TX",15304,"TPA","Tampa, FL","FL","1830","1823",-7.00,0.00,9.00,4.00,"2158","2144",-14.00,0.00,0.00,"",0.00,148.00,141.00,128.00,1.00,929.00,,,,,,
2016,7,19,2,2016-07-19,"AA",19805,"AA","2623",11298,"DFW","Dallas/Fort Worth, TX","TX",15304,"TPA","Tampa, FL","FL","1830","1841",11.00,11.00,16.00,2.00,"2158","2206",8.00,8.00,0.00,"",0.00,148.00,145.00,127.00,1.00,929.00,,,,,,
2016,7,20,3,2016-07-20,"AA",19805,"AA","2623",11298,"DFW","Dallas/Fort Worth, TX","TX",15304,"TPA","Tampa, FL","FL","1830","1835",5.00,5.00,12.00,3.00,"2158","2150",-8.00,0.00,0.00,"",0.00,148.00,135.00,120.00,1.00,929.00,,,,,,
2016,7,21,4,2016-07-21,"AA",19805,"AA","2623",11298,"DFW","Dallas/Fort Worth, TX","TX",15304,"TPA","Tampa, FL","FL","1830","1823",-7.00,0.00,16.00,19.00,"2158","2218",20.00,20.00,0.00,"",0.00,148.00,175.00,140.00,1.00,929.00,0.00,0.00,20.00,0.00,0.00,
2016,7,22,5,2016-07-22,"AA",19805,"AA","2623",11298,"DFW","Dallas/Fort Worth, TX","TX",15304,"TPA","Tampa, FL","FL","1830","1831",1.00,1.00,15.00,8.00,"2158","2157",-1.00,0.00,0.00,"",0.00,148.00,146.00,123.00,1.00,929.00,,,,,,
2016,7,23,6,2016-07-23,"AA",19805,"AA","2623",11298,"DFW","Dallas/Fort Worth, TX","TX",15304,"TPA","Tampa, FL","FL","1830","1836",6.00,6.00,15.00,5.00,"2158","2155",-3.00,0.00,0.00,"",0.00,148.00,139.00,119.00,1.00,929.00,,,,,,
2016,7,24,7,2016-07-24,"AA",19805,"AA","2623",11298,"DFW","Dallas/Fort Worth, TX","TX",15304,"TPA","Tampa, FL","FL","1830","1828",-2.00,0.00,20.00,3.00,"2158","2156",-2.00,0.00,0.00,"",0.00,148.00,148.00,125.00,1.00,929.00,,,,,,
2016,7,25,1,2016-07-25,"AA",19805,"AA","2623",11298,"DFW","Dallas/Fort Worth, TX","TX",15304,"TPA","Tampa, FL","FL","1830","2133",183.00,183.00,19.00,6.00,"2158","0118",200.00,200.00,0.00,"",0.00,148.00,165.00,140.00,1.00,929.00,6.00,0.00,17.00,0.00,177.00,
2016,7,26,2,2016-07-26,"AA",19805,"AA","2623",11298,"DFW","Dallas/Fort Worth, TX","TX",15304,"TPA","Tampa, FL","FL","1830","1940",70.00,70.00,20.00,4.00,"2158","2309",71.00,71.00,0.00,"",0.00,148.00,149.00,125.00,1.00,929.00,0.00,0.00,1.00,0.00,70.00,
2016,7,27,3,2016-07-27,"AA",19805,"AA","2623",11298,"DFW","Dallas/Fort Worth, TX","TX",15304,"TPA","Tampa, FL","FL","1830","2123",173.00,173.00,14.00,5.00,"2158","0047",169.00,169.00,0.00,"",0.00,148.00,144.00,125.00,1.00,929.00,115.00,0.00,0.00,0.00,54.00,
2016,7,28,4,2016-07-28,"AA",19805,"AA","2623",11298,"DFW","Dallas/Fort Worth, TX","TX",15304,"TPA","Tampa, FL","FL","1830","2210",220.00,220.00,25.00,4.00,"2158","0139",221.00,221.00,0.00,"",0.00,148.00,149.00,120.00,1.00,929.00,220.00,0.00,1.00,0.00,0.00,
2016,7,29,5,2016-07-29,"AA",19805,"AA","2623",11298,"DFW","Dallas/Fort Worth, TX","TX",15304,"TPA","Tampa, FL","FL","1830","1845",15.00,15.00,17.00,4.00,"2158","2210",12.00,12.00,0.00,"",0.00,148.00,145.00,124.00,1.00,929.00,,,,,,
2016,7,30,6,2016-07-30,"AA",19805,"AA","2623",11298,"DFW","Dallas/Fort Worth, TX","TX",15304,"TPA","Tampa, FL","FL","1830","1828",-2.00,0.00,11.00,5.00,"2158","2144",-14.00,0.00,0.00,"",0.00,148.00,136.00,120.00,1.00,929.00,,,,,,
2016,7,31,7,2016-07-31,"AA",19805,"AA","2623",11298,"DFW","Dallas/Fort Worth, TX","TX",15304,"TPA","Tampa, FL","FL","1830","1923",53.00,53.00,12.00,7.00,"2158","2245",47.00,47.00,0.00,"",0.00,148.00,142.00,123.00,1.00,929.00,47.00,0.00,0.00,0.00,0.00,
2016,7,1,5,2016-07-01,"AA",19805,"AA","2624",15304,"TPA","Tampa, FL","FL",11298,"DFW","Dallas/Fort Worth, TX","TX","0620","0612",-8.00,0.00,9.00,9.00,"0754","0743",-11.00,0.00,0.00,"",0.00,154.00,151.00,133.00,1.00,929.00,,,,,,
2016,7,2,6,2016-07-02,"AA",19805,"AA","2624",15304,"TPA","Tampa, FL","FL",11298,"DFW","Dallas/Fort Worth, TX","TX","0620","0631",11.00,11.00,19.00,5.00,"0754","0806",12.00,12.00,0.00,"",0.00,154.00,155.00,131.00,1.00,929.00,,,,,,
2016,7,3,7,2016-07-03,"AA",19805,"AA","2624",15304,"TPA","Tampa, FL","FL",11298,"DFW","Dallas/Fort Worth, TX","TX","0620","0614",-6.00,0.00,10.00,3.00,"0754","0733",-21.00,0.00,0.00,"",0.00,154.00,139.00,126.00,1.00,929.00,,,,,,
2016,7,4,1,2016-07-04,"AA",19805,"AA","2624",15304,"TPA","Tampa, FL","FL",11298,"DFW","Dallas/Fort Worth, TX","TX","0620","0616",-4.00,0.00,10.00,23.00,"0754","0838",44.00,44.00,0.00,"",0.00,154.00,202.00,169.00,1.00,929.00,0.00,0.00,44.00,0.00,0.00,
2016,7,5,2,2016-07-05,"AA",19805,"AA","2624",15304,"TPA","Tampa, FL","FL",11298,"DFW","Dallas/Fort Worth, TX","TX","0620","0617",-3.00,0.00,11.00,13.00,"0754","0748",-6.00,0.00,0.00,"",0.00,154.00,151.00,127.00,1.00,929.00,,,,,,
2016,7,6,3,2016-07-06,"AA",19805,"AA","2624",15304,"TPA","Tampa, FL","FL",11298,"DFW","Dallas/Fort Worth, TX","TX","0620","0620",0.00,0.00,15.00,8.00,"0754","0755",1.00,1.00,0.00,"",0.00,154.00,155.00,132.00,1.00,929.00,,,,,,
2016,7,7,4,2016-07-07,"AA",19805,"AA","2624",15304,"TPA","Tampa, FL","FL",11298,"DFW","Dallas/Fort Worth, TX","TX","0620","0612",-8.00,0.00,12.00,15.00,"0754","0748",-6.00,0.00,0.00,"",0.00,154.00,156.00,129.00,1.00,929.00,,,,,,
2016,7,8,5,2016-07-08,"AA",19805,"AA","2624",15304,"TPA","Tampa, FL","FL",11298,"DFW","Dallas/Fort Worth, TX","TX","0620","0615",-5.00,0.00,13.00,5.00,"0754","0743",-11.00,0.00,0.00,"",0.00,154.00,148.00,130.00,1.00,929.00,,,,,,
2016,7,9,6,2016-07-09,"AA",19805,"AA","2624",15304,"TPA","Tampa, FL","FL",11298,"DFW","Dallas/Fort Worth, TX","TX","0620","0613",-7.00,0.00,15.00,11.00,"0754","0753",-1.00,0.00,0.00,"",0.00,154.00,160.00,134.00,1.00,929.00,,,,,,
2016,7,10,7,2016-07-10,"AA",19805,"AA","2624",15304,"TPA","Tampa, FL","FL",11298,"DFW","Dallas/Fort Worth, TX","TX","0620","0616",-4.00,0.00,13.00,17.00,"0754","0754",0.00,0.00,0.00,"",0.00,154.00,158.00,128.00,1.00,929.00,,,,,,
2016,7,11,1,2016-07-11,"AA",19805,"AA","2624",15304,"TPA","Tampa, FL","FL",11298,"DFW","Dallas/Fort Worth, TX","TX","0620","0614",-6.00,0.00,13.00,5.00,"0754","0742",-12.00,0.00,0.00,"",0.00,154.00,148.00,130.00,1.00,929.00,,,,,,
2016,7,12,2,2016-07-12,"AA",19805,"AA","2624",15304,"TPA","Tampa, FL","FL",11298,"DFW","Dallas/Fort Worth, TX","TX","0620","0617",-3.00,0.00,14.00,9.00,"0754","0750",-4.00,0.00,0.00,"",0.00,154.00,153.00,130.00,1.00,929.00,,,,,,
2016,7,13,3,2016-07-13,"AA",19805,"AA","2624",15304,"TPA","Tampa, FL","FL",11298,"DFW","Dallas/Fort Worth, TX","TX","0620","0612",-8.00,0.00,12.00,15.00,"0754","0749",-5.00,0.00,0.00,"",0.00,154.00,157.00,130.00,1.00,929.00,,,,,,
2016,7,14,4,2016-07-14,"AA",19805,"AA","2624",15304,"TPA","Tampa, FL","FL",11298,"DFW","Dallas/Fort Worth, TX","TX","0620","0617",-3.00,0.00,11.00,7.00,"0754","0739",-15.00,0.00,0.00,"",0.00,154.00,142.00,124.00,1.00,929.00,,,,,,
2016,7,15,5,2016-07-15,"AA",19805,"AA","2624",15304,"TPA","Tampa, FL","FL",11298,"DFW","Dallas/Fort Worth, TX","TX","0620","0616",-4.00,0.00,13.00,15.00,"0754","0753",-1.00,0.00,0.00,"",0.00,154.00,157.00,129.00,1.00,929.00,,,,,,
2016,7,16,6,2016-07-16,"AA",19805,"AA","2624",15304,"TPA","Tampa, FL","FL",11298,"DFW","Dallas/Fort Worth, TX","TX","0620","0620",0.00,0.00,11.00,11.00,"0754","0744",-10.00,0.00,0.00,"",0.00,154.00,144.00,122.00,1.00,929.00,,,,,,
2016,7,17,7,2016-07-17,"AA",19805,"AA","2624",15304,"TPA","Tampa, FL","FL",11298,"DFW","Dallas/Fort Worth, TX","TX","0620","0620",0.00,0.00,15.00,14.00,"0754","0754",0.00,0.00,0.00,"",0.00,154.00,154.00,125.00,1.00,929.00,,,,,,
2016,7,18,1,2016-07-18,"AA",19805,"AA","2624",15304,"TPA","Tampa, FL","FL",11298,"DFW","Dallas/Fort Worth, TX","TX","0620","0822",122.00,122.00,17.00,8.00,"0754","0949",115.00,115.00,0.00,"",0.00,154.00,147.00,122.00,1.00,929.00,115.00,0.00,0.00,0.00,0.00,
2016,7,19,2,2016-07-19,"AA",19805,"AA","2624",15304,"TPA","Tampa, FL","FL",11298,"DFW","Dallas/Fort Worth, TX","TX","0620","0640",20.00,20.00,14.00,13.00,"0754","0810",16.00,16.00,0.00,"",0.00,154.00,150.00,123.00,1.00,929.00,16.00,0.00,0.00,0.00,0.00,
2016,7,20,3,2016-07-20,"AA",19805,"AA","2624",15304,"TPA","Tampa, FL","FL",11298,"DFW","Dallas/Fort Worth, TX","TX","0620","0609",-11.00,0.00,10.00,13.00,"0754","0732",-22.00,0.00,0.00,"",0.00,154.00,143.00,120.00,1.00,929.00,,,,,,
2016,7,21,4,2016-07-21,"AA",19805,"AA","2624",15304,"TPA","Tampa, FL","FL",11298,"DFW","Dallas/Fort Worth, TX","TX","0620","0616",-4.00,0.00,12.00,14.00,"0754","0745",-9.00,0.00,0.00,"",0.00,154.00,149.00,123.00,1.00,929.00,,,,,,
2016,7,22,5,2016-07-22,"AA",19805,"AA","2624",15304,"TPA","Tampa, FL","FL",11298,"DFW","Dallas/Fort Worth, TX","TX","0620","0616",-4.00,0.00,12.00,14.00,"0754","0744",-10.00,0.00,0.00,"",0.00,154.00,148.00,122.00,1.00,929.00,,,,,,
2016,7,23,6,2016-07-23,"AA",19805,"AA","2624",15304,"TPA","Tampa, FL","FL",11298,"DFW","Dallas/Fort Worth, TX","TX","0620","0724",64.00,64.00,14.00,10.00,"0754","0848",54.00,54.00,0.00,"",0.00,154.00,144.00,120.00,1.00,929.00,54.00,0.00,0.00,0.00,0.00,
2016,7,24,7,2016-07-24,"AA",19805,"AA","2624",15304,"TPA","Tampa, FL","FL",11298,"DFW","Dallas/Fort Worth, TX","TX","0620","0618",-2.00,0.00,14.00,13.00,"0754","0753",-1.00,0.00,0.00,"",0.00,154.00,155.00,128.00,1.00,929.00,,,,,,
2016,7,25,1,2016-07-25,"AA",19805,"AA","2624",15304,"TPA","Tampa, FL","FL",11298,"DFW","Dallas/Fort Worth, TX","TX","0620","0618",-2.00,0.00,14.00,8.00,"0754","0747",-7.00,0.00,0.00,"",0.00,154.00,149.00,127.00,1.00,929.00,,,,,,
2016,7,26,2,2016-07-26,"AA",19805,"AA","2624",15304,"TPA","Tampa, FL","FL",11298,"DFW","Dallas/Fort Worth, TX","TX","0620","0618",-2.00,0.00,12.00,25.00,"0754","0758",4.00,4.00,0.00,"",0.00,154.00,160.00,123.00,1.00,929.00,,,,,,
2016,7,27,3,2016-07-27,"AA",19805,"AA","2624",15304,"TPA","Tampa, FL","FL",11298,"DFW","Dallas/Fort Worth, TX","TX","0620","0615",-5.00,0.00,11.00,15.00,"0754","0742",-12.00,0.00,0.00,"",0.00,154.00,147.00,121.00,1.00,929.00,,,,,,
2016,7,28,4,2016-07-28,"AA",19805,"AA","2624",15304,"TPA","Tampa, FL","FL",11298,"DFW","Dallas/Fort Worth, TX","TX","0620","0612",-8.00,0.00,12.00,15.00,"0754","0743",-11.00,0.00,0.00,"",0.00,154.00,151.00,124.00,1.00,929.00,,,,,,
2016,7,29,5,2016-07-29,"AA",19805,"AA","2624",15304,"TPA","Tampa, FL","FL",11298,"DFW","Dallas/Fort Worth, TX","TX","0620","0647",27.00,27.00,11.00,9.00,"0754","0811",17.00,17.00,0.00,"",0.00,154.00,144.00,124.00,1.00,929.00,17.00,0.00,0.00,0.00,0.00,
2016,7,30,6,2016-07-30,"AA",19805,"AA","2624",15304,"TPA","Tampa, FL","FL",11298,"DFW","Dallas/Fort Worth, TX","TX","0620","0619",-1.00,0.00,10.00,16.00,"0754","0801",7.00,7.00,0.00,"",0.00,154.00,162.00,136.00,1.00,929.00,,,,,,
2016,7,31,7,2016-07-31,"AA",19805,"AA","2624",15304,"TPA","Tampa, FL","FL",11298,"DFW","Dallas/Fort Worth, TX","TX","0620","0619",-1.00,0.00,16.00,12.00,"0754","0754",0.00,0.00,0.00,"",0.00,154.00,155.00,127.00,1.00,929.00,,,,,,
2016,7,1,5,2016-07-01,"AA",19805,"AA","2625",11298,"DFW","Dallas/Fort Worth, TX","TX",13204,"MCO","Orlando, FL","FL","0600","0556",-4.00,0.00,10.00,8.00,"0935","0924",-11.00,0.00,0.00,"",0.00,155.00,148.00,130.00,1.00,985.00,,,,,,
2016,7,2,6,2016-07-02,"AA",19805,"AA","2625",11298,"DFW","Dallas/Fort Worth, TX","TX",13204,"MCO","Orlando, FL","FL","0600","0555",-5.00,0.00,10.00,9.00,"0935","0923",-12.00,0.00,0.00,"",0.00,155.00,148.00,129.00,1.00,985.00,,,,,,
2016,7,3,7,2016-07-03,"AA",19805,"AA","2625",11298,"DFW","Dallas/Fort Worth, TX","TX",13204,"MCO","Orlando, FL","FL","0600","0555",-5.00,0.00,9.00,5.00,"0935","0917",-18.00,0.00,0.00,"",0.00,155.00,142.00,128.00,1.00,985.00,,,,,,
2016,7,4,1,2016-07-04,"AA",19805,"AA","2625",11298,"DFW","Dallas/Fort Worth, TX","TX",13204,"MCO","Orlando, FL","FL","0600","0841",161.00,161.00,20.00,4.00,"0935","1227",172.00,172.00,0.00,"",0.00,155.00,166.00,142.00,1.00,985.00,0.00,161.00,11.00,0.00,0.00,
2016,7,9,6,2016-07-09,"AA",19805,"AA","2625",11298,"DFW","Dallas/Fort Worth, TX","TX",13204,"MCO","Orlando, FL","FL","0600","0557",-3.00,0.00,10.00,6.00,"0935","0923",-12.00,0.00,0.00,"",0.00,155.00,146.00,130.00,1.00,985.00,,,,,,
2016,7,16,6,2016-07-16,"AA",19805,"AA","2625",11298,"DFW","Dallas/Fort Worth, TX","TX",13204,"MCO","Orlando, FL","FL","0600","0556",-4.00,0.00,10.00,5.00,"0935","0920",-15.00,0.00,0.00,"",0.00,155.00,144.00,129.00,1.00,985.00,,,,,,
2016,7,23,6,2016-07-23,"AA",19805,"AA","2625",11298,"DFW","Dallas/Fort Worth, TX","TX",13204,"MCO","Orlando, FL","FL","0600","0554",-6.00,0.00,10.00,6.00,"0935","0919",-16.00,0.00,0.00,"",0.00,155.00,145.00,129.00,1.00,985.00,,,,,,
2016,7,30,6,2016-07-30,"AA",19805,"AA","2625",11298,"DFW","Dallas/Fort Worth, TX","TX",13204,"MCO","Orlando, FL","FL","0600","0925",205.00,205.00,12.00,5.00,"0935","1252",197.00,197.00,0.00,"",0.00,155.00,147.00,130.00,1.00,985.00,6.00,0.00,0.00,0.00,191.00,
2016,7,1,5,2016-07-01,"AA",19805,"AA","2625",13204,"MCO","Orlando, FL","FL",11298,"DFW","Dallas/Fort Worth, TX","TX","1020","1019",-1.00,0.00,13.00,9.00,"1203","1155",-8.00,0.00,0.00,"",0.00,163.00,156.00,134.00,1.00,985.00,,,,,,
2016,7,2,6,2016-07-02,"AA",19805,"AA","2625",13204,"MCO","Orlando, FL","FL",11298,"DFW","Dallas/Fort Worth, TX","TX","1015","1009",-6.00,0.00,10.00,20.00,"1158","1158",0.00,0.00,0.00,"",0.00,163.00,169.00,139.00,1.00,985.00,,,,,,
2016,7,3,7,2016-07-03,"AA",19805,"AA","2625",13204,"MCO","Orlando, FL","FL",11298,"DFW","Dallas/Fort Worth, TX","TX","1020","1113",53.00,53.00,15.00,4.00,"1203","1239",36.00,36.00,0.00,"",0.00,163.00,146.00,127.00,1.00,985.00,36.00,0.00,0.00,0.00,0.00,
2016,7,4,1,2016-07-04,"AA",19805,"AA","2625",13204,"MCO","Orlando, FL","FL",11298,"DFW","Dallas/Fort Worth, TX","TX","1020","1311",171.00,171.00,14.00,11.00,"1203","1445",162.00,162.00,0.00,"",0.00,163.00,154.00,129.00,1.00,985.00,0.00,0.00,0.00,0.00,162.00,
2016,7,5,2,2016-07-05,"AA",19805,"AA","2625",13204,"MCO","Orlando, FL","FL",11298,"DFW","Dallas/Fort Worth, TX","TX","1002","1030",28.00,28.00,13.00,7.00,"1145","1200",15.00,15.00,0.00,"",0.00,163.00,150.00,130.00,1.00,985.00,15.00,0.00,0.00,0.00,0.00,
2016,7,6,3,2016-07-06,"AA",19805,"AA","2625",13204,"MCO","Orlando, FL","FL",11298,"DFW","Dallas/Fort Worth, TX","TX","1002","1156",114.00,114.00,19.00,9.00,"1145","1343",118.00,118.00,0.00,"",0.00,163.00,167.00,139.00,1.00,985.00,114.00,0.00,4.00,0.00,0.00,
2016,7,7,4,2016-07-07,"AA",19805,"AA","2625",13204,"MCO","Orlando, FL","FL",11298,"DFW","Dallas/Fort Worth, TX","TX","1002","0959",-3.00,0.00,15.00,17.00,"1145","1139",-6.00,0.00,0.00,"",0.00,163.00,160.00,128.00,1.00,985.00,,,,,,
2016,7,8,5,2016-07-08,"AA",19805,"AA","2625",13204,"MCO","Orlando, FL","FL",11298,"DFW","Dallas/Fort Worth, TX","TX","1002","0957",-5.00,0.00,15.00,4.00,"1145","1132",-13.00,0.00,0.00,"",0.00,163.00,155.00,136.00,1.00,985.00,,,,,,
2016,7,9,6,2016-07-09,"AA",19805,"AA","2625",13204,"MCO","Orlando, FL","FL",11298,"DFW","Dallas/Fort Worth, TX","TX","1015","1014",-1.00,0.00,15.00,10.00,"1158","1154",-4.00,0.00,0.00,"",0.00,163.00,160.00,135.00,1.00,985.00,,,,,,
2016,7,10,7,2016-07-10,"AA",19805,"AA","2625",13204,"MCO","Orlando, FL","FL",11298,"DFW","Dallas/Fort Worth, TX","TX","1002","0957",-5.00,0.00,14.00,12.00,"1145","1133",-12.00,0.00,0.00,"",0.00,163.00,156.00,130.00,1.00,985.00,,,,,,
2016,7,11,1,2016-07-11,"AA",19805,"AA","2625",13204,"MCO","Orlando, FL","FL",11298,"DFW","Dallas/Fort Worth, TX","TX","1002","0959",-3.00,0.00,10.00,11.00,"1145","1137",-8.00,0.00,0.00,"",0.00,163.00,158.00,137.00,1.00,985.00,,,,,,
2016,7,12,2,2016-07-12,"AA",19805,"AA","2625",13204,"MCO","Orlando, FL","FL",11298,"DFW","Dallas/Fort Worth, TX","TX","1002","1000",-2.00,0.00,13.00,12.00,"1145","1136",-9.00,0.00,0.00,"",0.00,163.00,156.00,131.00,1.00,985.00,,,,,,
2016,7,13,3,2016-07-13,"AA",19805,"AA","2625",13204,"MCO","Orlando, FL","FL",11298,"DFW","Dallas/Fort Worth, TX","TX","1002","1000",-2.00,0.00,12.00,14.00,"1145","1145",0.00,0.00,0.00,"",0.00,163.00,165.00,139.00,1.00,985.00,,,,,,
2016,7,14,4,2016-07-14,"AA",19805,"AA","2625",13204,"MCO","Orlando, FL","FL",11298,"DFW","Dallas/Fort Worth, TX","TX","1002","1010",8.00,8.00,13.00,9.00,"1145","1149",4.00,4.00,0.00,"",0.00,163.00,159.00,137.00,1.00,985.00,,,,,,
2016,7,15,5,2016-07-15,"AA",19805,"AA","2625",13204,"MCO","Orlando, FL","FL",11298,"DFW","Dallas/Fort Worth, TX","TX","1002","1021",19.00,19.00,20.00,5.00,"1145","1250",65.00,65.00,0.00,"",0.00,163.00,209.00,184.00,1.00,985.00,1.00,0.00,46.00,0.00,18.00,
2016,7,16,6,2016-07-16,"AA",19805,"AA","2625",13204,"MCO","Orlando, FL","FL",11298,"DFW","Dallas/Fort Worth, TX","TX","1015","1013",-2.00,0.00,13.00,7.00,"1158","1140",-18.00,0.00,0.00,"",0.00,163.00,147.00,127.00,1.00,985.00,,,,,,
2016,7,17,7,2016-07-17,"AA",19805,"AA","2625",13204,"MCO","Orlando, FL","FL",11298,"DFW","Dallas/Fort Worth, TX","TX","1002","1002",0.00,0.00,16.00,9.00,"1145","1137",-8.00,0.00,0.00,"",0.00,163.00,155.00,130.00,1.00,985.00,,,,,,
2016,7,18,1,2016-07-18,"AA",19805,"AA","2625",13204,"MCO","Orlando, FL","FL",11298,"DFW","Dallas/Fort Worth, TX","TX","1002","1000",-2.00,0.00,14.00,8.00,"1145","1131",-14.00,0.00,0.00,"",0.00,163.00,151.00,129.00,1.00,985.00,,,,,,
2016,7,19,2,2016-07-19,"AA",19805,"AA","2625",13204,"MCO","Orlando, FL","FL",11298,"DFW","Dallas/Fort Worth, TX","TX","1002","1004",2.00,2.00,16.00,6.00,"1145","1137",-8.00,0.00,0.00,"",0.00,163.00,153.00,131.00,1.00,985.00,,,,,,
2016,7,20,3,2016-07-20,"AA",19805,"AA","2625",13204,"MCO","Orlando, FL","FL",11298,"DFW","Dallas/Fort Worth, TX","TX","1002","0956",-6.00,0.00,14.00,11.00,"1145","1131",-14.00,0.00,0.00,"",0.00,163.00,155.00,130.00,1.00,985.00,,,,,,
2016,7,21,4,2016-07-21,"AA",19805,"AA","2625",13204,"MCO","Orlando, FL","FL",11298,"DFW","Dallas/Fort Worth, TX","TX","1002","0954",-8.00,0.00,13.00,6.00,"1145","1126",-19.00,0.00,0.00,"",0.00,163.00,152.00,133.00,1.00,985.00,,,,,,
2016,7,22,5,2016-07-22,"AA",19805,"AA","2625",13204,"MCO","Orlando, FL","FL",11298,"DFW","Dallas/Fort Worth, TX","TX","1002","0956",-6.00,0.00,12.00,11.00,"1145","1124",-21.00,0.00,0.00,"",0.00,163.00,148.00,125.00,1.00,985.00,,,,,,
2016,7,23,6,2016-07-23,"AA",19805,"AA","2625",13204,"MCO","Orlando, FL","FL",11298,"DFW","Dallas/Fort Worth, TX","TX","1015","1015",0.00,0.00,16.00,11.00,"1158","1154",-4.00,0.00,0.00,"",0.00,163.00,159.00,132.00,1.00,985.00,,,,,,
2016,7,24,7,2016-07-24,"AA",19805,"AA","2625",13204,"MCO","Orlando, FL","FL",11298,"DFW","Dallas/Fort Worth, TX","TX","1002","1011",9.00,9.00,13.00,7.00,"1145","1141",-4.00,0.00,0.00,"",0.00,163.00,150.00,130.00,1.00,985.00,,,,,,
2016,7,25,1,2016-07-25,"AA",19805,"AA","2625",13204,"MCO","Orlando, FL","FL",11298,"DFW","Dallas/Fort Worth, TX","TX","1002","1000",-2.00,0.00,17.00,9.00,"1145","1135",-10.00,0.00,0.00,"",0.00,163.00,155.00,129.00,1.00,985.00,,,,,,
2016,7,26,2,2016-07-26,"AA",19805,"AA","2625",13204,"MCO","Orlando, FL","FL",11298,"DFW","Dallas/Fort Worth, TX","TX","1002","1118",76.00,76.00,14.00,13.00,"1145","1302",77.00,77.00,0.00,"",0.00,163.00,164.00,137.00,1.00,985.00,26.00,0.00,1.00,0.00,50.00,
2016,7,27,3,2016-07-27,"AA",19805,"AA","2625",13204,"MCO","Orlando, FL","FL",11298,"DFW","Dallas/Fort Worth, TX","TX","1002","0959",-3.00,0.00,14.00,7.00,"1145","1128",-17.00,0.00,0.00,"",0.00,163.00,149.00,128.00,1.00,985.00,,,,,,
2016,7,28,4,2016-07-28,"AA",19805,"AA","2625",13204,"MCO","Orlando, FL","FL",11298,"DFW","Dallas/Fort Worth, TX","TX","1002","0958",-4.00,0.00,14.00,13.00,"1145","1134",-11.00,0.00,0.00,"",0.00,163.00,156.00,129.00,1.00,985.00,,,,,,
2016,7,29,5,2016-07-29,"AA",19805,"AA","2625",13204,"MCO","Orlando, FL","FL",11298,"DFW","Dallas/Fort Worth, TX","TX","1002","1003",1.00,1.00,12.00,13.00,"1145","1140",-5.00,0.00,0.00,"",0.00,163.00,157.00,132.00,1.00,985.00,,,,,,
2016,7,30,6,2016-07-30,"AA",19805,"AA","2625",13204,"MCO","Orlando, FL","FL",11298,"DFW","Dallas/Fort Worth, TX","TX","1015","1334",199.00,199.00,15.00,10.00,"1158","1512",194.00,194.00,0.00,"",0.00,163.00,158.00,133.00,1.00,985.00,2.00,0.00,0.00,0.00,192.00,
2016,7,31,7,2016-07-31,"AA",19805,"AA","2625",13204,"MCO","Orlando, FL","FL",11298,"DFW","Dallas/Fort Worth, TX","TX","1002","1008",6.00,6.00,14.00,22.00,"1145","1158",13.00,13.00,0.00,"",0.00,163.00,170.00,134.00,1.00,985.00,,,,,,
2016,7,1,5,2016-07-01,"AA",19805,"AA","2626",11298,"DFW","Dallas/Fort Worth, TX","TX",11697,"FLL","Fort Lauderdale, FL","FL","1429","1430",1.00,1.00,9.00,4.00,"1818","1810",-8.00,0.00,0.00,"",0.00,169.00,160.00,147.00,1.00,1119.00,,,,,,
2016,7,2,6,2016-07-02,"AA",19805,"AA","2626",11298,"DFW","Dallas/Fort Worth, TX","TX",11697,"FLL","Fort Lauderdale, FL","FL","1429","1433",4.00,4.00,10.00,4.00,"1818","1810",-8.00,0.00,0.00,"",0.00,169.00,157.00,143.00,1.00,1119.00,,,,,,
2016,7,3,7,2016-07-03,"AA",19805,"AA","2626",11298,"DFW","Dallas/Fort Worth, TX","TX",11697,"FLL","Fort Lauderdale, FL","FL","1429","1424",-5.00,0.00,10.00,7.00,"1818","1811",-7.00,0.00,0.00,"",0.00,169.00,167.00,150.00,1.00,1119.00,,,,,,
2016,7,4,1,2016-07-04,"AA",19805,"AA","2626",11298,"DFW","Dallas/Fort Worth, TX","TX",11697,"FLL","Fort Lauderdale, FL","FL","1429","1425",-4.00,0.00,9.00,7.00,"1818","1811",-7.00,0.00,0.00,"",0.00,169.00,166.00,150.00,1.00,1119.00,,,,,,
2016,7,5,2,2016-07-05,"AA",19805,"AA","2626",11298,"DFW","Dallas/Fort Worth, TX","TX",11697,"FLL","Fort Lauderdale, FL","FL","1429","1423",-6.00,0.00,10.00,6.00,"1818","1803",-15.00,0.00,0.00,"",0.00,169.00,160.00,144.00,1.00,1119.00,,,,,,
2016,7,6,3,2016-07-06,"AA",19805,"AA","2626",11298,"DFW","Dallas/Fort Worth, TX","TX",11697,"FLL","Fort Lauderdale, FL","FL","1429","1427",-2.00,0.00,11.00,7.00,"1818","1806",-12.00,0.00,0.00,"",0.00,169.00,159.00,141.00,1.00,1119.00,,,,,,
2016,7,7,4,2016-07-07,"AA",19805,"AA","2626",11298,"DFW","Dallas/Fort Worth, TX","TX",11697,"FLL","Fort Lauderdale, FL","FL","1429","1428",-1.00,0.00,12.00,7.00,"1818","1812",-6.00,0.00,0.00,"",0.00,169.00,164.00,145.00,1.00,1119.00,,,,,,
2016,7,8,5,2016-07-08,"AA",19805,"AA","2626",11298,"DFW","Dallas/Fort Worth, TX","TX",11697,"FLL","Fort Lauderdale, FL","FL","1429","1434",5.00,5.00,11.00,4.00,"1818","1812",-6.00,0.00,0.00,"",0.00,169.00,158.00,143.00,1.00,1119.00,,,,,,
2016,7,9,6,2016-07-09,"AA",19805,"AA","2626",11298,"DFW","Dallas/Fort Worth, TX","TX",11697,"FLL","Fort Lauderdale, FL","FL","1429","1425",-4.00,0.00,11.00,15.00,"1818","1814",-4.00,0.00,0.00,"",0.00,169.00,169.00,143.00,1.00,1119.00,,,,,,
2016,7,10,7,2016-07-10,"AA",19805,"AA","2626",11298,"DFW","Dallas/Fort Worth, TX","TX",11697,"FLL","Fort Lauderdale, FL","FL","1429","1427",-2.00,0.00,9.00,6.00,"1818","1807",-11.00,0.00,0.00,"",0.00,169.00,160.00,145.00,1.00,1119.00,,,,,,
2016,7,11,1,2016-07-11,"AA",19805,"AA","2626",11298,"DFW","Dallas/Fort Worth, TX","TX",11697,"FLL","Fort Lauderdale, FL","FL","1429","1427",-2.00,0.00,7.00,4.00,"1818","1804",-14.00,0.00,0.00,"",0.00,169.00,157.00,146.00,1.00,1119.00,,,,,,
2016,7,12,2,2016-07-12,"AA",19805,"AA","2626",11298,"DFW","Dallas/Fort Worth, TX","TX",11697,"FLL","Fort Lauderdale, FL","FL","1429","1427",-2.00,0.00,13.00,4.00,"1818","1819",1.00,1.00,0.00,"",0.00,169.00,172.00,155.00,1.00,1119.00,,,,,,
2016,7,13,3,2016-07-13,"AA",19805,"AA","2626",11298,"DFW","Dallas/Fort Worth, TX","TX",11697,"FLL","Fort Lauderdale, FL","FL","1429","1429",0.00,0.00,12.00,5.00,"1818","1817",-1.00,0.00,0.00,"",0.00,169.00,168.00,151.00,1.00,1119.00,,,,,,
2016,7,14,4,2016-07-14,"AA",19805,"AA","2626",11298,"DFW","Dallas/Fort Worth, TX","TX",11697,"FLL","Fort Lauderdale, FL","FL","1429","1427",-2.00,0.00,12.00,8.00,"1818","1827",9.00,9.00,0.00,"",0.00,169.00,180.00,160.00,1.00,1119.00,,,,,,
2016,7,15,5,2016-07-15,"AA",19805,"AA","2626",11298,"DFW","Dallas/Fort Worth, TX","TX",11697,"FLL","Fort Lauderdale, FL","FL","1429","1710",161.00,161.00,24.00,3.00,"1818","2106",168.00,168.00,0.00,"",0.00,169.00,176.00,149.00,1.00,1119.00,161.00,0.00,7.00,0.00,0.00,
2016,7,16,6,2016-07-16,"AA",19805,"AA","2626",11298,"DFW","Dallas/Fort Worth, TX","TX",11697,"FLL","Fort Lauderdale, FL","FL","1429","1435",6.00,6.00,10.00,6.00,"1818","1816",-2.00,0.00,0.00,"",0.00,169.00,161.00,145.00,1.00,1119.00,,,,,,
2016,7,17,7,2016-07-17,"AA",19805,"AA","2626",11298,"DFW","Dallas/Fort Worth, TX","TX",11697,"FLL","Fort Lauderdale, FL","FL","1429","1427",-2.00,0.00,9.00,5.00,"1818","1820",2.00,2.00,0.00,"",0.00,169.00,173.00,159.00,1.00,1119.00,,,,,,
2016,7,18,1,2016-07-18,"AA",19805,"AA","2626",11298,"DFW","Dallas/Fort Worth, TX","TX",11697,"FLL","Fort Lauderdale, FL","FL","1429","1426",-3.00,0.00,12.00,6.00,"1818","1825",7.00,7.00,0.00,"",0.00,169.00,179.00,161.00,1.00,1119.00,,,,,,
2016,7,19,2,2016-07-19,"AA",19805,"AA","2626",11298,"DFW","Dallas/Fort Worth, TX","TX",11697,"FLL","Fort Lauderdale, FL","FL","1429","1426",-3.00,0.00,9.00,6.00,"1818","1810",-8.00,0.00,0.00,"",0.00,169.00,164.00,149.00,1.00,1119.00,,,,,,
2016,7,20,3,2016-07-20,"AA",19805,"AA","2626",11298,"DFW","Dallas/Fort Worth, TX","TX",11697,"FLL","Fort Lauderdale, FL","FL","1429","1430",1.00,1.00,17.00,6.00,"1818","1823",5.00,5.00,0.00,"",0.00,169.00,173.00,150.00,1.00,1119.00,,,,,,
2016,7,21,4,2016-07-21,"AA",19805,"AA","2626",11298,"DFW","Dallas/Fort Worth, TX","TX",11697,"FLL","Fort Lauderdale, FL","FL","1429","1442",13.00,13.00,19.00,5.00,"1818","1829",11.00,11.00,0.00,"",0.00,169.00,167.00,143.00,1.00,1119.00,,,,,,
2016,7,22,5,2016-07-22,"AA",19805,"AA","2626",11298,"DFW","Dallas/Fort Worth, TX","TX",11697,"FLL","Fort Lauderdale, FL","FL","1429","1426",-3.00,0.00,10.00,3.00,"1818","1811",-7.00,0.00,0.00,"",0.00,169.00,165.00,152.00,1.00,1119.00,,,,,,
2016,7,23,6,2016-07-23,"AA",19805,"AA","2626",11298,"DFW","Dallas/Fort Worth, TX","TX",11697,"FLL","Fort Lauderdale, FL","FL","1429","1425",-4.00,0.00,20.00,4.00,"1818","1812",-6.00,0.00,0.00,"",0.00,169.00,167.00,143.00,1.00,1119.00,,,,,,
2016,7,24,7,2016-07-24,"AA",19805,"AA","2626",11298,"DFW","Dallas/Fort Worth, TX","TX",11697,"FLL","Fort Lauderdale, FL","FL","1429","1437",8.00,8.00,19.00,5.00,"1818","1833",15.00,15.00,0.00,"",0.00,169.00,176.00,152.00,1.00,1119.00,8.00,0.00,7.00,0.00,0.00,
2016,7,25,1,2016-07-25,"AA",19805,"AA","2626",11298,"DFW","Dallas/Fort Worth, TX","TX",11697,"FLL","Fort Lauderdale, FL","FL","1429","1431",2.00,2.00,11.00,5.00,"1818","1819",1.00,1.00,0.00,"",0.00,169.00,168.00,152.00,1.00,1119.00,,,,,,
2016,7,26,2,2016-07-26,"AA",19805,"AA","2626",11298,"DFW","Dallas/Fort Worth, TX","TX",11697,"FLL","Fort Lauderdale, FL","FL","1429","1431",2.00,2.00,13.00,7.00,"1818","1840",22.00,22.00,0.00,"",0.00,169.00,189.00,169.00,1.00,1119.00,2.00,0.00,20.00,0.00,0.00,
2016,7,27,3,2016-07-27,"AA",19805,"AA","2626",11298,"DFW","Dallas/Fort Worth, TX","TX",11697,"FLL","Fort Lauderdale, FL","FL","1429","1425",-4.00,0.00,53.00,5.00,"1818","1900",42.00,42.00,0.00,"",0.00,169.00,215.00,157.00,1.00,1119.00,0.00,0.00,42.00,0.00,0.00,
2016,7,28,4,2016-07-28,"AA",19805,"AA","2626",11298,"DFW","Dallas/Fort Worth, TX","TX",11697,"FLL","Fort Lauderdale, FL","FL","1429","1506",37.00,37.00,10.00,7.00,"1818","1858",40.00,40.00,0.00,"",0.00,169.00,172.00,155.00,1.00,1119.00,37.00,0.00,3.00,0.00,0.00,
2016,7,29,5,2016-07-29,"AA",19805,"AA","2626",11298,"DFW","Dallas/Fort Worth, TX","TX",11697,"FLL","Fort Lauderdale, FL","FL","1429","1509",40.00,40.00,16.00,5.00,"1818","1901",43.00,43.00,0.00,"",0.00,169.00,172.00,151.00,1.00,1119.00,21.00,0.00,3.00,0.00,19.00,
2016,7,30,6,2016-07-30,"AA",19805,"AA","2626",11298,"DFW","Dallas/Fort Worth, TX","TX",11697,"FLL","Fort Lauderdale, FL","FL","1429","1433",4.00,4.00,9.00,3.00,"1818","1816",-2.00,0.00,0.00,"",0.00,169.00,163.00,151.00,1.00,1119.00,,,,,,
2016,7,31,7,2016-07-31,"AA",19805,"AA","2626",11298,"DFW","Dallas/Fort Worth, TX","TX",11697,"FLL","Fort Lauderdale, FL","FL","1429","1427",-2.00,0.00,11.00,4.00,"1818","1820",2.00,2.00,0.00,"",0.00,169.00,173.00,158.00,1.00,1119.00,,,,,,
2016,7,1,5,2016-07-01,"AA",19805,"AA","2629",11298,"DFW","Dallas/Fort Worth, TX","TX",14893,"SMF","Sacramento, CA","CA","2215","2313",58.00,58.00,12.00,6.00,"2349","0037",48.00,48.00,0.00,"",0.00,214.00,204.00,186.00,1.00,1431.00,4.00,0.00,0.00,0.00,44.00,
2016,7,2,6,2016-07-02,"AA",19805,"AA","2629",11298,"DFW","Dallas/Fort Worth, TX","TX",14893,"SMF","Sacramento, CA","CA","2215","2318",63.00,63.00,13.00,5.00,"2349","0047",58.00,58.00,0.00,"",0.00,214.00,209.00,191.00,1.00,1431.00,58.00,0.00,0.00,0.00,0.00,
2016,7,3,7,2016-07-03,"AA",19805,"AA","2629",11298,"DFW","Dallas/Fort Worth, TX","TX",14893,"SMF","Sacramento, CA","CA","2215","2215",0.00,0.00,39.00,7.00,"2349","0020",31.00,31.00,0.00,"",0.00,214.00,245.00,199.00,1.00,1431.00,0.00,0.00,31.00,0.00,0.00,
2016,7,4,1,2016-07-04,"AA",19805,"AA","2629",11298,"DFW","Dallas/Fort Worth, TX","TX",14893,"SMF","Sacramento, CA","CA","2215","2217",2.00,2.00,31.00,3.00,"2349","0016",27.00,27.00,0.00,"",0.00,214.00,239.00,205.00,1.00,1431.00,0.00,0.00,25.00,0.00,2.00,
2016,7,7,4,2016-07-07,"AA",19805,"AA","2629",11298,"DFW","Dallas/Fort Worth, TX","TX",14893,"SMF","Sacramento, CA","CA","2215","2212",-3.00,0.00,22.00,23.00,"2349","0005",16.00,16.00,0.00,"",0.00,214.00,233.00,188.00,1.00,1431.00,0.00,0.00,16.00,0.00,0.00,
2016,7,8,5,2016-07-08,"AA",19805,"AA","2629",11298,"DFW","Dallas/Fort Worth, TX","TX",14893,"SMF","Sacramento, CA","CA","2215","2222",7.00,7.00,20.00,5.00,"2349","2356",7.00,7.00,0.00,"",0.00,214.00,214.00,189.00,1.00,1431.00,,,,,,
2016,7,9,6,2016-07-09,"AA",19805,"AA","2629",11298,"DFW","Dallas/Fort Worth, TX","TX",14893,"SMF","Sacramento, CA","CA","2215","2319",64.00,64.00,14.00,29.00,"2349","0121",92.00,92.00,0.00,"",0.00,214.00,242.00,199.00,1.00,1431.00,0.00,24.00,28.00,0.00,40.00,
2016,7,10,7,2016-07-10,"AA",19805,"AA","2629",11298,"DFW","Dallas/Fort Worth, TX","TX",14893,"SMF","Sacramento, CA","CA","2215","2225",10.00,10.00,19.00,7.00,"2349","0011",22.00,22.00,0.00,"",0.00,214.00,226.00,200.00,1.00,1431.00,4.00,0.00,12.00,0.00,6.00,
2016,7,11,1,2016-07-11,"AA",19805,"AA","2629",11298,"DFW","Dallas/Fort Worth, TX","TX",14893,"SMF","Sacramento, CA","CA","2215","2221",6.00,6.00,18.00,4.00,"2349","2356",7.00,7.00,0.00,"",0.00,214.00,215.00,193.00,1.00,1431.00,,,,,,
2016,7,14,4,2016-07-14,"AA",19805,"AA","2629",11298,"DFW","Dallas/Fort Worth, TX","TX",14893,"SMF","Sacramento, CA","CA","2215","2313",58.00,58.00,19.00,6.00,"2349","0112",83.00,83.00,0.00,"",0.00,214.00,239.00,214.00,1.00,1431.00,3.00,0.00,25.00,0.00,55.00,
2016,7,15,5,2016-07-15,"AA",19805,"AA","2629",11298,"DFW","Dallas/Fort Worth, TX","TX",14893,"SMF","Sacramento, CA","CA","2215","2333",78.00,78.00,16.00,5.00,"2349","0109",80.00,80.00,0.00,"",0.00,214.00,216.00,195.00,1.00,1431.00,0.00,0.00,2.00,0.00,78.00,
2016,7,16,6,2016-07-16,"AA",19805,"AA","2629",11298,"DFW","Dallas/Fort Worth, TX","TX",14893,"SMF","Sacramento, CA","CA","2215","2230",15.00,15.00,13.00,9.00,"2349","2357",8.00,8.00,0.00,"",0.00,214.00,207.00,185.00,1.00,1431.00,,,,,,
2016,7,17,7,2016-07-17,"AA",19805,"AA","2629",11298,"DFW","Dallas/Fort Worth, TX","TX",14893,"SMF","Sacramento, CA","CA","2215","2213",-2.00,0.00,16.00,4.00,"2349","2336",-13.00,0.00,0.00,"",0.00,214.00,203.00,183.00,1.00,1431.00,,,,,,
2016,7,18,1,2016-07-18,"AA",19805,"AA","2629",11298,"DFW","Dallas/Fort Worth, TX","TX",14893,"SMF","Sacramento, CA","CA","2215","2211",-4.00,0.00,16.00,4.00,"2349","2329",-20.00,0.00,0.00,"",0.00,214.00,198.00,178.00,1.00,1431.00,,,,,,
2016,7,21,4,2016-07-21,"AA",19805,"AA","2629",11298,"DFW","Dallas/Fort Worth, TX","TX",14893,"SMF","Sacramento, CA","CA","2215","2256",41.00,41.00,12.00,6.00,"2349","0009",20.00,20.00,0.00,"",0.00,214.00,193.00,175.00,1.00,1431.00,1.00,0.00,0.00,0.00,19.00,
2016,7,22,5,2016-07-22,"AA",19805,"AA","2629",11298,"DFW","Dallas/Fort Worth, TX","TX",14893,"SMF","Sacramento, CA","CA","2215","2354",99.00,99.00,13.00,7.00,"2349","0118",89.00,89.00,0.00,"",0.00,214.00,204.00,184.00,1.00,1431.00,89.00,0.00,0.00,0.00,0.00,
2016,7,23,6,2016-07-23,"AA",19805,"AA","2629",11298,"DFW","Dallas/Fort Worth, TX","TX",14893,"SMF","Sacramento, CA","CA","2215","2223",8.00,8.00,14.00,5.00,"2349","2346",-3.00,0.00,0.00,"",0.00,214.00,203.00,184.00,1.00,1431.00,,,,,,
2016,7,24,7,2016-07-24,"AA",19805,"AA","2629",11298,"DFW","Dallas/Fort Worth, TX","TX",14893,"SMF","Sacramento, CA","CA","2215","2358",103.00,103.00,10.00,8.00,"2349","0122",93.00,93.00,0.00,"",0.00,214.00,204.00,186.00,1.00,1431.00,91.00,0.00,0.00,0.00,2.00,
2016,7,25,1,2016-07-25,"AA",19805,"AA","2629",11298,"DFW","Dallas/Fort Worth, TX","TX",14893,"SMF","Sacramento, CA","CA","2215","2256",41.00,41.00,13.00,5.00,"2349","0021",32.00,32.00,0.00,"",0.00,214.00,205.00,187.00,1.00,1431.00,2.00,0.00,0.00,0.00,30.00,
2016,7,28,4,2016-07-28,"AA",19805,"AA","2629",11298,"DFW","Dallas/Fort Worth, TX","TX",14893,"SMF","Sacramento, CA","CA","2215","2346",91.00,91.00,18.00,5.00,"2349","0114",85.00,85.00,0.00,"",0.00,214.00,208.00,185.00,1.00,1431.00,3.00,0.00,0.00,0.00,82.00,
2016,7,29,5,2016-07-29,"AA",19805,"AA","2629",11298,"DFW","Dallas/Fort Worth, TX","TX",14893,"SMF","Sacramento, CA","CA","2215","2343",88.00,88.00,17.00,8.00,"2349","0120",91.00,91.00,0.00,"",0.00,214.00,217.00,192.00,1.00,1431.00,12.00,0.00,3.00,0.00,76.00,
2016,7,30,6,2016-07-30,"AA",19805,"AA","2629",11298,"DFW","Dallas/Fort Worth, TX","TX",14893,"SMF","Sacramento, CA","CA","2215","2244",29.00,29.00,13.00,5.00,"2349","0011",22.00,22.00,0.00,"",0.00,214.00,207.00,189.00,1.00,1431.00,2.00,0.00,0.00,0.00,20.00,
2016,7,31,7,2016-07-31,"AA",19805,"AA","2629",11298,"DFW","Dallas/Fort Worth, TX","TX",14893,"SMF","Sacramento, CA","CA","2215","2224",9.00,9.00,13.00,4.00,"2349","2352",3.00,3.00,0.00,"",0.00,214.00,208.00,191.00,1.00,1431.00,,,,,,
2016,7,1,5,2016-07-01,"AA",19805,"AA","2630",13930,"ORD","Chicago, IL","IL",12441,"JAC","Jackson, WY","WY","1005","1001",-4.00,0.00,13.00,10.00,"1205","1200",-5.00,0.00,0.00,"",0.00,180.00,179.00,156.00,1.00,1162.00,,,,,,
2016,7,2,6,2016-07-02,"AA",19805,"AA","2630",13930,"ORD","Chicago, IL","IL",12441,"JAC","Jackson, WY","WY","1005","1013",8.00,8.00,23.00,5.00,"1205","1220",15.00,15.00,0.00,"",0.00,180.00,187.00,159.00,1.00,1162.00,8.00,0.00,7.00,0.00,0.00,
2016,7,3,7,2016-07-03,"AA",19805,"AA","2630",13930,"ORD","Chicago, IL","IL",12441,"JAC","Jackson, WY","WY","1005","1002",-3.00,0.00,13.00,4.00,"1205","1150",-15.00,0.00,0.00,"",0.00,180.00,168.00,151.00,1.00,1162.00,,,,,,
2016,7,4,1,2016-07-04,"AA",19805,"AA","2630",13930,"ORD","Chicago, IL","IL",12441,"JAC","Jackson, WY","WY","1005","0955",-10.00,0.00,13.00,3.00,"1205","1147",-18.00,0.00,0.00,"",0.00,180.00,172.00,156.00,1.00,1162.00,,,,,,
2016,7,5,2,2016-07-05,"AA",19805,"AA","2630",13930,"ORD","Chicago, IL","IL",12441,"JAC","Jackson, WY","WY","1005","0958",-7.00,0.00,12.00,3.00,"1205","1150",-15.00,0.00,0.00,"",0.00,180.00,172.00,157.00,1.00,1162.00,,,,,,
2016,7,6,3,2016-07-06,"AA",19805,"AA","2630",13930,"ORD","Chicago, IL","IL",12441,"JAC","Jackson, WY","WY","1005","1013",8.00,8.00,34.00,2.00,"1205","1227",22.00,22.00,0.00,"",0.00,180.00,194.00,158.00,1.00,1162.00,8.00,0.00,14.00,0.00,0.00,
2016,7,7,4,2016-07-07,"AA",19805,"AA","2630",13930,"ORD","Chicago, IL","IL",12441,"JAC","Jackson, WY","WY","1005","1044",39.00,39.00,33.00,3.00,"1205","1307",62.00,62.00,0.00,"",0.00,180.00,203.00,167.00,1.00,1162.00,2.00,0.00,23.00,0.00,37.00,
2016,7,8,5,2016-07-08,"AA",19805,"AA","2630",13930,"ORD","Chicago, IL","IL",12441,"JAC","Jackson, WY","WY","1005","1004",-1.00,0.00,16.00,4.00,"1205","1206",1.00,1.00,0.00,"",0.00,180.00,182.00,162.00,1.00,1162.00,,,,,,
2016,7,9,6,2016-07-09,"AA",19805,"AA","2630",13930,"ORD","Chicago, IL","IL",12441,"JAC","Jackson, WY","WY","1005","1003",-2.00,0.00,13.00,1.00,"1205","1159",-6.00,0.00,0.00,"",0.00,180.00,176.00,162.00,1.00,1162.00,,,,,,
2016,7,10,7,2016-07-10,"AA",19805,"AA","2630",13930,"ORD","Chicago, IL","IL",12441,"JAC","Jackson, WY","WY","1005","1007",2.00,2.00,27.00,5.00,"1205","1230",25.00,25.00,0.00,"",0.00,180.00,203.00,171.00,1.00,1162.00,2.00,0.00,23.00,0.00,0.00,
2016,7,11,1,2016-07-11,"AA",19805,"AA","2630",13930,"ORD","Chicago, IL","IL",12441,"JAC","Jackson, WY","WY","1005","0959",-6.00,0.00,10.00,4.00,"1205","1141",-24.00,0.00,0.00,"",0.00,180.00,162.00,148.00,1.00,1162.00,,,,,,
2016,7,12,2,2016-07-12,"AA",19805,"AA","2630",13930,"ORD","Chicago, IL","IL",12441,"JAC","Jackson, WY","WY","1005","0956",-9.00,0.00,17.00,4.00,"1205","1158",-7.00,0.00,0.00,"",0.00,180.00,182.00,161.00,1.00,1162.00,,,,,,
2016,7,13,3,2016-07-13,"AA",19805,"AA","2630",13930,"ORD","Chicago, IL","IL",12441,"JAC","Jackson, WY","WY","1005","1001",-4.00,0.00,21.00,1.00,"1205","1206",1.00,1.00,0.00,"",0.00,180.00,185.00,163.00,1.00,1162.00,,,,,,
2016,7,14,4,2016-07-14,"AA",19805,"AA","2630",13930,"ORD","Chicago, IL","IL",12441,"JAC","Jackson, WY","WY","1005","1058",53.00,53.00,15.00,4.00,"1205","1249",44.00,44.00,0.00,"",0.00,180.00,171.00,152.00,1.00,1162.00,44.00,0.00,0.00,0.00,0.00,
2016,7,15,5,2016-07-15,"AA",19805,"AA","2630",13930,"ORD","Chicago, IL","IL",12441,"JAC","Jackson, WY","WY","1005","1007",2.00,2.00,16.00,4.00,"1205","1203",-2.00,0.00,0.00,"",0.00,180.00,176.00,156.00,1.00,1162.00,,,,,,
2016,7,16,6,2016-07-16,"AA",19805,"AA","2630",13930,"ORD","Chicago, IL","IL",12441,"JAC","Jackson, WY","WY","1005","1001",-4.00,0.00,15.00,4.00,"1205","1217",12.00,12.00,0.00,"",0.00,180.00,196.00,177.00,1.00,1162.00,,,,,,
2016,7,17,7,2016-07-17,"AA",19805,"AA","2630",13930,"ORD","Chicago, IL","IL",12441,"JAC","Jackson, WY","WY","1005","1025",20.00,20.00,29.00,5.00,"1205","1249",44.00,44.00,0.00,"",0.00,180.00,204.00,170.00,1.00,1162.00,0.00,20.00,24.00,0.00,0.00,
2016,7,18,1,2016-07-18,"AA",19805,"AA","2630",13930,"ORD","Chicago, IL","IL",12441,"JAC","Jackson, WY","WY","1005","1023",18.00,18.00,21.00,2.00,"1205","1233",28.00,28.00,0.00,"",0.00,180.00,190.00,167.00,1.00,1162.00,18.00,0.00,10.00,0.00,0.00,
2016,7,19,2,2016-07-19,"AA",19805,"AA","2630",13930,"ORD","Chicago, IL","IL",12441,"JAC","Jackson, WY","WY","1005","1004",-1.00,0.00,13.00,2.00,"1205","1155",-10.00,0.00,0.00,"",0.00,180.00,171.00,156.00,1.00,1162.00,,,,,,
2016,7,20,3,2016-07-20,"AA",19805,"AA","2630",13930,"ORD","Chicago, IL","IL",12441,"JAC","Jackson, WY","WY","1005","0959",-6.00,0.00,50.00,1.00,"1205","1233",28.00,28.00,0.00,"",0.00,180.00,214.00,163.00,1.00,1162.00,0.00,0.00,28.00,0.00,0.00,
2016,7,21,4,2016-07-21,"AA",19805,"AA","2630",13930,"ORD","Chicago, IL","IL",12441,"JAC","Jackson, WY","WY","1005","1002",-3.00,0.00,17.00,3.00,"1205","1155",-10.00,0.00,0.00,"",0.00,180.00,173.00,153.00,1.00,1162.00,,,,,,
2016,7,22,5,2016-07-22,"AA",19805,"AA","2630",13930,"ORD","Chicago, IL","IL",12441,"JAC","Jackson, WY","WY","1005","1015",10.00,10.00,11.00,3.00,"1205","1203",-2.00,0.00,0.00,"",0.00,180.00,168.00,154.00,1.00,1162.00,,,,,,
2016,7,23,6,2016-07-23,"AA",19805,"AA","2630",13930,"ORD","Chicago, IL","IL",12441,"JAC","Jackson, WY","WY","1005","1003",-2.00,0.00,28.00,4.00,"1205","1209",4.00,4.00,0.00,"",0.00,180.00,186.00,154.00,1.00,1162.00,,,,,,
2016,7,24,7,2016-07-24,"AA",19805,"AA","2630",13930,"ORD","Chicago, IL","IL",12441,"JAC","Jackson, WY","WY","1005","1002",-3.00,0.00,14.00,1.00,"1205","1202",-3.00,0.00,0.00,"",0.00,180.00,180.00,165.00,1.00,1162.00,,,,,,
2016,7,25,1,2016-07-25,"AA",19805,"AA","2630",13930,"ORD","Chicago, IL","IL",12441,"JAC","Jackson, WY","WY","1005","1002",-3.00,0.00,24.00,3.00,"1205","1201",-4.00,0.00,0.00,"",0.00,180.00,179.00,152.00,1.00,1162.00,,,,,,
2016,7,26,2,2016-07-26,"AA",19805,"AA","2630",13930,"ORD","Chicago, IL","IL",12441,"JAC","Jackson, WY","WY","1005","1001",-4.00,0.00,22.00,3.00,"1205","1217",12.00,12.00,0.00,"",0.00,180.00,196.00,171.00,1.00,1162.00,,,,,,
2016,7,27,3,2016-07-27,"AA",19805,"AA","2630",13930,"ORD","Chicago, IL","IL",12441,"JAC","Jackson, WY","WY","1005","1002",-3.00,0.00,20.00,3.00,"1205","1157",-8.00,0.00,0.00,"",0.00,180.00,175.00,152.00,1.00,1162.00,,,,,,
2016,7,28,4,2016-07-28,"AA",19805,"AA","2630",13930,"ORD","Chicago, IL","IL",12441,"JAC","Jackson, WY","WY","1005","1021",16.00,16.00,16.00,3.00,"1205","1218",13.00,13.00,0.00,"",0.00,180.00,177.00,158.00,1.00,1162.00,,,,,,
2016,7,29,5,2016-07-29,"AA",19805,"AA","2630",13930,"ORD","Chicago, IL","IL",12441,"JAC","Jackson, WY","WY","1005","1009",4.00,4.00,20.00,3.00,"1205","1218",13.00,13.00,0.00,"",0.00,180.00,189.00,166.00,1.00,1162.00,,,,,,
2016,7,30,6,2016-07-30,"AA",19805,"AA","2630",13930,"ORD","Chicago, IL","IL",12441,"JAC","Jackson, WY","WY","1005","1001",-4.00,0.00,17.00,3.00,"1205","1159",-6.00,0.00,0.00,"",0.00,180.00,178.00,158.00,1.00,1162.00,,,,,,
2016,7,31,7,2016-07-31,"AA",19805,"AA","2630",13930,"ORD","Chicago, IL","IL",12441,"JAC","Jackson, WY","WY","1005","1006",1.00,1.00,10.00,3.00,"1205","1154",-11.00,0.00,0.00,"",0.00,180.00,168.00,155.00,1.00,1162.00,,,,,,
2016,7,1,5,2016-07-01,"AA",19805,"AA","2631",12441,"JAC","Jackson, WY","WY",13930,"ORD","Chicago, IL","IL","1345","1345",0.00,0.00,18.00,20.00,"1745","1742",-3.00,0.00,0.00,"",0.00,180.00,177.00,139.00,1.00,1162.00,,,,,,
2016,7,2,6,2016-07-02,"AA",19805,"AA","2631",12441,"JAC","Jackson, WY","WY",13930,"ORD","Chicago, IL","IL","1345","1332",-13.00,0.00,8.00,20.00,"1745","1719",-26.00,0.00,0.00,"",0.00,180.00,167.00,139.00,1.00,1162.00,,,,,,
2016,7,3,7,2016-07-03,"AA",19805,"AA","2631",12441,"JAC","Jackson, WY","WY",13930,"ORD","Chicago, IL","IL","1345","1602",137.00,137.00,14.00,14.00,"1745","1952",127.00,127.00,0.00,"",0.00,180.00,170.00,142.00,1.00,1162.00,4.00,0.00,0.00,0.00,123.00,
2016,7,4,1,2016-07-04,"AA",19805,"AA","2631",12441,"JAC","Jackson, WY","WY",13930,"ORD","Chicago, IL","IL","1345","1409",24.00,24.00,9.00,18.00,"1745","1759",14.00,14.00,0.00,"",0.00,180.00,170.00,143.00,1.00,1162.00,,,,,,
2016,7,5,2,2016-07-05,"AA",19805,"AA","2631",12441,"JAC","Jackson, WY","WY",13930,"ORD","Chicago, IL","IL","1345","1436",51.00,51.00,10.00,32.00,"1745","1837",52.00,52.00,0.00,"",0.00,180.00,181.00,139.00,1.00,1162.00,0.00,0.00,1.00,0.00,51.00,
2016,7,6,3,2016-07-06,"AA",19805,"AA","2631",12441,"JAC","Jackson, WY","WY",13930,"ORD","Chicago, IL","IL","1345","1345",0.00,0.00,13.00,20.00,"1745","1751",6.00,6.00,0.00,"",0.00,180.00,186.00,153.00,1.00,1162.00,,,,,,
2016,7,7,4,2016-07-07,"AA",19805,"AA","2631",12441,"JAC","Jackson, WY","WY",13930,"ORD","Chicago, IL","IL","1345","1332",-13.00,0.00,13.00,19.00,"1745","1733",-12.00,0.00,0.00,"",0.00,180.00,181.00,149.00,1.00,1162.00,,,,,,
2016,7,8,5,2016-07-08,"AA",19805,"AA","2631",12441,"JAC","Jackson, WY","WY",13930,"ORD","Chicago, IL","IL","1345","1347",2.00,2.00,15.00,16.00,"1745","1739",-6.00,0.00,0.00,"",0.00,180.00,172.00,141.00,1.00,1162.00,,,,,,
2016,7,9,6,2016-07-09,"AA",19805,"AA","2631",12441,"JAC","Jackson, WY","WY",13930,"ORD","Chicago, IL","IL","1345","1342",-3.00,0.00,10.00,24.00,"1745","1741",-4.00,0.00,0.00,"",0.00,180.00,179.00,145.00,1.00,1162.00,,,,,,
2016,7,10,7,2016-07-10,"AA",19805,"AA","2631",12441,"JAC","Jackson, WY","WY",13930,"ORD","Chicago, IL","IL","1350","1408",18.00,18.00,14.00,18.00,"1750","1802",12.00,12.00,0.00,"",0.00,180.00,174.00,142.00,1.00,1162.00,,,,,,
2016,7,11,1,2016-07-11,"AA",19805,"AA","2631",12441,"JAC","Jackson, WY","WY",13930,"ORD","Chicago, IL","IL","1345","1344",-1.00,0.00,13.00,33.00,"1745","1801",16.00,16.00,0.00,"",0.00,180.00,197.00,151.00,1.00,1162.00,0.00,0.00,16.00,0.00,0.00,
2016,7,12,2,2016-07-12,"AA",19805,"AA","2631",12441,"JAC","Jackson, WY","WY",13930,"ORD","Chicago, IL","IL","1345","1335",-10.00,0.00,10.00,22.00,"1745","1725",-20.00,0.00,0.00,"",0.00,180.00,170.00,138.00,1.00,1162.00,,,,,,
2016,7,13,3,2016-07-13,"AA",19805,"AA","2631",12441,"JAC","Jackson, WY","WY",13930,"ORD","Chicago, IL","IL","1345","1742",237.00,237.00,44.00,9.00,"1745","2150",245.00,245.00,0.00,"",0.00,180.00,188.00,135.00,1.00,1162.00,0.00,0.00,142.00,0.00,103.00,
2016,7,14,4,2016-07-14,"AA",19805,"AA","2631",12441,"JAC","Jackson, WY","WY",13930,"ORD","Chicago, IL","IL","1345","1339",-6.00,0.00,9.00,19.00,"1745","1732",-13.00,0.00,0.00,"",0.00,180.00,173.00,145.00,1.00,1162.00,,,,,,
2016,7,15,5,2016-07-15,"AA",19805,"AA","2631",12441,"JAC","Jackson, WY","WY",13930,"ORD","Chicago, IL","IL","1345","1556",131.00,131.00,11.00,23.00,"1745","1953",128.00,128.00,0.00,"",0.00,180.00,177.00,143.00,1.00,1162.00,0.00,0.00,0.00,0.00,128.00,
2016,7,16,6,2016-07-16,"AA",19805,"AA","2631",12441,"JAC","Jackson, WY","WY",13930,"ORD","Chicago, IL","IL","1345","1346",1.00,1.00,21.00,15.00,"1745","1736",-9.00,0.00,0.00,"",0.00,180.00,170.00,134.00,1.00,1162.00,,,,,,
2016,7,17,7,2016-07-17,"AA",19805,"AA","2631",12441,"JAC","Jackson, WY","WY",13930,"ORD","Chicago, IL","IL","1350","1348",-2.00,0.00,9.00,23.00,"1750","1743",-7.00,0.00,0.00,"",0.00,180.00,175.00,143.00,1.00,1162.00,,,,,,
2016,7,18,1,2016-07-18,"AA",19805,"AA","2631",12441,"JAC","Jackson, WY","WY",13930,"ORD","Chicago, IL","IL","1345","1338",-7.00,0.00,12.00,38.00,"1745","1739",-6.00,0.00,0.00,"",0.00,180.00,181.00,131.00,1.00,1162.00,,,,,,
2016,7,19,2,2016-07-19,"AA",19805,"AA","2631",12441,"JAC","Jackson, WY","WY",13930,"ORD","Chicago, IL","IL","1345","1335",-10.00,0.00,10.00,17.00,"1745","1729",-16.00,0.00,0.00,"",0.00,180.00,174.00,147.00,1.00,1162.00,,,,,,
2016,7,20,3,2016-07-20,"AA",19805,"AA","2631",12441,"JAC","Jackson, WY","WY",13930,"ORD","Chicago, IL","IL","1345","1354",9.00,9.00,17.00,12.00,"1745","1748",3.00,3.00,0.00,"",0.00,180.00,174.00,145.00,1.00,1162.00,,,,,,
2016,7,21,4,2016-07-21,"AA",19805,"AA","2631",12441,"JAC","Jackson, WY","WY",13930,"ORD","Chicago, IL","IL","1345","1453",68.00,68.00,11.00,13.00,"1745","1843",58.00,58.00,0.00,"",0.00,180.00,170.00,146.00,1.00,1162.00,0.00,0.00,56.00,0.00,2.00,
2016,7,22,5,2016-07-22,"AA",19805,"AA","2631",12441,"JAC","Jackson, WY","WY",13930,"ORD","Chicago, IL","IL","1345","1346",1.00,1.00,18.00,12.00,"1745","1740",-5.00,0.00,0.00,"",0.00,180.00,174.00,144.00,1.00,1162.00,,,,,,
2016,7,23,6,2016-07-23,"AA",19805,"AA","2631",12441,"JAC","Jackson, WY","WY",13930,"ORD","Chicago, IL","IL","1345","1345",0.00,0.00,11.00,11.00,"1745","1737",-8.00,0.00,0.00,"",0.00,180.00,172.00,150.00,1.00,1162.00,,,,,,
2016,7,24,7,2016-07-24,"AA",19805,"AA","2631",12441,"JAC","Jackson, WY","WY",13930,"ORD","Chicago, IL","IL","1350","1353",3.00,3.00,43.00,145.00,"1750","2025",155.00,155.00,0.00,"",0.00,180.00,332.00,144.00,1.00,1162.00,3.00,0.00,152.00,0.00,0.00,
2016,7,25,1,2016-07-25,"AA",19805,"AA","2631",12441,"JAC","Jackson, WY","WY",13930,"ORD","Chicago, IL","IL","1345","1328",-17.00,0.00,15.00,68.00,"1745","1811",26.00,26.00,0.00,"",0.00,180.00,223.00,140.00,1.00,1162.00,0.00,0.00,26.00,0.00,0.00,
2016,7,26,2,2016-07-26,"AA",19805,"AA","2631",12441,"JAC","Jackson, WY","WY",13930,"ORD","Chicago, IL","IL","1345","1418",33.00,33.00,23.00,16.00,"1745","1819",34.00,34.00,0.00,"",0.00,180.00,181.00,142.00,1.00,1162.00,0.00,30.00,1.00,0.00,3.00,
2016,7,27,3,2016-07-27,"AA",19805,"AA","2631",12441,"JAC","Jackson, WY","WY",13930,"ORD","Chicago, IL","IL","1345","1337",-8.00,0.00,17.00,14.00,"1745","1732",-13.00,0.00,0.00,"",0.00,180.00,175.00,144.00,1.00,1162.00,,,,,,
2016,7,28,4,2016-07-28,"AA",19805,"AA","2631",12441,"JAC","Jackson, WY","WY",13930,"ORD","Chicago, IL","IL","1345","1605",140.00,140.00,8.00,17.00,"1745","1948",123.00,123.00,0.00,"",0.00,180.00,163.00,138.00,1.00,1162.00,0.00,0.00,123.00,0.00,0.00,
2016,7,29,5,2016-07-29,"AA",19805,"AA","2631",12441,"JAC","Jackson, WY","WY",13930,"ORD","Chicago, IL","IL","1345","1630",165.00,165.00,9.00,14.00,"1745","2016",151.00,151.00,0.00,"",0.00,180.00,166.00,143.00,1.00,1162.00,0.00,0.00,151.00,0.00,0.00,
2016,7,30,6,2016-07-30,"AA",19805,"AA","2631",12441,"JAC","Jackson, WY","WY",13930,"ORD","Chicago, IL","IL","1345","1342",-3.00,0.00,11.00,17.00,"1745","1736",-9.00,0.00,0.00,"",0.00,180.00,174.00,146.00,1.00,1162.00,,,,,,
2016,7,31,7,2016-07-31,"AA",19805,"AA","2631",12441,"JAC","Jackson, WY","WY",13930,"ORD","Chicago, IL","IL","1350","1414",24.00,24.00,12.00,13.00,"1750","1757",7.00,7.00,0.00,"",0.00,180.00,163.00,138.00,1.00,1162.00,,,,,,
2016,7,24,7,2016-07-24,"AA",19805,"AA","2632",11298,"DFW","Dallas/Fort Worth, TX","TX",12339,"IND","Indianapolis, IN","IN","2345","2332",-13.00,0.00,9.00,4.00,"0251","0224",-27.00,0.00,0.00,"",0.00,126.00,112.00,99.00,1.00,761.00,,,,,,
2016,7,24,7,2016-07-24,"AA",19805,"AA","2632",12339,"IND","Indianapolis, IN","IN",11298,"DFW","Dallas/Fort Worth, TX","TX","2142","2246",64.00,64.00,12.00,12.00,"2259","2349",50.00,50.00,0.00,"",0.00,137.00,123.00,99.00,1.00,761.00,0.00,0.00,0.00,0.00,50.00,
2016,7,1,5,2016-07-01,"AA",19805,"AA","2632",14893,"SMF","Sacramento, CA","CA",11298,"DFW","Dallas/Fort Worth, TX","TX","0049","0045",-4.00,0.00,14.00,12.00,"0606","0608",2.00,2.00,0.00,"",0.00,197.00,203.00,177.00,1.00,1431.00,,,,,,
2016,7,2,6,2016-07-02,"AA",19805,"AA","2632",14893,"SMF","Sacramento, CA","CA",11298,"DFW","Dallas/Fort Worth, TX","TX","0049","0124",35.00,35.00,11.00,3.00,"0606","0630",24.00,24.00,0.00,"",0.00,197.00,186.00,172.00,1.00,1431.00,0.00,0.00,0.00,0.00,24.00,
2016,7,4,1,2016-07-04,"AA",19805,"AA","2632",14893,"SMF","Sacramento, CA","CA",11298,"DFW","Dallas/Fort Worth, TX","TX","0049","0103",14.00,14.00,18.00,19.00,"0606","0958",,,0.00,"",1.00,197.00,,,1.00,1431.00,,,,,,
2016,7,5,2,2016-07-05,"AA",19805,"AA","2632",14893,"SMF","Sacramento, CA","CA",11298,"DFW","Dallas/Fort Worth, TX","TX","0055","0101",6.00,6.00,12.00,10.00,"0612","0623",11.00,11.00,0.00,"",0.00,197.00,202.00,180.00,1.00,1431.00,,,,,,
2016,7,8,5,2016-07-08,"AA",19805,"AA","2632",14893,"SMF","Sacramento, CA","CA",11298,"DFW","Dallas/Fort Worth, TX","TX","0055","0100",5.00,5.00,11.00,6.00,"0612","0605",-7.00,0.00,0.00,"",0.00,197.00,185.00,168.00,1.00,1431.00,,,,,,
2016,7,9,6,2016-07-09,"AA",19805,"AA","2632",14893,"SMF","Sacramento, CA","CA",11298,"DFW","Dallas/Fort Worth, TX","TX","0055","0053",-2.00,0.00,13.00,14.00,"0612","0609",-3.00,0.00,0.00,"",0.00,197.00,196.00,169.00,1.00,1431.00,,,,,,
2016,7,11,1,2016-07-11,"AA",19805,"AA","2632",14893,"SMF","Sacramento, CA","CA",11298,"DFW","Dallas/Fort Worth, TX","TX","0055","0055",0.00,0.00,12.00,5.00,"0612","0554",-18.00,0.00,0.00,"",0.00,197.00,179.00,162.00,1.00,1431.00,,,,,,
2016,7,12,2,2016-07-12,"AA",19805,"AA","2632",14893,"SMF","Sacramento, CA","CA",11298,"DFW","Dallas/Fort Worth, TX","TX","0055","0043",-12.00,0.00,11.00,6.00,"0612","0541",-31.00,0.00,0.00,"",0.00,197.00,178.00,161.00,1.00,1431.00,,,,,,
2016,7,15,5,2016-07-15,"AA",19805,"AA","2632",14893,"SMF","Sacramento, CA","CA",11298,"DFW","Dallas/Fort Worth, TX","TX","0055","0201",66.00,66.00,13.00,13.00,"0612","0716",64.00,64.00,0.00,"",0.00,197.00,195.00,169.00,1.00,1431.00,0.00,0.00,0.00,0.00,64.00,
2016,7,16,6,2016-07-16,"AA",19805,"AA","2632",14893,"SMF","Sacramento, CA","CA",11298,"DFW","Dallas/Fort Worth, TX","TX","0055","0153",58.00,58.00,12.00,23.00,"0612","0722",70.00,70.00,0.00,"",0.00,197.00,209.00,174.00,1.00,1431.00,0.00,0.00,12.00,0.00,58.00,
2016,7,18,1,2016-07-18,"AA",19805,"AA","2632",14893,"SMF","Sacramento, CA","CA",11298,"DFW","Dallas/Fort Worth, TX","TX","0055","0051",-4.00,0.00,11.00,8.00,"0612","0604",-8.00,0.00,0.00,"",0.00,197.00,193.00,174.00,1.00,1431.00,,,,,,
2016,7,19,2,2016-07-19,"AA",19805,"AA","2632",14893,"SMF","Sacramento, CA","CA",11298,"DFW","Dallas/Fort Worth, TX","TX","0055","0046",-9.00,0.00,14.00,9.00,"0612","0604",-8.00,0.00,0.00,"",0.00,197.00,198.00,175.00,1.00,1431.00,,,,,,
2016,7,22,5,2016-07-22,"AA",19805,"AA","2632",14893,"SMF","Sacramento, CA","CA",11298,"DFW","Dallas/Fort Worth, TX","TX","0055","0116",21.00,21.00,19.00,8.00,"0612","0640",28.00,28.00,0.00,"",0.00,197.00,204.00,177.00,1.00,1431.00,21.00,0.00,7.00,0.00,0.00,
2016,7,23,6,2016-07-23,"AA",19805,"AA","2632",14893,"SMF","Sacramento, CA","CA",11298,"DFW","Dallas/Fort Worth, TX","TX","0055","0203",68.00,68.00,14.00,9.00,"0612","0714",62.00,62.00,0.00,"",0.00,197.00,191.00,168.00,1.00,1431.00,0.00,0.00,0.00,0.00,62.00,
2016,7,25,1,2016-07-25,"AA",19805,"AA","2632",14893,"SMF","Sacramento, CA","CA",11298,"DFW","Dallas/Fort Worth, TX","TX","0055","0219",84.00,84.00,9.00,12.00,"0612","0731",79.00,79.00,0.00,"",0.00,197.00,192.00,171.00,1.00,1431.00,0.00,0.00,0.00,0.00,79.00,
2016,7,26,2,2016-07-26,"AA",19805,"AA","2632",14893,"SMF","Sacramento, CA","CA",11298,"DFW","Dallas/Fort Worth, TX","TX","0055","0118",23.00,23.00,9.00,4.00,"0612","0618",6.00,6.00,0.00,"",0.00,197.00,180.00,167.00,1.00,1431.00,,,,,,
2016,7,29,5,2016-07-29,"AA",19805,"AA","2632",14893,"SMF","Sacramento, CA","CA",11298,"DFW","Dallas/Fort Worth, TX","TX","0055","0219",84.00,84.00,12.00,11.00,"0612","0730",78.00,78.00,0.00,"",0.00,197.00,191.00,168.00,1.00,1431.00,0.00,0.00,0.00,0.00,78.00,
2016,7,30,6,2016-07-30,"AA",19805,"AA","2632",14893,"SMF","Sacramento, CA","CA",11298,"DFW","Dallas/Fort Worth, TX","TX","0055","0213",78.00,78.00,12.00,10.00,"0612","0729",77.00,77.00,0.00,"",0.00,197.00,196.00,174.00,1.00,1431.00,0.00,0.00,0.00,0.00,77.00,
2016,7,1,5,2016-07-01,"AA",19805,"AA","2634",11292,"DEN","Denver, CO","CO",11298,"DFW","Dallas/Fort Worth, TX","TX","1940","1955",15.00,15.00,24.00,11.00,"2234","2301",27.00,27.00,0.00,"",0.00,114.00,126.00,91.00,1.00,641.00,0.00,0.00,12.00,0.00,15.00,
2016,7,2,6,2016-07-02,"AA",19805,"AA","2634",11292,"DEN","Denver, CO","CO",11298,"DFW","Dallas/Fort Worth, TX","TX","1940","1930",-10.00,0.00,13.00,5.00,"2234","2220",-14.00,0.00,0.00,"",0.00,114.00,110.00,92.00,1.00,641.00,,,,,,
2016,7,3,7,2016-07-03,"AA",19805,"AA","2634",11292,"DEN","Denver, CO","CO",11298,"DFW","Dallas/Fort Worth, TX","TX","1940","1933",-7.00,0.00,13.00,5.00,"2234","2235",1.00,1.00,0.00,"",0.00,114.00,122.00,104.00,1.00,641.00,,,,,,
2016,7,4,1,2016-07-04,"AA",19805,"AA","2634",11292,"DEN","Denver, CO","CO",11298,"DFW","Dallas/Fort Worth, TX","TX","1940","1952",12.00,12.00,20.00,4.00,"2234","2242",8.00,8.00,0.00,"",0.00,114.00,110.00,86.00,1.00,641.00,,,,,,
2016,7,5,2,2016-07-05,"AA",19805,"AA","2634",11292,"DEN","Denver, CO","CO",11298,"DFW","Dallas/Fort Worth, TX","TX","1940","1959",19.00,19.00,13.00,12.00,"2234","2248",14.00,14.00,0.00,"",0.00,114.00,109.00,84.00,1.00,641.00,,,,,,
2016,7,6,3,2016-07-06,"AA",19805,"AA","2634",11292,"DEN","Denver, CO","CO",11298,"DFW","Dallas/Fort Worth, TX","TX","1940","2034",54.00,54.00,25.00,5.00,"2234","2330",56.00,56.00,0.00,"",0.00,114.00,116.00,86.00,1.00,641.00,8.00,0.00,2.00,0.00,46.00,
2016,7,7,4,2016-07-07,"AA",19805,"AA","2634",11292,"DEN","Denver, CO","CO",11298,"DFW","Dallas/Fort Worth, TX","TX","1940","2019",39.00,39.00,27.00,7.00,"2234","2323",49.00,49.00,0.00,"",0.00,114.00,124.00,90.00,1.00,641.00,1.00,0.00,10.00,0.00,38.00,
2016,7,8,5,2016-07-08,"AA",19805,"AA","2634",11292,"DEN","Denver, CO","CO",11298,"DFW","Dallas/Fort Worth, TX","TX","1940","2201",141.00,141.00,11.00,3.00,"2234","0042",128.00,128.00,0.00,"",0.00,114.00,101.00,87.00,1.00,641.00,36.00,0.00,0.00,0.00,92.00,
2016,7,9,6,2016-07-09,"AA",19805,"AA","2634",11292,"DEN","Denver, CO","CO",11298,"DFW","Dallas/Fort Worth, TX","TX","1940","0023",283.00,283.00,11.00,4.00,"2234","0258",264.00,264.00,0.00,"",0.00,114.00,95.00,80.00,1.00,641.00,19.00,0.00,0.00,0.00,245.00,
2016,7,10,7,2016-07-10,"AA",19805,"AA","2634",11292,"DEN","Denver, CO","CO",11298,"DFW","Dallas/Fort Worth, TX","TX","1940","2055",75.00,75.00,19.00,4.00,"2234","2346",72.00,72.00,0.00,"",0.00,114.00,111.00,88.00,1.00,641.00,51.00,0.00,0.00,0.00,21.00,
2016,7,11,1,2016-07-11,"AA",19805,"AA","2634",11292,"DEN","Denver, CO","CO",11298,"DFW","Dallas/Fort Worth, TX","TX","1940","1931",-9.00,0.00,12.00,2.00,"2234","2207",-27.00,0.00,0.00,"",0.00,114.00,96.00,82.00,1.00,641.00,,,,,,
2016,7,12,2,2016-07-12,"AA",19805,"AA","2634",11292,"DEN","Denver, CO","CO",11298,"DFW","Dallas/Fort Worth, TX","TX","1940","1957",17.00,17.00,14.00,10.00,"2234","2243",9.00,9.00,0.00,"",0.00,114.00,106.00,82.00,1.00,641.00,,,,,,
2016,7,13,3,2016-07-13,"AA",19805,"AA","2634",11292,"DEN","Denver, CO","CO",11298,"DFW","Dallas/Fort Worth, TX","TX","1940","1938",-2.00,0.00,12.00,8.00,"2234","2221",-13.00,0.00,0.00,"",0.00,114.00,103.00,83.00,1.00,641.00,,,,,,
2016,7,14,4,2016-07-14,"AA",19805,"AA","2634",11292,"DEN","Denver, CO","CO",11298,"DFW","Dallas/Fort Worth, TX","TX","1940","1945",5.00,5.00,28.00,6.00,"2234","2246",12.00,12.00,0.00,"",0.00,114.00,121.00,87.00,1.00,641.00,,,,,,
2016,7,15,5,2016-07-15,"AA",19805,"AA","2634",11292,"DEN","Denver, CO","CO",11298,"DFW","Dallas/Fort Worth, TX","TX","1940","2152",132.00,132.00,17.00,4.00,"2234","0059",145.00,145.00,0.00,"",0.00,114.00,127.00,106.00,1.00,641.00,0.00,0.00,13.00,0.00,132.00,
2016,7,16,6,2016-07-16,"AA",19805,"AA","2634",11292,"DEN","Denver, CO","CO",11298,"DFW","Dallas/Fort Worth, TX","TX","1940","1957",17.00,17.00,19.00,14.00,"2234","2255",21.00,21.00,0.00,"",0.00,114.00,118.00,85.00,1.00,641.00,17.00,0.00,4.00,0.00,0.00,
2016,7,17,7,2016-07-17,"AA",19805,"AA","2634",11292,"DEN","Denver, CO","CO",11298,"DFW","Dallas/Fort Worth, TX","TX","1940","1942",2.00,2.00,15.00,6.00,"2234","2229",-5.00,0.00,0.00,"",0.00,114.00,107.00,86.00,1.00,641.00,,,,,,
2016,7,18,1,2016-07-18,"AA",19805,"AA","2634",11292,"DEN","Denver, CO","CO",11298,"DFW","Dallas/Fort Worth, TX","TX","1940","2011",31.00,31.00,25.00,2.00,"2234","2310",36.00,36.00,0.00,"",0.00,114.00,119.00,92.00,1.00,641.00,0.00,0.00,5.00,0.00,31.00,
2016,7,19,2,2016-07-19,"AA",19805,"AA","2634",11292,"DEN","Denver, CO","CO",11298,"DFW","Dallas/Fort Worth, TX","TX","1940","2122",102.00,102.00,27.00,4.00,"2234","0025",111.00,111.00,0.00,"",0.00,114.00,123.00,92.00,1.00,641.00,102.00,0.00,9.00,0.00,0.00,
2016,7,20,3,2016-07-20,"AA",19805,"AA","2634",11292,"DEN","Denver, CO","CO",11298,"DFW","Dallas/Fort Worth, TX","TX","1940","1941",1.00,1.00,15.00,11.00,"2234","2239",5.00,5.00,0.00,"",0.00,114.00,118.00,92.00,1.00,641.00,,,,,,
2016,7,21,4,2016-07-21,"AA",19805,"AA","2634",11292,"DEN","Denver, CO","CO",11298,"DFW","Dallas/Fort Worth, TX","TX","1940","2020",40.00,40.00,19.00,5.00,"2234","2312",38.00,38.00,0.00,"",0.00,114.00,112.00,88.00,1.00,641.00,20.00,0.00,0.00,0.00,18.00,
2016,7,22,5,2016-07-22,"AA",19805,"AA","2634",11292,"DEN","Denver, CO","CO",11298,"DFW","Dallas/Fort Worth, TX","TX","1940","1953",13.00,13.00,16.00,4.00,"2234","2239",5.00,5.00,0.00,"",0.00,114.00,106.00,86.00,1.00,641.00,,,,,,
2016,7,23,6,2016-07-23,"AA",19805,"AA","2634",11292,"DEN","Denver, CO","CO",11298,"DFW","Dallas/Fort Worth, TX","TX","1940","2015",35.00,35.00,13.00,10.00,"2234","2307",33.00,33.00,0.00,"",0.00,114.00,112.00,89.00,1.00,641.00,33.00,0.00,0.00,0.00,0.00,
2016,7,24,7,2016-07-24,"AA",19805,"AA","2634",11292,"DEN","Denver, CO","CO",11298,"DFW","Dallas/Fort Worth, TX","TX","1940","2400",260.00,260.00,33.00,3.00,"2234","0301",267.00,267.00,0.00,"",0.00,114.00,121.00,85.00,1.00,641.00,8.00,0.00,7.00,0.00,252.00,
2016,7,25,1,2016-07-25,"AA",19805,"AA","2634",11292,"DEN","Denver, CO","CO",11298,"DFW","Dallas/Fort Worth, TX","TX","1940","2018",38.00,38.00,15.00,8.00,"2234","2307",33.00,33.00,0.00,"",0.00,114.00,109.00,86.00,1.00,641.00,33.00,0.00,0.00,0.00,0.00,
2016,7,26,2,2016-07-26,"AA",19805,"AA","2634",11292,"DEN","Denver, CO","CO",11298,"DFW","Dallas/Fort Worth, TX","TX","1940","1937",-3.00,0.00,12.00,7.00,"2234","2220",-14.00,0.00,0.00,"",0.00,114.00,103.00,84.00,1.00,641.00,,,,,,
2016,7,27,3,2016-07-27,"AA",19805,"AA","2634",11292,"DEN","Denver, CO","CO",11298,"DFW","Dallas/Fort Worth, TX","TX","1940","1226",1006.00,1006.00,24.00,15.00,"2234","1534",1020.00,1020.00,0.00,"",0.00,114.00,128.00,89.00,1.00,641.00,935.00,0.00,14.00,0.00,71.00,
2016,7,28,4,2016-07-28,"AA",19805,"AA","2634",11292,"DEN","Denver, CO","CO",11298,"DFW","Dallas/Fort Worth, TX","TX","1940","2116",96.00,96.00,12.00,5.00,"2234","2400",86.00,86.00,0.00,"",0.00,114.00,104.00,87.00,1.00,641.00,75.00,0.00,0.00,0.00,11.00,
2016,7,29,5,2016-07-29,"AA",19805,"AA","2634",11292,"DEN","Denver, CO","CO",11298,"DFW","Dallas/Fort Worth, TX","TX","1940","0940",840.00,840.00,24.00,7.00,"2234","1241",847.00,847.00,0.00,"",0.00,114.00,121.00,90.00,1.00,641.00,648.00,0.00,7.00,0.00,192.00,
2016,7,30,6,2016-07-30,"AA",19805,"AA","2634",11292,"DEN","Denver, CO","CO",11298,"DFW","Dallas/Fort Worth, TX","TX","1940","1941",1.00,1.00,13.00,18.00,"2234","2236",2.00,2.00,0.00,"",0.00,114.00,115.00,84.00,1.00,641.00,,,,,,
2016,7,31,7,2016-07-31,"AA",19805,"AA","2634",11292,"DEN","Denver, CO","CO",11298,"DFW","Dallas/Fort Worth, TX","TX","1940","2053",73.00,73.00,18.00,6.00,"2234","2342",68.00,68.00,0.00,"",0.00,114.00,109.00,85.00,1.00,641.00,2.00,0.00,0.00,0.00,66.00,
2016,7,1,5,2016-07-01,"AA",19805,"AA","2635",12892,"LAX","Los Angeles, CA","CA",12264,"IAD","Washington, DC","VA","2220","2309",49.00,49.00,28.00,7.00,"0621","0721",60.00,60.00,0.00,"",0.00,301.00,312.00,277.00,1.00,2288.00,49.00,0.00,11.00,0.00,0.00,
2016,7,2,6,2016-07-02,"AA",19805,"AA","2635",12892,"LAX","Los Angeles, CA","CA",12264,"IAD","Washington, DC","VA","2220","2218",-2.00,0.00,16.00,5.00,"0621","0613",-8.00,0.00,0.00,"",0.00,301.00,295.00,274.00,1.00,2288.00,,,,,,
2016,7,4,1,2016-07-04,"AA",19805,"AA","2635",12892,"LAX","Los Angeles, CA","CA",12264,"IAD","Washington, DC","VA","2220","0014",114.00,114.00,23.00,6.00,"0621","0806",105.00,105.00,0.00,"",0.00,301.00,292.00,263.00,1.00,2288.00,105.00,0.00,0.00,0.00,0.00,
2016,7,5,2,2016-07-05,"AA",19805,"AA","2635",12892,"LAX","Los Angeles, CA","CA",12264,"IAD","Washington, DC","VA","2210","2311",61.00,61.00,21.00,3.00,"0610","0657",47.00,47.00,0.00,"",0.00,300.00,286.00,262.00,1.00,2288.00,33.00,0.00,0.00,0.00,14.00,
2016,7,6,3,2016-07-06,"AA",19805,"AA","2635",12892,"LAX","Los Angeles, CA","CA",12264,"IAD","Washington, DC","VA","2210","2227",17.00,17.00,11.00,7.00,"0610","0558",-12.00,0.00,0.00,"",0.00,300.00,271.00,253.00,1.00,2288.00,,,,,,
2016,7,7,4,2016-07-07,"AA",19805,"AA","2635",12892,"LAX","Los Angeles, CA","CA",12264,"IAD","Washington, DC","VA","2210","2209",-1.00,0.00,21.00,11.00,"0610","0601",-9.00,0.00,0.00,"",0.00,300.00,292.00,260.00,1.00,2288.00,,,,,,
2016,7,8,5,2016-07-08,"AA",19805,"AA","2635",12892,"LAX","Los Angeles, CA","CA",12264,"IAD","Washington, DC","VA","2210","2203",-7.00,0.00,18.00,13.00,"0610","0557",-13.00,0.00,0.00,"",0.00,300.00,294.00,263.00,1.00,2288.00,,,,,,
2016,7,9,6,2016-07-09,"AA",19805,"AA","2635",12892,"LAX","Los Angeles, CA","CA",12264,"IAD","Washington, DC","VA","2210","2231",21.00,21.00,21.00,7.00,"0610","0626",16.00,16.00,0.00,"",0.00,300.00,295.00,267.00,1.00,2288.00,16.00,0.00,0.00,0.00,0.00,
2016,7,10,7,2016-07-10,"AA",19805,"AA","2635",12892,"LAX","Los Angeles, CA","CA",12264,"IAD","Washington, DC","VA","2210","2249",39.00,39.00,29.00,5.00,"0610","0646",36.00,36.00,0.00,"",0.00,300.00,297.00,263.00,1.00,2288.00,4.00,0.00,0.00,0.00,32.00,
2016,7,11,1,2016-07-11,"AA",19805,"AA","2635",12892,"LAX","Los Angeles, CA","CA",12264,"IAD","Washington, DC","VA","2210","2201",-9.00,0.00,11.00,4.00,"0610","0540",-30.00,0.00,0.00,"",0.00,300.00,279.00,264.00,1.00,2288.00,,,,,,
2016,7,12,2,2016-07-12,"AA",19805,"AA","2635",12892,"LAX","Los Angeles, CA","CA",12264,"IAD","Washington, DC","VA","2210","2219",9.00,9.00,13.00,4.00,"0610","0549",-21.00,0.00,0.00,"",0.00,300.00,270.00,253.00,1.00,2288.00,,,,,,
2016,7,13,3,2016-07-13,"AA",19805,"AA","2635",12892,"LAX","Los Angeles, CA","CA",12264,"IAD","Washington, DC","VA","2210","2256",46.00,46.00,25.00,4.00,"0610","0659",49.00,49.00,0.00,"",0.00,300.00,303.00,274.00,1.00,2288.00,6.00,0.00,3.00,0.00,40.00,
2016,7,14,4,2016-07-14,"AA",19805,"AA","2635",12892,"LAX","Los Angeles, CA","CA",12264,"IAD","Washington, DC","VA","2210","2205",-5.00,0.00,20.00,12.00,"0610","0602",-8.00,0.00,0.00,"",0.00,300.00,297.00,265.00,1.00,2288.00,,,,,,
2016,7,15,5,2016-07-15,"AA",19805,"AA","2635",12892,"LAX","Los Angeles, CA","CA",12264,"IAD","Washington, DC","VA","2210","2206",-4.00,0.00,15.00,18.00,"0610","0558",-12.00,0.00,0.00,"",0.00,300.00,292.00,259.00,1.00,2288.00,,,,,,
2016,7,16,6,2016-07-16,"AA",19805,"AA","2635",12892,"LAX","Los Angeles, CA","CA",12264,"IAD","Washington, DC","VA","2210","2206",-4.00,0.00,13.00,31.00,"0610","0608",-2.00,0.00,0.00,"",0.00,300.00,302.00,258.00,1.00,2288.00,,,,,,
2016,7,17,7,2016-07-17,"AA",19805,"AA","2635",12892,"LAX","Los Angeles, CA","CA",12264,"IAD","Washington, DC","VA","2210","2206",-4.00,0.00,19.00,9.00,"0610","0601",-9.00,0.00,0.00,"",0.00,300.00,295.00,267.00,1.00,2288.00,,,,,,
2016,7,18,1,2016-07-18,"AA",19805,"AA","2635",12892,"LAX","Los Angeles, CA","CA",12264,"IAD","Washington, DC","VA","2210","2228",18.00,18.00,15.00,7.00,"0610","0629",19.00,19.00,0.00,"",0.00,300.00,301.00,279.00,1.00,2288.00,0.00,0.00,1.00,0.00,18.00,
2016,7,19,2,2016-07-19,"AA",19805,"AA","2635",12892,"LAX","Los Angeles, CA","CA",12264,"IAD","Washington, DC","VA","2210","2241",31.00,31.00,17.00,4.00,"0610","0631",21.00,21.00,0.00,"",0.00,300.00,290.00,269.00,1.00,2288.00,3.00,0.00,0.00,0.00,18.00,
2016,7,20,3,2016-07-20,"AA",19805,"AA","2635",12892,"LAX","Los Angeles, CA","CA",12264,"IAD","Washington, DC","VA","2210","2208",-2.00,0.00,17.00,4.00,"0610","0603",-7.00,0.00,0.00,"",0.00,300.00,295.00,274.00,1.00,2288.00,,,,,,
2016,7,21,4,2016-07-21,"AA",19805,"AA","2635",12892,"LAX","Los Angeles, CA","CA",12264,"IAD","Washington, DC","VA","2210","2229",19.00,19.00,17.00,5.00,"0610","0624",14.00,14.00,0.00,"",0.00,300.00,295.00,273.00,1.00,2288.00,,,,,,
2016,7,22,5,2016-07-22,"AA",19805,"AA","2635",12892,"LAX","Los Angeles, CA","CA",12264,"IAD","Washington, DC","VA","2210","2354",104.00,104.00,16.00,4.00,"0610","0752",102.00,102.00,0.00,"",0.00,300.00,298.00,278.00,1.00,2288.00,102.00,0.00,0.00,0.00,0.00,
2016,7,23,6,2016-07-23,"AA",19805,"AA","2635",12892,"LAX","Los Angeles, CA","CA",12264,"IAD","Washington, DC","VA","2210","2206",-4.00,0.00,21.00,8.00,"0610","0609",-1.00,0.00,0.00,"",0.00,300.00,303.00,274.00,1.00,2288.00,,,,,,
2016,7,24,7,2016-07-24,"AA",19805,"AA","2635",12892,"LAX","Los Angeles, CA","CA",12264,"IAD","Washington, DC","VA","2210","2205",-5.00,0.00,14.00,5.00,"0610","0601",-9.00,0.00,0.00,"",0.00,300.00,296.00,277.00,1.00,2288.00,,,,,,
2016,7,25,1,2016-07-25,"AA",19805,"AA","2635",12892,"LAX","Los Angeles, CA","CA",12264,"IAD","Washington, DC","VA","2210","2208",-2.00,0.00,21.00,19.00,"0610","0611",1.00,1.00,0.00,"",0.00,300.00,303.00,263.00,1.00,2288.00,,,,,,
2016,7,26,2,2016-07-26,"AA",19805,"AA","2635",12892,"LAX","Los Angeles, CA","CA",12264,"IAD","Washington, DC","VA","2210","2207",-3.00,0.00,26.00,11.00,"0610","0612",2.00,2.00,0.00,"",0.00,300.00,305.00,268.00,1.00,2288.00,,,,,,
2016,7,27,3,2016-07-27,"AA",19805,"AA","2635",12892,"LAX","Los Angeles, CA","CA",12264,"IAD","Washington, DC","VA","2210","2204",-6.00,0.00,20.00,12.00,"0610","0557",-13.00,0.00,0.00,"",0.00,300.00,293.00,261.00,1.00,2288.00,,,,,,
2016,7,28,4,2016-07-28,"AA",19805,"AA","2635",12892,"LAX","Los Angeles, CA","CA",12264,"IAD","Washington, DC","VA","2210","2218",8.00,8.00,15.00,6.00,"0610","0606",-4.00,0.00,0.00,"",0.00,300.00,288.00,267.00,1.00,2288.00,,,,,,
2016,7,29,5,2016-07-29,"AA",19805,"AA","2635",12892,"LAX","Los Angeles, CA","CA",12264,"IAD","Washington, DC","VA","2210","2204",-6.00,0.00,19.00,25.00,"0610","0605",-5.00,0.00,0.00,"",0.00,300.00,301.00,257.00,1.00,2288.00,,,,,,
2016,7,30,6,2016-07-30,"AA",19805,"AA","2635",12892,"LAX","Los Angeles, CA","CA",12264,"IAD","Washington, DC","VA","2210","2220",10.00,10.00,23.00,4.00,"0610","0619",9.00,9.00,0.00,"",0.00,300.00,299.00,272.00,1.00,2288.00,,,,,,
2016,7,31,7,2016-07-31,"AA",19805,"AA","2635",12892,"LAX","Los Angeles, CA","CA",12264,"IAD","Washington, DC","VA","2210","2321",71.00,71.00,28.00,4.00,"0610","0730",80.00,80.00,0.00,"",0.00,300.00,309.00,277.00,1.00,2288.00,0.00,0.00,9.00,0.00,71.00,
2016,7,1,5,2016-07-01,"AA",19805,"AA","2636",12264,"IAD","Washington, DC","VA",12892,"LAX","Los Angeles, CA","CA","0745","1023",158.00,158.00,23.00,29.00,"1013","1324",191.00,191.00,0.00,"",0.00,328.00,361.00,309.00,1.00,2288.00,158.00,0.00,33.00,0.00,0.00,
2016,7,2,6,2016-07-02,"AA",19805,"AA","2636",12264,"IAD","Washington, DC","VA",12892,"LAX","Los Angeles, CA","CA","0742","0825",43.00,43.00,22.00,25.00,"1010","1109",59.00,59.00,0.00,"",0.00,328.00,344.00,297.00,1.00,2288.00,0.00,0.00,16.00,0.00,43.00,
2016,7,3,7,2016-07-03,"AA",19805,"AA","2636",12264,"IAD","Washington, DC","VA",12892,"LAX","Los Angeles, CA","CA","0742","0738",-4.00,0.00,15.00,27.00,"1010","1025",15.00,15.00,0.00,"",0.00,328.00,347.00,305.00,1.00,2288.00,0.00,0.00,15.00,0.00,0.00,
2016,7,5,2,2016-07-05,"AA",19805,"AA","2636",12264,"IAD","Washington, DC","VA",12892,"LAX","Los Angeles, CA","CA","0742","0854",72.00,72.00,13.00,45.00,"1010","1157",107.00,107.00,0.00,"",0.00,328.00,363.00,305.00,1.00,2288.00,0.00,0.00,35.00,0.00,72.00,
2016,7,6,3,2016-07-06,"AA",19805,"AA","2636",12264,"IAD","Washington, DC","VA",12892,"LAX","Los Angeles, CA","CA","0742","0805",23.00,23.00,18.00,34.00,"1010","1047",37.00,37.00,0.00,"",0.00,328.00,342.00,290.00,1.00,2288.00,0.00,0.00,14.00,0.00,23.00,
2016,7,7,4,2016-07-07,"AA",19805,"AA","2636",12264,"IAD","Washington, DC","VA",12892,"LAX","Los Angeles, CA","CA","0742","0732",-10.00,0.00,23.00,19.00,"1010","1024",14.00,14.00,0.00,"",0.00,328.00,352.00,310.00,1.00,2288.00,,,,,,
2016,7,8,5,2016-07-08,"AA",19805,"AA","2636",12264,"IAD","Washington, DC","VA",12892,"LAX","Los Angeles, CA","CA","0742","0733",-9.00,0.00,21.00,18.00,"1010","1024",14.00,14.00,0.00,"",0.00,328.00,351.00,312.00,1.00,2288.00,,,,,,
2016,7,9,6,2016-07-09,"AA",19805,"AA","2636",12264,"IAD","Washington, DC","VA",12892,"LAX","Los Angeles, CA","CA","0742","0740",-2.00,0.00,10.00,12.00,"1010","1000",-10.00,0.00,0.00,"",0.00,328.00,320.00,298.00,1.00,2288.00,,,,,,
2016,7,10,7,2016-07-10,"AA",19805,"AA","2636",12264,"IAD","Washington, DC","VA",12892,"LAX","Los Angeles, CA","CA","0742","0738",-4.00,0.00,9.00,34.00,"1010","1006",-4.00,0.00,0.00,"",0.00,328.00,328.00,285.00,1.00,2288.00,,,,,,
2016,7,11,1,2016-07-11,"AA",19805,"AA","2636",12264,"IAD","Washington, DC","VA",12892,"LAX","Los Angeles, CA","CA","0742","0742",0.00,0.00,11.00,28.00,"1010","1018",8.00,8.00,0.00,"",0.00,328.00,336.00,297.00,1.00,2288.00,,,,,,
2016,7,12,2,2016-07-12,"AA",19805,"AA","2636",12264,"IAD","Washington, DC","VA",12892,"LAX","Los Angeles, CA","CA","0742","0738",-4.00,0.00,11.00,5.00,"1010","0953",-17.00,0.00,0.00,"",0.00,328.00,315.00,299.00,1.00,2288.00,,,,,,
2016,7,13,3,2016-07-13,"AA",19805,"AA","2636",12264,"IAD","Washington, DC","VA",12892,"LAX","Los Angeles, CA","CA","0742","0737",-5.00,0.00,20.00,29.00,"1010","1024",14.00,14.00,0.00,"",0.00,328.00,347.00,298.00,1.00,2288.00,,,,,,
2016,7,14,4,2016-07-14,"AA",19805,"AA","2636",12264,"IAD","Washington, DC","VA",12892,"LAX","Los Angeles, CA","CA","0742","0751",9.00,9.00,11.00,32.00,"1010","1028",18.00,18.00,0.00,"",0.00,328.00,337.00,294.00,1.00,2288.00,0.00,0.00,9.00,0.00,9.00,
2016,7,15,5,2016-07-15,"AA",19805,"AA","2636",12264,"IAD","Washington, DC","VA",12892,"LAX","Los Angeles, CA","CA","0742","0739",-3.00,0.00,12.00,13.00,"1010","0958",-12.00,0.00,0.00,"",0.00,328.00,319.00,294.00,1.00,2288.00,,,,,,
2016,7,16,6,2016-07-16,"AA",19805,"AA","2636",12264,"IAD","Washington, DC","VA",12892,"LAX","Los Angeles, CA","CA","0742","0741",-1.00,0.00,11.00,12.00,"1010","1003",-7.00,0.00,0.00,"",0.00,328.00,322.00,299.00,1.00,2288.00,,,,,,
2016,7,17,7,2016-07-17,"AA",19805,"AA","2636",12264,"IAD","Washington, DC","VA",12892,"LAX","Los Angeles, CA","CA","0742","0737",-5.00,0.00,16.00,29.00,"1010","1013",3.00,3.00,0.00,"",0.00,328.00,336.00,291.00,1.00,2288.00,,,,,,
2016,7,18,1,2016-07-18,"AA",19805,"AA","2636",12264,"IAD","Washington, DC","VA",12892,"LAX","Los Angeles, CA","CA","0742","0736",-6.00,0.00,10.00,5.00,"1010","0942",-28.00,0.00,0.00,"",0.00,328.00,306.00,291.00,1.00,2288.00,,,,,,
2016,7,19,2,2016-07-19,"AA",19805,"AA","2636",12264,"IAD","Washington, DC","VA",12892,"LAX","Los Angeles, CA","CA","0742","0742",0.00,0.00,12.00,26.00,"1010","1003",-7.00,0.00,0.00,"",0.00,328.00,321.00,283.00,1.00,2288.00,,,,,,
2016,7,20,3,2016-07-20,"AA",19805,"AA","2636",12264,"IAD","Washington, DC","VA",12892,"LAX","Los Angeles, CA","CA","0742","0739",-3.00,0.00,12.00,29.00,"1010","1001",-9.00,0.00,0.00,"",0.00,328.00,322.00,281.00,1.00,2288.00,,,,,,
2016,7,21,4,2016-07-21,"AA",19805,"AA","2636",12264,"IAD","Washington, DC","VA",12892,"LAX","Los Angeles, CA","CA","0742","0732",-10.00,0.00,16.00,30.00,"1010","0957",-13.00,0.00,0.00,"",0.00,328.00,325.00,279.00,1.00,2288.00,,,,,,
2016,7,22,5,2016-07-22,"AA",19805,"AA","2636",12264,"IAD","Washington, DC","VA",12892,"LAX","Los Angeles, CA","CA","0742","0737",-5.00,0.00,16.00,15.00,"1010","1000",-10.00,0.00,0.00,"",0.00,328.00,323.00,292.00,1.00,2288.00,,,,,,
2016,7,23,6,2016-07-23,"AA",19805,"AA","2636",12264,"IAD","Washington, DC","VA",12892,"LAX","Los Angeles, CA","CA","0742","0919",97.00,97.00,12.00,5.00,"1010","1112",62.00,62.00,0.00,"",0.00,328.00,293.00,276.00,1.00,2288.00,17.00,0.00,0.00,0.00,45.00,
2016,7,24,7,2016-07-24,"AA",19805,"AA","2636",12264,"IAD","Washington, DC","VA",12892,"LAX","Los Angeles, CA","CA","0742","0736",-6.00,0.00,11.00,23.00,"1010","0955",-15.00,0.00,0.00,"",0.00,328.00,319.00,285.00,1.00,2288.00,,,,,,
2016,7,25,1,2016-07-25,"AA",19805,"AA","2636",12264,"IAD","Washington, DC","VA",12892,"LAX","Los Angeles, CA","CA","0742","0734",-8.00,0.00,13.00,14.00,"1010","0950",-20.00,0.00,0.00,"",0.00,328.00,316.00,289.00,1.00,2288.00,,,,,,
2016,7,26,2,2016-07-26,"AA",19805,"AA","2636",12264,"IAD","Washington, DC","VA",12892,"LAX","Los Angeles, CA","CA","0742","0742",0.00,0.00,14.00,35.00,"1010","1023",13.00,13.00,0.00,"",0.00,328.00,341.00,292.00,1.00,2288.00,,,,,,
2016,7,27,3,2016-07-27,"AA",19805,"AA","2636",12264,"IAD","Washington, DC","VA",12892,"LAX","Los Angeles, CA","CA","0742","0741",-1.00,0.00,11.00,9.00,"1010","0950",-20.00,0.00,0.00,"",0.00,328.00,309.00,289.00,1.00,2288.00,,,,,,
2016,7,28,4,2016-07-28,"AA",19805,"AA","2636",12264,"IAD","Washington, DC","VA",12892,"LAX","Los Angeles, CA","CA","0742","0736",-6.00,0.00,10.00,56.00,"1010","1035",25.00,25.00,0.00,"",0.00,328.00,359.00,293.00,1.00,2288.00,0.00,0.00,25.00,0.00,0.00,
2016,7,29,5,2016-07-29,"AA",19805,"AA","2636",12264,"IAD","Washington, DC","VA",12892,"LAX","Los Angeles, CA","CA","0742","0841",59.00,59.00,17.00,25.00,"1010","1118",68.00,68.00,0.00,"",0.00,328.00,337.00,295.00,1.00,2288.00,59.00,0.00,9.00,0.00,0.00,
2016,7,30,6,2016-07-30,"AA",19805,"AA","2636",12264,"IAD","Washington, DC","VA",12892,"LAX","Los Angeles, CA","CA","0742","0747",5.00,5.00,13.00,20.00,"1010","1017",7.00,7.00,0.00,"",0.00,328.00,330.00,297.00,1.00,2288.00,,,,,,
2016,7,31,7,2016-07-31,"AA",19805,"AA","2636",12264,"IAD","Washington, DC","VA",12892,"LAX","Los Angeles, CA","CA","0742","0741",-1.00,0.00,14.00,16.00,"1010","1007",-3.00,0.00,0.00,"",0.00,328.00,326.00,296.00,1.00,2288.00,,,,,,
2016,7,5,2,2016-07-05,"AA",19805,"AA","2637",11298,"DFW","Dallas/Fort Worth, TX","TX",12953,"LGA","New York, NY","NY","1750","1839",49.00,49.00,12.00,5.00,"2218","2255",37.00,37.00,0.00,"",0.00,208.00,196.00,179.00,1.00,1389.00,0.00,0.00,0.00,0.00,37.00,
2016,7,6,3,2016-07-06,"AA",19805,"AA","2637",11298,"DFW","Dallas/Fort Worth, TX","TX",12953,"LGA","New York, NY","NY","1750","1744",-6.00,0.00,25.00,4.00,"2218","2217",-1.00,0.00,0.00,"",0.00,208.00,213.00,184.00,1.00,1389.00,,,,,,
2016,7,7,4,2016-07-07,"AA",19805,"AA","2637",11298,"DFW","Dallas/Fort Worth, TX","TX",12953,"LGA","New York, NY","NY","1750","1745",-5.00,0.00,15.00,4.00,"2218","2213",-5.00,0.00,0.00,"",0.00,208.00,208.00,189.00,1.00,1389.00,,,,,,
2016,7,8,5,2016-07-08,"AA",19805,"AA","2637",11298,"DFW","Dallas/Fort Worth, TX","TX",12953,"LGA","New York, NY","NY","1750","1902",72.00,72.00,39.00,5.00,"2218","2354",96.00,96.00,0.00,"",0.00,208.00,232.00,188.00,1.00,1389.00,0.00,0.00,96.00,0.00,0.00,
2016,7,9,6,2016-07-09,"AA",19805,"AA","2637",11298,"DFW","Dallas/Fort Worth, TX","TX",12953,"LGA","New York, NY","NY","1750","2108",198.00,198.00,27.00,5.00,"2218","0126",188.00,188.00,0.00,"",0.00,208.00,198.00,166.00,1.00,1389.00,0.00,65.00,0.00,0.00,123.00,
2016,7,10,7,2016-07-10,"AA",19805,"AA","2637",11298,"DFW","Dallas/Fort Worth, TX","TX",12953,"LGA","New York, NY","NY","1750","1747",-3.00,0.00,8.00,4.00,"2218","2149",-29.00,0.00,0.00,"",0.00,208.00,182.00,170.00,1.00,1389.00,,,,,,
2016,7,11,1,2016-07-11,"AA",19805,"AA","2637",11298,"DFW","Dallas/Fort Worth, TX","TX",12953,"LGA","New York, NY","NY","1750","1743",-7.00,0.00,15.00,5.00,"2218","2218",0.00,0.00,0.00,"",0.00,208.00,215.00,195.00,1.00,1389.00,,,,,,
2016,7,12,2,2016-07-12,"AA",19805,"AA","2637",11298,"DFW","Dallas/Fort Worth, TX","TX",12953,"LGA","New York, NY","NY","1750","1756",6.00,6.00,10.00,6.00,"2218","2222",4.00,4.00,0.00,"",0.00,208.00,206.00,190.00,1.00,1389.00,,,,,,
2016,7,13,3,2016-07-13,"AA",19805,"AA","2637",11298,"DFW","Dallas/Fort Worth, TX","TX",12953,"LGA","New York, NY","NY","1750","1750",0.00,0.00,13.00,5.00,"2218","2214",-4.00,0.00,0.00,"",0.00,208.00,204.00,186.00,1.00,1389.00,,,,,,
2016,7,14,4,2016-07-14,"AA",19805,"AA","2637",11298,"DFW","Dallas/Fort Worth, TX","TX",12953,"LGA","New York, NY","NY","1750","1753",3.00,3.00,12.00,3.00,"2218","2205",-13.00,0.00,0.00,"",0.00,208.00,192.00,177.00,1.00,1389.00,,,,,,
2016,7,15,5,2016-07-15,"AA",19805,"AA","2637",11298,"DFW","Dallas/Fort Worth, TX","TX",12953,"LGA","New York, NY","NY","1750","1832",42.00,42.00,36.00,4.00,"2218","2308",50.00,50.00,0.00,"",0.00,208.00,216.00,176.00,1.00,1389.00,42.00,0.00,8.00,0.00,0.00,
2016,7,16,6,2016-07-16,"AA",19805,"AA","2637",11298,"DFW","Dallas/Fort Worth, TX","TX",12953,"LGA","New York, NY","NY","1750","1928",98.00,98.00,18.00,4.00,"2218","2340",82.00,82.00,0.00,"",0.00,208.00,192.00,170.00,1.00,1389.00,55.00,0.00,0.00,0.00,27.00,
2016,7,17,7,2016-07-17,"AA",19805,"AA","2637",11298,"DFW","Dallas/Fort Worth, TX","TX",12953,"LGA","New York, NY","NY","1750","1746",-4.00,0.00,16.00,4.00,"2218","2208",-10.00,0.00,0.00,"",0.00,208.00,202.00,182.00,1.00,1389.00,,,,,,
2016,7,18,1,2016-07-18,"AA",19805,"AA","2637",11298,"DFW","Dallas/Fort Worth, TX","TX",12953,"LGA","New York, NY","NY","1750","1844",54.00,54.00,20.00,7.00,"2218","2307",49.00,49.00,0.00,"",0.00,208.00,203.00,176.00,1.00,1389.00,0.00,0.00,49.00,0.00,0.00,
2016,7,19,2,2016-07-19,"AA",19805,"AA","2637",11298,"DFW","Dallas/Fort Worth, TX","TX",12953,"LGA","New York, NY","NY","1750","1745",-5.00,0.00,16.00,5.00,"2218","2208",-10.00,0.00,0.00,"",0.00,208.00,203.00,182.00,1.00,1389.00,,,,,,
2016,7,20,3,2016-07-20,"AA",19805,"AA","2637",11298,"DFW","Dallas/Fort Worth, TX","TX",12953,"LGA","New York, NY","NY","1750","1755",5.00,5.00,13.00,5.00,"2218","2219",1.00,1.00,0.00,"",0.00,208.00,204.00,186.00,1.00,1389.00,,,,,,
2016,7,21,4,2016-07-21,"AA",19805,"AA","2637",11298,"DFW","Dallas/Fort Worth, TX","TX",12953,"LGA","New York, NY","NY","1750","1750",0.00,0.00,12.00,12.00,"2218","2223",5.00,5.00,0.00,"",0.00,208.00,213.00,189.00,1.00,1389.00,,,,,,
2016,7,22,5,2016-07-22,"AA",19805,"AA","2637",11298,"DFW","Dallas/Fort Worth, TX","TX",12953,"LGA","New York, NY","NY","1750","1748",-2.00,0.00,15.00,5.00,"2218","2212",-6.00,0.00,0.00,"",0.00,208.00,204.00,184.00,1.00,1389.00,,,,,,
2016,7,23,6,2016-07-23,"AA",19805,"AA","2637",11298,"DFW","Dallas/Fort Worth, TX","TX",12953,"LGA","New York, NY","NY","1750","",,,,,"2218","",,,1.00,"A",0.00,208.00,,,1.00,1389.00,,,,,,
2016,7,24,7,2016-07-24,"AA",19805,"AA","2637",11298,"DFW","Dallas/Fort Worth, TX","TX",12953,"LGA","New York, NY","NY","1750","1747",-3.00,0.00,14.00,4.00,"2218","2203",-15.00,0.00,0.00,"",0.00,208.00,196.00,178.00,1.00,1389.00,,,,,,
2016,7,25,1,2016-07-25,"AA",19805,"AA","2637",11298,"DFW","Dallas/Fort Worth, TX","TX",12953,"LGA","New York, NY","NY","1750","2110",200.00,200.00,11.00,8.00,"2218","0129",191.00,191.00,0.00,"",0.00,208.00,199.00,180.00,1.00,1389.00,191.00,0.00,0.00,0.00,0.00,
2016,7,26,2,2016-07-26,"AA",19805,"AA","2637",11298,"DFW","Dallas/Fort Worth, TX","TX",12953,"LGA","New York, NY","NY","1750","1758",8.00,8.00,54.00,4.00,"2218","2258",40.00,40.00,0.00,"",0.00,208.00,240.00,182.00,1.00,1389.00,0.00,0.00,40.00,0.00,0.00,
2016,7,27,3,2016-07-27,"AA",19805,"AA","2637",11298,"DFW","Dallas/Fort Worth, TX","TX",12953,"LGA","New York, NY","NY","1750","1853",63.00,63.00,11.00,4.00,"2218","2319",61.00,61.00,0.00,"",0.00,208.00,206.00,191.00,1.00,1389.00,21.00,0.00,0.00,0.00,40.00,
2016,7,28,4,2016-07-28,"AA",19805,"AA","2637",11298,"DFW","Dallas/Fort Worth, TX","TX",12953,"LGA","New York, NY","NY","1750","1910",80.00,80.00,31.00,6.00,"2218","0004",106.00,106.00,0.00,"",0.00,208.00,234.00,197.00,1.00,1389.00,0.00,0.00,81.00,0.00,25.00,
2016,7,29,5,2016-07-29,"AA",19805,"AA","2637",11298,"DFW","Dallas/Fort Worth, TX","TX",12953,"LGA","New York, NY","NY","1750","1755",5.00,5.00,12.00,9.00,"2218","2225",7.00,7.00,0.00,"",0.00,208.00,210.00,189.00,1.00,1389.00,,,,,,
2016,7,30,6,2016-07-30,"AA",19805,"AA","2637",11298,"DFW","Dallas/Fort Worth, TX","TX",12953,"LGA","New York, NY","NY","1750","1809",19.00,19.00,12.00,6.00,"2218","2222",4.00,4.00,0.00,"",0.00,208.00,193.00,175.00,1.00,1389.00,,,,,,
2016,7,31,7,2016-07-31,"AA",19805,"AA","2637",11298,"DFW","Dallas/Fort Worth, TX","TX",12953,"LGA","New York, NY","NY","1750","1839",49.00,49.00,19.00,8.00,"2218","2355",97.00,97.00,0.00,"",0.00,208.00,256.00,229.00,1.00,1389.00,42.00,0.00,48.00,0.00,7.00,
2016,7,1,5,2016-07-01,"AA",19805,"AA","2637",13303,"MIA","Miami, FL","FL",10721,"BOS","Boston, MA","MA","1722","1810",48.00,48.00,26.00,5.00,"2042","2141",59.00,59.00,0.00,"",0.00,200.00,211.00,180.00,1.00,1258.00,0.00,0.00,59.00,0.00,0.00,
2016,7,2,6,2016-07-02,"AA",19805,"AA","2637",13303,"MIA","Miami, FL","FL",10721,"BOS","Boston, MA","MA","1722","1716",-6.00,0.00,11.00,7.00,"2042","2035",-7.00,0.00,0.00,"",0.00,200.00,199.00,181.00,1.00,1258.00,,,,,,
2016,7,3,7,2016-07-03,"AA",19805,"AA","2637",13303,"MIA","Miami, FL","FL",10721,"BOS","Boston, MA","MA","1722","1732",10.00,10.00,16.00,7.00,"2042","2046",4.00,4.00,0.00,"",0.00,200.00,194.00,171.00,1.00,1258.00,,,,,,
2016,7,4,1,2016-07-04,"AA",19805,"AA","2637",13303,"MIA","Miami, FL","FL",10721,"BOS","Boston, MA","MA","1722","1718",-4.00,0.00,17.00,5.00,"2042","2029",-13.00,0.00,0.00,"",0.00,200.00,191.00,169.00,1.00,1258.00,,,,,,
2016,7,1,5,2016-07-01,"AA",19805,"AA","2638",14893,"SMF","Sacramento, CA","CA",14107,"PHX","Phoenix, AZ","AZ","0955","1029",34.00,34.00,9.00,3.00,"1144","1213",29.00,29.00,0.00,"",0.00,109.00,104.00,92.00,1.00,647.00,29.00,0.00,0.00,0.00,0.00,
2016,7,2,6,2016-07-02,"AA",19805,"AA","2638",14893,"SMF","Sacramento, CA","CA",14107,"PHX","Phoenix, AZ","AZ","0955","0958",3.00,3.00,12.00,3.00,"1144","1141",-3.00,0.00,0.00,"",0.00,109.00,103.00,88.00,1.00,647.00,,,,,,
2016,7,3,7,2016-07-03,"AA",19805,"AA","2638",14893,"SMF","Sacramento, CA","CA",14107,"PHX","Phoenix, AZ","AZ","0955","0946",-9.00,0.00,9.00,6.00,"1144","1132",-12.00,0.00,0.00,"",0.00,109.00,106.00,91.00,1.00,647.00,,,,,,
2016,7,1,5,2016-07-01,"AA",19805,"AA","2639",13930,"ORD","Chicago, IL","IL",14771,"SFO","San Francisco, CA","CA","1015","1013",-2.00,0.00,15.00,4.00,"1247","1242",-5.00,0.00,0.00,"",0.00,272.00,269.00,250.00,1.00,1846.00,,,,,,
2016,7,2,6,2016-07-02,"AA",19805,"AA","2639",13930,"ORD","Chicago, IL","IL",14771,"SFO","San Francisco, CA","CA","1015","1050",35.00,35.00,14.00,5.00,"1247","1319",32.00,32.00,0.00,"",0.00,272.00,269.00,250.00,1.00,1846.00,32.00,0.00,0.00,0.00,0.00,
2016,7,3,7,2016-07-03,"AA",19805,"AA","2639",13930,"ORD","Chicago, IL","IL",14771,"SFO","San Francisco, CA","CA","1015","1011",-4.00,0.00,16.00,4.00,"1247","1227",-20.00,0.00,0.00,"",0.00,272.00,256.00,236.00,1.00,1846.00,,,,,,
2016,7,4,1,2016-07-04,"AA",19805,"AA","2639",13930,"ORD","Chicago, IL","IL",14771,"SFO","San Francisco, CA","CA","1015","1014",-1.00,0.00,16.00,5.00,"1247","1236",-11.00,0.00,0.00,"",0.00,272.00,262.00,241.00,1.00,1846.00,,,,,,
2016,7,5,2,2016-07-05,"AA",19805,"AA","2639",13930,"ORD","Chicago, IL","IL",14771,"SFO","San Francisco, CA","CA","1015","1017",2.00,2.00,11.00,4.00,"1247","1237",-10.00,0.00,0.00,"",0.00,272.00,260.00,245.00,1.00,1846.00,,,,,,
2016,7,6,3,2016-07-06,"AA",19805,"AA","2639",13930,"ORD","Chicago, IL","IL",14771,"SFO","San Francisco, CA","CA","1015","1039",24.00,24.00,63.00,11.00,"1247","1358",71.00,71.00,0.00,"",0.00,272.00,319.00,245.00,1.00,1846.00,1.00,0.00,47.00,0.00,23.00,
2016,7,7,4,2016-07-07,"AA",19805,"AA","2639",13930,"ORD","Chicago, IL","IL",14771,"SFO","San Francisco, CA","CA","1015","1010",-5.00,0.00,52.00,2.00,"1247","1334",47.00,47.00,0.00,"",0.00,272.00,324.00,270.00,1.00,1846.00,0.00,0.00,47.00,0.00,0.00,
2016,7,8,5,2016-07-08,"AA",19805,"AA","2639",13930,"ORD","Chicago, IL","IL",14771,"SFO","San Francisco, CA","CA","1015","1029",14.00,14.00,57.00,9.00,"1247","1338",51.00,51.00,0.00,"",0.00,272.00,309.00,243.00,1.00,1846.00,0.00,0.00,51.00,0.00,0.00,
2016,7,9,6,2016-07-09,"AA",19805,"AA","2639",13930,"ORD","Chicago, IL","IL",14771,"SFO","San Francisco, CA","CA","1015","1012",-3.00,0.00,41.00,4.00,"1247","1304",17.00,17.00,0.00,"",0.00,272.00,292.00,247.00,1.00,1846.00,0.00,0.00,17.00,0.00,0.00,
2016,7,10,7,2016-07-10,"AA",19805,"AA","2639",13930,"ORD","Chicago, IL","IL",14771,"SFO","San Francisco, CA","CA","1015","1018",3.00,3.00,18.00,4.00,"1247","1253",6.00,6.00,0.00,"",0.00,272.00,275.00,253.00,1.00,1846.00,,,,,,
2016,7,11,1,2016-07-11,"AA",19805,"AA","2639",13930,"ORD","Chicago, IL","IL",14771,"SFO","San Francisco, CA","CA","1015","1013",-2.00,0.00,13.00,6.00,"1247","1242",-5.00,0.00,0.00,"",0.00,272.00,269.00,250.00,1.00,1846.00,,,,,,
2016,7,12,2,2016-07-12,"AA",19805,"AA","2639",13930,"ORD","Chicago, IL","IL",14771,"SFO","San Francisco, CA","CA","1015","1045",30.00,30.00,10.00,4.00,"1247","1315",28.00,28.00,0.00,"",0.00,272.00,270.00,256.00,1.00,1846.00,0.00,0.00,0.00,0.00,28.00,
2016,7,13,3,2016-07-13,"AA",19805,"AA","2639",13930,"ORD","Chicago, IL","IL",14771,"SFO","San Francisco, CA","CA","1015","1008",-7.00,0.00,20.00,7.00,"1247","1250",3.00,3.00,0.00,"",0.00,272.00,282.00,255.00,1.00,1846.00,,,,,,
2016,7,14,4,2016-07-14,"AA",19805,"AA","2639",13930,"ORD","Chicago, IL","IL",14771,"SFO","San Francisco, CA","CA","1015","1056",41.00,41.00,10.00,11.00,"1247","1330",43.00,43.00,0.00,"",0.00,272.00,274.00,253.00,1.00,1846.00,41.00,0.00,2.00,0.00,0.00,
2016,7,15,5,2016-07-15,"AA",19805,"AA","2639",13930,"ORD","Chicago, IL","IL",14771,"SFO","San Francisco, CA","CA","1015","1014",-1.00,0.00,34.00,4.00,"1247","1258",11.00,11.00,0.00,"",0.00,272.00,284.00,246.00,1.00,1846.00,,,,,,
2016,7,16,6,2016-07-16,"AA",19805,"AA","2639",13930,"ORD","Chicago, IL","IL",14771,"SFO","San Francisco, CA","CA","1015","1011",-4.00,0.00,12.00,8.00,"1247","1247",0.00,0.00,0.00,"",0.00,272.00,276.00,256.00,1.00,1846.00,,,,,,
2016,7,17,7,2016-07-17,"AA",19805,"AA","2639",13930,"ORD","Chicago, IL","IL",14771,"SFO","San Francisco, CA","CA","1015","1159",104.00,104.00,12.00,3.00,"1247","1437",110.00,110.00,0.00,"",0.00,272.00,278.00,263.00,1.00,1846.00,51.00,0.00,6.00,0.00,53.00,
2016,7,18,1,2016-07-18,"AA",19805,"AA","2639",13930,"ORD","Chicago, IL","IL",14771,"SFO","San Francisco, CA","CA","1015","1050",35.00,35.00,30.00,3.00,"1247","1335",48.00,48.00,0.00,"",0.00,272.00,285.00,252.00,1.00,1846.00,0.00,0.00,13.00,0.00,35.00,
2016,7,19,2,2016-07-19,"AA",19805,"AA","2639",13930,"ORD","Chicago, IL","IL",14771,"SFO","San Francisco, CA","CA","1015","1050",35.00,35.00,29.00,14.00,"1247","1336",49.00,49.00,0.00,"",0.00,272.00,286.00,243.00,1.00,1846.00,0.00,35.00,14.00,0.00,0.00,
2016,7,20,3,2016-07-20,"AA",19805,"AA","2639",13930,"ORD","Chicago, IL","IL",14771,"SFO","San Francisco, CA","CA","1015","1216",121.00,121.00,40.00,4.00,"1247","1546",179.00,179.00,0.00,"",0.00,272.00,330.00,286.00,1.00,1846.00,121.00,0.00,58.00,0.00,0.00,
2016,7,21,4,2016-07-21,"AA",19805,"AA","2639",13930,"ORD","Chicago, IL","IL",14771,"SFO","San Francisco, CA","CA","1015","1015",0.00,0.00,43.00,5.00,"1247","1257",10.00,10.00,0.00,"",0.00,272.00,282.00,234.00,1.00,1846.00,,,,,,
2016,7,22,5,2016-07-22,"AA",19805,"AA","2639",13930,"ORD","Chicago, IL","IL",14771,"SFO","San Francisco, CA","CA","1015","1026",11.00,11.00,13.00,8.00,"1247","1258",11.00,11.00,0.00,"",0.00,272.00,272.00,251.00,1.00,1846.00,,,,,,
2016,7,23,6,2016-07-23,"AA",19805,"AA","2639",13930,"ORD","Chicago, IL","IL",14771,"SFO","San Francisco, CA","CA","1015","1103",48.00,48.00,19.00,3.00,"1247","1327",40.00,40.00,0.00,"",0.00,272.00,264.00,242.00,1.00,1846.00,40.00,0.00,0.00,0.00,0.00,
2016,7,24,7,2016-07-24,"AA",19805,"AA","2639",13930,"ORD","Chicago, IL","IL",14771,"SFO","San Francisco, CA","CA","1015","1011",-4.00,0.00,16.00,4.00,"1247","1235",-12.00,0.00,0.00,"",0.00,272.00,264.00,244.00,1.00,1846.00,,,,,,
2016,7,25,1,2016-07-25,"AA",19805,"AA","2639",13930,"ORD","Chicago, IL","IL",14771,"SFO","San Francisco, CA","CA","1015","1012",-3.00,0.00,20.00,4.00,"1247","1237",-10.00,0.00,0.00,"",0.00,272.00,265.00,241.00,1.00,1846.00,,,,,,
2016,7,26,2,2016-07-26,"AA",19805,"AA","2639",13930,"ORD","Chicago, IL","IL",14771,"SFO","San Francisco, CA","CA","1015","1014",-1.00,0.00,19.00,4.00,"1247","1242",-5.00,0.00,0.00,"",0.00,272.00,268.00,245.00,1.00,1846.00,,,,,,
2016,7,27,3,2016-07-27,"AA",19805,"AA","2639",13930,"ORD","Chicago, IL","IL",14771,"SFO","San Francisco, CA","CA","1015","1012",-3.00,0.00,18.00,5.00,"1247","1232",-15.00,0.00,0.00,"",0.00,272.00,260.00,237.00,1.00,1846.00,,,,,,
2016,7,28,4,2016-07-28,"AA",19805,"AA","2639",13930,"ORD","Chicago, IL","IL",14771,"SFO","San Francisco, CA","CA","1015","1059",44.00,44.00,16.00,9.00,"1247","1326",39.00,39.00,0.00,"",0.00,272.00,267.00,242.00,1.00,1846.00,39.00,0.00,0.00,0.00,0.00,
2016,7,29,5,2016-07-29,"AA",19805,"AA","2639",13930,"ORD","Chicago, IL","IL",14771,"SFO","San Francisco, CA","CA","1015","1017",2.00,2.00,16.00,5.00,"1247","1239",-8.00,0.00,0.00,"",0.00,272.00,262.00,241.00,1.00,1846.00,,,,,,
2016,7,30,6,2016-07-30,"AA",19805,"AA","2639",13930,"ORD","Chicago, IL","IL",14771,"SFO","San Francisco, CA","CA","1015","1021",6.00,6.00,10.00,6.00,"1247","1302",15.00,15.00,0.00,"",0.00,272.00,281.00,265.00,1.00,1846.00,6.00,0.00,9.00,0.00,0.00,
2016,7,31,7,2016-07-31,"AA",19805,"AA","2639",13930,"ORD","Chicago, IL","IL",14771,"SFO","San Francisco, CA","CA","1015","1011",-4.00,0.00,17.00,5.00,"1247","1235",-12.00,0.00,0.00,"",0.00,272.00,264.00,242.00,1.00,1846.00,,,,,,
2016,7,1,5,2016-07-01,"AA",19805,"AA","2640",11298,"DFW","Dallas/Fort Worth, TX","TX",11278,"DCA","Washington, DC","VA","2355","2359",4.00,4.00,16.00,3.00,"0353","0342",-11.00,0.00,0.00,"",0.00,178.00,163.00,144.00,1.00,1192.00,,,,,,
2016,7,6,3,2016-07-06,"AA",19805,"AA","2640",13303,"MIA","Miami, FL","FL",13198,"MCI","Kansas City, MO","MO","2134","2335",121.00,121.00,15.00,6.00,"2349","0137",108.00,108.00,0.00,"",0.00,195.00,182.00,161.00,1.00,1251.00,84.00,0.00,0.00,0.00,24.00,
2016,7,7,4,2016-07-07,"AA",19805,"AA","2640",13303,"MIA","Miami, FL","FL",13198,"MCI","Kansas City, MO","MO","2134","2133",-1.00,0.00,13.00,8.00,"2349","2338",-11.00,0.00,0.00,"",0.00,195.00,185.00,164.00,1.00,1251.00,,,,,,
2016,7,8,5,2016-07-08,"AA",19805,"AA","2640",13303,"MIA","Miami, FL","FL",13198,"MCI","Kansas City, MO","MO","2134","2141",7.00,7.00,15.00,11.00,"2349","2348",-1.00,0.00,0.00,"",0.00,195.00,187.00,161.00,1.00,1251.00,,,,,,
2016,7,9,6,2016-07-09,"AA",19805,"AA","2640",13303,"MIA","Miami, FL","FL",13198,"MCI","Kansas City, MO","MO","2134","2242",68.00,68.00,20.00,6.00,"2349","0111",82.00,82.00,0.00,"",0.00,195.00,209.00,183.00,1.00,1251.00,68.00,0.00,14.00,0.00,0.00,
2016,7,10,7,2016-07-10,"AA",19805,"AA","2640",13303,"MIA","Miami, FL","FL",13198,"MCI","Kansas City, MO","MO","2134","2138",4.00,4.00,17.00,13.00,"2349","2353",4.00,4.00,0.00,"",0.00,195.00,195.00,165.00,1.00,1251.00,,,,,,
2016,7,11,1,2016-07-11,"AA",19805,"AA","2640",13303,"MIA","Miami, FL","FL",13198,"MCI","Kansas City, MO","MO","2134","2130",-4.00,0.00,18.00,7.00,"2349","2335",-14.00,0.00,0.00,"",0.00,195.00,185.00,160.00,1.00,1251.00,,,,,,
2016,7,13,3,2016-07-13,"AA",19805,"AA","2640",13303,"MIA","Miami, FL","FL",13198,"MCI","Kansas City, MO","MO","2134","2145",11.00,11.00,20.00,12.00,"2349","2358",9.00,9.00,0.00,"",0.00,195.00,193.00,161.00,1.00,1251.00,,,,,,
2016,7,14,4,2016-07-14,"AA",19805,"AA","2640",13303,"MIA","Miami, FL","FL",13198,"MCI","Kansas City, MO","MO","2134","2206",32.00,32.00,12.00,7.00,"2349","0006",17.00,17.00,0.00,"",0.00,195.00,180.00,161.00,1.00,1251.00,1.00,0.00,0.00,0.00,16.00,
2016,7,15,5,2016-07-15,"AA",19805,"AA","2640",13303,"MIA","Miami, FL","FL",13198,"MCI","Kansas City, MO","MO","2134","2309",95.00,95.00,12.00,11.00,"2349","0115",86.00,86.00,0.00,"",0.00,195.00,186.00,163.00,1.00,1251.00,86.00,0.00,0.00,0.00,0.00,
2016,7,16,6,2016-07-16,"AA",19805,"AA","2640",13303,"MIA","Miami, FL","FL",13198,"MCI","Kansas City, MO","MO","2134","2128",-6.00,0.00,16.00,6.00,"2349","2335",-14.00,0.00,0.00,"",0.00,195.00,187.00,165.00,1.00,1251.00,,,,,,
2016,7,17,7,2016-07-17,"AA",19805,"AA","2640",13303,"MIA","Miami, FL","FL",13198,"MCI","Kansas City, MO","MO","2134","2127",-7.00,0.00,10.00,6.00,"2349","2328",-21.00,0.00,0.00,"",0.00,195.00,181.00,165.00,1.00,1251.00,,,,,,
2016,7,18,1,2016-07-18,"AA",19805,"AA","2640",13303,"MIA","Miami, FL","FL",13198,"MCI","Kansas City, MO","MO","2134","2129",-5.00,0.00,16.00,7.00,"2349","2337",-12.00,0.00,0.00,"",0.00,195.00,188.00,165.00,1.00,1251.00,,,,,,
2016,7,20,3,2016-07-20,"AA",19805,"AA","2640",13303,"MIA","Miami, FL","FL",13198,"MCI","Kansas City, MO","MO","2134","2130",-4.00,0.00,17.00,10.00,"2349","2341",-8.00,0.00,0.00,"",0.00,195.00,191.00,164.00,1.00,1251.00,,,,,,
2016,7,21,4,2016-07-21,"AA",19805,"AA","2640",13303,"MIA","Miami, FL","FL",13198,"MCI","Kansas City, MO","MO","2134","2129",-5.00,0.00,13.00,7.00,"2349","2346",-3.00,0.00,0.00,"",0.00,195.00,197.00,177.00,1.00,1251.00,,,,,,
2016,7,22,5,2016-07-22,"AA",19805,"AA","2640",13303,"MIA","Miami, FL","FL",13198,"MCI","Kansas City, MO","MO","2134","2132",-2.00,0.00,18.00,7.00,"2349","2343",-6.00,0.00,0.00,"",0.00,195.00,191.00,166.00,1.00,1251.00,,,,,,
2016,7,23,6,2016-07-23,"AA",19805,"AA","2640",13303,"MIA","Miami, FL","FL",13198,"MCI","Kansas City, MO","MO","2134","2143",9.00,9.00,21.00,9.00,"2349","0001",12.00,12.00,0.00,"",0.00,195.00,198.00,168.00,1.00,1251.00,,,,,,
2016,7,24,7,2016-07-24,"AA",19805,"AA","2640",13303,"MIA","Miami, FL","FL",13198,"MCI","Kansas City, MO","MO","2134","2133",-1.00,0.00,12.00,8.00,"2349","2331",-18.00,0.00,0.00,"",0.00,195.00,178.00,158.00,1.00,1251.00,,,,,,
2016,7,25,1,2016-07-25,"AA",19805,"AA","2640",13303,"MIA","Miami, FL","FL",13198,"MCI","Kansas City, MO","MO","2134","2259",85.00,85.00,23.00,8.00,"2349","0104",75.00,75.00,0.00,"",0.00,195.00,185.00,154.00,1.00,1251.00,54.00,0.00,0.00,0.00,21.00,
2016,7,27,3,2016-07-27,"AA",19805,"AA","2640",13303,"MIA","Miami, FL","FL",13198,"MCI","Kansas City, MO","MO","2134","2130",-4.00,0.00,14.00,9.00,"2349","2335",-14.00,0.00,0.00,"",0.00,195.00,185.00,162.00,1.00,1251.00,,,,,,
2016,7,28,4,2016-07-28,"AA",19805,"AA","2640",13303,"MIA","Miami, FL","FL",13198,"MCI","Kansas City, MO","MO","2134","",,,,,"2349","",,,1.00,"A",0.00,195.00,,,1.00,1251.00,,,,,,
2016,7,29,5,2016-07-29,"AA",19805,"AA","2640",13303,"MIA","Miami, FL","FL",13198,"MCI","Kansas City, MO","MO","2134","2137",3.00,3.00,11.00,11.00,"2349","2335",-14.00,0.00,0.00,"",0.00,195.00,178.00,156.00,1.00,1251.00,,,,,,
2016,7,30,6,2016-07-30,"AA",19805,"AA","2640",13303,"MIA","Miami, FL","FL",13198,"MCI","Kansas City, MO","MO","2134","2232",58.00,58.00,21.00,7.00,"2349","0041",52.00,52.00,0.00,"",0.00,195.00,189.00,161.00,1.00,1251.00,11.00,0.00,0.00,0.00,41.00,
2016,7,31,7,2016-07-31,"AA",19805,"AA","2640",13303,"MIA","Miami, FL","FL",13198,"MCI","Kansas City, MO","MO","2134","0808",634.00,634.00,17.00,10.00,"2349","1021",632.00,632.00,0.00,"",0.00,195.00,193.00,166.00,1.00,1251.00,632.00,0.00,0.00,0.00,0.00,
2016,7,1,5,2016-07-01,"AA",19805,"AA","2641",11298,"DFW","Dallas/Fort Worth, TX","TX",13204,"MCO","Orlando, FL","FL","2340","2337",-3.00,0.00,15.00,7.00,"0317","0303",-14.00,0.00,0.00,"",0.00,157.00,146.00,124.00,1.00,985.00,,,,,,
2016,7,7,4,2016-07-07,"AA",19805,"AA","2641",13198,"MCI","Kansas City, MO","MO",13303,"MIA","Miami, FL","FL","0615","0740",85.00,85.00,13.00,7.00,"1028","1154",86.00,86.00,0.00,"",0.00,193.00,194.00,174.00,1.00,1251.00,0.00,85.00,1.00,0.00,0.00,
2016,7,8,5,2016-07-08,"AA",19805,"AA","2641",13198,"MCI","Kansas City, MO","MO",13303,"MIA","Miami, FL","FL","0615","0609",-6.00,0.00,16.00,27.00,"1028","1037",9.00,9.00,0.00,"",0.00,193.00,208.00,165.00,1.00,1251.00,,,,,,
2016,7,9,6,2016-07-09,"AA",19805,"AA","2641",13198,"MCI","Kansas City, MO","MO",13303,"MIA","Miami, FL","FL","0615","0609",-6.00,0.00,12.00,17.00,"1028","1017",-11.00,0.00,0.00,"",0.00,193.00,188.00,159.00,1.00,1251.00,,,,,,
2016,7,10,7,2016-07-10,"AA",19805,"AA","2641",13198,"MCI","Kansas City, MO","MO",13303,"MIA","Miami, FL","FL","0615","0614",-1.00,0.00,12.00,4.00,"1028","1010",-18.00,0.00,0.00,"",0.00,193.00,176.00,160.00,1.00,1251.00,,,,,,
2016,7,11,1,2016-07-11,"AA",19805,"AA","2641",13198,"MCI","Kansas City, MO","MO",13303,"MIA","Miami, FL","FL","0615","0611",-4.00,0.00,14.00,9.00,"1028","1016",-12.00,0.00,0.00,"",0.00,193.00,185.00,162.00,1.00,1251.00,,,,,,
2016,7,12,2,2016-07-12,"AA",19805,"AA","2641",13198,"MCI","Kansas City, MO","MO",13303,"MIA","Miami, FL","FL","0615","0801",106.00,106.00,17.00,11.00,"1028","1234",126.00,126.00,0.00,"",0.00,193.00,213.00,185.00,1.00,1251.00,25.00,81.00,20.00,0.00,0.00,
2016,7,14,4,2016-07-14,"AA",19805,"AA","2641",13198,"MCI","Kansas City, MO","MO",13303,"MIA","Miami, FL","FL","0615","0614",-1.00,0.00,13.00,5.00,"1028","1014",-14.00,0.00,0.00,"",0.00,193.00,180.00,162.00,1.00,1251.00,,,,,,
2016,7,15,5,2016-07-15,"AA",19805,"AA","2641",13198,"MCI","Kansas City, MO","MO",13303,"MIA","Miami, FL","FL","0615","0611",-4.00,0.00,32.00,6.00,"1028","1031",3.00,3.00,0.00,"",0.00,193.00,200.00,162.00,1.00,1251.00,,,,,,
2016,7,16,6,2016-07-16,"AA",19805,"AA","2641",13198,"MCI","Kansas City, MO","MO",13303,"MIA","Miami, FL","FL","0615","0611",-4.00,0.00,17.00,14.00,"1028","1021",-7.00,0.00,0.00,"",0.00,193.00,190.00,159.00,1.00,1251.00,,,,,,
2016,7,17,7,2016-07-17,"AA",19805,"AA","2641",13198,"MCI","Kansas City, MO","MO",13303,"MIA","Miami, FL","FL","0615","0610",-5.00,0.00,19.00,23.00,"1028","1029",1.00,1.00,0.00,"",0.00,193.00,199.00,157.00,1.00,1251.00,,,,,,
2016,7,18,1,2016-07-18,"AA",19805,"AA","2641",13198,"MCI","Kansas City, MO","MO",13303,"MIA","Miami, FL","FL","0615","0614",-1.00,0.00,16.00,10.00,"1028","1017",-11.00,0.00,0.00,"",0.00,193.00,183.00,157.00,1.00,1251.00,,,,,,
2016,7,19,2,2016-07-19,"AA",19805,"AA","2641",13198,"MCI","Kansas City, MO","MO",13303,"MIA","Miami, FL","FL","0615","0627",12.00,12.00,14.00,5.00,"1028","1020",-8.00,0.00,0.00,"",0.00,193.00,173.00,154.00,1.00,1251.00,,,,,,
2016,7,21,4,2016-07-21,"AA",19805,"AA","2641",13198,"MCI","Kansas City, MO","MO",13303,"MIA","Miami, FL","FL","0615","0637",22.00,22.00,16.00,5.00,"1028","1056",28.00,28.00,0.00,"",0.00,193.00,199.00,178.00,1.00,1251.00,22.00,0.00,6.00,0.00,0.00,
2016,7,22,5,2016-07-22,"AA",19805,"AA","2641",13198,"MCI","Kansas City, MO","MO",13303,"MIA","Miami, FL","FL","0615","0614",-1.00,0.00,16.00,14.00,"1028","1026",-2.00,0.00,0.00,"",0.00,193.00,192.00,162.00,1.00,1251.00,,,,,,
2016,7,23,6,2016-07-23,"AA",19805,"AA","2641",13198,"MCI","Kansas City, MO","MO",13303,"MIA","Miami, FL","FL","0615","0614",-1.00,0.00,15.00,14.00,"1028","1021",-7.00,0.00,0.00,"",0.00,193.00,187.00,158.00,1.00,1251.00,,,,,,
2016,7,24,7,2016-07-24,"AA",19805,"AA","2641",13198,"MCI","Kansas City, MO","MO",13303,"MIA","Miami, FL","FL","0615","0622",7.00,7.00,23.00,5.00,"1028","1029",1.00,1.00,0.00,"",0.00,193.00,187.00,159.00,1.00,1251.00,,,,,,
2016,7,25,1,2016-07-25,"AA",19805,"AA","2641",13198,"MCI","Kansas City, MO","MO",13303,"MIA","Miami, FL","FL","0615","0606",-9.00,0.00,17.00,8.00,"1028","1017",-11.00,0.00,0.00,"",0.00,193.00,191.00,166.00,1.00,1251.00,,,,,,
2016,7,26,2,2016-07-26,"AA",19805,"AA","2641",13198,"MCI","Kansas City, MO","MO",13303,"MIA","Miami, FL","FL","0615","0622",7.00,7.00,12.00,9.00,"1028","1026",-2.00,0.00,0.00,"",0.00,193.00,184.00,163.00,1.00,1251.00,,,,,,
2016,7,28,4,2016-07-28,"AA",19805,"AA","2641",13198,"MCI","Kansas City, MO","MO",13303,"MIA","Miami, FL","FL","0615","0615",0.00,0.00,12.00,8.00,"1028","1019",-9.00,0.00,0.00,"",0.00,193.00,184.00,164.00,1.00,1251.00,,,,,,
2016,7,29,5,2016-07-29,"AA",19805,"AA","2641",13198,"MCI","Kansas City, MO","MO",13303,"MIA","Miami, FL","FL","0615","",,,,,"1028","",,,1.00,"A",0.00,193.00,,,1.00,1251.00,,,,,,
2016,7,30,6,2016-07-30,"AA",19805,"AA","2641",13198,"MCI","Kansas City, MO","MO",13303,"MIA","Miami, FL","FL","0615","0612",-3.00,0.00,10.00,41.00,"1028","1043",15.00,15.00,0.00,"",0.00,193.00,211.00,160.00,1.00,1251.00,0.00,0.00,15.00,0.00,0.00,
2016,7,31,7,2016-07-31,"AA",19805,"AA","2641",13198,"MCI","Kansas City, MO","MO",13303,"MIA","Miami, FL","FL","0615","0644",29.00,29.00,20.00,5.00,"1028","1041",13.00,13.00,0.00,"",0.00,193.00,177.00,152.00,1.00,1251.00,,,,,,
2016,7,1,5,2016-07-01,"AA",19805,"AA","2642",11298,"DFW","Dallas/Fort Worth, TX","TX",10693,"BNA","Nashville, TN","TN","2350","0025",35.00,35.00,11.00,7.00,"0135","0206",31.00,31.00,0.00,"",0.00,105.00,101.00,83.00,1.00,631.00,31.00,0.00,0.00,0.00,0.00,
2016,7,4,1,2016-07-04,"AA",19805,"AA","2642",13930,"ORD","Chicago, IL","IL",14869,"SLC","Salt Lake City, UT","UT","2005","2001",-4.00,0.00,20.00,12.00,"2229","2226",-3.00,0.00,0.00,"",0.00,204.00,205.00,173.00,1.00,1250.00,,,,,,
2016,7,5,2,2016-07-05,"AA",19805,"AA","2642",13930,"ORD","Chicago, IL","IL",14869,"SLC","Salt Lake City, UT","UT","2000","2000",0.00,0.00,21.00,8.00,"2224","2234",10.00,10.00,0.00,"",0.00,204.00,214.00,185.00,1.00,1250.00,,,,,,
2016,7,6,3,2016-07-06,"AA",19805,"AA","2642",13930,"ORD","Chicago, IL","IL",14869,"SLC","Salt Lake City, UT","UT","2000","2017",17.00,17.00,23.00,5.00,"2224","2248",24.00,24.00,0.00,"",0.00,204.00,211.00,183.00,1.00,1250.00,17.00,0.00,7.00,0.00,0.00,
2016,7,7,4,2016-07-07,"AA",19805,"AA","2642",13930,"ORD","Chicago, IL","IL",14869,"SLC","Salt Lake City, UT","UT","2000","2025",25.00,25.00,13.00,5.00,"2224","2235",11.00,11.00,0.00,"",0.00,204.00,190.00,172.00,1.00,1250.00,,,,,,
2016,7,8,5,2016-07-08,"AA",19805,"AA","2642",13930,"ORD","Chicago, IL","IL",14869,"SLC","Salt Lake City, UT","UT","2000","2116",76.00,76.00,14.00,4.00,"2224","2330",66.00,66.00,0.00,"",0.00,204.00,194.00,176.00,1.00,1250.00,3.00,0.00,0.00,0.00,63.00,
2016,7,9,6,2016-07-09,"AA",19805,"AA","2642",13930,"ORD","Chicago, IL","IL",14869,"SLC","Salt Lake City, UT","UT","1705","1702",-3.00,0.00,13.00,9.00,"1933","1912",-21.00,0.00,0.00,"",0.00,208.00,190.00,168.00,1.00,1250.00,,,,,,
2016,7,10,7,2016-07-10,"AA",19805,"AA","2642",13930,"ORD","Chicago, IL","IL",14869,"SLC","Salt Lake City, UT","UT","2000","2016",16.00,16.00,27.00,15.00,"2224","2251",27.00,27.00,0.00,"",0.00,204.00,215.00,173.00,1.00,1250.00,0.00,0.00,12.00,0.00,15.00,
2016,7,11,1,2016-07-11,"AA",19805,"AA","2642",13930,"ORD","Chicago, IL","IL",14869,"SLC","Salt Lake City, UT","UT","2000","2050",50.00,50.00,21.00,17.00,"2224","2331",67.00,67.00,0.00,"",0.00,204.00,221.00,183.00,1.00,1250.00,50.00,0.00,17.00,0.00,0.00,
2016,7,12,2,2016-07-12,"AA",19805,"AA","2642",13930,"ORD","Chicago, IL","IL",14869,"SLC","Salt Lake City, UT","UT","2000","2024",24.00,24.00,18.00,2.00,"2224","2241",17.00,17.00,0.00,"",0.00,204.00,197.00,177.00,1.00,1250.00,17.00,0.00,0.00,0.00,0.00,
2016,7,13,3,2016-07-13,"AA",19805,"AA","2642",13930,"ORD","Chicago, IL","IL",14869,"SLC","Salt Lake City, UT","UT","2000","2130",90.00,90.00,39.00,26.00,"2224","0027",123.00,123.00,0.00,"",0.00,204.00,237.00,172.00,1.00,1250.00,13.00,0.00,33.00,0.00,77.00,
2016,7,14,4,2016-07-14,"AA",19805,"AA","2642",13930,"ORD","Chicago, IL","IL",14869,"SLC","Salt Lake City, UT","UT","2000","1957",-3.00,0.00,21.00,6.00,"2224","2219",-5.00,0.00,0.00,"",0.00,204.00,202.00,175.00,1.00,1250.00,,,,,,
2016,7,15,5,2016-07-15,"AA",19805,"AA","2642",13930,"ORD","Chicago, IL","IL",14869,"SLC","Salt Lake City, UT","UT","2000","2030",30.00,30.00,20.00,4.00,"2224","2255",31.00,31.00,0.00,"",0.00,204.00,205.00,181.00,1.00,1250.00,30.00,0.00,1.00,0.00,0.00,
2016,7,16,6,2016-07-16,"AA",19805,"AA","2642",13930,"ORD","Chicago, IL","IL",14869,"SLC","Salt Lake City, UT","UT","1705","1705",0.00,0.00,23.00,10.00,"1933","1936",3.00,3.00,0.00,"",0.00,208.00,211.00,178.00,1.00,1250.00,,,,,,
2016,7,17,7,2016-07-17,"AA",19805,"AA","2642",13930,"ORD","Chicago, IL","IL",14869,"SLC","Salt Lake City, UT","UT","2000","1958",-2.00,0.00,12.00,7.00,"2224","2214",-10.00,0.00,0.00,"",0.00,204.00,196.00,177.00,1.00,1250.00,,,,,,
2016,7,18,1,2016-07-18,"AA",19805,"AA","2642",13930,"ORD","Chicago, IL","IL",14869,"SLC","Salt Lake City, UT","UT","2000","1954",-6.00,0.00,18.00,3.00,"2224","2230",6.00,6.00,0.00,"",0.00,204.00,216.00,195.00,1.00,1250.00,,,,,,
2016,7,19,2,2016-07-19,"AA",19805,"AA","2642",13930,"ORD","Chicago, IL","IL",14869,"SLC","Salt Lake City, UT","UT","2000","1956",-4.00,0.00,20.00,4.00,"2224","2210",-14.00,0.00,0.00,"",0.00,204.00,194.00,170.00,1.00,1250.00,,,,,,
2016,7,20,3,2016-07-20,"AA",19805,"AA","2642",13930,"ORD","Chicago, IL","IL",14869,"SLC","Salt Lake City, UT","UT","2000","2011",11.00,11.00,27.00,6.00,"2224","2234",10.00,10.00,0.00,"",0.00,204.00,203.00,170.00,1.00,1250.00,,,,,,
2016,7,21,4,2016-07-21,"AA",19805,"AA","2642",13930,"ORD","Chicago, IL","IL",14869,"SLC","Salt Lake City, UT","UT","2000","2006",6.00,6.00,141.00,5.00,"2224","0034",130.00,130.00,0.00,"",0.00,204.00,328.00,182.00,1.00,1250.00,6.00,0.00,124.00,0.00,0.00,
2016,7,22,5,2016-07-22,"AA",19805,"AA","2642",13930,"ORD","Chicago, IL","IL",14869,"SLC","Salt Lake City, UT","UT","2000","0552",592.00,592.00,9.00,19.00,"2224","0817",593.00,593.00,0.00,"",0.00,204.00,205.00,177.00,1.00,1250.00,589.00,0.00,1.00,0.00,3.00,
2016,7,23,6,2016-07-23,"AA",19805,"AA","2642",13930,"ORD","Chicago, IL","IL",14869,"SLC","Salt Lake City, UT","UT","1705","1704",-1.00,0.00,16.00,5.00,"1933","1916",-17.00,0.00,0.00,"",0.00,208.00,192.00,171.00,1.00,1250.00,,,,,,
2016,7,24,7,2016-07-24,"AA",19805,"AA","2642",13930,"ORD","Chicago, IL","IL",14869,"SLC","Salt Lake City, UT","UT","2000","2332",212.00,212.00,14.00,10.00,"2224","0145",201.00,201.00,0.00,"",0.00,204.00,193.00,169.00,1.00,1250.00,74.00,0.00,0.00,0.00,127.00,
2016,7,25,1,2016-07-25,"AA",19805,"AA","2642",13930,"ORD","Chicago, IL","IL",14869,"SLC","Salt Lake City, UT","UT","2000","2054",54.00,54.00,28.00,12.00,"2224","2329",65.00,65.00,0.00,"",0.00,204.00,215.00,175.00,1.00,1250.00,13.00,0.00,11.00,0.00,41.00,
2016,7,26,2,2016-07-26,"AA",19805,"AA","2642",13930,"ORD","Chicago, IL","IL",14869,"SLC","Salt Lake City, UT","UT","2000","2011",11.00,11.00,17.00,4.00,"2224","2233",9.00,9.00,0.00,"",0.00,204.00,202.00,181.00,1.00,1250.00,,,,,,
2016,7,27,3,2016-07-27,"AA",19805,"AA","2642",13930,"ORD","Chicago, IL","IL",14869,"SLC","Salt Lake City, UT","UT","2000","2057",57.00,57.00,16.00,3.00,"2224","2314",50.00,50.00,0.00,"",0.00,204.00,197.00,178.00,1.00,1250.00,42.00,0.00,0.00,0.00,8.00,
2016,7,28,4,2016-07-28,"AA",19805,"AA","2642",13930,"ORD","Chicago, IL","IL",14869,"SLC","Salt Lake City, UT","UT","2000","2058",58.00,58.00,19.00,6.00,"2224","2320",56.00,56.00,0.00,"",0.00,204.00,202.00,177.00,1.00,1250.00,56.00,0.00,0.00,0.00,0.00,
2016,7,29,5,2016-07-29,"AA",19805,"AA","2642",13930,"ORD","Chicago, IL","IL",14869,"SLC","Salt Lake City, UT","UT","2000","2051",51.00,51.00,14.00,11.00,"2224","2312",48.00,48.00,0.00,"",0.00,204.00,201.00,176.00,1.00,1250.00,21.00,0.00,0.00,0.00,27.00,
2016,7,30,6,2016-07-30,"AA",19805,"AA","2642",13930,"ORD","Chicago, IL","IL",14869,"SLC","Salt Lake City, UT","UT","1705","1847",102.00,102.00,14.00,7.00,"1933","2101",88.00,88.00,0.00,"",0.00,208.00,194.00,173.00,1.00,1250.00,0.00,0.00,14.00,0.00,74.00,
2016,7,31,7,2016-07-31,"AA",19805,"AA","2642",13930,"ORD","Chicago, IL","IL",14869,"SLC","Salt Lake City, UT","UT","2000","2020",20.00,20.00,14.00,4.00,"2224","2229",5.00,5.00,0.00,"",0.00,204.00,189.00,171.00,1.00,1250.00,,,,,,
2016,7,5,2,2016-07-05,"AA",19805,"AA","2643",14869,"SLC","Salt Lake City, UT","UT",13930,"ORD","Chicago, IL","IL","0650","0643",-7.00,0.00,23.00,18.00,"1056","1112",16.00,16.00,0.00,"",0.00,186.00,209.00,168.00,1.00,1250.00,0.00,0.00,16.00,0.00,0.00,
2016,7,6,3,2016-07-06,"AA",19805,"AA","2643",14869,"SLC","Salt Lake City, UT","UT",13930,"ORD","Chicago, IL","IL","0650","0702",12.00,12.00,31.00,12.00,"1056","1127",31.00,31.00,0.00,"",0.00,186.00,205.00,162.00,1.00,1250.00,0.00,12.00,19.00,0.00,0.00,
2016,7,7,4,2016-07-07,"AA",19805,"AA","2643",14869,"SLC","Salt Lake City, UT","UT",13930,"ORD","Chicago, IL","IL","0650","0654",4.00,4.00,13.00,18.00,"1056","1107",11.00,11.00,0.00,"",0.00,186.00,193.00,162.00,1.00,1250.00,,,,,,
2016,7,8,5,2016-07-08,"AA",19805,"AA","2643",14869,"SLC","Salt Lake City, UT","UT",13930,"ORD","Chicago, IL","IL","0650","0641",-9.00,0.00,16.00,13.00,"1056","1048",-8.00,0.00,0.00,"",0.00,186.00,187.00,158.00,1.00,1250.00,,,,,,
2016,7,9,6,2016-07-09,"AA",19805,"AA","2643",14869,"SLC","Salt Lake City, UT","UT",13930,"ORD","Chicago, IL","IL","0650","0636",-14.00,0.00,19.00,17.00,"1056","1047",-9.00,0.00,0.00,"",0.00,186.00,191.00,155.00,1.00,1250.00,,,,,,
2016,7,10,7,2016-07-10,"AA",19805,"AA","2643",14869,"SLC","Salt Lake City, UT","UT",13930,"ORD","Chicago, IL","IL","0650","0655",5.00,5.00,15.00,10.00,"1056","1109",13.00,13.00,0.00,"",0.00,186.00,194.00,169.00,1.00,1250.00,,,,,,
2016,7,11,1,2016-07-11,"AA",19805,"AA","2643",14869,"SLC","Salt Lake City, UT","UT",13930,"ORD","Chicago, IL","IL","0650","0648",-2.00,0.00,16.00,8.00,"1056","1048",-8.00,0.00,0.00,"",0.00,186.00,180.00,156.00,1.00,1250.00,,,,,,
2016,7,12,2,2016-07-12,"AA",19805,"AA","2643",14869,"SLC","Salt Lake City, UT","UT",13930,"ORD","Chicago, IL","IL","0650","0646",-4.00,0.00,15.00,12.00,"1056","1053",-3.00,0.00,0.00,"",0.00,186.00,187.00,160.00,1.00,1250.00,,,,,,
2016,7,13,3,2016-07-13,"AA",19805,"AA","2643",14869,"SLC","Salt Lake City, UT","UT",13930,"ORD","Chicago, IL","IL","0650","0645",-5.00,0.00,17.00,13.00,"1056","1044",-12.00,0.00,0.00,"",0.00,186.00,179.00,149.00,1.00,1250.00,,,,,,
2016,7,14,4,2016-07-14,"AA",19805,"AA","2643",14869,"SLC","Salt Lake City, UT","UT",13930,"ORD","Chicago, IL","IL","0650","0645",-5.00,0.00,15.00,11.00,"1056","1040",-16.00,0.00,0.00,"",0.00,186.00,175.00,149.00,1.00,1250.00,,,,,,
2016,7,15,5,2016-07-15,"AA",19805,"AA","2643",14869,"SLC","Salt Lake City, UT","UT",13930,"ORD","Chicago, IL","IL","0650","0639",-11.00,0.00,20.00,13.00,"1056","1049",-7.00,0.00,0.00,"",0.00,186.00,190.00,157.00,1.00,1250.00,,,,,,
2016,7,16,6,2016-07-16,"AA",19805,"AA","2643",14869,"SLC","Salt Lake City, UT","UT",13930,"ORD","Chicago, IL","IL","0650","0643",-7.00,0.00,12.00,19.00,"1056","1045",-11.00,0.00,0.00,"",0.00,186.00,182.00,151.00,1.00,1250.00,,,,,,
2016,7,17,7,2016-07-17,"AA",19805,"AA","2643",14869,"SLC","Salt Lake City, UT","UT",13930,"ORD","Chicago, IL","IL","0650","0701",11.00,11.00,23.00,10.00,"1056","1107",11.00,11.00,0.00,"",0.00,186.00,186.00,153.00,1.00,1250.00,,,,,,
2016,7,18,1,2016-07-18,"AA",19805,"AA","2643",14869,"SLC","Salt Lake City, UT","UT",13930,"ORD","Chicago, IL","IL","0650","0658",8.00,8.00,20.00,14.00,"1056","1113",17.00,17.00,0.00,"",0.00,186.00,195.00,161.00,1.00,1250.00,8.00,0.00,9.00,0.00,0.00,
2016,7,19,2,2016-07-19,"AA",19805,"AA","2643",14869,"SLC","Salt Lake City, UT","UT",13930,"ORD","Chicago, IL","IL","0650","0652",2.00,2.00,19.00,18.00,"1056","1113",17.00,17.00,0.00,"",0.00,186.00,201.00,164.00,1.00,1250.00,2.00,0.00,15.00,0.00,0.00,
2016,7,20,3,2016-07-20,"AA",19805,"AA","2643",14869,"SLC","Salt Lake City, UT","UT",13930,"ORD","Chicago, IL","IL","0650","0639",-11.00,0.00,18.00,14.00,"1056","1046",-10.00,0.00,0.00,"",0.00,186.00,187.00,155.00,1.00,1250.00,,,,,,
2016,7,21,4,2016-07-21,"AA",19805,"AA","2643",14869,"SLC","Salt Lake City, UT","UT",13930,"ORD","Chicago, IL","IL","0650","0642",-8.00,0.00,13.00,14.00,"1056","1048",-8.00,0.00,0.00,"",0.00,186.00,186.00,159.00,1.00,1250.00,,,,,,
2016,7,22,5,2016-07-22,"AA",19805,"AA","2643",14869,"SLC","Salt Lake City, UT","UT",13930,"ORD","Chicago, IL","IL","0650","0647",-3.00,0.00,14.00,14.00,"1056","1050",-6.00,0.00,0.00,"",0.00,186.00,183.00,155.00,1.00,1250.00,,,,,,
2016,7,23,6,2016-07-23,"AA",19805,"AA","2643",14869,"SLC","Salt Lake City, UT","UT",13930,"ORD","Chicago, IL","IL","0650","1033",223.00,223.00,10.00,16.00,"1056","1436",220.00,220.00,0.00,"",0.00,186.00,183.00,157.00,1.00,1250.00,220.00,0.00,0.00,0.00,0.00,
2016,7,24,7,2016-07-24,"AA",19805,"AA","2643",14869,"SLC","Salt Lake City, UT","UT",13930,"ORD","Chicago, IL","IL","0650","0659",9.00,9.00,15.00,8.00,"1056","1051",-5.00,0.00,0.00,"",0.00,186.00,172.00,149.00,1.00,1250.00,,,,,,
2016,7,25,1,2016-07-25,"AA",19805,"AA","2643",14869,"SLC","Salt Lake City, UT","UT",13930,"ORD","Chicago, IL","IL","0650","0647",-3.00,0.00,14.00,13.00,"1056","1042",-14.00,0.00,0.00,"",0.00,186.00,175.00,148.00,1.00,1250.00,,,,,,
2016,7,26,2,2016-07-26,"AA",19805,"AA","2643",14869,"SLC","Salt Lake City, UT","UT",13930,"ORD","Chicago, IL","IL","0650","0647",-3.00,0.00,15.00,16.00,"1056","1046",-10.00,0.00,0.00,"",0.00,186.00,179.00,148.00,1.00,1250.00,,,,,,
2016,7,27,3,2016-07-27,"AA",19805,"AA","2643",14869,"SLC","Salt Lake City, UT","UT",13930,"ORD","Chicago, IL","IL","0650","0713",23.00,23.00,18.00,6.00,"1056","1113",17.00,17.00,0.00,"",0.00,186.00,180.00,156.00,1.00,1250.00,17.00,0.00,0.00,0.00,0.00,
2016,7,28,4,2016-07-28,"AA",19805,"AA","2643",14869,"SLC","Salt Lake City, UT","UT",13930,"ORD","Chicago, IL","IL","0650","1427",457.00,457.00,13.00,19.00,"1056","1855",479.00,479.00,0.00,"",0.00,186.00,208.00,176.00,1.00,1250.00,0.00,0.00,479.00,0.00,0.00,
2016,7,29,5,2016-07-29,"AA",19805,"AA","2643",14869,"SLC","Salt Lake City, UT","UT",13930,"ORD","Chicago, IL","IL","0650","0648",-2.00,0.00,13.00,12.00,"1056","1048",-8.00,0.00,0.00,"",0.00,186.00,180.00,155.00,1.00,1250.00,,,,,,
2016,7,30,6,2016-07-30,"AA",19805,"AA","2643",14869,"SLC","Salt Lake City, UT","UT",13930,"ORD","Chicago, IL","IL","0650","0644",-6.00,0.00,13.00,16.00,"1056","1053",-3.00,0.00,0.00,"",0.00,186.00,189.00,160.00,1.00,1250.00,,,,,,
2016,7,31,7,2016-07-31,"AA",19805,"AA","2643",14869,"SLC","Salt Lake City, UT","UT",13930,"ORD","Chicago, IL","IL","0650","0700",10.00,10.00,15.00,21.00,"1056","1113",17.00,17.00,0.00,"",0.00,186.00,193.00,157.00,1.00,1250.00,10.00,0.00,7.00,0.00,0.00,
2016,7,24,7,2016-07-24,"AA",19805,"AA","2644",11298,"DFW","Dallas/Fort Worth, TX","TX",14683,"SAT","San Antonio, TX","TX","2350","2345",-5.00,0.00,13.00,4.00,"0051","0037",-14.00,0.00,0.00,"",0.00,61.00,52.00,35.00,1.00,247.00,,,,,,
2016,7,1,5,2016-07-01,"AA",19805,"AA","2644",14057,"PDX","Portland, OR","OR",11298,"DFW","Dallas/Fort Worth, TX","TX","1710","1703",-7.00,0.00,10.00,7.00,"2256","2238",-18.00,0.00,0.00,"",0.00,226.00,215.00,198.00,1.00,1616.00,,,,,,
2016,7,24,7,2016-07-24,"AA",19805,"AA","2645",11298,"DFW","Dallas/Fort Worth, TX","TX",13891,"ONT","Ontario, CA","CA","2355","2359",4.00,4.00,14.00,7.00,"0051","0050",-1.00,0.00,0.00,"",0.00,176.00,171.00,150.00,1.00,1188.00,,,,,,
2016,7,24,7,2016-07-24,"AA",19805,"AA","2646",11298,"DFW","Dallas/Fort Worth, TX","TX",14679,"SAN","San Diego, CA","CA","2355","2347",-8.00,0.00,10.00,2.00,"0048","0021",-27.00,0.00,0.00,"",0.00,173.00,154.00,142.00,1.00,1171.00,,,,,,
2016,7,1,5,2016-07-01,"AA",19805,"AA","2646",12889,"LAS","Las Vegas, NV","NV",11298,"DFW","Dallas/Fort Worth, TX","TX","1929","1928",-1.00,0.00,19.00,17.00,"0014","0014",0.00,0.00,0.00,"",0.00,165.00,166.00,130.00,1.00,1055.00,,,,,,
2016,7,1,5,2016-07-01,"AA",19805,"AA","2647",12892,"LAX","Los Angeles, CA","CA",13204,"MCO","Orlando, FL","FL","1540","1800",140.00,140.00,39.00,5.00,"2343","0211",148.00,148.00,0.00,"",0.00,303.00,311.00,267.00,1.00,2218.00,0.00,0.00,19.00,0.00,129.00,
2016,7,2,6,2016-07-02,"AA",19805,"AA","2647",12892,"LAX","Los Angeles, CA","CA",13204,"MCO","Orlando, FL","FL","1540","1639",59.00,59.00,21.00,8.00,"2343","0034",51.00,51.00,0.00,"",0.00,303.00,295.00,266.00,1.00,2218.00,51.00,0.00,0.00,0.00,0.00,
2016,7,3,7,2016-07-03,"AA",19805,"AA","2647",12892,"LAX","Los Angeles, CA","CA",13204,"MCO","Orlando, FL","FL","1700","1659",-1.00,0.00,20.00,4.00,"0105","0055",-10.00,0.00,0.00,"",0.00,305.00,296.00,272.00,1.00,2218.00,,,,,,
2016,7,4,1,2016-07-04,"AA",19805,"AA","2647",12892,"LAX","Los Angeles, CA","CA",13204,"MCO","Orlando, FL","FL","1540","1538",-2.00,0.00,16.00,8.00,"2343","2329",-14.00,0.00,0.00,"",0.00,303.00,291.00,267.00,1.00,2218.00,,,,,,
2016,7,5,2,2016-07-05,"AA",19805,"AA","2647",12892,"LAX","Los Angeles, CA","CA",13204,"MCO","Orlando, FL","FL","1545","1545",0.00,0.00,18.00,9.00,"2348","2345",-3.00,0.00,0.00,"",0.00,303.00,300.00,273.00,1.00,2218.00,,,,,,
2016,7,6,3,2016-07-06,"AA",19805,"AA","2647",12892,"LAX","Los Angeles, CA","CA",13204,"MCO","Orlando, FL","FL","1545","1603",18.00,18.00,17.00,6.00,"2348","0001",13.00,13.00,0.00,"",0.00,303.00,298.00,275.00,1.00,2218.00,,,,,,
2016,7,7,4,2016-07-07,"AA",19805,"AA","2647",12892,"LAX","Los Angeles, CA","CA",13204,"MCO","Orlando, FL","FL","1545","1553",8.00,8.00,18.00,4.00,"2348","2338",-10.00,0.00,0.00,"",0.00,303.00,285.00,263.00,1.00,2218.00,,,,,,
2016,7,8,5,2016-07-08,"AA",19805,"AA","2647",12892,"LAX","Los Angeles, CA","CA",13204,"MCO","Orlando, FL","FL","1545","1539",-6.00,0.00,25.00,5.00,"2348","2341",-7.00,0.00,0.00,"",0.00,303.00,302.00,272.00,1.00,2218.00,,,,,,
2016,7,9,6,2016-07-09,"AA",19805,"AA","2647",12892,"LAX","Los Angeles, CA","CA",13204,"MCO","Orlando, FL","FL","1545","1558",13.00,13.00,16.00,9.00,"2348","2357",9.00,9.00,0.00,"",0.00,303.00,299.00,274.00,1.00,2218.00,,,,,,
2016,7,10,7,2016-07-10,"AA",19805,"AA","2647",12892,"LAX","Los Angeles, CA","CA",13204,"MCO","Orlando, FL","FL","1700","1755",55.00,55.00,13.00,5.00,"0105","0142",37.00,37.00,0.00,"",0.00,305.00,287.00,269.00,1.00,2218.00,37.00,0.00,0.00,0.00,0.00,
2016,7,11,1,2016-07-11,"AA",19805,"AA","2647",12892,"LAX","Los Angeles, CA","CA",13204,"MCO","Orlando, FL","FL","1545","1541",-4.00,0.00,13.00,7.00,"2348","2338",-10.00,0.00,0.00,"",0.00,303.00,297.00,277.00,1.00,2218.00,,,,,,
2016,7,12,2,2016-07-12,"AA",19805,"AA","2647",12892,"LAX","Los Angeles, CA","CA",13204,"MCO","Orlando, FL","FL","1545","1543",-2.00,0.00,18.00,6.00,"2348","2339",-9.00,0.00,0.00,"",0.00,303.00,296.00,272.00,1.00,2218.00,,,,,,
2016,7,13,3,2016-07-13,"AA",19805,"AA","2647",12892,"LAX","Los Angeles, CA","CA",13204,"MCO","Orlando, FL","FL","1545","1545",0.00,0.00,27.00,6.00,"2348","2352",4.00,4.00,0.00,"",0.00,303.00,307.00,274.00,1.00,2218.00,,,,,,
2016,7,14,4,2016-07-14,"AA",19805,"AA","2647",12892,"LAX","Los Angeles, CA","CA",13204,"MCO","Orlando, FL","FL","1545","1607",22.00,22.00,18.00,6.00,"2348","0011",23.00,23.00,0.00,"",0.00,303.00,304.00,280.00,1.00,2218.00,22.00,0.00,1.00,0.00,0.00,
2016,7,15,5,2016-07-15,"AA",19805,"AA","2647",12892,"LAX","Los Angeles, CA","CA",13204,"MCO","Orlando, FL","FL","1545","1649",64.00,64.00,27.00,5.00,"2348","0053",65.00,65.00,0.00,"",0.00,303.00,304.00,272.00,1.00,2218.00,10.00,0.00,1.00,0.00,54.00,
2016,7,16,6,2016-07-16,"AA",19805,"AA","2647",12892,"LAX","Los Angeles, CA","CA",13204,"MCO","Orlando, FL","FL","1545","1545",0.00,0.00,30.00,4.00,"2348","2354",6.00,6.00,0.00,"",0.00,303.00,309.00,275.00,1.00,2218.00,,,,,,
2016,7,17,7,2016-07-17,"AA",19805,"AA","2647",12892,"LAX","Los Angeles, CA","CA",13204,"MCO","Orlando, FL","FL","1700","1713",13.00,13.00,16.00,6.00,"0105","0115",10.00,10.00,0.00,"",0.00,305.00,302.00,280.00,1.00,2218.00,,,,,,
2016,7,18,1,2016-07-18,"AA",19805,"AA","2647",12892,"LAX","Los Angeles, CA","CA",13204,"MCO","Orlando, FL","FL","1545","1559",14.00,14.00,15.00,7.00,"2348","2355",7.00,7.00,0.00,"",0.00,303.00,296.00,274.00,1.00,2218.00,,,,,,
2016,7,19,2,2016-07-19,"AA",19805,"AA","2647",12892,"LAX","Los Angeles, CA","CA",13204,"MCO","Orlando, FL","FL","1545","1548",3.00,3.00,17.00,9.00,"2348","2357",9.00,9.00,0.00,"",0.00,303.00,309.00,283.00,1.00,2218.00,,,,,,
2016,7,20,3,2016-07-20,"AA",19805,"AA","2647",12892,"LAX","Los Angeles, CA","CA",13204,"MCO","Orlando, FL","FL","1545","1542",-3.00,0.00,17.00,8.00,"2348","2348",0.00,0.00,0.00,"",0.00,303.00,306.00,281.00,1.00,2218.00,,,,,,
2016,7,21,4,2016-07-21,"AA",19805,"AA","2647",12892,"LAX","Los Angeles, CA","CA",13204,"MCO","Orlando, FL","FL","1545","1545",0.00,0.00,16.00,7.00,"2348","2349",1.00,1.00,0.00,"",0.00,303.00,304.00,281.00,1.00,2218.00,,,,,,
2016,7,22,5,2016-07-22,"AA",19805,"AA","2647",12892,"LAX","Los Angeles, CA","CA",13204,"MCO","Orlando, FL","FL","1545","1625",40.00,40.00,17.00,6.00,"2348","0028",40.00,40.00,0.00,"",0.00,303.00,303.00,280.00,1.00,2218.00,9.00,0.00,0.00,0.00,31.00,
2016,7,23,6,2016-07-23,"AA",19805,"AA","2647",12892,"LAX","Los Angeles, CA","CA",13204,"MCO","Orlando, FL","FL","1545","1658",73.00,73.00,33.00,6.00,"2348","0108",80.00,80.00,0.00,"",0.00,303.00,310.00,271.00,1.00,2218.00,73.00,0.00,7.00,0.00,0.00,
2016,7,24,7,2016-07-24,"AA",19805,"AA","2647",12892,"LAX","Los Angeles, CA","CA",13204,"MCO","Orlando, FL","FL","1700","1813",73.00,73.00,18.00,5.00,"0105","0214",69.00,69.00,0.00,"",0.00,305.00,301.00,278.00,1.00,2218.00,17.00,0.00,0.00,0.00,52.00,
2016,7,25,1,2016-07-25,"AA",19805,"AA","2647",12892,"LAX","Los Angeles, CA","CA",13204,"MCO","Orlando, FL","FL","1545","1554",9.00,9.00,18.00,6.00,"2348","2355",7.00,7.00,0.00,"",0.00,303.00,301.00,277.00,1.00,2218.00,,,,,,
2016,7,26,2,2016-07-26,"AA",19805,"AA","2647",12892,"LAX","Los Angeles, CA","CA",13204,"MCO","Orlando, FL","FL","1545","1546",1.00,1.00,16.00,4.00,"2348","2339",-9.00,0.00,0.00,"",0.00,303.00,293.00,273.00,1.00,2218.00,,,,,,
2016,7,27,3,2016-07-27,"AA",19805,"AA","2647",12892,"LAX","Los Angeles, CA","CA",13204,"MCO","Orlando, FL","FL","1545","1545",0.00,0.00,24.00,3.00,"2348","2352",4.00,4.00,0.00,"",0.00,303.00,307.00,280.00,1.00,2218.00,,,,,,
2016,7,28,4,2016-07-28,"AA",19805,"AA","2647",12892,"LAX","Los Angeles, CA","CA",13204,"MCO","Orlando, FL","FL","1545","1720",95.00,95.00,20.00,6.00,"2348","0112",84.00,84.00,0.00,"",0.00,303.00,292.00,266.00,1.00,2218.00,30.00,0.00,0.00,0.00,54.00,
2016,7,29,5,2016-07-29,"AA",19805,"AA","2647",12892,"LAX","Los Angeles, CA","CA",13204,"MCO","Orlando, FL","FL","1545","1551",6.00,6.00,40.00,12.00,"2348","0019",31.00,31.00,0.00,"",0.00,303.00,328.00,276.00,1.00,2218.00,0.00,0.00,25.00,0.00,6.00,
2016,7,30,6,2016-07-30,"AA",19805,"AA","2647",12892,"LAX","Los Angeles, CA","CA",13204,"MCO","Orlando, FL","FL","1545","1550",5.00,5.00,21.00,5.00,"2348","2347",-1.00,0.00,0.00,"",0.00,303.00,297.00,271.00,1.00,2218.00,,,,,,
2016,7,31,7,2016-07-31,"AA",19805,"AA","2647",12892,"LAX","Los Angeles, CA","CA",13204,"MCO","Orlando, FL","FL","1700","1953",173.00,173.00,28.00,6.00,"0105","0357",172.00,172.00,0.00,"",0.00,305.00,304.00,270.00,1.00,2218.00,17.00,0.00,0.00,0.00,155.00,
2016,7,1,5,2016-07-01,"AA",19805,"AA","2648",13204,"MCO","Orlando, FL","FL",12892,"LAX","Los Angeles, CA","CA","1035","1052",17.00,17.00,19.00,21.00,"1246","1327",41.00,41.00,0.00,"",0.00,311.00,335.00,295.00,1.00,2218.00,17.00,0.00,24.00,0.00,0.00,
2016,7,2,6,2016-07-02,"AA",19805,"AA","2648",13204,"MCO","Orlando, FL","FL",12892,"LAX","Los Angeles, CA","CA","0920","0918",-2.00,0.00,15.00,13.00,"1127","1118",-9.00,0.00,0.00,"",0.00,307.00,300.00,272.00,1.00,2218.00,,,,,,
2016,7,3,7,2016-07-03,"AA",19805,"AA","2648",13204,"MCO","Orlando, FL","FL",12892,"LAX","Los Angeles, CA","CA","0920","1018",58.00,58.00,10.00,5.00,"1127","1200",33.00,33.00,0.00,"",0.00,307.00,282.00,267.00,1.00,2218.00,33.00,0.00,0.00,0.00,0.00,
2016,7,4,1,2016-07-04,"AA",19805,"AA","2648",13204,"MCO","Orlando, FL","FL",12892,"LAX","Los Angeles, CA","CA","1035","1040",5.00,5.00,13.00,8.00,"1246","1232",-14.00,0.00,0.00,"",0.00,311.00,292.00,271.00,1.00,2218.00,,,,,,
2016,7,5,2,2016-07-05,"AA",19805,"AA","2648",13204,"MCO","Orlando, FL","FL",12892,"LAX","Los Angeles, CA","CA","1040","1040",0.00,0.00,12.00,13.00,"1251","1239",-12.00,0.00,0.00,"",0.00,311.00,299.00,274.00,1.00,2218.00,,,,,,
2016,7,6,3,2016-07-06,"AA",19805,"AA","2648",13204,"MCO","Orlando, FL","FL",12892,"LAX","Los Angeles, CA","CA","1040","1042",2.00,2.00,16.00,12.00,"1251","1242",-9.00,0.00,0.00,"",0.00,311.00,300.00,272.00,1.00,2218.00,,,,,,
2016,7,7,4,2016-07-07,"AA",19805,"AA","2648",13204,"MCO","Orlando, FL","FL",12892,"LAX","Los Angeles, CA","CA","1040","1044",4.00,4.00,13.00,12.00,"1251","1244",-7.00,0.00,0.00,"",0.00,311.00,300.00,275.00,1.00,2218.00,,,,,,
2016,7,8,5,2016-07-08,"AA",19805,"AA","2648",13204,"MCO","Orlando, FL","FL",12892,"LAX","Los Angeles, CA","CA","1040","1043",3.00,3.00,15.00,13.00,"1251","1254",3.00,3.00,0.00,"",0.00,311.00,311.00,283.00,1.00,2218.00,,,,,,
2016,7,9,6,2016-07-09,"AA",19805,"AA","2648",13204,"MCO","Orlando, FL","FL",12892,"LAX","Los Angeles, CA","CA","0915","0915",0.00,0.00,19.00,30.00,"1122","1135",13.00,13.00,0.00,"",0.00,307.00,320.00,271.00,1.00,2218.00,,,,,,
2016,7,10,7,2016-07-10,"AA",19805,"AA","2648",13204,"MCO","Orlando, FL","FL",12892,"LAX","Los Angeles, CA","CA","0915","0917",2.00,2.00,14.00,16.00,"1122","1120",-2.00,0.00,0.00,"",0.00,307.00,303.00,273.00,1.00,2218.00,,,,,,
2016,7,11,1,2016-07-11,"AA",19805,"AA","2648",13204,"MCO","Orlando, FL","FL",12892,"LAX","Los Angeles, CA","CA","1040","1047",7.00,7.00,13.00,15.00,"1251","1249",-2.00,0.00,0.00,"",0.00,311.00,302.00,274.00,1.00,2218.00,,,,,,
2016,7,12,2,2016-07-12,"AA",19805,"AA","2648",13204,"MCO","Orlando, FL","FL",12892,"LAX","Los Angeles, CA","CA","1040","1047",7.00,7.00,13.00,19.00,"1251","1301",10.00,10.00,0.00,"",0.00,311.00,314.00,282.00,1.00,2218.00,,,,,,
2016,7,13,3,2016-07-13,"AA",19805,"AA","2648",13204,"MCO","Orlando, FL","FL",12892,"LAX","Los Angeles, CA","CA","1040","1036",-4.00,0.00,16.00,7.00,"1251","1229",-22.00,0.00,0.00,"",0.00,311.00,293.00,270.00,1.00,2218.00,,,,,,
2016,7,14,4,2016-07-14,"AA",19805,"AA","2648",13204,"MCO","Orlando, FL","FL",12892,"LAX","Los Angeles, CA","CA","1040","1050",10.00,10.00,18.00,5.00,"1251","1250",-1.00,0.00,0.00,"",0.00,311.00,300.00,277.00,1.00,2218.00,,,,,,
2016,7,15,5,2016-07-15,"AA",19805,"AA","2648",13204,"MCO","Orlando, FL","FL",12892,"LAX","Los Angeles, CA","CA","1040","1037",-3.00,0.00,14.00,11.00,"1251","1237",-14.00,0.00,0.00,"",0.00,311.00,300.00,275.00,1.00,2218.00,,,,,,
2016,7,16,6,2016-07-16,"AA",19805,"AA","2648",13204,"MCO","Orlando, FL","FL",12892,"LAX","Los Angeles, CA","CA","0915","0910",-5.00,0.00,24.00,14.00,"1122","1118",-4.00,0.00,0.00,"",0.00,307.00,308.00,270.00,1.00,2218.00,,,,,,
2016,7,17,7,2016-07-17,"AA",19805,"AA","2648",13204,"MCO","Orlando, FL","FL",12892,"LAX","Los Angeles, CA","CA","0915","0913",-2.00,0.00,11.00,17.00,"1122","1109",-13.00,0.00,0.00,"",0.00,307.00,296.00,268.00,1.00,2218.00,,,,,,
2016,7,18,1,2016-07-18,"AA",19805,"AA","2648",13204,"MCO","Orlando, FL","FL",12892,"LAX","Los Angeles, CA","CA","1040","1108",28.00,28.00,29.00,8.00,"1251","1304",13.00,13.00,0.00,"",0.00,311.00,296.00,259.00,1.00,2218.00,,,,,,
2016,7,19,2,2016-07-19,"AA",19805,"AA","2648",13204,"MCO","Orlando, FL","FL",12892,"LAX","Los Angeles, CA","CA","1040","1102",22.00,22.00,13.00,9.00,"1251","1245",-6.00,0.00,0.00,"",0.00,311.00,283.00,261.00,1.00,2218.00,,,,,,
2016,7,20,3,2016-07-20,"AA",19805,"AA","2648",13204,"MCO","Orlando, FL","FL",12892,"LAX","Los Angeles, CA","CA","1040","1047",7.00,7.00,12.00,16.00,"1251","1238",-13.00,0.00,0.00,"",0.00,311.00,291.00,263.00,1.00,2218.00,,,,,,
2016,7,21,4,2016-07-21,"AA",19805,"AA","2648",13204,"MCO","Orlando, FL","FL",12892,"LAX","Los Angeles, CA","CA","1040","1039",-1.00,0.00,14.00,10.00,"1251","1229",-22.00,0.00,0.00,"",0.00,311.00,290.00,266.00,1.00,2218.00,,,,,,
2016,7,22,5,2016-07-22,"AA",19805,"AA","2648",13204,"MCO","Orlando, FL","FL",12892,"LAX","Los Angeles, CA","CA","1040","1039",-1.00,0.00,14.00,21.00,"1251","1237",-14.00,0.00,0.00,"",0.00,311.00,298.00,263.00,1.00,2218.00,,,,,,
2016,7,23,6,2016-07-23,"AA",19805,"AA","2648",13204,"MCO","Orlando, FL","FL",12892,"LAX","Los Angeles, CA","CA","0915","0945",30.00,30.00,14.00,6.00,"1122","1125",3.00,3.00,0.00,"",0.00,307.00,280.00,260.00,1.00,2218.00,,,,,,
2016,7,24,7,2016-07-24,"AA",19805,"AA","2648",13204,"MCO","Orlando, FL","FL",12892,"LAX","Los Angeles, CA","CA","0915","0907",-8.00,0.00,14.00,7.00,"1122","1053",-29.00,0.00,0.00,"",0.00,307.00,286.00,265.00,1.00,2218.00,,,,,,
2016,7,25,1,2016-07-25,"AA",19805,"AA","2648",13204,"MCO","Orlando, FL","FL",12892,"LAX","Los Angeles, CA","CA","1040","1041",1.00,1.00,15.00,10.00,"1251","1227",-24.00,0.00,0.00,"",0.00,311.00,286.00,261.00,1.00,2218.00,,,,,,
2016,7,26,2,2016-07-26,"AA",19805,"AA","2648",13204,"MCO","Orlando, FL","FL",12892,"LAX","Los Angeles, CA","CA","1040","1040",0.00,0.00,15.00,9.00,"1251","1230",-21.00,0.00,0.00,"",0.00,311.00,290.00,266.00,1.00,2218.00,,,,,,
2016,7,27,3,2016-07-27,"AA",19805,"AA","2648",13204,"MCO","Orlando, FL","FL",12892,"LAX","Los Angeles, CA","CA","1040","1049",9.00,9.00,24.00,5.00,"1251","1253",2.00,2.00,0.00,"",0.00,311.00,304.00,275.00,1.00,2218.00,,,,,,
2016,7,28,4,2016-07-28,"AA",19805,"AA","2648",13204,"MCO","Orlando, FL","FL",12892,"LAX","Los Angeles, CA","CA","1040","1037",-3.00,0.00,15.00,6.00,"1251","1225",-26.00,0.00,0.00,"",0.00,311.00,288.00,267.00,1.00,2218.00,,,,,,
2016,7,29,5,2016-07-29,"AA",19805,"AA","2648",13204,"MCO","Orlando, FL","FL",12892,"LAX","Los Angeles, CA","CA","1040","1039",-1.00,0.00,15.00,35.00,"1251","1259",8.00,8.00,0.00,"",0.00,311.00,320.00,270.00,1.00,2218.00,,,,,,
2016,7,30,6,2016-07-30,"AA",19805,"AA","2648",13204,"MCO","Orlando, FL","FL",12892,"LAX","Los Angeles, CA","CA","0915","0926",11.00,11.00,14.00,12.00,"1122","1118",-4.00,0.00,0.00,"",0.00,307.00,292.00,266.00,1.00,2218.00,,,,,,
2016,7,31,7,2016-07-31,"AA",19805,"AA","2648",13204,"MCO","Orlando, FL","FL",12892,"LAX","Los Angeles, CA","CA","0915","0916",1.00,1.00,14.00,15.00,"1122","1115",-7.00,0.00,0.00,"",0.00,307.00,299.00,270.00,1.00,2218.00,,,,,,
2016,7,1,5,2016-07-01,"AA",19805,"AA","2649",10423,"AUS","Austin, TX","TX",12892,"LAX","Los Angeles, CA","CA","0620","",,,,,"0729","",,,1.00,"B",0.00,189.00,,,1.00,1242.00,,,,,,
2016,7,2,6,2016-07-02,"AA",19805,"AA","2649",10423,"AUS","Austin, TX","TX",12892,"LAX","Los Angeles, CA","CA","0620","0616",-4.00,0.00,11.00,5.00,"0729","0712",-17.00,0.00,0.00,"",0.00,189.00,176.00,160.00,1.00,1242.00,,,,,,
2016,7,3,7,2016-07-03,"AA",19805,"AA","2649",10423,"AUS","Austin, TX","TX",12892,"LAX","Los Angeles, CA","CA","0620","0613",-7.00,0.00,12.00,9.00,"0729","0719",-10.00,0.00,0.00,"",0.00,189.00,186.00,165.00,1.00,1242.00,,,,,,
2016,7,4,1,2016-07-04,"AA",19805,"AA","2649",10423,"AUS","Austin, TX","TX",12892,"LAX","Los Angeles, CA","CA","0620","0617",-3.00,0.00,12.00,3.00,"0729","0711",-18.00,0.00,0.00,"",0.00,189.00,174.00,159.00,1.00,1242.00,,,,,,
2016,7,5,2,2016-07-05,"AA",19805,"AA","2649",10423,"AUS","Austin, TX","TX",12892,"LAX","Los Angeles, CA","CA","0620","0614",-6.00,0.00,14.00,7.00,"0729","0717",-12.00,0.00,0.00,"",0.00,189.00,183.00,162.00,1.00,1242.00,,,,,,
2016,7,6,3,2016-07-06,"AA",19805,"AA","2649",10423,"AUS","Austin, TX","TX",12892,"LAX","Los Angeles, CA","CA","0620","0614",-6.00,0.00,19.00,15.00,"0729","0732",3.00,3.00,0.00,"",0.00,189.00,198.00,164.00,1.00,1242.00,,,,,,
2016,7,7,4,2016-07-07,"AA",19805,"AA","2649",10423,"AUS","Austin, TX","TX",12892,"LAX","Los Angeles, CA","CA","0620","0622",2.00,2.00,13.00,17.00,"0729","0731",2.00,2.00,0.00,"",0.00,189.00,189.00,159.00,1.00,1242.00,,,,,,
2016,7,8,5,2016-07-08,"AA",19805,"AA","2649",10423,"AUS","Austin, TX","TX",12892,"LAX","Los Angeles, CA","CA","0620","0617",-3.00,0.00,9.00,9.00,"0729","0712",-17.00,0.00,0.00,"",0.00,189.00,175.00,157.00,1.00,1242.00,,,,,,
2016,7,9,6,2016-07-09,"AA",19805,"AA","2649",10423,"AUS","Austin, TX","TX",12892,"LAX","Los Angeles, CA","CA","0620","0612",-8.00,0.00,11.00,17.00,"0729","0723",-6.00,0.00,0.00,"",0.00,189.00,191.00,163.00,1.00,1242.00,,,,,,
2016,7,11,1,2016-07-11,"AA",19805,"AA","2649",10423,"AUS","Austin, TX","TX",12892,"LAX","Los Angeles, CA","CA","0620","0612",-8.00,0.00,16.00,8.00,"0729","0719",-10.00,0.00,0.00,"",0.00,189.00,187.00,163.00,1.00,1242.00,,,,,,
2016,7,12,2,2016-07-12,"AA",19805,"AA","2649",10423,"AUS","Austin, TX","TX",12892,"LAX","Los Angeles, CA","CA","0620","0621",1.00,1.00,18.00,10.00,"0729","0732",3.00,3.00,0.00,"",0.00,189.00,191.00,163.00,1.00,1242.00,,,,,,
2016,7,13,3,2016-07-13,"AA",19805,"AA","2649",10423,"AUS","Austin, TX","TX",12892,"LAX","Los Angeles, CA","CA","0620","0614",-6.00,0.00,11.00,10.00,"0729","0712",-17.00,0.00,0.00,"",0.00,189.00,178.00,157.00,1.00,1242.00,,,,,,
2016,7,14,4,2016-07-14,"AA",19805,"AA","2649",10423,"AUS","Austin, TX","TX",12892,"LAX","Los Angeles, CA","CA","0620","0614",-6.00,0.00,14.00,9.00,"0729","0716",-13.00,0.00,0.00,"",0.00,189.00,182.00,159.00,1.00,1242.00,,,,,,
2016,7,15,5,2016-07-15,"AA",19805,"AA","2649",10423,"AUS","Austin, TX","TX",12892,"LAX","Los Angeles, CA","CA","0620","0655",35.00,35.00,9.00,21.00,"0729","0759",30.00,30.00,0.00,"",0.00,189.00,184.00,154.00,1.00,1242.00,30.00,0.00,0.00,0.00,0.00,
2016,7,16,6,2016-07-16,"AA",19805,"AA","2649",10423,"AUS","Austin, TX","TX",12892,"LAX","Los Angeles, CA","CA","0620","0615",-5.00,0.00,13.00,14.00,"0729","0721",-8.00,0.00,0.00,"",0.00,189.00,186.00,159.00,1.00,1242.00,,,,,,
2016,7,18,1,2016-07-18,"AA",19805,"AA","2649",10423,"AUS","Austin, TX","TX",12892,"LAX","Los Angeles, CA","CA","0620","0614",-6.00,0.00,11.00,6.00,"0729","0700",-29.00,0.00,0.00,"",0.00,189.00,166.00,149.00,1.00,1242.00,,,,,,
2016,7,19,2,2016-07-19,"AA",19805,"AA","2649",10423,"AUS","Austin, TX","TX",12892,"LAX","Los Angeles, CA","CA","0620","0615",-5.00,0.00,12.00,11.00,"0729","0713",-16.00,0.00,0.00,"",0.00,189.00,178.00,155.00,1.00,1242.00,,,,,,
2016,7,20,3,2016-07-20,"AA",19805,"AA","2649",10423,"AUS","Austin, TX","TX",12892,"LAX","Los Angeles, CA","CA","0620","0619",-1.00,0.00,14.00,10.00,"0729","0720",-9.00,0.00,0.00,"",0.00,189.00,181.00,157.00,1.00,1242.00,,,,,,
2016,7,21,4,2016-07-21,"AA",19805,"AA","2649",10423,"AUS","Austin, TX","TX",12892,"LAX","Los Angeles, CA","CA","0620","0615",-5.00,0.00,13.00,14.00,"0729","0717",-12.00,0.00,0.00,"",0.00,189.00,182.00,155.00,1.00,1242.00,,,,,,
2016,7,22,5,2016-07-22,"AA",19805,"AA","2649",10423,"AUS","Austin, TX","TX",12892,"LAX","Los Angeles, CA","CA","0620","0615",-5.00,0.00,28.00,11.00,"0729","0737",8.00,8.00,0.00,"",0.00,189.00,202.00,163.00,1.00,1242.00,,,,,,
2016,7,23,6,2016-07-23,"AA",19805,"AA","2649",10423,"AUS","Austin, TX","TX",12892,"LAX","Los Angeles, CA","CA","0620","0612",-8.00,0.00,15.00,12.00,"0729","0716",-13.00,0.00,0.00,"",0.00,189.00,184.00,157.00,1.00,1242.00,,,,,,
2016,7,25,1,2016-07-25,"AA",19805,"AA","2649",10423,"AUS","Austin, TX","TX",12892,"LAX","Los Angeles, CA","CA","0620","0617",-3.00,0.00,11.00,14.00,"0729","0722",-7.00,0.00,0.00,"",0.00,189.00,185.00,160.00,1.00,1242.00,,,,,,
2016,7,26,2,2016-07-26,"AA",19805,"AA","2649",10423,"AUS","Austin, TX","TX",12892,"LAX","Los Angeles, CA","CA","0620","0613",-7.00,0.00,10.00,13.00,"0729","0714",-15.00,0.00,0.00,"",0.00,189.00,181.00,158.00,1.00,1242.00,,,,,,
2016,7,27,3,2016-07-27,"AA",19805,"AA","2649",10423,"AUS","Austin, TX","TX",12892,"LAX","Los Angeles, CA","CA","0620","0612",-8.00,0.00,10.00,7.00,"0729","0707",-22.00,0.00,0.00,"",0.00,189.00,175.00,158.00,1.00,1242.00,,,,,,
2016,7,28,4,2016-07-28,"AA",19805,"AA","2649",10423,"AUS","Austin, TX","TX",12892,"LAX","Los Angeles, CA","CA","0620","0619",-1.00,0.00,29.00,9.00,"0729","0731",2.00,2.00,0.00,"",0.00,189.00,192.00,154.00,1.00,1242.00,,,,,,
2016,7,29,5,2016-07-29,"AA",19805,"AA","2649",10423,"AUS","Austin, TX","TX",12892,"LAX","Los Angeles, CA","CA","0620","0613",-7.00,0.00,11.00,7.00,"0729","0709",-20.00,0.00,0.00,"",0.00,189.00,176.00,158.00,1.00,1242.00,,,,,,
2016,7,30,6,2016-07-30,"AA",19805,"AA","2649",10423,"AUS","Austin, TX","TX",12892,"LAX","Los Angeles, CA","CA","0620","0615",-5.00,0.00,12.00,14.00,"0729","0722",-7.00,0.00,0.00,"",0.00,189.00,187.00,161.00,1.00,1242.00,,,,,,
2016,7,24,7,2016-07-24,"AA",19805,"AA","2649",11298,"DFW","Dallas/Fort Worth, TX","TX",11278,"DCA","Washington, DC","VA","2355","2350",-5.00,0.00,16.00,6.00,"0353","0342",-11.00,0.00,0.00,"",0.00,178.00,172.00,150.00,1.00,1192.00,,,,,,
2016,7,24,7,2016-07-24,"AA",19805,"AA","2650",11298,"DFW","Dallas/Fort Worth, TX","TX",13851,"OKC","Oklahoma City, OK","OK","2355","2351",-4.00,0.00,12.00,5.00,"0051","0044",-7.00,0.00,0.00,"",0.00,56.00,53.00,36.00,1.00,175.00,,,,,,
2016,7,1,5,2016-07-01,"AA",19805,"AA","2650",13204,"MCO","Orlando, FL","FL",11298,"DFW","Dallas/Fort Worth, TX","TX","2050","2047",-3.00,0.00,14.00,16.00,"2228","2240",12.00,12.00,0.00,"",0.00,158.00,173.00,143.00,1.00,985.00,,,,,,
2016,7,1,5,2016-07-01,"AA",19805,"AA","2651",11298,"DFW","Dallas/Fort Worth, TX","TX",10821,"BWI","Baltimore, MD","MD","2025","2022",-3.00,0.00,8.00,6.00,"0027","0006",-21.00,0.00,0.00,"",0.00,182.00,164.00,150.00,1.00,1217.00,,,,,,
2016,7,2,6,2016-07-02,"AA",19805,"AA","2651",11298,"DFW","Dallas/Fort Worth, TX","TX",10821,"BWI","Baltimore, MD","MD","2025","2025",0.00,0.00,14.00,8.00,"0027","0015",-12.00,0.00,0.00,"",0.00,182.00,170.00,148.00,1.00,1217.00,,,,,,
2016,7,3,7,2016-07-03,"AA",19805,"AA","2651",11298,"DFW","Dallas/Fort Worth, TX","TX",10821,"BWI","Baltimore, MD","MD","2025","2024",-1.00,0.00,12.00,7.00,"0027","0006",-21.00,0.00,0.00,"",0.00,182.00,162.00,143.00,1.00,1217.00,,,,,,
2016,7,4,1,2016-07-04,"AA",19805,"AA","2651",11298,"DFW","Dallas/Fort Worth, TX","TX",10821,"BWI","Baltimore, MD","MD","2025","2026",1.00,1.00,10.00,7.00,"0027","0008",-19.00,0.00,0.00,"",0.00,182.00,162.00,145.00,1.00,1217.00,,,,,,
2016,7,5,2,2016-07-05,"AA",19805,"AA","2651",11298,"DFW","Dallas/Fort Worth, TX","TX",10821,"BWI","Baltimore, MD","MD","2030","2030",0.00,0.00,15.00,8.00,"0034","0024",-10.00,0.00,0.00,"",0.00,184.00,174.00,151.00,1.00,1217.00,,,,,,
2016,7,6,3,2016-07-06,"AA",19805,"AA","2651",11298,"DFW","Dallas/Fort Worth, TX","TX",10821,"BWI","Baltimore, MD","MD","2030","2030",0.00,0.00,26.00,36.00,"0034","0112",38.00,38.00,0.00,"",0.00,184.00,222.00,160.00,1.00,1217.00,0.00,0.00,38.00,0.00,0.00,
2016,7,7,4,2016-07-07,"AA",19805,"AA","2651",11298,"DFW","Dallas/Fort Worth, TX","TX",10821,"BWI","Baltimore, MD","MD","2030","2023",-7.00,0.00,14.00,8.00,"0034","0024",-10.00,0.00,0.00,"",0.00,184.00,181.00,159.00,1.00,1217.00,,,,,,
2016,7,8,5,2016-07-08,"AA",19805,"AA","2651",11298,"DFW","Dallas/Fort Worth, TX","TX",10821,"BWI","Baltimore, MD","MD","2030","2042",12.00,12.00,13.00,8.00,"0034","0046",12.00,12.00,0.00,"",0.00,184.00,184.00,163.00,1.00,1217.00,,,,,,
2016,7,9,6,2016-07-09,"AA",19805,"AA","2651",11298,"DFW","Dallas/Fort Worth, TX","TX",10821,"BWI","Baltimore, MD","MD","2030","2150",80.00,80.00,17.00,7.00,"0034","0136",62.00,62.00,0.00,"",0.00,184.00,166.00,142.00,1.00,1217.00,0.00,12.00,0.00,0.00,50.00,
2016,7,10,7,2016-07-10,"AA",19805,"AA","2651",11298,"DFW","Dallas/Fort Worth, TX","TX",10821,"BWI","Baltimore, MD","MD","2030","2109",39.00,39.00,11.00,6.00,"0034","0049",15.00,15.00,0.00,"",0.00,184.00,160.00,143.00,1.00,1217.00,9.00,0.00,0.00,0.00,6.00,
2016,7,11,1,2016-07-11,"AA",19805,"AA","2651",11298,"DFW","Dallas/Fort Worth, TX","TX",10821,"BWI","Baltimore, MD","MD","2030","2123",53.00,53.00,10.00,9.00,"0034","0127",53.00,53.00,0.00,"",0.00,184.00,184.00,165.00,1.00,1217.00,5.00,0.00,0.00,0.00,48.00,
2016,7,12,2,2016-07-12,"AA",19805,"AA","2651",11298,"DFW","Dallas/Fort Worth, TX","TX",10821,"BWI","Baltimore, MD","MD","2030","2035",5.00,5.00,20.00,9.00,"0034","0039",5.00,5.00,0.00,"",0.00,184.00,184.00,155.00,1.00,1217.00,,,,,,
2016,7,13,3,2016-07-13,"AA",19805,"AA","2651",11298,"DFW","Dallas/Fort Worth, TX","TX",10821,"BWI","Baltimore, MD","MD","2030","2027",-3.00,0.00,19.00,7.00,"0034","0026",-8.00,0.00,0.00,"",0.00,184.00,179.00,153.00,1.00,1217.00,,,,,,
2016,7,14,4,2016-07-14,"AA",19805,"AA","2651",11298,"DFW","Dallas/Fort Worth, TX","TX",10821,"BWI","Baltimore, MD","MD","2030","2028",-2.00,0.00,21.00,5.00,"0034","0030",-4.00,0.00,0.00,"",0.00,184.00,182.00,156.00,1.00,1217.00,,,,,,
2016,7,15,5,2016-07-15,"AA",19805,"AA","2651",11298,"DFW","Dallas/Fort Worth, TX","TX",10821,"BWI","Baltimore, MD","MD","2030","2106",36.00,36.00,14.00,12.00,"0034","0056",22.00,22.00,0.00,"",0.00,184.00,170.00,144.00,1.00,1217.00,4.00,0.00,0.00,0.00,18.00,
2016,7,16,6,2016-07-16,"AA",19805,"AA","2651",11298,"DFW","Dallas/Fort Worth, TX","TX",10821,"BWI","Baltimore, MD","MD","2030","2028",-2.00,0.00,14.00,11.00,"0034","0020",-14.00,0.00,0.00,"",0.00,184.00,172.00,147.00,1.00,1217.00,,,,,,
2016,7,17,7,2016-07-17,"AA",19805,"AA","2651",11298,"DFW","Dallas/Fort Worth, TX","TX",10821,"BWI","Baltimore, MD","MD","2030","2030",0.00,0.00,12.00,5.00,"0034","0020",-14.00,0.00,0.00,"",0.00,184.00,170.00,153.00,1.00,1217.00,,,,,,
2016,7,18,1,2016-07-18,"AA",19805,"AA","2651",11298,"DFW","Dallas/Fort Worth, TX","TX",10821,"BWI","Baltimore, MD","MD","2030","2026",-4.00,0.00,10.00,7.00,"0034","0016",-18.00,0.00,0.00,"",0.00,184.00,170.00,153.00,1.00,1217.00,,,,,,
2016,7,19,2,2016-07-19,"AA",19805,"AA","2651",11298,"DFW","Dallas/Fort Worth, TX","TX",10821,"BWI","Baltimore, MD","MD","2030","2025",-5.00,0.00,10.00,7.00,"0034","0019",-15.00,0.00,0.00,"",0.00,184.00,174.00,157.00,1.00,1217.00,,,,,,
2016,7,20,3,2016-07-20,"AA",19805,"AA","2651",11298,"DFW","Dallas/Fort Worth, TX","TX",10821,"BWI","Baltimore, MD","MD","2030","2028",-2.00,0.00,19.00,6.00,"0034","0024",-10.00,0.00,0.00,"",0.00,184.00,176.00,151.00,1.00,1217.00,,,,,,
2016,7,21,4,2016-07-21,"AA",19805,"AA","2651",11298,"DFW","Dallas/Fort Worth, TX","TX",10821,"BWI","Baltimore, MD","MD","2030","2029",-1.00,0.00,13.00,6.00,"0034","0029",-5.00,0.00,0.00,"",0.00,184.00,180.00,161.00,1.00,1217.00,,,,,,
2016,7,22,5,2016-07-22,"AA",19805,"AA","2651",11298,"DFW","Dallas/Fort Worth, TX","TX",10821,"BWI","Baltimore, MD","MD","2030","2029",-1.00,0.00,12.00,7.00,"0034","0022",-12.00,0.00,0.00,"",0.00,184.00,173.00,154.00,1.00,1217.00,,,,,,
2016,7,23,6,2016-07-23,"AA",19805,"AA","2651",11298,"DFW","Dallas/Fort Worth, TX","TX",10821,"BWI","Baltimore, MD","MD","2030","2027",-3.00,0.00,11.00,7.00,"0034","0029",-5.00,0.00,0.00,"",0.00,184.00,182.00,164.00,1.00,1217.00,,,,,,
2016,7,24,7,2016-07-24,"AA",19805,"AA","2651",11298,"DFW","Dallas/Fort Worth, TX","TX",10821,"BWI","Baltimore, MD","MD","2030","2039",9.00,9.00,18.00,5.00,"0034","0041",7.00,7.00,0.00,"",0.00,184.00,182.00,159.00,1.00,1217.00,,,,,,
2016,7,25,1,2016-07-25,"AA",19805,"AA","2651",11298,"DFW","Dallas/Fort Worth, TX","TX",10821,"BWI","Baltimore, MD","MD","2030","2126",56.00,56.00,25.00,112.00,"0034","0320",166.00,166.00,0.00,"",0.00,184.00,294.00,157.00,1.00,1217.00,3.00,0.00,110.00,0.00,53.00,
2016,7,26,2,2016-07-26,"AA",19805,"AA","2651",11298,"DFW","Dallas/Fort Worth, TX","TX",10821,"BWI","Baltimore, MD","MD","2030","2130",60.00,60.00,11.00,7.00,"0034","0120",46.00,46.00,0.00,"",0.00,184.00,170.00,152.00,1.00,1217.00,46.00,0.00,0.00,0.00,0.00,
2016,7,27,3,2016-07-27,"AA",19805,"AA","2651",11298,"DFW","Dallas/Fort Worth, TX","TX",10821,"BWI","Baltimore, MD","MD","2030","2125",55.00,55.00,14.00,9.00,"0034","0120",46.00,46.00,0.00,"",0.00,184.00,175.00,152.00,1.00,1217.00,46.00,0.00,0.00,0.00,0.00,
2016,7,28,4,2016-07-28,"AA",19805,"AA","2651",11298,"DFW","Dallas/Fort Worth, TX","TX",10821,"BWI","Baltimore, MD","MD","2030","2026",-4.00,0.00,13.00,7.00,"0034","0015",-19.00,0.00,0.00,"",0.00,184.00,169.00,149.00,1.00,1217.00,,,,,,
2016,7,29,5,2016-07-29,"AA",19805,"AA","2651",11298,"DFW","Dallas/Fort Worth, TX","TX",10821,"BWI","Baltimore, MD","MD","2030","2053",23.00,23.00,13.00,7.00,"0034","0046",12.00,12.00,0.00,"",0.00,184.00,173.00,153.00,1.00,1217.00,,,,,,
2016,7,30,6,2016-07-30,"AA",19805,"AA","2651",11298,"DFW","Dallas/Fort Worth, TX","TX",10821,"BWI","Baltimore, MD","MD","2030","2041",11.00,11.00,14.00,43.00,"0034","0109",35.00,35.00,0.00,"",0.00,184.00,208.00,151.00,1.00,1217.00,5.00,0.00,24.00,0.00,6.00,
2016,7,31,7,2016-07-31,"AA",19805,"AA","2651",11298,"DFW","Dallas/Fort Worth, TX","TX",10821,"BWI","Baltimore, MD","MD","2030","2028",-2.00,0.00,8.00,7.00,"0034","0018",-16.00,0.00,0.00,"",0.00,184.00,170.00,155.00,1.00,1217.00,,,,,,
2016,7,1,5,2016-07-01,"AA",19805,"AA","2652",10693,"BNA","Nashville, TN","TN",11298,"DFW","Dallas/Fort Worth, TX","TX","2058","2127",29.00,29.00,13.00,9.00,"2259","2330",31.00,31.00,0.00,"",0.00,121.00,123.00,101.00,1.00,631.00,0.00,0.00,2.00,0.00,29.00,
2016,7,5,2,2016-07-05,"AA",19805,"AA","2652",13303,"MIA","Miami, FL","FL",11433,"DTW","Detroit, MI","MI","2025","2030",5.00,5.00,15.00,6.00,"2330","2315",-15.00,0.00,0.00,"",0.00,185.00,165.00,144.00,1.00,1145.00,,,,,,
2016,7,6,3,2016-07-06,"AA",19805,"AA","2652",13303,"MIA","Miami, FL","FL",11433,"DTW","Detroit, MI","MI","2025","2020",-5.00,0.00,22.00,9.00,"2330","2324",-6.00,0.00,0.00,"",0.00,185.00,184.00,153.00,1.00,1145.00,,,,,,
2016,7,7,4,2016-07-07,"AA",19805,"AA","2652",13303,"MIA","Miami, FL","FL",11433,"DTW","Detroit, MI","MI","2025","2021",-4.00,0.00,20.00,10.00,"2330","2320",-10.00,0.00,0.00,"",0.00,185.00,179.00,149.00,1.00,1145.00,,,,,,
2016,7,8,5,2016-07-08,"AA",19805,"AA","2652",13303,"MIA","Miami, FL","FL",11433,"DTW","Detroit, MI","MI","2025","2031",6.00,6.00,16.00,10.00,"2330","2336",6.00,6.00,0.00,"",0.00,185.00,185.00,159.00,1.00,1145.00,,,,,,
2016,7,9,6,2016-07-09,"AA",19805,"AA","2652",13303,"MIA","Miami, FL","FL",11433,"DTW","Detroit, MI","MI","2025","2043",18.00,18.00,17.00,9.00,"2330","2336",6.00,6.00,0.00,"",0.00,185.00,173.00,147.00,1.00,1145.00,,,,,,
2016,7,10,7,2016-07-10,"AA",19805,"AA","2652",13303,"MIA","Miami, FL","FL",11433,"DTW","Detroit, MI","MI","2025","2024",-1.00,0.00,29.00,7.00,"2330","2329",-1.00,0.00,0.00,"",0.00,185.00,185.00,149.00,1.00,1145.00,,,,,,
2016,7,11,1,2016-07-11,"AA",19805,"AA","2652",13303,"MIA","Miami, FL","FL",11433,"DTW","Detroit, MI","MI","2025","2021",-4.00,0.00,34.00,8.00,"2330","2330",0.00,0.00,0.00,"",0.00,185.00,189.00,147.00,1.00,1145.00,,,,,,
2016,7,12,2,2016-07-12,"AA",19805,"AA","2652",13303,"MIA","Miami, FL","FL",11433,"DTW","Detroit, MI","MI","2025","2020",-5.00,0.00,42.00,9.00,"2330","2338",8.00,8.00,0.00,"",0.00,185.00,198.00,147.00,1.00,1145.00,,,,,,
2016,7,13,3,2016-07-13,"AA",19805,"AA","2652",13303,"MIA","Miami, FL","FL",11433,"DTW","Detroit, MI","MI","2025","2020",-5.00,0.00,32.00,10.00,"2330","2331",1.00,1.00,0.00,"",0.00,185.00,191.00,149.00,1.00,1145.00,,,,,,
2016,7,14,4,2016-07-14,"AA",19805,"AA","2652",13303,"MIA","Miami, FL","FL",11433,"DTW","Detroit, MI","MI","2025","2023",-2.00,0.00,26.00,11.00,"2330","2327",-3.00,0.00,0.00,"",0.00,185.00,184.00,147.00,1.00,1145.00,,,,,,
2016,7,15,5,2016-07-15,"AA",19805,"AA","2652",13303,"MIA","Miami, FL","FL",11433,"DTW","Detroit, MI","MI","2025","2201",96.00,96.00,31.00,10.00,"2330","0109",99.00,99.00,0.00,"",0.00,185.00,188.00,147.00,1.00,1145.00,96.00,0.00,3.00,0.00,0.00,
2016,7,16,6,2016-07-16,"AA",19805,"AA","2652",13303,"MIA","Miami, FL","FL",11433,"DTW","Detroit, MI","MI","2025","2147",82.00,82.00,22.00,18.00,"2330","0059",89.00,89.00,0.00,"",0.00,185.00,192.00,152.00,1.00,1145.00,82.00,0.00,7.00,0.00,0.00,
2016,7,17,7,2016-07-17,"AA",19805,"AA","2652",13303,"MIA","Miami, FL","FL",11433,"DTW","Detroit, MI","MI","2025","2019",-6.00,0.00,25.00,8.00,"2330","2324",-6.00,0.00,0.00,"",0.00,185.00,185.00,152.00,1.00,1145.00,,,,,,
2016,7,18,1,2016-07-18,"AA",19805,"AA","2652",13303,"MIA","Miami, FL","FL",11433,"DTW","Detroit, MI","MI","2025","2124",59.00,59.00,24.00,11.00,"2330","0026",56.00,56.00,0.00,"",0.00,185.00,182.00,147.00,1.00,1145.00,0.00,0.00,0.00,0.00,56.00,
2016,7,19,2,2016-07-19,"AA",19805,"AA","2652",13303,"MIA","Miami, FL","FL",11433,"DTW","Detroit, MI","MI","2025","2041",16.00,16.00,24.00,12.00,"2330","2355",25.00,25.00,0.00,"",0.00,185.00,194.00,158.00,1.00,1145.00,16.00,0.00,9.00,0.00,0.00,
2016,7,20,3,2016-07-20,"AA",19805,"AA","2652",13303,"MIA","Miami, FL","FL",11433,"DTW","Detroit, MI","MI","2025","2031",6.00,6.00,26.00,12.00,"2330","2353",23.00,23.00,0.00,"",0.00,185.00,202.00,164.00,1.00,1145.00,6.00,0.00,17.00,0.00,0.00,
2016,7,21,4,2016-07-21,"AA",19805,"AA","2652",13303,"MIA","Miami, FL","FL",11433,"DTW","Detroit, MI","MI","2025","2047",22.00,22.00,14.00,14.00,"2330","2347",17.00,17.00,0.00,"",0.00,185.00,180.00,152.00,1.00,1145.00,15.00,0.00,0.00,0.00,2.00,
2016,7,22,5,2016-07-22,"AA",19805,"AA","2652",13303,"MIA","Miami, FL","FL",11433,"DTW","Detroit, MI","MI","2025","2046",21.00,21.00,17.00,6.00,"2330","2341",11.00,11.00,0.00,"",0.00,185.00,175.00,152.00,1.00,1145.00,,,,,,
2016,7,23,6,2016-07-23,"AA",19805,"AA","2652",13303,"MIA","Miami, FL","FL",11433,"DTW","Detroit, MI","MI","2025","2021",-4.00,0.00,24.00,7.00,"2330","2330",0.00,0.00,0.00,"",0.00,185.00,189.00,158.00,1.00,1145.00,,,,,,
2016,7,24,7,2016-07-24,"AA",19805,"AA","2652",13303,"MIA","Miami, FL","FL",11433,"DTW","Detroit, MI","MI","2025","2020",-5.00,0.00,19.00,14.00,"2330","2315",-15.00,0.00,0.00,"",0.00,185.00,175.00,142.00,1.00,1145.00,,,,,,
2016,7,25,1,2016-07-25,"AA",19805,"AA","2652",13303,"MIA","Miami, FL","FL",11433,"DTW","Detroit, MI","MI","2025","2125",60.00,60.00,27.00,12.00,"2330","0023",53.00,53.00,0.00,"",0.00,185.00,178.00,139.00,1.00,1145.00,33.00,0.00,0.00,0.00,20.00,
2016,7,26,2,2016-07-26,"AA",19805,"AA","2652",13303,"MIA","Miami, FL","FL",11433,"DTW","Detroit, MI","MI","2025","2056",31.00,31.00,11.00,14.00,"2330","2343",13.00,13.00,0.00,"",0.00,185.00,167.00,142.00,1.00,1145.00,,,,,,
2016,7,27,3,2016-07-27,"AA",19805,"AA","2652",13303,"MIA","Miami, FL","FL",11433,"DTW","Detroit, MI","MI","2025","2020",-5.00,0.00,18.00,11.00,"2330","2313",-17.00,0.00,0.00,"",0.00,185.00,173.00,144.00,1.00,1145.00,,,,,,
2016,7,28,4,2016-07-28,"AA",19805,"AA","2652",13303,"MIA","Miami, FL","FL",11433,"DTW","Detroit, MI","MI","2025","2024",-1.00,0.00,16.00,9.00,"2330","2310",-20.00,0.00,0.00,"",0.00,185.00,166.00,141.00,1.00,1145.00,,,,,,
2016,7,29,5,2016-07-29,"AA",19805,"AA","2652",13303,"MIA","Miami, FL","FL",11433,"DTW","Detroit, MI","MI","2025","2136",71.00,71.00,15.00,7.00,"2330","0026",56.00,56.00,0.00,"",0.00,185.00,170.00,148.00,1.00,1145.00,56.00,0.00,0.00,0.00,0.00,
2016,7,30,6,2016-07-30,"AA",19805,"AA","2652",13303,"MIA","Miami, FL","FL",11433,"DTW","Detroit, MI","MI","2025","2250",145.00,145.00,19.00,8.00,"2330","0145",135.00,135.00,0.00,"",0.00,185.00,175.00,148.00,1.00,1145.00,135.00,0.00,0.00,0.00,0.00,
2016,7,31,7,2016-07-31,"AA",19805,"AA","2652",13303,"MIA","Miami, FL","FL",11433,"DTW","Detroit, MI","MI","2025","2154",89.00,89.00,19.00,8.00,"2330","0053",83.00,83.00,0.00,"",0.00,185.00,179.00,152.00,1.00,1145.00,5.00,0.00,0.00,0.00,78.00,
2016,7,1,5,2016-07-01,"AA",19805,"AA","2653",13930,"ORD","Chicago, IL","IL",14027,"PBI","West Palm Beach/Palm Beach, FL","FL","0835","0833",-2.00,0.00,13.00,5.00,"1229","1217",-12.00,0.00,0.00,"",0.00,174.00,164.00,146.00,1.00,1144.00,,,,,,
2016,7,2,6,2016-07-02,"AA",19805,"AA","2653",13930,"ORD","Chicago, IL","IL",14027,"PBI","West Palm Beach/Palm Beach, FL","FL","0835","0829",-6.00,0.00,16.00,4.00,"1229","1218",-11.00,0.00,0.00,"",0.00,174.00,169.00,149.00,1.00,1144.00,,,,,,
2016,7,3,7,2016-07-03,"AA",19805,"AA","2653",13930,"ORD","Chicago, IL","IL",14027,"PBI","West Palm Beach/Palm Beach, FL","FL","0835","0827",-8.00,0.00,13.00,6.00,"1229","1216",-13.00,0.00,0.00,"",0.00,174.00,169.00,150.00,1.00,1144.00,,,,,,
2016,7,4,1,2016-07-04,"AA",19805,"AA","2653",13930,"ORD","Chicago, IL","IL",14027,"PBI","West Palm Beach/Palm Beach, FL","FL","0835","0829",-6.00,0.00,14.00,3.00,"1229","1223",-6.00,0.00,0.00,"",0.00,174.00,174.00,157.00,1.00,1144.00,,,,,,
2016,7,5,2,2016-07-05,"AA",19805,"AA","2653",13930,"ORD","Chicago, IL","IL",14027,"PBI","West Palm Beach/Palm Beach, FL","FL","0835","0832",-3.00,0.00,13.00,4.00,"1229","1225",-4.00,0.00,0.00,"",0.00,174.00,173.00,156.00,1.00,1144.00,,,,,,
2016,7,6,3,2016-07-06,"AA",19805,"AA","2653",13930,"ORD","Chicago, IL","IL",14027,"PBI","West Palm Beach/Palm Beach, FL","FL","0835","0829",-6.00,0.00,66.00,4.00,"1229","1329",60.00,60.00,0.00,"",0.00,174.00,240.00,170.00,1.00,1144.00,0.00,0.00,60.00,0.00,0.00,
2016,7,7,4,2016-07-07,"AA",19805,"AA","2653",13930,"ORD","Chicago, IL","IL",14027,"PBI","West Palm Beach/Palm Beach, FL","FL","0835","0828",-7.00,0.00,17.00,4.00,"1229","1217",-12.00,0.00,0.00,"",0.00,174.00,169.00,148.00,1.00,1144.00,,,,,,
2016,7,8,5,2016-07-08,"AA",19805,"AA","2653",13930,"ORD","Chicago, IL","IL",14027,"PBI","West Palm Beach/Palm Beach, FL","FL","0835","0834",-1.00,0.00,58.00,5.00,"1229","1317",48.00,48.00,0.00,"",0.00,174.00,223.00,160.00,1.00,1144.00,0.00,0.00,48.00,0.00,0.00,
2016,7,9,6,2016-07-09,"AA",19805,"AA","2653",13930,"ORD","Chicago, IL","IL",14027,"PBI","West Palm Beach/Palm Beach, FL","FL","0835","0830",-5.00,0.00,17.00,5.00,"1229","1224",-5.00,0.00,0.00,"",0.00,174.00,174.00,152.00,1.00,1144.00,,,,,,
2016,7,10,7,2016-07-10,"AA",19805,"AA","2653",13930,"ORD","Chicago, IL","IL",14027,"PBI","West Palm Beach/Palm Beach, FL","FL","0835","0832",-3.00,0.00,12.00,4.00,"1229","1216",-13.00,0.00,0.00,"",0.00,174.00,164.00,148.00,1.00,1144.00,,,,,,
2016,7,11,1,2016-07-11,"AA",19805,"AA","2653",13930,"ORD","Chicago, IL","IL",14027,"PBI","West Palm Beach/Palm Beach, FL","FL","0835","0827",-8.00,0.00,21.00,7.00,"1229","1233",4.00,4.00,0.00,"",0.00,174.00,186.00,158.00,1.00,1144.00,,,,,,
2016,7,12,2,2016-07-12,"AA",19805,"AA","2653",13930,"ORD","Chicago, IL","IL",14027,"PBI","West Palm Beach/Palm Beach, FL","FL","0835","0832",-3.00,0.00,14.00,4.00,"1229","1221",-8.00,0.00,0.00,"",0.00,174.00,169.00,151.00,1.00,1144.00,,,,,,
2016,7,13,3,2016-07-13,"AA",19805,"AA","2653",13930,"ORD","Chicago, IL","IL",14027,"PBI","West Palm Beach/Palm Beach, FL","FL","0835","0827",-8.00,0.00,42.00,4.00,"1229","1304",35.00,35.00,0.00,"",0.00,174.00,217.00,171.00,1.00,1144.00,0.00,0.00,35.00,0.00,0.00,
2016,7,14,4,2016-07-14,"AA",19805,"AA","2653",13930,"ORD","Chicago, IL","IL",14027,"PBI","West Palm Beach/Palm Beach, FL","FL","0835","0835",0.00,0.00,16.00,5.00,"1229","1227",-2.00,0.00,0.00,"",0.00,174.00,172.00,151.00,1.00,1144.00,,,,,,
2016,7,15,5,2016-07-15,"AA",19805,"AA","2653",13930,"ORD","Chicago, IL","IL",14027,"PBI","West Palm Beach/Palm Beach, FL","FL","0835","0832",-3.00,0.00,19.00,6.00,"1229","1239",10.00,10.00,0.00,"",0.00,174.00,187.00,162.00,1.00,1144.00,,,,,,
2016,7,16,6,2016-07-16,"AA",19805,"AA","2653",13930,"ORD","Chicago, IL","IL",14027,"PBI","West Palm Beach/Palm Beach, FL","FL","0835","0853",18.00,18.00,12.00,5.00,"1229","1243",14.00,14.00,0.00,"",0.00,174.00,170.00,153.00,1.00,1144.00,,,,,,
2016,7,17,7,2016-07-17,"AA",19805,"AA","2653",13930,"ORD","Chicago, IL","IL",14027,"PBI","West Palm Beach/Palm Beach, FL","FL","0835","0830",-5.00,0.00,16.00,5.00,"1229","1217",-12.00,0.00,0.00,"",0.00,174.00,167.00,146.00,1.00,1144.00,,,,,,
2016,7,18,1,2016-07-18,"AA",19805,"AA","2653",13930,"ORD","Chicago, IL","IL",14027,"PBI","West Palm Beach/Palm Beach, FL","FL","0835","0829",-6.00,0.00,18.00,4.00,"1229","1221",-8.00,0.00,0.00,"",0.00,174.00,172.00,150.00,1.00,1144.00,,,,,,
2016,7,19,2,2016-07-19,"AA",19805,"AA","2653",13930,"ORD","Chicago, IL","IL",14027,"PBI","West Palm Beach/Palm Beach, FL","FL","0835","0832",-3.00,0.00,10.00,4.00,"1229","1215",-14.00,0.00,0.00,"",0.00,174.00,163.00,149.00,1.00,1144.00,,,,,,
2016,7,20,3,2016-07-20,"AA",19805,"AA","2653",13930,"ORD","Chicago, IL","IL",14027,"PBI","West Palm Beach/Palm Beach, FL","FL","0835","0842",7.00,7.00,13.00,4.00,"1229","1225",-4.00,0.00,0.00,"",0.00,174.00,163.00,146.00,1.00,1144.00,,,,,,
2016,7,21,4,2016-07-21,"AA",19805,"AA","2653",13930,"ORD","Chicago, IL","IL",14027,"PBI","West Palm Beach/Palm Beach, FL","FL","0835","0830",-5.00,0.00,16.00,4.00,"1229","1216",-13.00,0.00,0.00,"",0.00,174.00,166.00,146.00,1.00,1144.00,,,,,,
2016,7,22,5,2016-07-22,"AA",19805,"AA","2653",13930,"ORD","Chicago, IL","IL",14027,"PBI","West Palm Beach/Palm Beach, FL","FL","0835","0831",-4.00,0.00,16.00,21.00,"1229","1239",10.00,10.00,0.00,"",0.00,174.00,188.00,151.00,1.00,1144.00,,,,,,
2016,7,23,6,2016-07-23,"AA",19805,"AA","2653",13930,"ORD","Chicago, IL","IL",14027,"PBI","West Palm Beach/Palm Beach, FL","FL","0835","0833",-2.00,0.00,10.00,5.00,"1229","1215",-14.00,0.00,0.00,"",0.00,174.00,162.00,147.00,1.00,1144.00,,,,,,
2016,7,24,7,2016-07-24,"AA",19805,"AA","2653",13930,"ORD","Chicago, IL","IL",14027,"PBI","West Palm Beach/Palm Beach, FL","FL","0835","0827",-8.00,0.00,24.00,6.00,"1229","1229",0.00,0.00,0.00,"",0.00,174.00,182.00,152.00,1.00,1144.00,,,,,,
2016,7,25,1,2016-07-25,"AA",19805,"AA","2653",13930,"ORD","Chicago, IL","IL",14027,"PBI","West Palm Beach/Palm Beach, FL","FL","0835","0830",-5.00,0.00,13.00,7.00,"1229","1230",1.00,1.00,0.00,"",0.00,174.00,180.00,160.00,1.00,1144.00,,,,,,
2016,7,26,2,2016-07-26,"AA",19805,"AA","2653",13930,"ORD","Chicago, IL","IL",14027,"PBI","West Palm Beach/Palm Beach, FL","FL","0835","0832",-3.00,0.00,14.00,4.00,"1229","1227",-2.00,0.00,0.00,"",0.00,174.00,175.00,157.00,1.00,1144.00,,,,,,
2016,7,27,3,2016-07-27,"AA",19805,"AA","2653",13930,"ORD","Chicago, IL","IL",14027,"PBI","West Palm Beach/Palm Beach, FL","FL","0835","0830",-5.00,0.00,16.00,5.00,"1229","1228",-1.00,0.00,0.00,"",0.00,174.00,178.00,157.00,1.00,1144.00,,,,,,
2016,7,28,4,2016-07-28,"AA",19805,"AA","2653",13930,"ORD","Chicago, IL","IL",14027,"PBI","West Palm Beach/Palm Beach, FL","FL","0835","0829",-6.00,0.00,17.00,7.00,"1229","1231",2.00,2.00,0.00,"",0.00,174.00,182.00,158.00,1.00,1144.00,,,,,,
2016,7,29,5,2016-07-29,"AA",19805,"AA","2653",13930,"ORD","Chicago, IL","IL",14027,"PBI","West Palm Beach/Palm Beach, FL","FL","0835","0844",9.00,9.00,19.00,4.00,"1229","1246",17.00,17.00,0.00,"",0.00,174.00,182.00,159.00,1.00,1144.00,5.00,0.00,8.00,0.00,4.00,
2016,7,30,6,2016-07-30,"AA",19805,"AA","2653",13930,"ORD","Chicago, IL","IL",14027,"PBI","West Palm Beach/Palm Beach, FL","FL","0835","0901",26.00,26.00,15.00,3.00,"1229","1246",17.00,17.00,0.00,"",0.00,174.00,165.00,147.00,1.00,1144.00,13.00,0.00,0.00,0.00,4.00,
2016,7,31,7,2016-07-31,"AA",19805,"AA","2653",13930,"ORD","Chicago, IL","IL",14027,"PBI","West Palm Beach/Palm Beach, FL","FL","0835","0841",6.00,6.00,10.00,4.00,"1229","1222",-7.00,0.00,0.00,"",0.00,174.00,161.00,147.00,1.00,1144.00,,,,,,
2016,7,1,5,2016-07-01,"AA",19805,"AA","2654",11292,"DEN","Denver, CO","CO",11298,"DFW","Dallas/Fort Worth, TX","TX","1629","1700",31.00,31.00,29.00,14.00,"1930","2014",44.00,44.00,0.00,"",0.00,121.00,134.00,91.00,1.00,641.00,2.00,0.00,13.00,0.00,29.00,
2016,7,2,6,2016-07-02,"AA",19805,"AA","2654",11292,"DEN","Denver, CO","CO",11298,"DFW","Dallas/Fort Worth, TX","TX","1629","1626",-3.00,0.00,11.00,12.00,"1930","1918",-12.00,0.00,0.00,"",0.00,121.00,112.00,89.00,1.00,641.00,,,,,,
2016,7,3,7,2016-07-03,"AA",19805,"AA","2654",11292,"DEN","Denver, CO","CO",11298,"DFW","Dallas/Fort Worth, TX","TX","1629","1700",31.00,31.00,37.00,15.00,"1930","2052",82.00,82.00,0.00,"",0.00,121.00,172.00,120.00,1.00,641.00,17.00,0.00,51.00,0.00,14.00,
2016,7,4,1,2016-07-04,"AA",19805,"AA","2654",11292,"DEN","Denver, CO","CO",11298,"DFW","Dallas/Fort Worth, TX","TX","1629","1628",-1.00,0.00,14.00,11.00,"1930","1924",-6.00,0.00,0.00,"",0.00,121.00,116.00,91.00,1.00,641.00,,,,,,
2016,7,5,2,2016-07-05,"AA",19805,"AA","2654",11292,"DEN","Denver, CO","CO",11298,"DFW","Dallas/Fort Worth, TX","TX","1629","1625",-4.00,0.00,27.00,13.00,"1930","1936",6.00,6.00,0.00,"",0.00,121.00,131.00,91.00,1.00,641.00,,,,,,
2016,7,6,3,2016-07-06,"AA",19805,"AA","2654",11292,"DEN","Denver, CO","CO",11298,"DFW","Dallas/Fort Worth, TX","TX","1629","1643",14.00,14.00,12.00,29.00,"1930","1953",23.00,23.00,0.00,"",0.00,121.00,130.00,89.00,1.00,641.00,7.00,0.00,9.00,0.00,7.00,
2016,7,7,4,2016-07-07,"AA",19805,"AA","2654",11292,"DEN","Denver, CO","CO",11298,"DFW","Dallas/Fort Worth, TX","TX","1629","1638",9.00,9.00,10.00,18.00,"1930","1934",4.00,4.00,0.00,"",0.00,121.00,116.00,88.00,1.00,641.00,,,,,,
2016,7,8,5,2016-07-08,"AA",19805,"AA","2654",11292,"DEN","Denver, CO","CO",11298,"DFW","Dallas/Fort Worth, TX","TX","1629","1642",13.00,13.00,72.00,17.00,"1930","2103",93.00,93.00,0.00,"",0.00,121.00,201.00,112.00,1.00,641.00,0.00,13.00,80.00,0.00,0.00,
2016,7,9,6,2016-07-09,"AA",19805,"AA","2654",11292,"DEN","Denver, CO","CO",11298,"DFW","Dallas/Fort Worth, TX","TX","1629","1701",32.00,32.00,11.00,21.00,"1930","1957",27.00,27.00,0.00,"",0.00,121.00,116.00,84.00,1.00,641.00,0.00,27.00,0.00,0.00,0.00,
2016,7,10,7,2016-07-10,"AA",19805,"AA","2654",11292,"DEN","Denver, CO","CO",11298,"DFW","Dallas/Fort Worth, TX","TX","1629","1747",78.00,78.00,29.00,13.00,"1930","2052",82.00,82.00,0.00,"",0.00,121.00,125.00,83.00,1.00,641.00,59.00,0.00,4.00,0.00,19.00,
2016,7,11,1,2016-07-11,"AA",19805,"AA","2654",11292,"DEN","Denver, CO","CO",11298,"DFW","Dallas/Fort Worth, TX","TX","1629","1640",11.00,11.00,17.00,11.00,"1930","1933",3.00,3.00,0.00,"",0.00,121.00,113.00,85.00,1.00,641.00,,,,,,
2016,7,12,2,2016-07-12,"AA",19805,"AA","2654",11292,"DEN","Denver, CO","CO",11298,"DFW","Dallas/Fort Worth, TX","TX","1629","1631",2.00,2.00,12.00,12.00,"1930","1922",-8.00,0.00,0.00,"",0.00,121.00,111.00,87.00,1.00,641.00,,,,,,
2016,7,13,3,2016-07-13,"AA",19805,"AA","2654",11292,"DEN","Denver, CO","CO",11298,"DFW","Dallas/Fort Worth, TX","TX","1629","1812",103.00,103.00,10.00,12.00,"1930","2058",88.00,88.00,0.00,"",0.00,121.00,106.00,84.00,1.00,641.00,11.00,0.00,0.00,0.00,77.00,
2016,7,14,4,2016-07-14,"AA",19805,"AA","2654",11292,"DEN","Denver, CO","CO",11298,"DFW","Dallas/Fort Worth, TX","TX","1629","1705",36.00,36.00,17.00,15.00,"1930","2035",65.00,65.00,0.00,"",0.00,121.00,150.00,118.00,1.00,641.00,13.00,0.00,29.00,0.00,23.00,
2016,7,15,5,2016-07-15,"AA",19805,"AA","2654",11292,"DEN","Denver, CO","CO",11298,"DFW","Dallas/Fort Worth, TX","TX","1629","1822",113.00,113.00,20.00,16.00,"1930","2137",127.00,127.00,0.00,"",0.00,121.00,135.00,99.00,1.00,641.00,20.00,0.00,14.00,0.00,93.00,
2016,7,16,6,2016-07-16,"AA",19805,"AA","2654",11292,"DEN","Denver, CO","CO",11298,"DFW","Dallas/Fort Worth, TX","TX","1629","1625",-4.00,0.00,13.00,13.00,"1930","1915",-15.00,0.00,0.00,"",0.00,121.00,110.00,84.00,1.00,641.00,,,,,,
2016,7,17,7,2016-07-17,"AA",19805,"AA","2654",11292,"DEN","Denver, CO","CO",11298,"DFW","Dallas/Fort Worth, TX","TX","1629","1624",-5.00,0.00,18.00,12.00,"1930","1925",-5.00,0.00,0.00,"",0.00,121.00,121.00,91.00,1.00,641.00,,,,,,
2016,7,18,1,2016-07-18,"AA",19805,"AA","2654",11292,"DEN","Denver, CO","CO",11298,"DFW","Dallas/Fort Worth, TX","TX","1629","1643",14.00,14.00,10.00,12.00,"1930","1929",-1.00,0.00,0.00,"",0.00,121.00,106.00,84.00,1.00,641.00,,,,,,
2016,7,19,2,2016-07-19,"AA",19805,"AA","2654",11292,"DEN","Denver, CO","CO",11298,"DFW","Dallas/Fort Worth, TX","TX","1629","1629",0.00,0.00,11.00,18.00,"1930","1927",-3.00,0.00,0.00,"",0.00,121.00,118.00,89.00,1.00,641.00,,,,,,
2016,7,20,3,2016-07-20,"AA",19805,"AA","2654",11292,"DEN","Denver, CO","CO",11298,"DFW","Dallas/Fort Worth, TX","TX","1629","1634",5.00,5.00,12.00,13.00,"1930","1931",1.00,1.00,0.00,"",0.00,121.00,117.00,92.00,1.00,641.00,,,,,,
2016,7,21,4,2016-07-21,"AA",19805,"AA","2654",11292,"DEN","Denver, CO","CO",11298,"DFW","Dallas/Fort Worth, TX","TX","1629","1639",10.00,10.00,13.00,17.00,"1930","1937",7.00,7.00,0.00,"",0.00,121.00,118.00,88.00,1.00,641.00,,,,,,
2016,7,22,5,2016-07-22,"AA",19805,"AA","2654",11292,"DEN","Denver, CO","CO",11298,"DFW","Dallas/Fort Worth, TX","TX","1629","1633",4.00,4.00,13.00,13.00,"1930","1925",-5.00,0.00,0.00,"",0.00,121.00,112.00,86.00,1.00,641.00,,,,,,
2016,7,23,6,2016-07-23,"AA",19805,"AA","2654",11292,"DEN","Denver, CO","CO",11298,"DFW","Dallas/Fort Worth, TX","TX","1629","1624",-5.00,0.00,21.00,11.00,"1930","1926",-4.00,0.00,0.00,"",0.00,121.00,122.00,90.00,1.00,641.00,,,,,,
2016,7,24,7,2016-07-24,"AA",19805,"AA","2654",11292,"DEN","Denver, CO","CO",11298,"DFW","Dallas/Fort Worth, TX","TX","1629","1630",1.00,1.00,93.00,15.00,"1930","2058",88.00,88.00,0.00,"",0.00,121.00,208.00,100.00,1.00,641.00,1.00,0.00,87.00,0.00,0.00,
2016,7,25,1,2016-07-25,"AA",19805,"AA","2654",11292,"DEN","Denver, CO","CO",11298,"DFW","Dallas/Fort Worth, TX","TX","1629","1704",35.00,35.00,11.00,20.00,"1930","2039",69.00,69.00,0.00,"",0.00,121.00,155.00,124.00,1.00,641.00,35.00,0.00,34.00,0.00,0.00,
2016,7,26,2,2016-07-26,"AA",19805,"AA","2654",11292,"DEN","Denver, CO","CO",11298,"DFW","Dallas/Fort Worth, TX","TX","1629","1719",50.00,50.00,13.00,11.00,"1930","2010",40.00,40.00,0.00,"",0.00,121.00,111.00,87.00,1.00,641.00,0.00,0.00,0.00,0.00,40.00,
2016,7,27,3,2016-07-27,"AA",19805,"AA","2654",11292,"DEN","Denver, CO","CO",11298,"DFW","Dallas/Fort Worth, TX","TX","1629","1638",9.00,9.00,13.00,48.00,"1930","2035",65.00,65.00,0.00,"",0.00,121.00,177.00,116.00,1.00,641.00,0.00,0.00,65.00,0.00,0.00,
2016,7,28,4,2016-07-28,"AA",19805,"AA","2654",11292,"DEN","Denver, CO","CO",11298,"DFW","Dallas/Fort Worth, TX","TX","1629","1650",21.00,21.00,12.00,11.00,"1930","1949",19.00,19.00,0.00,"",0.00,121.00,119.00,96.00,1.00,641.00,6.00,0.00,0.00,0.00,13.00,
2016,7,29,5,2016-07-29,"AA",19805,"AA","2654",11292,"DEN","Denver, CO","CO",11298,"DFW","Dallas/Fort Worth, TX","TX","1629","1628",-1.00,0.00,12.00,17.00,"1930","1923",-7.00,0.00,0.00,"",0.00,121.00,115.00,86.00,1.00,641.00,,,,,,
2016,7,30,6,2016-07-30,"AA",19805,"AA","2654",11292,"DEN","Denver, CO","CO",11298,"DFW","Dallas/Fort Worth, TX","TX","1629","2223",354.00,354.00,10.00,6.00,"1930","0105",335.00,335.00,0.00,"",0.00,121.00,102.00,86.00,1.00,641.00,7.00,0.00,0.00,0.00,328.00,
2016,7,31,7,2016-07-31,"AA",19805,"AA","2654",11292,"DEN","Denver, CO","CO",11298,"DFW","Dallas/Fort Worth, TX","TX","1629","1650",21.00,21.00,18.00,5.00,"1930","1942",12.00,12.00,0.00,"",0.00,121.00,112.00,89.00,1.00,641.00,,,,,,
2016,7,1,5,2016-07-01,"AA",19805,"AA","2655",10397,"ATL","Atlanta, GA","GA",11298,"DFW","Dallas/Fort Worth, TX","TX","0630","0632",2.00,2.00,15.00,13.00,"0745","0744",-1.00,0.00,0.00,"",0.00,135.00,132.00,104.00,1.00,731.00,,,,,,
2016,7,2,6,2016-07-02,"AA",19805,"AA","2655",10397,"ATL","Atlanta, GA","GA",11298,"DFW","Dallas/Fort Worth, TX","TX","0630","0723",53.00,53.00,15.00,11.00,"0745","0829",44.00,44.00,0.00,"",0.00,135.00,126.00,100.00,1.00,731.00,44.00,0.00,0.00,0.00,0.00,
2016,7,3,7,2016-07-03,"AA",19805,"AA","2655",10397,"ATL","Atlanta, GA","GA",11298,"DFW","Dallas/Fort Worth, TX","TX","0630","0628",-2.00,0.00,15.00,10.00,"0745","0735",-10.00,0.00,0.00,"",0.00,135.00,127.00,102.00,1.00,731.00,,,,,,
2016,7,4,1,2016-07-04,"AA",19805,"AA","2655",10397,"ATL","Atlanta, GA","GA",11298,"DFW","Dallas/Fort Worth, TX","TX","0630","0641",11.00,11.00,16.00,11.00,"0745","0831",46.00,46.00,0.00,"",0.00,135.00,170.00,143.00,1.00,731.00,11.00,0.00,35.00,0.00,0.00,
2016,7,5,2,2016-07-05,"AA",19805,"AA","2655",10397,"ATL","Atlanta, GA","GA",11298,"DFW","Dallas/Fort Worth, TX","TX","0630","0630",0.00,0.00,18.00,14.00,"0745","0745",0.00,0.00,0.00,"",0.00,135.00,135.00,103.00,1.00,731.00,,,,,,
2016,7,6,3,2016-07-06,"AA",19805,"AA","2655",10397,"ATL","Atlanta, GA","GA",11298,"DFW","Dallas/Fort Worth, TX","TX","0630","0624",-6.00,0.00,13.00,7.00,"0745","0733",-12.00,0.00,0.00,"",0.00,135.00,129.00,109.00,1.00,731.00,,,,,,
2016,7,7,4,2016-07-07,"AA",19805,"AA","2655",10397,"ATL","Atlanta, GA","GA",11298,"DFW","Dallas/Fort Worth, TX","TX","0630","0658",28.00,28.00,17.00,10.00,"0745","0808",23.00,23.00,0.00,"",0.00,135.00,130.00,103.00,1.00,731.00,23.00,0.00,0.00,0.00,0.00,
2016,7,8,5,2016-07-08,"AA",19805,"AA","2655",10397,"ATL","Atlanta, GA","GA",11298,"DFW","Dallas/Fort Worth, TX","TX","0630","0629",-1.00,0.00,15.00,16.00,"0745","0752",7.00,7.00,0.00,"",0.00,135.00,143.00,112.00,1.00,731.00,,,,,,
2016,7,9,6,2016-07-09,"AA",19805,"AA","2655",10397,"ATL","Atlanta, GA","GA",11298,"DFW","Dallas/Fort Worth, TX","TX","0630","0626",-4.00,0.00,18.00,9.00,"0745","0739",-6.00,0.00,0.00,"",0.00,135.00,133.00,106.00,1.00,731.00,,,,,,
2016,7,10,7,2016-07-10,"AA",19805,"AA","2655",10397,"ATL","Atlanta, GA","GA",11298,"DFW","Dallas/Fort Worth, TX","TX","0630","0628",-2.00,0.00,13.00,15.00,"0745","0742",-3.00,0.00,0.00,"",0.00,135.00,134.00,106.00,1.00,731.00,,,,,,
2016,7,11,1,2016-07-11,"AA",19805,"AA","2655",10397,"ATL","Atlanta, GA","GA",11298,"DFW","Dallas/Fort Worth, TX","TX","0630","0624",-6.00,0.00,22.00,22.00,"0745","0754",9.00,9.00,0.00,"",0.00,135.00,150.00,106.00,1.00,731.00,,,,,,
2016,7,12,2,2016-07-12,"AA",19805,"AA","2655",10397,"ATL","Atlanta, GA","GA",11298,"DFW","Dallas/Fort Worth, TX","TX","0630","0627",-3.00,0.00,18.00,15.00,"0745","0746",1.00,1.00,0.00,"",0.00,135.00,139.00,106.00,1.00,731.00,,,,,,
2016,7,13,3,2016-07-13,"AA",19805,"AA","2655",10397,"ATL","Atlanta, GA","GA",11298,"DFW","Dallas/Fort Worth, TX","TX","0630","0627",-3.00,0.00,15.00,16.00,"0745","0748",3.00,3.00,0.00,"",0.00,135.00,141.00,110.00,1.00,731.00,,,,,,
2016,7,14,4,2016-07-14,"AA",19805,"AA","2655",10397,"ATL","Atlanta, GA","GA",11298,"DFW","Dallas/Fort Worth, TX","TX","0630","0627",-3.00,0.00,17.00,15.00,"0745","0740",-5.00,0.00,0.00,"",0.00,135.00,133.00,101.00,1.00,731.00,,,,,,
2016,7,15,5,2016-07-15,"AA",19805,"AA","2655",10397,"ATL","Atlanta, GA","GA",11298,"DFW","Dallas/Fort Worth, TX","TX","0630","0624",-6.00,0.00,23.00,14.00,"0745","0748",3.00,3.00,0.00,"",0.00,135.00,144.00,107.00,1.00,731.00,,,,,,
2016,7,16,6,2016-07-16,"AA",19805,"AA","2655",10397,"ATL","Atlanta, GA","GA",11298,"DFW","Dallas/Fort Worth, TX","TX","0630","0631",1.00,1.00,18.00,17.00,"0745","0746",1.00,1.00,0.00,"",0.00,135.00,135.00,100.00,1.00,731.00,,,,,,
2016,7,17,7,2016-07-17,"AA",19805,"AA","2655",10397,"ATL","Atlanta, GA","GA",11298,"DFW","Dallas/Fort Worth, TX","TX","0630","0627",-3.00,0.00,18.00,15.00,"0745","0745",0.00,0.00,0.00,"",0.00,135.00,138.00,105.00,1.00,731.00,,,,,,
2016,7,18,1,2016-07-18,"AA",19805,"AA","2655",10397,"ATL","Atlanta, GA","GA",11298,"DFW","Dallas/Fort Worth, TX","TX","0630","0623",-7.00,0.00,20.00,4.00,"0745","0728",-17.00,0.00,0.00,"",0.00,135.00,125.00,101.00,1.00,731.00,,,,,,
2016,7,19,2,2016-07-19,"AA",19805,"AA","2655",10397,"ATL","Atlanta, GA","GA",11298,"DFW","Dallas/Fort Worth, TX","TX","0630","0626",-4.00,0.00,39.00,8.00,"0745","0757",12.00,12.00,0.00,"",0.00,135.00,151.00,104.00,1.00,731.00,,,,,,
2016,7,20,3,2016-07-20,"AA",19805,"AA","2655",10397,"ATL","Atlanta, GA","GA",11298,"DFW","Dallas/Fort Worth, TX","TX","0630","0625",-5.00,0.00,12.00,13.00,"0745","0728",-17.00,0.00,0.00,"",0.00,135.00,123.00,98.00,1.00,731.00,,,,,,
2016,7,21,4,2016-07-21,"AA",19805,"AA","2655",10397,"ATL","Atlanta, GA","GA",11298,"DFW","Dallas/Fort Worth, TX","TX","0630","0629",-1.00,0.00,23.00,18.00,"0745","0752",7.00,7.00,0.00,"",0.00,135.00,143.00,102.00,1.00,731.00,,,,,,
2016,7,22,5,2016-07-22,"AA",19805,"AA","2655",10397,"ATL","Atlanta, GA","GA",11298,"DFW","Dallas/Fort Worth, TX","TX","0630","0625",-5.00,0.00,18.00,15.00,"0745","0735",-10.00,0.00,0.00,"",0.00,135.00,130.00,97.00,1.00,731.00,,,,,,
2016,7,23,6,2016-07-23,"AA",19805,"AA","2655",10397,"ATL","Atlanta, GA","GA",11298,"DFW","Dallas/Fort Worth, TX","TX","0630","0635",5.00,5.00,12.00,14.00,"0745","0747",2.00,2.00,0.00,"",0.00,135.00,132.00,106.00,1.00,731.00,,,,,,
2016,7,24,7,2016-07-24,"AA",19805,"AA","2655",10397,"ATL","Atlanta, GA","GA",11298,"DFW","Dallas/Fort Worth, TX","TX","0630","0630",0.00,0.00,14.00,11.00,"0745","0732",-13.00,0.00,0.00,"",0.00,135.00,122.00,97.00,1.00,731.00,,,,,,
2016,7,25,1,2016-07-25,"AA",19805,"AA","2655",10397,"ATL","Atlanta, GA","GA",11298,"DFW","Dallas/Fort Worth, TX","TX","0630","0707",37.00,37.00,14.00,5.00,"0745","0801",16.00,16.00,0.00,"",0.00,135.00,114.00,95.00,1.00,731.00,16.00,0.00,0.00,0.00,0.00,
2016,7,26,2,2016-07-26,"AA",19805,"AA","2655",10397,"ATL","Atlanta, GA","GA",11298,"DFW","Dallas/Fort Worth, TX","TX","0630","0624",-6.00,0.00,19.00,25.00,"0745","0745",0.00,0.00,0.00,"",0.00,135.00,141.00,97.00,1.00,731.00,,,,,,
2016,7,27,3,2016-07-27,"AA",19805,"AA","2655",10397,"ATL","Atlanta, GA","GA",11298,"DFW","Dallas/Fort Worth, TX","TX","0630","0624",-6.00,0.00,18.00,15.00,"0745","0739",-6.00,0.00,0.00,"",0.00,135.00,135.00,102.00,1.00,731.00,,,,,,
2016,7,28,4,2016-07-28,"AA",19805,"AA","2655",10397,"ATL","Atlanta, GA","GA",11298,"DFW","Dallas/Fort Worth, TX","TX","0630","0625",-5.00,0.00,12.00,11.00,"0745","0731",-14.00,0.00,0.00,"",0.00,135.00,126.00,103.00,1.00,731.00,,,,,,
2016,7,29,5,2016-07-29,"AA",19805,"AA","2655",10397,"ATL","Atlanta, GA","GA",11298,"DFW","Dallas/Fort Worth, TX","TX","0630","0624",-6.00,0.00,27.00,15.00,"0745","0751",6.00,6.00,0.00,"",0.00,135.00,147.00,105.00,1.00,731.00,,,,,,
2016,7,30,6,2016-07-30,"AA",19805,"AA","2655",10397,"ATL","Atlanta, GA","GA",11298,"DFW","Dallas/Fort Worth, TX","TX","0630","0628",-2.00,0.00,15.00,15.00,"0745","0742",-3.00,0.00,0.00,"",0.00,135.00,134.00,104.00,1.00,731.00,,,,,,
2016,7,31,7,2016-07-31,"AA",19805,"AA","2655",10397,"ATL","Atlanta, GA","GA",11298,"DFW","Dallas/Fort Worth, TX","TX","0630","0740",70.00,70.00,48.00,10.00,"0745","0920",95.00,95.00,0.00,"",0.00,135.00,160.00,102.00,1.00,731.00,70.00,0.00,25.00,0.00,0.00,
2016,7,1,5,2016-07-01,"AA",19805,"AA","2656",13930,"ORD","Chicago, IL","IL",14570,"RNO","Reno, NV","NV","2030","2258",148.00,148.00,14.00,3.00,"2243","0100",137.00,137.00,0.00,"",0.00,253.00,242.00,225.00,1.00,1671.00,2.00,0.00,0.00,0.00,135.00,
2016,7,3,7,2016-07-03,"AA",19805,"AA","2656",13930,"ORD","Chicago, IL","IL",14570,"RNO","Reno, NV","NV","2135","2132",-3.00,0.00,13.00,4.00,"2347","2328",-19.00,0.00,0.00,"",0.00,252.00,236.00,219.00,1.00,1671.00,,,,,,
2016,7,4,1,2016-07-04,"AA",19805,"AA","2656",13930,"ORD","Chicago, IL","IL",14570,"RNO","Reno, NV","NV","2030","2046",16.00,16.00,10.00,3.00,"2243","2245",2.00,2.00,0.00,"",0.00,253.00,239.00,226.00,1.00,1671.00,,,,,,
2016,7,5,2,2016-07-05,"AA",19805,"AA","2656",13930,"ORD","Chicago, IL","IL",14570,"RNO","Reno, NV","NV","2030","2156",86.00,86.00,17.00,3.00,"2243","0003",80.00,80.00,0.00,"",0.00,253.00,247.00,227.00,1.00,1671.00,0.00,0.00,0.00,0.00,80.00,
2016,7,6,3,2016-07-06,"AA",19805,"AA","2656",13930,"ORD","Chicago, IL","IL",14570,"RNO","Reno, NV","NV","2030","2140",70.00,70.00,13.00,8.00,"2243","2351",68.00,68.00,0.00,"",0.00,253.00,251.00,230.00,1.00,1671.00,4.00,0.00,0.00,0.00,64.00,
2016,7,7,4,2016-07-07,"AA",19805,"AA","2656",13930,"ORD","Chicago, IL","IL",14570,"RNO","Reno, NV","NV","2030","2134",64.00,64.00,19.00,4.00,"2243","2343",60.00,60.00,0.00,"",0.00,253.00,249.00,226.00,1.00,1671.00,16.00,0.00,0.00,0.00,44.00,
2016,7,8,5,2016-07-08,"AA",19805,"AA","2656",13930,"ORD","Chicago, IL","IL",14570,"RNO","Reno, NV","NV","2030","2028",-2.00,0.00,11.00,6.00,"2243","2227",-16.00,0.00,0.00,"",0.00,253.00,239.00,222.00,1.00,1671.00,,,,,,
2016,7,9,6,2016-07-09,"AA",19805,"AA","2656",13930,"ORD","Chicago, IL","IL",14570,"RNO","Reno, NV","NV","1700","1656",-4.00,0.00,17.00,5.00,"1917","1906",-11.00,0.00,0.00,"",0.00,257.00,250.00,228.00,1.00,1671.00,,,,,,
2016,7,10,7,2016-07-10,"AA",19805,"AA","2656",13930,"ORD","Chicago, IL","IL",14570,"RNO","Reno, NV","NV","2135","2200",25.00,25.00,14.00,5.00,"2347","0017",30.00,30.00,0.00,"",0.00,252.00,257.00,238.00,1.00,1671.00,9.00,0.00,5.00,0.00,16.00,
2016,7,11,1,2016-07-11,"AA",19805,"AA","2656",13930,"ORD","Chicago, IL","IL",14570,"RNO","Reno, NV","NV","2030","2138",68.00,68.00,23.00,5.00,"2243","0002",79.00,79.00,0.00,"",0.00,253.00,264.00,236.00,1.00,1671.00,0.00,0.00,11.00,0.00,68.00,
2016,7,12,2,2016-07-12,"AA",19805,"AA","2656",13930,"ORD","Chicago, IL","IL",14570,"RNO","Reno, NV","NV","2030","2310",160.00,160.00,19.00,7.00,"2243","0126",163.00,163.00,0.00,"",0.00,253.00,256.00,230.00,1.00,1671.00,115.00,0.00,3.00,0.00,45.00,
2016,7,13,3,2016-07-13,"AA",19805,"AA","2656",13930,"ORD","Chicago, IL","IL",14570,"RNO","Reno, NV","NV","2030","",,,,,"2243","",,,1.00,"B",0.00,253.00,,,1.00,1671.00,,,,,,
2016,7,14,4,2016-07-14,"AA",19805,"AA","2656",13930,"ORD","Chicago, IL","IL",14570,"RNO","Reno, NV","NV","2030","2112",42.00,42.00,17.00,4.00,"2243","2325",42.00,42.00,0.00,"",0.00,253.00,253.00,232.00,1.00,1671.00,1.00,0.00,0.00,0.00,41.00,
2016,7,15,5,2016-07-15,"AA",19805,"AA","2656",13930,"ORD","Chicago, IL","IL",14570,"RNO","Reno, NV","NV","2030","2123",53.00,53.00,18.00,4.00,"2243","2350",67.00,67.00,0.00,"",0.00,253.00,267.00,245.00,1.00,1671.00,0.00,0.00,14.00,0.00,53.00,
2016,7,16,6,2016-07-16,"AA",19805,"AA","2656",13930,"ORD","Chicago, IL","IL",14570,"RNO","Reno, NV","NV","1700","1706",6.00,6.00,17.00,7.00,"1917","1930",13.00,13.00,0.00,"",0.00,257.00,264.00,240.00,1.00,1671.00,,,,,,
2016,7,17,7,2016-07-17,"AA",19805,"AA","2656",13930,"ORD","Chicago, IL","IL",14570,"RNO","Reno, NV","NV","2135","2158",23.00,23.00,17.00,5.00,"2347","0020",33.00,33.00,0.00,"",0.00,252.00,262.00,240.00,1.00,1671.00,21.00,0.00,10.00,0.00,2.00,
2016,7,18,1,2016-07-18,"AA",19805,"AA","2656",13930,"ORD","Chicago, IL","IL",14570,"RNO","Reno, NV","NV","2030","2031",1.00,1.00,16.00,4.00,"2243","2238",-5.00,0.00,0.00,"",0.00,253.00,247.00,227.00,1.00,1671.00,,,,,,
2016,7,19,2,2016-07-19,"AA",19805,"AA","2656",13930,"ORD","Chicago, IL","IL",14570,"RNO","Reno, NV","NV","2030","2139",69.00,69.00,25.00,5.00,"2243","2346",63.00,63.00,0.00,"",0.00,253.00,247.00,217.00,1.00,1671.00,54.00,0.00,0.00,0.00,9.00,
2016,7,20,3,2016-07-20,"AA",19805,"AA","2656",13930,"ORD","Chicago, IL","IL",14570,"RNO","Reno, NV","NV","2030","2029",-1.00,0.00,17.00,6.00,"2243","2231",-12.00,0.00,0.00,"",0.00,253.00,242.00,219.00,1.00,1671.00,,,,,,
2016,7,21,4,2016-07-21,"AA",19805,"AA","2656",13930,"ORD","Chicago, IL","IL",14570,"RNO","Reno, NV","NV","2030","2226",116.00,116.00,,,"2243","",,,1.00,"B",0.00,253.00,,,1.00,1671.00,,,,,,
2016,7,22,5,2016-07-22,"AA",19805,"AA","2656",13930,"ORD","Chicago, IL","IL",14570,"RNO","Reno, NV","NV","2030","2045",15.00,15.00,11.00,3.00,"2243","2250",7.00,7.00,0.00,"",0.00,253.00,245.00,231.00,1.00,1671.00,,,,,,
2016,7,23,6,2016-07-23,"AA",19805,"AA","2656",13930,"ORD","Chicago, IL","IL",14570,"RNO","Reno, NV","NV","1700","1656",-4.00,0.00,12.00,4.00,"1917","1856",-21.00,0.00,0.00,"",0.00,257.00,240.00,224.00,1.00,1671.00,,,,,,
2016,7,24,7,2016-07-24,"AA",19805,"AA","2656",13930,"ORD","Chicago, IL","IL",14570,"RNO","Reno, NV","NV","2135","2310",95.00,95.00,15.00,4.00,"2347","0121",94.00,94.00,0.00,"",0.00,252.00,251.00,232.00,1.00,1671.00,0.00,0.00,0.00,0.00,94.00,
2016,7,25,1,2016-07-25,"AA",19805,"AA","2656",13930,"ORD","Chicago, IL","IL",14570,"RNO","Reno, NV","NV","2030","0009",219.00,219.00,33.00,5.00,"2243","0234",231.00,231.00,0.00,"",0.00,253.00,265.00,227.00,1.00,1671.00,43.00,0.00,12.00,0.00,176.00,
2016,7,26,2,2016-07-26,"AA",19805,"AA","2656",13930,"ORD","Chicago, IL","IL",14570,"RNO","Reno, NV","NV","2030","2025",-5.00,0.00,25.00,6.00,"2243","2246",3.00,3.00,0.00,"",0.00,253.00,261.00,230.00,1.00,1671.00,,,,,,
2016,7,27,3,2016-07-27,"AA",19805,"AA","2656",13930,"ORD","Chicago, IL","IL",14570,"RNO","Reno, NV","NV","2030","2103",33.00,33.00,19.00,4.00,"2243","2312",29.00,29.00,0.00,"",0.00,253.00,249.00,226.00,1.00,1671.00,0.00,0.00,0.00,0.00,29.00,
2016,7,28,4,2016-07-28,"AA",19805,"AA","2656",13930,"ORD","Chicago, IL","IL",14570,"RNO","Reno, NV","NV","2030","0110",280.00,280.00,12.00,4.00,"2243","0314",271.00,271.00,0.00,"",0.00,253.00,244.00,228.00,1.00,1671.00,175.00,0.00,0.00,0.00,96.00,
2016,7,29,5,2016-07-29,"AA",19805,"AA","2656",13930,"ORD","Chicago, IL","IL",14570,"RNO","Reno, NV","NV","2030","2308",158.00,158.00,19.00,4.00,"2243","0110",147.00,147.00,0.00,"",0.00,253.00,242.00,219.00,1.00,1671.00,72.00,0.00,0.00,0.00,75.00,
2016,7,30,6,2016-07-30,"AA",19805,"AA","2656",13930,"ORD","Chicago, IL","IL",14570,"RNO","Reno, NV","NV","1700","1700",0.00,0.00,18.00,6.00,"1917","1905",-12.00,0.00,0.00,"",0.00,257.00,245.00,221.00,1.00,1671.00,,,,,,
2016,7,31,7,2016-07-31,"AA",19805,"AA","2656",13930,"ORD","Chicago, IL","IL",14570,"RNO","Reno, NV","NV","2135","2213",38.00,38.00,15.00,3.00,"2347","0016",29.00,29.00,0.00,"",0.00,252.00,243.00,225.00,1.00,1671.00,18.00,0.00,0.00,0.00,11.00,
2016,7,1,5,2016-07-01,"AA",19805,"AA","2657",13303,"MIA","Miami, FL","FL",13204,"MCO","Orlando, FL","FL","0700","0656",-4.00,0.00,28.00,12.00,"0805","0812",7.00,7.00,0.00,"",0.00,65.00,76.00,36.00,1.00,192.00,,,,,,
2016,7,2,6,2016-07-02,"AA",19805,"AA","2657",13303,"MIA","Miami, FL","FL",13204,"MCO","Orlando, FL","FL","0700","0656",-4.00,0.00,14.00,7.00,"0805","0756",-9.00,0.00,0.00,"",0.00,65.00,60.00,39.00,1.00,192.00,,,,,,
2016,7,3,7,2016-07-03,"AA",19805,"AA","2657",13303,"MIA","Miami, FL","FL",13204,"MCO","Orlando, FL","FL","0700","0737",37.00,37.00,10.00,7.00,"0805","0832",27.00,27.00,0.00,"",0.00,65.00,55.00,38.00,1.00,192.00,0.00,0.00,0.00,0.00,27.00,
2016,7,4,1,2016-07-04,"AA",19805,"AA","2657",13303,"MIA","Miami, FL","FL",13204,"MCO","Orlando, FL","FL","0700","0653",-7.00,0.00,12.00,9.00,"0805","0751",-14.00,0.00,0.00,"",0.00,65.00,58.00,37.00,1.00,192.00,,,,,,
2016,7,5,2,2016-07-05,"AA",19805,"AA","2657",13303,"MIA","Miami, FL","FL",13204,"MCO","Orlando, FL","FL","0703","0659",-4.00,0.00,19.00,10.00,"0809","0810",1.00,1.00,0.00,"",0.00,66.00,71.00,42.00,1.00,192.00,,,,,,
2016,7,6,3,2016-07-06,"AA",19805,"AA","2657",13303,"MIA","Miami, FL","FL",13204,"MCO","Orlando, FL","FL","0703","0658",-5.00,0.00,19.00,5.00,"0809","0801",-8.00,0.00,0.00,"",0.00,66.00,63.00,39.00,1.00,192.00,,,,,,
2016,7,7,4,2016-07-07,"AA",19805,"AA","2657",13303,"MIA","Miami, FL","FL",13204,"MCO","Orlando, FL","FL","0703","0729",26.00,26.00,23.00,10.00,"0809","0842",33.00,33.00,0.00,"",0.00,66.00,73.00,40.00,1.00,192.00,26.00,0.00,7.00,0.00,0.00,
2016,7,8,5,2016-07-08,"AA",19805,"AA","2657",13303,"MIA","Miami, FL","FL",13204,"MCO","Orlando, FL","FL","0703","0657",-6.00,0.00,14.00,10.00,"0809","0759",-10.00,0.00,0.00,"",0.00,66.00,62.00,38.00,1.00,192.00,,,,,,
2016,7,9,6,2016-07-09,"AA",19805,"AA","2657",13303,"MIA","Miami, FL","FL",13204,"MCO","Orlando, FL","FL","0703","0700",-3.00,0.00,13.00,12.00,"0809","0802",-7.00,0.00,0.00,"",0.00,66.00,62.00,37.00,1.00,192.00,,,,,,
2016,7,10,7,2016-07-10,"AA",19805,"AA","2657",13303,"MIA","Miami, FL","FL",13204,"MCO","Orlando, FL","FL","0703","0658",-5.00,0.00,19.00,10.00,"0809","0804",-5.00,0.00,0.00,"",0.00,66.00,66.00,37.00,1.00,192.00,,,,,,
2016,7,11,1,2016-07-11,"AA",19805,"AA","2657",13303,"MIA","Miami, FL","FL",13204,"MCO","Orlando, FL","FL","0703","0655",-8.00,0.00,11.00,9.00,"0809","0757",-12.00,0.00,0.00,"",0.00,66.00,62.00,42.00,1.00,192.00,,,,,,
2016,7,12,2,2016-07-12,"AA",19805,"AA","2657",13303,"MIA","Miami, FL","FL",13204,"MCO","Orlando, FL","FL","0703","0652",-11.00,0.00,10.00,8.00,"0809","0746",-23.00,0.00,0.00,"",0.00,66.00,54.00,36.00,1.00,192.00,,,,,,
2016,7,13,3,2016-07-13,"AA",19805,"AA","2657",13303,"MIA","Miami, FL","FL",13204,"MCO","Orlando, FL","FL","0703","0653",-10.00,0.00,21.00,7.00,"0809","0800",-9.00,0.00,0.00,"",0.00,66.00,67.00,39.00,1.00,192.00,,,,,,
2016,7,14,4,2016-07-14,"AA",19805,"AA","2657",13303,"MIA","Miami, FL","FL",13204,"MCO","Orlando, FL","FL","0703","0657",-6.00,0.00,14.00,9.00,"0809","0800",-9.00,0.00,0.00,"",0.00,66.00,63.00,40.00,1.00,192.00,,,,,,
2016,7,15,5,2016-07-15,"AA",19805,"AA","2657",13303,"MIA","Miami, FL","FL",13204,"MCO","Orlando, FL","FL","0703","0702",-1.00,0.00,37.00,10.00,"0809","0828",19.00,19.00,0.00,"",0.00,66.00,86.00,39.00,1.00,192.00,0.00,0.00,19.00,0.00,0.00,
2016,7,16,6,2016-07-16,"AA",19805,"AA","2657",13303,"MIA","Miami, FL","FL",13204,"MCO","Orlando, FL","FL","0703","0658",-5.00,0.00,33.00,12.00,"0809","0822",13.00,13.00,0.00,"",0.00,66.00,84.00,39.00,1.00,192.00,,,,,,
2016,7,17,7,2016-07-17,"AA",19805,"AA","2657",13303,"MIA","Miami, FL","FL",13204,"MCO","Orlando, FL","FL","0703","0653",-10.00,0.00,10.00,8.00,"0809","0750",-19.00,0.00,0.00,"",0.00,66.00,57.00,39.00,1.00,192.00,,,,,,
2016,7,18,1,2016-07-18,"AA",19805,"AA","2657",13303,"MIA","Miami, FL","FL",13204,"MCO","Orlando, FL","FL","0703","0710",7.00,7.00,20.00,8.00,"0809","0815",6.00,6.00,0.00,"",0.00,66.00,65.00,37.00,1.00,192.00,,,,,,
2016,7,19,2,2016-07-19,"AA",19805,"AA","2657",13303,"MIA","Miami, FL","FL",13204,"MCO","Orlando, FL","FL","0703","0704",1.00,1.00,17.00,12.00,"0809","0808",-1.00,0.00,0.00,"",0.00,66.00,64.00,35.00,1.00,192.00,,,,,,
2016,7,20,3,2016-07-20,"AA",19805,"AA","2657",13303,"MIA","Miami, FL","FL",13204,"MCO","Orlando, FL","FL","0703","0712",9.00,9.00,22.00,12.00,"0809","0819",10.00,10.00,0.00,"",0.00,66.00,67.00,33.00,1.00,192.00,,,,,,
2016,7,21,4,2016-07-21,"AA",19805,"AA","2657",13303,"MIA","Miami, FL","FL",13204,"MCO","Orlando, FL","FL","0703","0740",37.00,37.00,21.00,9.00,"0809","0855",46.00,46.00,0.00,"",0.00,66.00,75.00,45.00,1.00,192.00,0.00,37.00,9.00,0.00,0.00,
2016,7,22,5,2016-07-22,"AA",19805,"AA","2657",13303,"MIA","Miami, FL","FL",13204,"MCO","Orlando, FL","FL","0703","0701",-2.00,0.00,15.00,9.00,"0809","0802",-7.00,0.00,0.00,"",0.00,66.00,61.00,37.00,1.00,192.00,,,,,,
2016,7,23,6,2016-07-23,"AA",19805,"AA","2657",13303,"MIA","Miami, FL","FL",13204,"MCO","Orlando, FL","FL","0703","0746",43.00,43.00,13.00,8.00,"0809","0846",37.00,37.00,0.00,"",0.00,66.00,60.00,39.00,1.00,192.00,0.00,0.00,0.00,0.00,37.00,
2016,7,24,7,2016-07-24,"AA",19805,"AA","2657",13303,"MIA","Miami, FL","FL",13204,"MCO","Orlando, FL","FL","0703","0657",-6.00,0.00,13.00,8.00,"0809","0755",-14.00,0.00,0.00,"",0.00,66.00,58.00,37.00,1.00,192.00,,,,,,
2016,7,25,1,2016-07-25,"AA",19805,"AA","2657",13303,"MIA","Miami, FL","FL",13204,"MCO","Orlando, FL","FL","0703","0657",-6.00,0.00,21.00,10.00,"0809","0805",-4.00,0.00,0.00,"",0.00,66.00,68.00,37.00,1.00,192.00,,,,,,
2016,7,26,2,2016-07-26,"AA",19805,"AA","2657",13303,"MIA","Miami, FL","FL",13204,"MCO","Orlando, FL","FL","0703","0703",0.00,0.00,15.00,9.00,"0809","0804",-5.00,0.00,0.00,"",0.00,66.00,61.00,37.00,1.00,192.00,,,,,,
2016,7,27,3,2016-07-27,"AA",19805,"AA","2657",13303,"MIA","Miami, FL","FL",13204,"MCO","Orlando, FL","FL","0703","0700",-3.00,0.00,22.00,14.00,"0809","0813",4.00,4.00,0.00,"",0.00,66.00,73.00,37.00,1.00,192.00,,,,,,
2016,7,28,4,2016-07-28,"AA",19805,"AA","2657",13303,"MIA","Miami, FL","FL",13204,"MCO","Orlando, FL","FL","0703","0701",-2.00,0.00,16.00,9.00,"0809","0803",-6.00,0.00,0.00,"",0.00,66.00,62.00,37.00,1.00,192.00,,,,,,
2016,7,29,5,2016-07-29,"AA",19805,"AA","2657",13303,"MIA","Miami, FL","FL",13204,"MCO","Orlando, FL","FL","0703","0657",-6.00,0.00,20.00,9.00,"0809","0802",-7.00,0.00,0.00,"",0.00,66.00,65.00,36.00,1.00,192.00,,,,,,
2016,7,30,6,2016-07-30,"AA",19805,"AA","2657",13303,"MIA","Miami, FL","FL",13204,"MCO","Orlando, FL","FL","0703","0705",2.00,2.00,21.00,10.00,"0809","0814",5.00,5.00,0.00,"",0.00,66.00,69.00,38.00,1.00,192.00,,,,,,
2016,7,31,7,2016-07-31,"AA",19805,"AA","2657",13303,"MIA","Miami, FL","FL",13204,"MCO","Orlando, FL","FL","0703","0756",53.00,53.00,11.00,10.00,"0809","0857",48.00,48.00,0.00,"",0.00,66.00,61.00,40.00,1.00,192.00,48.00,0.00,0.00,0.00,0.00,
2016,7,1,5,2016-07-01,"AA",19805,"AA","2658",11057,"CLT","Charlotte, NC","NC",12478,"JFK","New York, NY","NY","2000","2107",67.00,67.00,15.00,20.00,"2155","0009",134.00,134.00,0.00,"",0.00,115.00,182.00,147.00,1.00,541.00,0.00,0.00,105.00,0.00,29.00,
2016,7,2,6,2016-07-02,"AA",19805,"AA","2658",11057,"CLT","Charlotte, NC","NC",12478,"JFK","New York, NY","NY","2000","2000",0.00,0.00,39.00,16.00,"2155","2217",22.00,22.00,0.00,"",0.00,115.00,137.00,82.00,1.00,541.00,0.00,0.00,22.00,0.00,0.00,
2016,7,3,7,2016-07-03,"AA",19805,"AA","2658",11057,"CLT","Charlotte, NC","NC",12478,"JFK","New York, NY","NY","2000","2018",18.00,18.00,19.00,7.00,"2155","2203",8.00,8.00,0.00,"",0.00,115.00,105.00,79.00,1.00,541.00,,,,,,
2016,7,4,1,2016-07-04,"AA",19805,"AA","2658",11057,"CLT","Charlotte, NC","NC",12478,"JFK","New York, NY","NY","2000","1958",-2.00,0.00,18.00,11.00,"2155","2143",-12.00,0.00,0.00,"",0.00,115.00,105.00,76.00,1.00,541.00,,,,,,
2016,7,5,2,2016-07-05,"AA",19805,"AA","2658",11057,"CLT","Charlotte, NC","NC",12478,"JFK","New York, NY","NY","2000","2157",117.00,117.00,24.00,5.00,"2155","2341",106.00,106.00,0.00,"",0.00,115.00,104.00,75.00,1.00,541.00,0.00,7.00,0.00,0.00,99.00,
2016,7,6,3,2016-07-06,"AA",19805,"AA","2658",11057,"CLT","Charlotte, NC","NC",12478,"JFK","New York, NY","NY","2000","2017",17.00,17.00,37.00,6.00,"2155","2223",28.00,28.00,0.00,"",0.00,115.00,126.00,83.00,1.00,541.00,8.00,0.00,11.00,0.00,9.00,
2016,7,7,4,2016-07-07,"AA",19805,"AA","2658",11057,"CLT","Charlotte, NC","NC",12478,"JFK","New York, NY","NY","2000","2000",0.00,0.00,29.00,22.00,"2155","2218",23.00,23.00,0.00,"",0.00,115.00,138.00,87.00,1.00,541.00,0.00,0.00,23.00,0.00,0.00,
2016,7,8,5,2016-07-08,"AA",19805,"AA","2658",11057,"CLT","Charlotte, NC","NC",12478,"JFK","New York, NY","NY","2000","2212",132.00,132.00,26.00,25.00,"2155","0027",152.00,152.00,0.00,"",0.00,115.00,135.00,84.00,1.00,541.00,0.00,122.00,20.00,0.00,10.00,
2016,7,9,6,2016-07-09,"AA",19805,"AA","2658",11057,"CLT","Charlotte, NC","NC",12478,"JFK","New York, NY","NY","2000","2036",36.00,36.00,35.00,10.00,"2155","2248",53.00,53.00,0.00,"",0.00,115.00,132.00,87.00,1.00,541.00,0.00,0.00,53.00,0.00,0.00,
2016,7,10,7,2016-07-10,"AA",19805,"AA","2658",11057,"CLT","Charlotte, NC","NC",12478,"JFK","New York, NY","NY","2000","2004",4.00,4.00,32.00,13.00,"2155","2213",18.00,18.00,0.00,"",0.00,115.00,129.00,84.00,1.00,541.00,4.00,0.00,14.00,0.00,0.00,
2016,7,11,1,2016-07-11,"AA",19805,"AA","2658",11057,"CLT","Charlotte, NC","NC",12478,"JFK","New York, NY","NY","2000","1958",-2.00,0.00,23.00,6.00,"2155","2151",-4.00,0.00,0.00,"",0.00,115.00,113.00,84.00,1.00,541.00,,,,,,
2016,7,12,2,2016-07-12,"AA",19805,"AA","2658",11057,"CLT","Charlotte, NC","NC",12478,"JFK","New York, NY","NY","2000","2004",4.00,4.00,21.00,18.00,"2155","2204",9.00,9.00,0.00,"",0.00,115.00,120.00,81.00,1.00,541.00,,,,,,
2016,7,13,3,2016-07-13,"AA",19805,"AA","2658",11057,"CLT","Charlotte, NC","NC",12478,"JFK","New York, NY","NY","2000","0905",785.00,785.00,14.00,11.00,"2155","1049",774.00,774.00,0.00,"",0.00,115.00,104.00,79.00,1.00,541.00,761.00,0.00,0.00,0.00,13.00,
2016,7,14,4,2016-07-14,"AA",19805,"AA","2658",11057,"CLT","Charlotte, NC","NC",12478,"JFK","New York, NY","NY","2000","2101",61.00,61.00,17.00,7.00,"2155","2244",49.00,49.00,0.00,"",0.00,115.00,103.00,79.00,1.00,541.00,0.00,0.00,49.00,0.00,0.00,
2016,7,15,5,2016-07-15,"AA",19805,"AA","2658",11057,"CLT","Charlotte, NC","NC",12478,"JFK","New York, NY","NY","2000","2105",65.00,65.00,29.00,14.00,"2155","2313",78.00,78.00,0.00,"",0.00,115.00,128.00,85.00,1.00,541.00,0.00,20.00,13.00,0.00,45.00,
2016,7,16,6,2016-07-16,"AA",19805,"AA","2658",11057,"CLT","Charlotte, NC","NC",12478,"JFK","New York, NY","NY","2000","2006",6.00,6.00,26.00,17.00,"2155","2244",49.00,49.00,0.00,"",0.00,115.00,158.00,115.00,1.00,541.00,0.00,6.00,43.00,0.00,0.00,
2016,7,17,7,2016-07-17,"AA",19805,"AA","2658",11057,"CLT","Charlotte, NC","NC",12478,"JFK","New York, NY","NY","2000","2056",56.00,56.00,15.00,14.00,"2155","2250",55.00,55.00,0.00,"",0.00,115.00,114.00,85.00,1.00,541.00,12.00,0.00,0.00,0.00,43.00,
2016,7,18,1,2016-07-18,"AA",19805,"AA","2658",11057,"CLT","Charlotte, NC","NC",12478,"JFK","New York, NY","NY","2000","2024",24.00,24.00,11.00,15.00,"2155","2219",24.00,24.00,0.00,"",0.00,115.00,115.00,89.00,1.00,541.00,0.00,0.00,17.00,0.00,7.00,
2016,7,19,2,2016-07-19,"AA",19805,"AA","2658",11057,"CLT","Charlotte, NC","NC",12478,"JFK","New York, NY","NY","2000","2004",4.00,4.00,21.00,14.00,"2155","2200",5.00,5.00,0.00,"",0.00,115.00,116.00,81.00,1.00,541.00,,,,,,
2016,7,20,3,2016-07-20,"AA",19805,"AA","2658",11057,"CLT","Charlotte, NC","NC",12478,"JFK","New York, NY","NY","2000","2027",27.00,27.00,17.00,27.00,"2155","2256",61.00,61.00,0.00,"",0.00,115.00,149.00,105.00,1.00,541.00,13.00,0.00,34.00,0.00,14.00,
2016,7,21,4,2016-07-21,"AA",19805,"AA","2658",11057,"CLT","Charlotte, NC","NC",12478,"JFK","New York, NY","NY","2000","2039",39.00,39.00,28.00,14.00,"2155","2257",62.00,62.00,0.00,"",0.00,115.00,138.00,96.00,1.00,541.00,0.00,39.00,23.00,0.00,0.00,
2016,7,22,5,2016-07-22,"AA",19805,"AA","2658",11057,"CLT","Charlotte, NC","NC",12478,"JFK","New York, NY","NY","2000","2023",23.00,23.00,32.00,17.00,"2155","2252",57.00,57.00,0.00,"",0.00,115.00,149.00,100.00,1.00,541.00,0.00,0.00,42.00,0.00,15.00,
2016,7,23,6,2016-07-23,"AA",19805,"AA","2658",11057,"CLT","Charlotte, NC","NC",12478,"JFK","New York, NY","NY","2000","2041",41.00,41.00,11.00,4.00,"2155","2240",45.00,45.00,0.00,"",0.00,115.00,119.00,104.00,1.00,541.00,41.00,0.00,4.00,0.00,0.00,
2016,7,24,7,2016-07-24,"AA",19805,"AA","2658",11057,"CLT","Charlotte, NC","NC",12478,"JFK","New York, NY","NY","2000","2011",11.00,11.00,51.00,7.00,"2155","2237",42.00,42.00,0.00,"",0.00,115.00,146.00,88.00,1.00,541.00,11.00,0.00,31.00,0.00,0.00,
2016,7,25,1,2016-07-25,"AA",19805,"AA","2658",11057,"CLT","Charlotte, NC","NC",12478,"JFK","New York, NY","NY","2000","2238",158.00,158.00,19.00,10.00,"2155","0058",183.00,183.00,0.00,"",0.00,115.00,140.00,111.00,1.00,541.00,0.00,113.00,25.00,0.00,45.00,
2016,7,26,2,2016-07-26,"AA",19805,"AA","2658",11057,"CLT","Charlotte, NC","NC",12478,"JFK","New York, NY","NY","2000","2003",3.00,3.00,16.00,17.00,"2155","2256",61.00,61.00,0.00,"",0.00,115.00,173.00,140.00,1.00,541.00,3.00,0.00,58.00,0.00,0.00,
2016,7,27,3,2016-07-27,"AA",19805,"AA","2658",11057,"CLT","Charlotte, NC","NC",12478,"JFK","New York, NY","NY","2000","2112",72.00,72.00,28.00,16.00,"2155","2326",91.00,91.00,0.00,"",0.00,115.00,134.00,90.00,1.00,541.00,1.00,0.00,19.00,0.00,71.00,
2016,7,28,4,2016-07-28,"AA",19805,"AA","2658",11057,"CLT","Charlotte, NC","NC",12478,"JFK","New York, NY","NY","2000","2133",93.00,93.00,36.00,10.00,"2155","0015",140.00,140.00,0.00,"",0.00,115.00,162.00,116.00,1.00,541.00,0.00,0.00,47.00,0.00,93.00,
2016,7,29,5,2016-07-29,"AA",19805,"AA","2658",11057,"CLT","Charlotte, NC","NC",12478,"JFK","New York, NY","NY","2000","2029",29.00,29.00,24.00,15.00,"2155","2232",37.00,37.00,0.00,"",0.00,115.00,123.00,84.00,1.00,541.00,19.00,0.00,8.00,0.00,10.00,
2016,7,30,6,2016-07-30,"AA",19805,"AA","2658",11057,"CLT","Charlotte, NC","NC",12478,"JFK","New York, NY","NY","2000","2041",41.00,41.00,12.00,10.00,"2155","2326",91.00,91.00,0.00,"",0.00,115.00,165.00,143.00,1.00,541.00,0.00,0.00,91.00,0.00,0.00,
2016,7,31,7,2016-07-31,"AA",19805,"AA","2658",11057,"CLT","Charlotte, NC","NC",12478,"JFK","New York, NY","NY","2000","2151",111.00,111.00,16.00,12.00,"2155","2338",103.00,103.00,0.00,"",0.00,115.00,107.00,79.00,1.00,541.00,0.00,0.00,103.00,0.00,0.00,
2016,7,1,5,2016-07-01,"AA",19805,"AA","2658",11298,"DFW","Dallas/Fort Worth, TX","TX",11057,"CLT","Charlotte, NC","NC","1530","1617",47.00,47.00,15.00,8.00,"1908","1939",31.00,31.00,0.00,"",0.00,158.00,142.00,119.00,1.00,936.00,3.00,0.00,0.00,0.00,28.00,
2016,7,2,6,2016-07-02,"AA",19805,"AA","2658",11298,"DFW","Dallas/Fort Worth, TX","TX",11057,"CLT","Charlotte, NC","NC","1530","1539",9.00,9.00,11.00,7.00,"1908","1856",-12.00,0.00,0.00,"",0.00,158.00,137.00,119.00,1.00,936.00,,,,,,
2016,7,3,7,2016-07-03,"AA",19805,"AA","2658",11298,"DFW","Dallas/Fort Worth, TX","TX",11057,"CLT","Charlotte, NC","NC","1530","1554",24.00,24.00,17.00,5.00,"1908","1922",14.00,14.00,0.00,"",0.00,158.00,148.00,126.00,1.00,936.00,,,,,,
2016,7,4,1,2016-07-04,"AA",19805,"AA","2658",11298,"DFW","Dallas/Fort Worth, TX","TX",11057,"CLT","Charlotte, NC","NC","1530","1541",11.00,11.00,12.00,8.00,"1908","1907",-1.00,0.00,0.00,"",0.00,158.00,146.00,126.00,1.00,936.00,,,,,,
2016,7,5,2,2016-07-05,"AA",19805,"AA","2658",11298,"DFW","Dallas/Fort Worth, TX","TX",11057,"CLT","Charlotte, NC","NC","1530","1709",99.00,99.00,18.00,31.00,"1908","2059",111.00,111.00,0.00,"",0.00,158.00,170.00,121.00,1.00,936.00,0.00,0.00,111.00,0.00,0.00,
2016,7,6,3,2016-07-06,"AA",19805,"AA","2658",11298,"DFW","Dallas/Fort Worth, TX","TX",11057,"CLT","Charlotte, NC","NC","1530","1536",6.00,6.00,11.00,22.00,"1908","1919",11.00,11.00,0.00,"",0.00,158.00,163.00,130.00,1.00,936.00,,,,,,
2016,7,7,4,2016-07-07,"AA",19805,"AA","2658",11298,"DFW","Dallas/Fort Worth, TX","TX",11057,"CLT","Charlotte, NC","NC","1530","1529",-1.00,0.00,11.00,12.00,"1908","1911",3.00,3.00,0.00,"",0.00,158.00,162.00,139.00,1.00,936.00,,,,,,
2016,7,8,5,2016-07-08,"AA",19805,"AA","2658",11298,"DFW","Dallas/Fort Worth, TX","TX",11057,"CLT","Charlotte, NC","NC","1530","1550",20.00,20.00,14.00,9.00,"1908","1920",12.00,12.00,0.00,"",0.00,158.00,150.00,127.00,1.00,936.00,,,,,,
2016,7,9,6,2016-07-09,"AA",19805,"AA","2658",11298,"DFW","Dallas/Fort Worth, TX","TX",11057,"CLT","Charlotte, NC","NC","1530","1528",-2.00,0.00,9.00,29.00,"1908","1907",-1.00,0.00,0.00,"",0.00,158.00,159.00,121.00,1.00,936.00,,,,,,
2016,7,10,7,2016-07-10,"AA",19805,"AA","2658",11298,"DFW","Dallas/Fort Worth, TX","TX",11057,"CLT","Charlotte, NC","NC","1530","1529",-1.00,0.00,18.00,11.00,"1908","1901",-7.00,0.00,0.00,"",0.00,158.00,152.00,123.00,1.00,936.00,,,,,,
2016,7,11,1,2016-07-11,"AA",19805,"AA","2658",11298,"DFW","Dallas/Fort Worth, TX","TX",11057,"CLT","Charlotte, NC","NC","1530","1529",-1.00,0.00,12.00,10.00,"1908","1858",-10.00,0.00,0.00,"",0.00,158.00,149.00,127.00,1.00,936.00,,,,,,
2016,7,12,2,2016-07-12,"AA",19805,"AA","2658",11298,"DFW","Dallas/Fort Worth, TX","TX",11057,"CLT","Charlotte, NC","NC","1530","1527",-3.00,0.00,12.00,10.00,"1908","1855",-13.00,0.00,0.00,"",0.00,158.00,148.00,126.00,1.00,936.00,,,,,,
2016,7,13,3,2016-07-13,"AA",19805,"AA","2658",11298,"DFW","Dallas/Fort Worth, TX","TX",11057,"CLT","Charlotte, NC","NC","1530","1541",11.00,11.00,21.00,20.00,"1908","1923",15.00,15.00,0.00,"",0.00,158.00,162.00,121.00,1.00,936.00,11.00,0.00,4.00,0.00,0.00,
2016,7,14,4,2016-07-14,"AA",19805,"AA","2658",11298,"DFW","Dallas/Fort Worth, TX","TX",11057,"CLT","Charlotte, NC","NC","1530","1527",-3.00,0.00,11.00,7.00,"1908","1900",-8.00,0.00,0.00,"",0.00,158.00,153.00,135.00,1.00,936.00,,,,,,
2016,7,15,5,2016-07-15,"AA",19805,"AA","2658",11298,"DFW","Dallas/Fort Worth, TX","TX",11057,"CLT","Charlotte, NC","NC","1530","1607",37.00,37.00,13.00,15.00,"1908","1955",47.00,47.00,0.00,"",0.00,158.00,168.00,140.00,1.00,936.00,37.00,0.00,10.00,0.00,0.00,
2016,7,16,6,2016-07-16,"AA",19805,"AA","2658",11298,"DFW","Dallas/Fort Worth, TX","TX",11057,"CLT","Charlotte, NC","NC","1530","1528",-2.00,0.00,8.00,17.00,"1908","1908",0.00,0.00,0.00,"",0.00,158.00,160.00,135.00,1.00,936.00,,,,,,
2016,7,17,7,2016-07-17,"AA",19805,"AA","2658",11298,"DFW","Dallas/Fort Worth, TX","TX",11057,"CLT","Charlotte, NC","NC","1530","1628",58.00,58.00,12.00,8.00,"1908","1954",46.00,46.00,0.00,"",0.00,158.00,146.00,126.00,1.00,936.00,46.00,0.00,0.00,0.00,0.00,
2016,7,18,1,2016-07-18,"AA",19805,"AA","2658",11298,"DFW","Dallas/Fort Worth, TX","TX",11057,"CLT","Charlotte, NC","NC","1530","1550",20.00,20.00,13.00,10.00,"1908","1917",9.00,9.00,0.00,"",0.00,158.00,147.00,124.00,1.00,936.00,,,,,,
2016,7,19,2,2016-07-19,"AA",19805,"AA","2658",11298,"DFW","Dallas/Fort Worth, TX","TX",11057,"CLT","Charlotte, NC","NC","1530","1528",-2.00,0.00,11.00,8.00,"1908","1858",-10.00,0.00,0.00,"",0.00,158.00,150.00,131.00,1.00,936.00,,,,,,
2016,7,20,3,2016-07-20,"AA",19805,"AA","2658",11298,"DFW","Dallas/Fort Worth, TX","TX",11057,"CLT","Charlotte, NC","NC","1530","1553",23.00,23.00,17.00,7.00,"1908","1924",16.00,16.00,0.00,"",0.00,158.00,151.00,127.00,1.00,936.00,16.00,0.00,0.00,0.00,0.00,
2016,7,21,4,2016-07-21,"AA",19805,"AA","2658",11298,"DFW","Dallas/Fort Worth, TX","TX",11057,"CLT","Charlotte, NC","NC","1530","1538",8.00,8.00,11.00,15.00,"1908","1909",1.00,1.00,0.00,"",0.00,158.00,151.00,125.00,1.00,936.00,,,,,,
2016,7,22,5,2016-07-22,"AA",19805,"AA","2658",11298,"DFW","Dallas/Fort Worth, TX","TX",11057,"CLT","Charlotte, NC","NC","1530","1532",2.00,2.00,25.00,19.00,"1908","1925",17.00,17.00,0.00,"",0.00,158.00,173.00,129.00,1.00,936.00,2.00,0.00,15.00,0.00,0.00,
2016,7,23,6,2016-07-23,"AA",19805,"AA","2658",11298,"DFW","Dallas/Fort Worth, TX","TX",11057,"CLT","Charlotte, NC","NC","1530","1529",-1.00,0.00,19.00,8.00,"1908","1907",-1.00,0.00,0.00,"",0.00,158.00,158.00,131.00,1.00,936.00,,,,,,
2016,7,24,7,2016-07-24,"AA",19805,"AA","2658",11298,"DFW","Dallas/Fort Worth, TX","TX",11057,"CLT","Charlotte, NC","NC","1530","1538",8.00,8.00,12.00,10.00,"1908","1906",-2.00,0.00,0.00,"",0.00,158.00,148.00,126.00,1.00,936.00,,,,,,
2016,7,25,1,2016-07-25,"AA",19805,"AA","2658",11298,"DFW","Dallas/Fort Worth, TX","TX",11057,"CLT","Charlotte, NC","NC","1530","1530",0.00,0.00,60.00,10.00,"1908","1955",47.00,47.00,0.00,"",0.00,158.00,205.00,135.00,1.00,936.00,0.00,0.00,47.00,0.00,0.00,
2016,7,26,2,2016-07-26,"AA",19805,"AA","2658",11298,"DFW","Dallas/Fort Worth, TX","TX",11057,"CLT","Charlotte, NC","NC","1530","1530",0.00,0.00,13.00,13.00,"1908","1903",-5.00,0.00,0.00,"",0.00,158.00,153.00,127.00,1.00,936.00,,,,,,
2016,7,27,3,2016-07-27,"AA",19805,"AA","2658",11298,"DFW","Dallas/Fort Worth, TX","TX",11057,"CLT","Charlotte, NC","NC","1530","1615",45.00,45.00,41.00,8.00,"1908","2021",73.00,73.00,0.00,"",0.00,158.00,186.00,137.00,1.00,936.00,0.00,45.00,28.00,0.00,0.00,
2016,7,28,4,2016-07-28,"AA",19805,"AA","2658",11298,"DFW","Dallas/Fort Worth, TX","TX",11057,"CLT","Charlotte, NC","NC","1530","1654",84.00,84.00,36.00,16.00,"1908","2046",98.00,98.00,0.00,"",0.00,158.00,172.00,120.00,1.00,936.00,16.00,0.00,14.00,0.00,68.00,
2016,7,29,5,2016-07-29,"AA",19805,"AA","2658",11298,"DFW","Dallas/Fort Worth, TX","TX",11057,"CLT","Charlotte, NC","NC","1530","1601",31.00,31.00,9.00,10.00,"1908","1920",12.00,12.00,0.00,"",0.00,158.00,139.00,120.00,1.00,936.00,,,,,,
2016,7,30,6,2016-07-30,"AA",19805,"AA","2658",11298,"DFW","Dallas/Fort Worth, TX","TX",11057,"CLT","Charlotte, NC","NC","1530","1532",2.00,2.00,12.00,7.00,"1908","1907",-1.00,0.00,0.00,"",0.00,158.00,155.00,136.00,1.00,936.00,,,,,,
2016,7,1,5,2016-07-01,"AA",19805,"AA","1973",11057,"CLT","Charlotte, NC","NC",12339,"IND","Indianapolis, IN","IN","1312","1306",-6.00,0.00,41.00,5.00,"1448","1502",14.00,14.00,0.00,"",0.00,96.00,116.00,70.00,1.00,427.00,,,,,,
2016,7,1,5,2016-07-01,"AA",19805,"AA","1973",13495,"MSY","New Orleans, LA","LA",11057,"CLT","Charlotte, NC","NC","0915","0912",-3.00,0.00,9.00,15.00,"1209","1209",0.00,0.00,0.00,"",0.00,114.00,117.00,93.00,1.00,651.00,,,,,,
2016,7,1,5,2016-07-01,"AA",19805,"AA","1974",14100,"PHL","Philadelphia, PA","PA",11697,"FLL","Fort Lauderdale, FL","FL","2000","1958",-2.00,0.00,11.00,3.00,"2240","2228",-12.00,0.00,0.00,"",0.00,160.00,150.00,136.00,1.00,992.00,,,,,,
2016,7,1,5,2016-07-01,"AA",19805,"AA","1975",11057,"CLT","Charlotte, NC","NC",12892,"LAX","Los Angeles, CA","CA","2020","2020",0.00,0.00,20.00,81.00,"2229","2330",61.00,61.00,0.00,"",0.00,309.00,370.00,269.00,1.00,2125.00,0.00,0.00,61.00,0.00,0.00,
2016,7,1,5,2016-07-01,"AA",19805,"AA","1976",14107,"PHX","Phoenix, AZ","AZ",11057,"CLT","Charlotte, NC","NC","1212","1219",7.00,7.00,17.00,8.00,"1919","1915",-4.00,0.00,0.00,"",0.00,247.00,236.00,211.00,1.00,1773.00,,,,,,
2016,7,1,5,2016-07-01,"AA",19805,"AA","1976",14771,"SFO","San Francisco, CA","CA",14107,"PHX","Phoenix, AZ","AZ","0910","0933",23.00,23.00,12.00,4.00,"1108","1121",13.00,13.00,0.00,"",0.00,118.00,108.00,92.00,1.00,651.00,,,,,,
2016,7,1,5,2016-07-01,"AA",19805,"AA","1977",11057,"CLT","Charlotte, NC","NC",12339,"IND","Indianapolis, IN","IN","1135","1138",3.00,3.00,18.00,5.00,"1312","1305",-7.00,0.00,0.00,"",0.00,97.00,87.00,64.00,1.00,427.00,,,,,,
2016,7,1,5,2016-07-01,"AA",19805,"AA","1977",14492,"RDU","Raleigh/Durham, NC","NC",11057,"CLT","Charlotte, NC","NC","0935","0944",9.00,9.00,45.00,4.00,"1040","1100",20.00,20.00,0.00,"",0.00,65.00,76.00,27.00,1.00,130.00,0.00,0.00,11.00,0.00,9.00,
2016,7,1,5,2016-07-01,"AA",19805,"AA","1978",11042,"CLE","Cleveland, OH","OH",11057,"CLT","Charlotte, NC","NC","0655","0650",-5.00,0.00,9.00,8.00,"0833","0817",-16.00,0.00,0.00,"",0.00,98.00,87.00,70.00,1.00,430.00,,,,,,
2016,7,1,5,2016-07-01,"AA",19805,"AA","1978",11057,"CLT","Charlotte, NC","NC",12266,"IAH","Houston, TX","TX","0935","0930",-5.00,0.00,16.00,8.00,"1110","1055",-15.00,0.00,0.00,"",0.00,155.00,145.00,121.00,1.00,912.00,,,,,,
2016,7,1,5,2016-07-01,"AA",19805,"AA","1979",11057,"CLT","Charlotte, NC","NC",12323,"ILM","Wilmington, NC","NC","2000","1956",-4.00,0.00,9.00,2.00,"2058","2038",-20.00,0.00,0.00,"",0.00,58.00,42.00,31.00,1.00,185.00,,,,,,
2016,7,1,5,2016-07-01,"AA",19805,"AA","1980",11057,"CLT","Charlotte, NC","NC",10721,"BOS","Boston, MA","MA","0750","0749",-1.00,0.00,26.00,8.00,"1008","1007",-1.00,0.00,0.00,"",0.00,138.00,138.00,104.00,1.00,728.00,,,,,,
2016,7,1,5,2016-07-01,"AA",19805,"AA","1980",11292,"DEN","Denver, CO","CO",11057,"CLT","Charlotte, NC","NC","0115","0117",2.00,2.00,12.00,6.00,"0619","0604",-15.00,0.00,0.00,"",0.00,184.00,167.00,149.00,1.00,1337.00,,,,,,
2016,7,1,5,2016-07-01,"AA",19805,"AA","1981",11057,"CLT","Charlotte, NC","NC",12953,"LGA","New York, NY","NY","2200","2301",61.00,61.00,21.00,17.00,"2345","0059",74.00,74.00,0.00,"",0.00,105.00,118.00,80.00,1.00,544.00,61.00,0.00,13.00,0.00,0.00,
2016,7,1,5,2016-07-01,"AA",19805,"AA","1982",11057,"CLT","Charlotte, NC","NC",10721,"BOS","Boston, MA","MA","0940","0936",-4.00,0.00,21.00,8.00,"1158","1150",-8.00,0.00,0.00,"",0.00,138.00,134.00,105.00,1.00,728.00,,,,,,
2016,7,1,5,2016-07-01,"AA",19805,"AA","1982",11298,"DFW","Dallas/Fort Worth, TX","TX",11057,"CLT","Charlotte, NC","NC","0505","0458",-7.00,0.00,13.00,9.00,"0837","0837",0.00,0.00,0.00,"",0.00,152.00,159.00,137.00,1.00,936.00,,,,,,
2016,7,1,5,2016-07-01,"AA",19805,"AA","1983",14100,"PHL","Philadelphia, PA","PA",14122,"PIT","Pittsburgh, PA","PA","1825","1820",-5.00,0.00,34.00,3.00,"1956","1944",-12.00,0.00,0.00,"",0.00,91.00,84.00,47.00,1.00,268.00,,,,,,
2016,7,1,5,2016-07-01,"AA",19805,"AA","1984",11433,"DTW","Detroit, MI","MI",11057,"CLT","Charlotte, NC","NC","1903","1941",38.00,38.00,15.00,4.00,"2049","2112",23.00,23.00,0.00,"",0.00,106.00,91.00,72.00,1.00,500.00,2.00,0.00,0.00,0.00,21.00,
2016,7,1,5,2016-07-01,"AA",19805,"AA","1985",14107,"PHX","Phoenix, AZ","AZ",14100,"PHL","Philadelphia, PA","PA","0859","0955",56.00,56.00,13.00,5.00,"1644","1712",28.00,28.00,0.00,"",0.00,285.00,257.00,239.00,1.00,2075.00,0.00,0.00,28.00,0.00,0.00,
2016,7,1,5,2016-07-01,"AA",19805,"AA","1986",14100,"PHL","Philadelphia, PA","PA",12953,"LGA","New York, NY","NY","1739","",,,,,"1832","",,,1.00,"C",0.00,53.00,,,1.00,96.00,,,,,,
2016,7,1,5,2016-07-01,"AA",19805,"AA","1987",11057,"CLT","Charlotte, NC","NC",11278,"DCA","Washington, DC","VA","2214","2330",76.00,76.00,26.00,5.00,"2334","0051",77.00,77.00,0.00,"",0.00,80.00,81.00,50.00,1.00,331.00,76.00,0.00,1.00,0.00,0.00,
2016,7,1,5,2016-07-01,"AA",19805,"AA","1987",14492,"RDU","Raleigh/Durham, NC","NC",11057,"CLT","Charlotte, NC","NC","1959","2007",8.00,8.00,9.00,7.00,"2101","2049",-12.00,0.00,0.00,"",0.00,62.00,42.00,26.00,1.00,130.00,,,,,,
2016,7,1,5,2016-07-01,"AA",19805,"AA","1988",11057,"CLT","Charlotte, NC","NC",10257,"ALB","Albany, NY","NY","1155","1244",49.00,49.00,26.00,3.00,"1400","1440",40.00,40.00,0.00,"",0.00,125.00,116.00,87.00,1.00,646.00,0.00,0.00,0.00,0.00,40.00,
2016,7,1,5,2016-07-01,"AA",19805,"AA","1988",12953,"LGA","New York, NY","NY",11057,"CLT","Charlotte, NC","NC","0840","0837",-3.00,0.00,28.00,6.00,"1044","1045",1.00,1.00,0.00,"",0.00,124.00,128.00,94.00,1.00,544.00,,,,,,
2016,7,1,5,2016-07-01,"AA",19805,"AA","1991",14100,"PHL","Philadelphia, PA","PA",13930,"ORD","Chicago, IL","IL","0945","0941",-4.00,0.00,29.00,10.00,"1109","1114",5.00,5.00,0.00,"",0.00,144.00,153.00,114.00,1.00,678.00,,,,,,
2016,7,1,5,2016-07-01,"AA",19805,"AA","1992",11057,"CLT","Charlotte, NC","NC",14307,"PVD","Providence, RI","RI","1630","1641",11.00,11.00,50.00,3.00,"1834","1925",51.00,51.00,0.00,"",0.00,124.00,164.00,111.00,1.00,683.00,11.00,0.00,40.00,0.00,0.00,
2016,7,1,5,2016-07-01,"AA",19805,"AA","1992",12266,"IAH","Houston, TX","TX",11057,"CLT","Charlotte, NC","NC","1158","1155",-3.00,0.00,16.00,29.00,"1530","1542",12.00,12.00,0.00,"",0.00,152.00,167.00,122.00,1.00,912.00,,,,,,
2016,7,1,5,2016-07-01,"AA",19805,"AA","1993",11057,"CLT","Charlotte, NC","NC",12892,"LAX","Los Angeles, CA","CA","0735","0734",-1.00,0.00,11.00,9.00,"0941","0916",-25.00,0.00,0.00,"",0.00,306.00,282.00,262.00,1.00,2125.00,,,,,,
2016,7,1,5,2016-07-01,"AA",19805,"AA","1994",13930,"ORD","Chicago, IL","IL",14100,"PHL","Philadelphia, PA","PA","1535","1530",-5.00,0.00,27.00,15.00,"1839","1834",-5.00,0.00,0.00,"",0.00,124.00,124.00,82.00,1.00,678.00,,,,,,
2016,7,1,5,2016-07-01,"AA",19805,"AA","1994",14100,"PHL","Philadelphia, PA","PA",13930,"ORD","Chicago, IL","IL","1325","1323",-2.00,0.00,8.00,17.00,"1439","1435",-4.00,0.00,0.00,"",0.00,134.00,132.00,107.00,1.00,678.00,,,,,,
2016,7,1,5,2016-07-01,"AA",19805,"AA","1995",14100,"PHL","Philadelphia, PA","PA",13930,"ORD","Chicago, IL","IL","1425","1427",2.00,2.00,87.00,10.00,"1544","1653",69.00,69.00,0.00,"",0.00,139.00,206.00,109.00,1.00,678.00,2.00,0.00,67.00,0.00,0.00,
2016,7,1,5,2016-07-01,"AA",19805,"AA","1997",13930,"ORD","Chicago, IL","IL",14100,"PHL","Philadelphia, PA","PA","1644","1733",49.00,49.00,14.00,3.00,"1951","2015",24.00,24.00,0.00,"",0.00,127.00,102.00,85.00,1.00,678.00,0.00,0.00,0.00,0.00,24.00,
2016,7,1,5,2016-07-01,"AA",19805,"AA","1998",11057,"CLT","Charlotte, NC","NC",10821,"BWI","Baltimore, MD","MD","2231","2227",-4.00,0.00,25.00,6.00,"2357","2357",0.00,0.00,0.00,"",0.00,86.00,90.00,59.00,1.00,361.00,,,,,,
2016,7,1,5,2016-07-01,"AA",19805,"AA","1998",13198,"MCI","Kansas City, MO","MO",11057,"CLT","Charlotte, NC","NC","1825","1826",1.00,1.00,9.00,24.00,"2141","2142",1.00,1.00,0.00,"",0.00,136.00,136.00,103.00,1.00,808.00,,,,,,
2016,7,1,5,2016-07-01,"AA",19805,"AA","1999",11057,"CLT","Charlotte, NC","NC",10721,"BOS","Boston, MA","MA","1610","1704",54.00,54.00,13.00,8.00,"1822","1909",47.00,47.00,0.00,"",0.00,132.00,125.00,104.00,1.00,728.00,0.00,0.00,47.00,0.00,0.00,
2016,7,1,5,2016-07-01,"AA",19805,"AA","1999",13930,"ORD","Chicago, IL","IL",11057,"CLT","Charlotte, NC","NC","1210","1209",-1.00,0.00,12.00,25.00,"1511","1506",-5.00,0.00,0.00,"",0.00,121.00,117.00,80.00,1.00,599.00,,,,,,
2016,7,1,5,2016-07-01,"AA",19805,"AA","2001",14100,"PHL","Philadelphia, PA","PA",11697,"FLL","Fort Lauderdale, FL","FL","1000","0955",-5.00,0.00,47.00,3.00,"1258","1308",10.00,10.00,0.00,"",0.00,178.00,193.00,143.00,1.00,992.00,,,,,,
2016,7,1,5,2016-07-01,"AA",19805,"AA","2002",10792,"BUF","Buffalo, NY","NY",11057,"CLT","Charlotte, NC","NC","1135","1132",-3.00,0.00,11.00,10.00,"1326","1316",-10.00,0.00,0.00,"",0.00,111.00,104.00,83.00,1.00,546.00,,,,,,
2016,7,1,5,2016-07-01,"AA",19805,"AA","2002",11057,"CLT","Charlotte, NC","NC",10721,"BOS","Boston, MA","MA","1415","1425",10.00,10.00,27.00,9.00,"1622","1639",17.00,17.00,0.00,"",0.00,127.00,134.00,98.00,1.00,728.00,10.00,0.00,7.00,0.00,0.00,
2016,7,1,5,2016-07-01,"AA",19805,"AA","2005",14100,"PHL","Philadelphia, PA","PA",11057,"CLT","Charlotte, NC","NC","2045","2106",21.00,21.00,28.00,9.00,"2235","2252",17.00,17.00,0.00,"",0.00,110.00,106.00,69.00,1.00,449.00,5.00,0.00,0.00,0.00,12.00,
2016,7,1,5,2016-07-01,"AA",19805,"AA","2006",11057,"CLT","Charlotte, NC","NC",14524,"RIC","Richmond, VA","VA","2025","2023",-2.00,0.00,16.00,4.00,"2132","2126",-6.00,0.00,0.00,"",0.00,67.00,63.00,43.00,1.00,257.00,,,,,,
2016,7,1,5,2016-07-01,"AA",19805,"AA","2007",12953,"LGA","New York, NY","NY",14100,"PHL","Philadelphia, PA","PA","1930","",,,,,"2042","",,,1.00,"C",0.00,72.00,,,1.00,96.00,,,,,,
2016,7,1,5,2016-07-01,"AA",19805,"AA","2007",14100,"PHL","Philadelphia, PA","PA",12451,"JAX","Jacksonville, FL","FL","2130","2146",16.00,16.00,24.00,4.00,"2338","2400",22.00,22.00,0.00,"",0.00,128.00,134.00,106.00,1.00,742.00,16.00,0.00,6.00,0.00,0.00,
2016,7,1,5,2016-07-01,"AA",19805,"AA","2008",13204,"MCO","Orlando, FL","FL",14100,"PHL","Philadelphia, PA","PA","1930","2059",89.00,89.00,13.00,7.00,"2155","2314",79.00,79.00,0.00,"",0.00,145.00,135.00,115.00,1.00,861.00,0.00,16.00,0.00,0.00,63.00,
2016,7,1,5,2016-07-01,"AA",19805,"AA","2010",11057,"CLT","Charlotte, NC","NC",14100,"PHL","Philadelphia, PA","PA","0635","0628",-7.00,0.00,13.00,11.00,"0810","0755",-15.00,0.00,0.00,"",0.00,95.00,87.00,63.00,1.00,449.00,,,,,,
2016,7,1,5,2016-07-01,"AA",19805,"AA","2011",11057,"CLT","Charlotte, NC","NC",14492,"RDU","Raleigh/Durham, NC","NC","0750","0757",7.00,7.00,34.00,5.00,"0851","0905",14.00,14.00,0.00,"",0.00,61.00,68.00,29.00,1.00,130.00,,,,,,
2016,7,1,5,2016-07-01,"AA",19805,"AA","2011",15304,"TPA","Tampa, FL","FL",11057,"CLT","Charlotte, NC","NC","0515","0509",-6.00,0.00,12.00,8.00,"0650","0651",1.00,1.00,0.00,"",0.00,95.00,102.00,82.00,1.00,507.00,,,,,,
2016,7,1,5,2016-07-01,"AA",19805,"AA","2012",10529,"BDL","Hartford, CT","CT",14100,"PHL","Philadelphia, PA","PA","0925","0922",-3.00,0.00,18.00,14.00,"1045","1055",10.00,10.00,0.00,"",0.00,80.00,93.00,61.00,1.00,196.00,,,,,,
2016,7,1,5,2016-07-01,"AA",19805,"AA","2012",14100,"PHL","Philadelphia, PA","PA",10529,"BDL","Hartford, CT","CT","0730","0725",-5.00,0.00,13.00,5.00,"0838","0816",-22.00,0.00,0.00,"",0.00,68.00,51.00,33.00,1.00,196.00,,,,,,
2016,7,1,5,2016-07-01,"AA",19805,"AA","2014",14869,"SLC","Salt Lake City, UT","UT",11057,"CLT","Charlotte, NC","NC","0015","0012",-3.00,0.00,12.00,6.00,"0605","0550",-15.00,0.00,0.00,"",0.00,230.00,218.00,200.00,1.00,1727.00,,,,,,
2016,7,1,5,2016-07-01,"AA",19805,"AA","2015",15096,"SYR","Syracuse, NY","NY",11057,"CLT","Charlotte, NC","NC","1845","1840",-5.00,0.00,11.00,8.00,"2043","2032",-11.00,0.00,0.00,"",0.00,118.00,112.00,93.00,1.00,603.00,,,,,,
2016,7,1,5,2016-07-01,"AA",19805,"AA","2016",14100,"PHL","Philadelphia, PA","PA",10397,"ATL","Atlanta, GA","GA","0945","0944",-1.00,0.00,44.00,9.00,"1202","1218",16.00,16.00,0.00,"",0.00,137.00,154.00,101.00,1.00,666.00,0.00,0.00,16.00,0.00,0.00,
2016,7,1,5,2016-07-01,"AA",19805,"AA","2017",14843,"SJU","San Juan, PR","PR",11057,"CLT","Charlotte, NC","NC","1635","1752",77.00,77.00,17.00,22.00,"2021","2148",87.00,87.00,0.00,"",0.00,226.00,236.00,197.00,1.00,1475.00,0.00,0.00,10.00,0.00,77.00,
2016,7,1,5,2016-07-01,"AA",19805,"AA","2018",14635,"RSW","Fort Myers, FL","FL",14100,"PHL","Philadelphia, PA","PA","0750","0745",-5.00,0.00,9.00,9.00,"1031","1007",-24.00,0.00,0.00,"",0.00,161.00,142.00,124.00,1.00,993.00,,,,,,
2016,7,1,5,2016-07-01,"AA",19805,"AA","2019",14679,"SAN","San Diego, CA","CA",14100,"PHL","Philadelphia, PA","PA","1130","1130",0.00,0.00,17.00,4.00,"1945","1919",-26.00,0.00,0.00,"",0.00,315.00,289.00,268.00,1.00,2370.00,,,,,,
2016,7,1,5,2016-07-01,"AA",19805,"AA","2020",14107,"PHX","Phoenix, AZ","AZ",11057,"CLT","Charlotte, NC","NC","2315","2310",-5.00,0.00,15.00,5.00,"0614","0553",-21.00,0.00,0.00,"",0.00,239.00,223.00,203.00,1.00,1773.00,,,,,,
2016,7,1,5,2016-07-01,"AA",19805,"AA","2020",14771,"SFO","San Francisco, CA","CA",14107,"PHX","Phoenix, AZ","AZ","2010","2055",45.00,45.00,11.00,3.00,"2215","2232",17.00,17.00,0.00,"",0.00,125.00,97.00,83.00,1.00,651.00,0.00,0.00,0.00,0.00,17.00,
2016,7,1,5,2016-07-01,"AA",19805,"AA","2022",11697,"FLL","Fort Lauderdale, FL","FL",14100,"PHL","Philadelphia, PA","PA","1930","2000",30.00,30.00,12.00,3.00,"2210","2228",18.00,18.00,0.00,"",0.00,160.00,148.00,133.00,1.00,992.00,0.00,2.00,0.00,0.00,16.00,
2016,7,1,5,2016-07-01,"AA",19805,"AA","2022",14100,"PHL","Philadelphia, PA","PA",11697,"FLL","Fort Lauderdale, FL","FL","1550","1543",-7.00,0.00,39.00,7.00,"1840","1912",32.00,32.00,0.00,"",0.00,170.00,209.00,163.00,1.00,992.00,0.00,0.00,32.00,0.00,0.00,
2016,7,1,5,2016-07-01,"AA",19805,"AA","2023",11278,"DCA","Washington, DC","VA",14107,"PHX","Phoenix, AZ","AZ","1055","1049",-6.00,0.00,25.00,5.00,"1238","1251",13.00,13.00,0.00,"",0.00,283.00,302.00,272.00,1.00,1979.00,,,,,,
2016,7,1,5,2016-07-01,"AA",19805,"AA","2023",11298,"DFW","Dallas/Fort Worth, TX","TX",11278,"DCA","Washington, DC","VA","0600","0605",5.00,5.00,12.00,5.00,"0952","0944",-8.00,0.00,0.00,"",0.00,172.00,159.00,142.00,1.00,1192.00,,,,,,
2016,7,1,5,2016-07-01,"AA",19805,"AA","2023",14107,"PHX","Phoenix, AZ","AZ",12892,"LAX","Los Angeles, CA","CA","1349","1358",9.00,9.00,14.00,60.00,"1518","1613",55.00,55.00,0.00,"",0.00,89.00,135.00,61.00,1.00,370.00,7.00,0.00,46.00,0.00,2.00,
2016,7,1,5,2016-07-01,"AA",19805,"AA","2024",14100,"PHL","Philadelphia, PA","PA",14492,"RDU","Raleigh/Durham, NC","NC","2255","2317",22.00,22.00,102.00,7.00,"0010","0202",112.00,112.00,0.00,"",0.00,75.00,165.00,56.00,1.00,337.00,22.00,0.00,90.00,0.00,0.00,
2016,7,1,5,2016-07-01,"AA",19805,"AA","2025",14492,"RDU","Raleigh/Durham, NC","NC",14100,"PHL","Philadelphia, PA","PA","0520","0518",-2.00,0.00,12.00,5.00,"0640","0626",-14.00,0.00,0.00,"",0.00,80.00,68.00,51.00,1.00,337.00,,,,,,
2016,7,1,5,2016-07-01,"AA",19805,"AA","2026",14107,"PHX","Phoenix, AZ","AZ",14100,"PHL","Philadelphia, PA","PA","2240","2341",61.00,61.00,14.00,4.00,"0610","0658",48.00,48.00,0.00,"",0.00,270.00,257.00,239.00,1.00,2075.00,48.00,0.00,0.00,0.00,0.00,
2016,7,1,5,2016-07-01,"AA",19805,"AA","2028",11042,"CLE","Cleveland, OH","OH",11057,"CLT","Charlotte, NC","NC","1515","1513",-2.00,0.00,15.00,10.00,"1654","1641",-13.00,0.00,0.00,"",0.00,99.00,88.00,63.00,1.00,430.00,,,,,,
2016,7,1,5,2016-07-01,"AA",19805,"AA","2028",11057,"CLT","Charlotte, NC","NC",14524,"RIC","Richmond, VA","VA","1754","1753",-1.00,0.00,18.00,8.00,"1901","1904",3.00,3.00,0.00,"",0.00,67.00,71.00,45.00,1.00,257.00,,,,,,
2016,7,1,5,2016-07-01,"AA",19805,"AA","2030",12953,"LGA","New York, NY","NY",14100,"PHL","Philadelphia, PA","PA","1520","2140",380.00,380.00,76.00,9.00,"1648","2335",407.00,407.00,0.00,"",0.00,88.00,115.00,30.00,1.00,96.00,0.00,324.00,27.00,0.00,56.00,
2016,7,1,5,2016-07-01,"AA",19805,"AA","2031",10721,"BOS","Boston, MA","MA",14107,"PHX","Phoenix, AZ","AZ","1859","1941",42.00,42.00,15.00,3.00,"2139","2205",26.00,26.00,0.00,"",0.00,340.00,324.00,306.00,1.00,2300.00,26.00,0.00,0.00,0.00,0.00,
2016,7,1,5,2016-07-01,"AA",19805,"AA","2032",10397,"ATL","Atlanta, GA","GA",11057,"CLT","Charlotte, NC","NC","1335","1342",7.00,7.00,16.00,11.00,"1454","1454",0.00,0.00,0.00,"",0.00,79.00,72.00,45.00,1.00,226.00,,,,,,
2016,7,1,5,2016-07-01,"AA",19805,"AA","2032",11057,"CLT","Charlotte, NC","NC",12451,"JAX","Jacksonville, FL","FL","1540","1545",5.00,5.00,13.00,4.00,"1654","1656",2.00,2.00,0.00,"",0.00,74.00,71.00,54.00,1.00,328.00,,,,,,
2016,7,1,5,2016-07-01,"AA",19805,"AA","2033",12953,"LGA","New York, NY","NY",14100,"PHL","Philadelphia, PA","PA","0555","0551",-4.00,0.00,10.00,6.00,"0700","0646",-14.00,0.00,0.00,"",0.00,65.00,55.00,39.00,1.00,96.00,,,,,,
2016,7,1,5,2016-07-01,"AA",19805,"AA","2033",14100,"PHL","Philadelphia, PA","PA",12451,"JAX","Jacksonville, FL","FL","0755","0750",-5.00,0.00,20.00,3.00,"1008","0959",-9.00,0.00,0.00,"",0.00,133.00,129.00,106.00,1.00,742.00,,,,,,
2016,7,1,5,2016-07-01,"AA",19805,"AA","2034",12451,"JAX","Jacksonville, FL","FL",14100,"PHL","Philadelphia, PA","PA","1050","1044",-6.00,0.00,12.00,5.00,"1252","1244",-8.00,0.00,0.00,"",0.00,122.00,120.00,103.00,1.00,742.00,,,,,,
2016,7,1,5,2016-07-01,"AA",19805,"AA","2035",11057,"CLT","Charlotte, NC","NC",12451,"JAX","Jacksonville, FL","FL","2235","2258",23.00,23.00,19.00,5.00,"2352","0011",19.00,19.00,0.00,"",0.00,77.00,73.00,49.00,1.00,328.00,19.00,0.00,0.00,0.00,0.00,
2016,7,1,5,2016-07-01,"AA",19805,"AA","2035",14307,"PVD","Providence, RI","RI",11057,"CLT","Charlotte, NC","NC","1920","2017",57.00,57.00,13.00,9.00,"2132","2245",73.00,73.00,0.00,"",0.00,132.00,148.00,126.00,1.00,683.00,0.00,12.00,16.00,0.00,45.00,
2016,7,1,5,2016-07-01,"AA",19805,"AA","2036",11057,"CLT","Charlotte, NC","NC",15096,"SYR","Syracuse, NY","NY","1615","1610",-5.00,0.00,27.00,4.00,"1804","1803",-1.00,0.00,0.00,"",0.00,109.00,113.00,82.00,1.00,603.00,,,,,,
2016,7,1,5,2016-07-01,"AA",19805,"AA","2036",12451,"JAX","Jacksonville, FL","FL",11057,"CLT","Charlotte, NC","NC","1358","1352",-6.00,0.00,7.00,6.00,"1522","1501",-21.00,0.00,0.00,"",0.00,84.00,69.00,56.00,1.00,328.00,,,,,,
2016,7,1,5,2016-07-01,"AA",19805,"AA","2038",11057,"CLT","Charlotte, NC","NC",14307,"PVD","Providence, RI","RI","2205","2209",4.00,4.00,16.00,4.00,"2359","0017",18.00,18.00,0.00,"",0.00,114.00,128.00,108.00,1.00,683.00,4.00,0.00,14.00,0.00,0.00,
2016,7,1,5,2016-07-01,"AA",19805,"AA","2039",11057,"CLT","Charlotte, NC","NC",13487,"MSP","Minneapolis, MN","MN","2215","2213",-2.00,0.00,13.00,4.00,"2356","2350",-6.00,0.00,0.00,"",0.00,161.00,157.00,140.00,1.00,930.00,,,,,,
2016,7,1,5,2016-07-01,"AA",19805,"AA","2039",15304,"TPA","Tampa, FL","FL",11057,"CLT","Charlotte, NC","NC","1910","1907",-3.00,0.00,9.00,14.00,"2056","2047",-9.00,0.00,0.00,"",0.00,106.00,100.00,77.00,1.00,507.00,,,,,,
2016,7,1,5,2016-07-01,"AA",19805,"AA","2040",14100,"PHL","Philadelphia, PA","PA",11278,"DCA","Washington, DC","VA","1355","1351",-4.00,0.00,13.00,20.00,"1452","1457",5.00,5.00,0.00,"",0.00,57.00,66.00,33.00,1.00,119.00,,,,,,
2016,7,1,5,2016-07-01,"AA",19805,"AA","2041",11278,"DCA","Washington, DC","VA",14100,"PHL","Philadelphia, PA","PA","1540","1537",-3.00,0.00,22.00,3.00,"1649","1641",-8.00,0.00,0.00,"",0.00,69.00,64.00,39.00,1.00,119.00,,,,,,
2016,7,1,5,2016-07-01,"AA",19805,"AA","2042",10821,"BWI","Baltimore, MD","MD",11057,"CLT","Charlotte, NC","NC","0515","0509",-6.00,0.00,,,"0634","",,,1.00,"A",0.00,79.00,,,1.00,361.00,,,,,,
2016,7,1,5,2016-07-01,"AA",19805,"AA","2042",11057,"CLT","Charlotte, NC","NC",12478,"JFK","New York, NY","NY","0730","0755",25.00,25.00,33.00,14.00,"0925","1006",41.00,41.00,0.00,"",0.00,115.00,131.00,84.00,1.00,541.00,25.00,0.00,16.00,0.00,0.00,
2016,7,1,5,2016-07-01,"AA",19805,"AA","2043",10792,"BUF","Buffalo, NY","NY",11057,"CLT","Charlotte, NC","NC","1910","1907",-3.00,0.00,13.00,15.00,"2101","2057",-4.00,0.00,0.00,"",0.00,111.00,110.00,82.00,1.00,546.00,,,,,,
2016,7,1,5,2016-07-01,"AA",19805,"AA","2043",11057,"CLT","Charlotte, NC","NC",14027,"PBI","West Palm Beach/Palm Beach, FL","FL","2210","2217",7.00,7.00,19.00,4.00,"2357","2356",-1.00,0.00,0.00,"",0.00,107.00,99.00,76.00,1.00,590.00,,,,,,
2016,7,1,5,2016-07-01,"AA",19805,"AA","2044",11057,"CLT","Charlotte, NC","NC",13495,"MSY","New Orleans, LA","LA","1435","1433",-2.00,0.00,17.00,7.00,"1528","1524",-4.00,0.00,0.00,"",0.00,113.00,111.00,87.00,1.00,651.00,,,,,,
2016,7,1,5,2016-07-01,"AA",19805,"AA","2044",11278,"DCA","Washington, DC","VA",11057,"CLT","Charlotte, NC","NC","1200","1156",-4.00,0.00,32.00,9.00,"1330","1332",2.00,2.00,0.00,"",0.00,90.00,96.00,55.00,1.00,331.00,,,,,,
2016,7,1,5,2016-07-01,"AA",19805,"AA","2045",14843,"SJU","San Juan, PR","PR",14100,"PHL","Philadelphia, PA","PA","1740","1737",-3.00,0.00,13.00,2.00,"2158","2151",-7.00,0.00,0.00,"",0.00,258.00,254.00,239.00,1.00,1576.00,,,,,,
2016,7,1,5,2016-07-01,"AA",19805,"AA","2046",11057,"CLT","Charlotte, NC","NC",14635,"RSW","Fort Myers, FL","FL","1630","1627",-3.00,0.00,23.00,3.00,"1827","1815",-12.00,0.00,0.00,"",0.00,117.00,108.00,82.00,1.00,600.00,,,,,,
2016,7,1,5,2016-07-01,"AA",19805,"AA","2046",13487,"MSP","Minneapolis, MN","MN",11057,"CLT","Charlotte, NC","NC","1154","1148",-6.00,0.00,15.00,12.00,"1525","1501",-24.00,0.00,0.00,"",0.00,151.00,133.00,106.00,1.00,930.00,,,,,,
2016,7,1,5,2016-07-01,"AA",19805,"AA","2048",12339,"IND","Indianapolis, IN","IN",14107,"PHX","Phoenix, AZ","AZ","2115","2121",6.00,6.00,12.00,5.00,"2154","2151",-3.00,0.00,0.00,"",0.00,219.00,210.00,193.00,1.00,1488.00,,,,,,
2016,7,1,5,2016-07-01,"AA",19805,"AA","2048",14100,"PHL","Philadelphia, PA","PA",12339,"IND","Indianapolis, IN","IN","1810","1829",19.00,19.00,37.00,6.00,"2020","2042",22.00,22.00,0.00,"",0.00,130.00,133.00,90.00,1.00,588.00,0.00,0.00,3.00,0.00,19.00,
2016,7,1,5,2016-07-01,"AA",19805,"AA","2050",11057,"CLT","Charlotte, NC","NC",12953,"LGA","New York, NY","NY","1610","",,,,,"1803","",,,1.00,"C",0.00,113.00,,,1.00,544.00,,,,,,
2016,7,1,5,2016-07-01,"AA",19805,"AA","2050",14747,"SEA","Seattle, WA","WA",11057,"CLT","Charlotte, NC","NC","0700","0657",-3.00,0.00,12.00,20.00,"1506","1446",-20.00,0.00,0.00,"",0.00,306.00,289.00,257.00,1.00,2279.00,,,,,,
2016,7,1,5,2016-07-01,"AA",19805,"AA","2051",14100,"PHL","Philadelphia, PA","PA",13303,"MIA","Miami, FL","FL","0955","0949",-6.00,0.00,47.00,10.00,"1253","1308",15.00,15.00,0.00,"",0.00,178.00,199.00,142.00,1.00,1013.00,0.00,0.00,15.00,0.00,0.00,
2016,7,1,5,2016-07-01,"AA",19805,"AA","2052",10257,"ALB","Albany, NY","NY",11057,"CLT","Charlotte, NC","NC","1445","1542",57.00,57.00,9.00,8.00,"1658","1744",46.00,46.00,0.00,"",0.00,133.00,122.00,105.00,1.00,646.00,0.00,0.00,46.00,0.00,0.00,
2016,7,1,5,2016-07-01,"AA",19805,"AA","2052",11057,"CLT","Charlotte, NC","NC",14321,"PWM","Portland, ME","ME","1800","1835",35.00,35.00,13.00,5.00,"2015","2042",27.00,27.00,0.00,"",0.00,135.00,127.00,109.00,1.00,813.00,27.00,0.00,0.00,0.00,0.00,
2016,7,1,5,2016-07-01,"AA",19805,"AA","2053",10721,"BOS","Boston, MA","MA",11057,"CLT","Charlotte, NC","NC","0755","0746",-9.00,0.00,21.00,7.00,"1023","1002",-21.00,0.00,0.00,"",0.00,148.00,136.00,108.00,1.00,728.00,,,,,,
2016,7,1,5,2016-07-01,"AA",19805,"AA","2053",11057,"CLT","Charlotte, NC","NC",15304,"TPA","Tampa, FL","FL","1120","1116",-4.00,0.00,27.00,5.00,"1255","1316",21.00,21.00,0.00,"",0.00,95.00,120.00,88.00,1.00,507.00,0.00,0.00,21.00,0.00,0.00,
2016,7,1,5,2016-07-01,"AA",19805,"AA","2054",11057,"CLT","Charlotte, NC","NC",14100,"PHL","Philadelphia, PA","PA","1300","1504",124.00,124.00,26.00,5.00,"1440","1650",130.00,130.00,0.00,"",0.00,100.00,106.00,75.00,1.00,449.00,0.00,0.00,130.00,0.00,0.00,
2016,7,1,5,2016-07-01,"AA",19805,"AA","2055",11057,"CLT","Charlotte, NC","NC",13930,"ORD","Chicago, IL","IL","1439","1449",10.00,10.00,14.00,20.00,"1549","1600",11.00,11.00,0.00,"",0.00,130.00,131.00,97.00,1.00,599.00,,,,,,
2016,7,1,5,2016-07-01,"AA",19805,"AA","2055",14107,"PHX","Phoenix, AZ","AZ",11057,"CLT","Charlotte, NC","NC","0630","0629",-1.00,0.00,15.00,5.00,"1336","1327",-9.00,0.00,0.00,"",0.00,246.00,238.00,218.00,1.00,1773.00,,,,,,
2016,7,1,5,2016-07-01,"AA",19805,"AA","2056",11057,"CLT","Charlotte, NC","NC",14492,"RDU","Raleigh/Durham, NC","NC","1610","1621",11.00,11.00,24.00,3.00,"1706","1715",9.00,9.00,0.00,"",0.00,56.00,54.00,27.00,1.00,130.00,,,,,,
2016,7,1,5,2016-07-01,"AA",19805,"AA","2057",11057,"CLT","Charlotte, NC","NC",12892,"LAX","Los Angeles, CA","CA","0940","0939",-1.00,0.00,17.00,14.00,"1154","1137",-17.00,0.00,0.00,"",0.00,314.00,298.00,267.00,1.00,2125.00,,,,,,
2016,7,1,5,2016-07-01,"AA",19805,"AA","2059",11057,"CLT","Charlotte, NC","NC",13303,"MIA","Miami, FL","FL","1420","1425",5.00,5.00,21.00,4.00,"1619","1622",3.00,3.00,0.00,"",0.00,119.00,117.00,92.00,1.00,650.00,,,,,,
2016,7,1,5,2016-07-01,"AA",19805,"AA","2059",11292,"DEN","Denver, CO","CO",11057,"CLT","Charlotte, NC","NC","0805","0801",-4.00,0.00,18.00,6.00,"1317","1258",-19.00,0.00,0.00,"",0.00,192.00,177.00,153.00,1.00,1337.00,,,,,,
2016,7,1,5,2016-07-01,"AA",19805,"AA","2059",13303,"MIA","Miami, FL","FL",12889,"LAS","Las Vegas, NV","NV","1725","1824",59.00,59.00,63.00,14.00,"1933","2110",97.00,97.00,0.00,"",0.00,308.00,346.00,269.00,1.00,2174.00,0.00,59.00,38.00,0.00,0.00,
2016,7,1,5,2016-07-01,"AA",19805,"AA","2060",11057,"CLT","Charlotte, NC","NC",12953,"LGA","New York, NY","NY","0605","0604",-1.00,0.00,22.00,7.00,"0749","0749",0.00,0.00,0.00,"",0.00,104.00,105.00,76.00,1.00,544.00,,,,,,
2016,7,1,5,2016-07-01,"AA",19805,"AA","2061",10397,"ATL","Atlanta, GA","GA",11057,"CLT","Charlotte, NC","NC","1715","1711",-4.00,0.00,18.00,7.00,"1845","1818",-27.00,0.00,0.00,"",0.00,90.00,67.00,42.00,1.00,226.00,,,,,,
2016,7,1,5,2016-07-01,"AA",19805,"AA","2061",11057,"CLT","Charlotte, NC","NC",14027,"PBI","West Palm Beach/Palm Beach, FL","FL","1945","1941",-4.00,0.00,11.00,5.00,"2129","2131",2.00,2.00,0.00,"",0.00,104.00,110.00,94.00,1.00,590.00,,,,,,
2016,7,1,5,2016-07-01,"AA",19805,"AA","2062",10397,"ATL","Atlanta, GA","GA",11057,"CLT","Charlotte, NC","NC","0550","0602",12.00,12.00,16.00,4.00,"0657","0706",9.00,9.00,0.00,"",0.00,67.00,64.00,44.00,1.00,226.00,,,,,,
2016,7,1,5,2016-07-01,"AA",19805,"AA","2062",11057,"CLT","Charlotte, NC","NC",12953,"LGA","New York, NY","NY","0759","0830",31.00,31.00,21.00,6.00,"0954","1014",20.00,20.00,0.00,"",0.00,115.00,104.00,77.00,1.00,544.00,20.00,0.00,0.00,0.00,0.00,
2016,7,1,5,2016-07-01,"AA",19805,"AA","2063",11057,"CLT","Charlotte, NC","NC",10821,"BWI","Baltimore, MD","MD","1450","1445",-5.00,0.00,21.00,4.00,"1619","1700",41.00,41.00,0.00,"",0.00,89.00,135.00,110.00,1.00,361.00,0.00,0.00,41.00,0.00,0.00,
2016,7,1,5,2016-07-01,"AA",19805,"AA","2063",12266,"IAH","Houston, TX","TX",11057,"CLT","Charlotte, NC","NC","1014","",,,,,"1345","",,,1.00,"A",0.00,151.00,,,1.00,912.00,,,,,,
2016,7,1,5,2016-07-01,"AA",19805,"AA","2064",11057,"CLT","Charlotte, NC","NC",12953,"LGA","New York, NY","NY","1140","1138",-2.00,0.00,26.00,5.00,"1336","1328",-8.00,0.00,0.00,"",0.00,116.00,110.00,79.00,1.00,544.00,,,,,,
2016,7,1,5,2016-07-01,"AA",19805,"AA","2064",11298,"DFW","Dallas/Fort Worth, TX","TX",11057,"CLT","Charlotte, NC","NC","0705","0713",8.00,8.00,15.00,10.00,"1039","1045",6.00,6.00,0.00,"",0.00,154.00,152.00,127.00,1.00,936.00,,,,,,
2016,7,1,5,2016-07-01,"AA",19805,"AA","2064",14771,"SFO","San Francisco, CA","CA",11298,"DFW","Dallas/Fort Worth, TX","TX","0045","0047",2.00,2.00,19.00,11.00,"0600","0618",18.00,18.00,0.00,"",0.00,195.00,211.00,181.00,1.00,1464.00,2.00,0.00,16.00,0.00,0.00,
2016,7,1,5,2016-07-01,"AA",19805,"AA","2065",11057,"CLT","Charlotte, NC","NC",12266,"IAH","Houston, TX","TX","1120","1116",-4.00,0.00,10.00,12.00,"1247","1239",-8.00,0.00,0.00,"",0.00,147.00,143.00,121.00,1.00,912.00,,,,,,
2016,7,1,5,2016-07-01,"AA",19805,"AA","2065",14122,"PIT","Pittsburgh, PA","PA",11057,"CLT","Charlotte, NC","NC","0849","0844",-5.00,0.00,13.00,11.00,"1023","1010",-13.00,0.00,0.00,"",0.00,94.00,86.00,62.00,1.00,366.00,,,,,,
2016,7,1,5,2016-07-01,"AA",19805,"AA","2066",10397,"ATL","Atlanta, GA","GA",11057,"CLT","Charlotte, NC","NC","1040","1034",-6.00,0.00,12.00,19.00,"1157","1150",-7.00,0.00,0.00,"",0.00,77.00,76.00,45.00,1.00,226.00,,,,,,
2016,7,1,5,2016-07-01,"AA",19805,"AA","2066",11057,"CLT","Charlotte, NC","NC",12953,"LGA","New York, NY","NY","1309","1324",15.00,15.00,16.00,7.00,"1500","1540",40.00,40.00,0.00,"",0.00,111.00,136.00,113.00,1.00,544.00,0.00,0.00,40.00,0.00,0.00,
2016,7,1,5,2016-07-01,"AA",19805,"AA","2067",11057,"CLT","Charlotte, NC","NC",11433,"DTW","Detroit, MI","MI","1800","1757",-3.00,0.00,24.00,10.00,"1951","1948",-3.00,0.00,0.00,"",0.00,111.00,111.00,77.00,1.00,500.00,,,,,,
2016,7,1,5,2016-07-01,"AA",19805,"AA","2067",11433,"DTW","Detroit, MI","MI",14107,"PHX","Phoenix, AZ","AZ","2050","2045",-5.00,0.00,16.00,3.00,"2157","2146",-11.00,0.00,0.00,"",0.00,247.00,241.00,222.00,1.00,1671.00,,,,,,
2016,7,1,5,2016-07-01,"AA",19805,"AA","2067",14122,"PIT","Pittsburgh, PA","PA",11057,"CLT","Charlotte, NC","NC","1525","1522",-3.00,0.00,14.00,9.00,"1658","1644",-14.00,0.00,0.00,"",0.00,93.00,82.00,59.00,1.00,366.00,,,,,,
2016,7,1,5,2016-07-01,"AA",19805,"AA","2068",11057,"CLT","Charlotte, NC","NC",12953,"LGA","New York, NY","NY","1426","1424",-2.00,0.00,62.00,,"1614","",,,1.00,"B",0.00,108.00,,,1.00,544.00,,,,,,
2016,7,1,5,2016-07-01,"AA",19805,"AA","2068",13930,"ORD","Chicago, IL","IL",11057,"CLT","Charlotte, NC","NC","1025","1022",-3.00,0.00,26.00,10.00,"1321","1324",3.00,3.00,0.00,"",0.00,116.00,122.00,86.00,1.00,599.00,,,,,,
2016,7,1,5,2016-07-01,"AA",19805,"AA","2069",11057,"CLT","Charlotte, NC","NC",12266,"IAH","Houston, TX","TX","1455","1514",19.00,19.00,12.00,9.00,"1627","1638",11.00,11.00,0.00,"",0.00,152.00,144.00,123.00,1.00,912.00,,,,,,
2016,7,1,5,2016-07-01,"AA",19805,"AA","2069",14492,"RDU","Raleigh/Durham, NC","NC",11057,"CLT","Charlotte, NC","NC","1255","1250",-5.00,0.00,22.00,5.00,"1354","1346",-8.00,0.00,0.00,"",0.00,59.00,56.00,29.00,1.00,130.00,,,,,,
2016,7,1,5,2016-07-01,"AA",19805,"AA","2070",10397,"ATL","Atlanta, GA","GA",11057,"CLT","Charlotte, NC","NC","1959","1955",-4.00,0.00,19.00,9.00,"2117","2107",-10.00,0.00,0.00,"",0.00,78.00,72.00,44.00,1.00,226.00,,,,,,
2016,7,1,5,2016-07-01,"AA",19805,"AA","2070",11057,"CLT","Charlotte, NC","NC",11042,"CLE","Cleveland, OH","OH","2225","2220",-5.00,0.00,20.00,5.00,"2356","2351",-5.00,0.00,0.00,"",0.00,91.00,91.00,66.00,1.00,430.00,,,,,,
2016,7,1,5,2016-07-01,"AA",19805,"AA","2071",14492,"RDU","Raleigh/Durham, NC","NC",14100,"PHL","Philadelphia, PA","PA","0700","0659",-1.00,0.00,17.00,9.00,"0829","0816",-13.00,0.00,0.00,"",0.00,89.00,77.00,51.00,1.00,337.00,,,,,,
2016,7,1,5,2016-07-01,"AA",19805,"AA","2072",10397,"ATL","Atlanta, GA","GA",14100,"PHL","Philadelphia, PA","PA","1242","1255",13.00,13.00,23.00,4.00,"1449","1453",4.00,4.00,0.00,"",0.00,127.00,118.00,91.00,1.00,666.00,,,,,,
2016,7,1,5,2016-07-01,"AA",19805,"AA","2073",14100,"PHL","Philadelphia, PA","PA",12953,"LGA","New York, NY","NY","1340","1335",-5.00,0.00,84.00,5.00,"1435","1531",56.00,56.00,0.00,"",0.00,55.00,116.00,27.00,1.00,96.00,0.00,0.00,56.00,0.00,0.00,
2016,7,1,5,2016-07-01,"AA",19805,"AA","2074",14100,"PHL","Philadelphia, PA","PA",12953,"LGA","New York, NY","NY","2032","2100",28.00,28.00,20.00,45.00,"2130","2234",64.00,64.00,0.00,"",0.00,58.00,94.00,29.00,1.00,96.00,9.00,0.00,36.00,0.00,19.00,
2016,7,1,5,2016-07-01,"AA",19805,"AA","2075",12889,"LAS","Las Vegas, NV","NV",11057,"CLT","Charlotte, NC","NC","1134","1135",1.00,1.00,14.00,11.00,"1854","1836",-18.00,0.00,0.00,"",0.00,260.00,241.00,216.00,1.00,1916.00,,,,,,
2016,7,1,5,2016-07-01,"AA",19805,"AA","2076",12892,"LAX","Los Angeles, CA","CA",12339,"IND","Indianapolis, IN","IN","2245","2342",57.00,57.00,32.00,3.00,"0555","0658",63.00,63.00,0.00,"",0.00,250.00,256.00,221.00,1.00,1814.00,57.00,0.00,6.00,0.00,0.00,
2016,7,1,5,2016-07-01,"AA",19805,"AA","2077",11057,"CLT","Charlotte, NC","NC",14524,"RIC","Richmond, VA","VA","1245","1243",-2.00,0.00,12.00,4.00,"1348","1339",-9.00,0.00,0.00,"",0.00,63.00,56.00,40.00,1.00,257.00,,,,,,
2016,7,1,5,2016-07-01,"AA",19805,"AA","2077",11278,"DCA","Washington, DC","VA",11057,"CLT","Charlotte, NC","NC","1021","1016",-5.00,0.00,15.00,12.00,"1150","1135",-15.00,0.00,0.00,"",0.00,89.00,79.00,52.00,1.00,331.00,,,,,,
2016,7,1,5,2016-07-01,"AA",19805,"AA","2077",15304,"TPA","Tampa, FL","FL",11278,"DCA","Washington, DC","VA","0710","0700",-10.00,0.00,14.00,6.00,"0926","0916",-10.00,0.00,0.00,"",0.00,136.00,136.00,116.00,1.00,814.00,,,,,,
2016,7,1,5,2016-07-01,"AA",19805,"AA","2078",11057,"CLT","Charlotte, NC","NC",11042,"CLE","Cleveland, OH","OH","1300","1257",-3.00,0.00,15.00,9.00,"1430","1429",-1.00,0.00,0.00,"",0.00,90.00,92.00,68.00,1.00,430.00,,,,,,
2016,7,1,5,2016-07-01,"AA",19805,"AA","2078",14122,"PIT","Pittsburgh, PA","PA",11057,"CLT","Charlotte, NC","NC","1035","1028",-7.00,0.00,16.00,10.00,"1204","1152",-12.00,0.00,0.00,"",0.00,89.00,84.00,58.00,1.00,366.00,,,,,,
2016,7,1,5,2016-07-01,"AA",19805,"AA","2079",14100,"PHL","Philadelphia, PA","PA",10397,"ATL","Atlanta, GA","GA","1135","1131",-4.00,0.00,45.00,14.00,"1348","1412",24.00,24.00,0.00,"",0.00,133.00,161.00,102.00,1.00,666.00,0.00,0.00,24.00,0.00,0.00,
2016,7,1,5,2016-07-01,"AA",19805,"AA","2080",14100,"PHL","Philadelphia, PA","PA",14635,"RSW","Fort Myers, FL","FL","0815","0809",-6.00,0.00,22.00,3.00,"1107","1057",-10.00,0.00,0.00,"",0.00,172.00,168.00,143.00,1.00,993.00,,,,,,
2016,7,1,5,2016-07-01,"AA",19805,"AA","2080",14635,"RSW","Fort Myers, FL","FL",14100,"PHL","Philadelphia, PA","PA","1155","1147",-8.00,0.00,19.00,23.00,"1435","1440",5.00,5.00,0.00,"",0.00,160.00,173.00,131.00,1.00,993.00,,,,,,
2016,7,1,5,2016-07-01,"AA",19805,"AA","2081",14100,"PHL","Philadelphia, PA","PA",15304,"TPA","Tampa, FL","FL","1555","1726",91.00,91.00,42.00,5.00,"1833","2034",121.00,121.00,0.00,"",0.00,158.00,188.00,141.00,1.00,920.00,91.00,0.00,30.00,0.00,0.00,
2016,7,1,5,2016-07-01,"AA",19805,"AA","2081",15304,"TPA","Tampa, FL","FL",14100,"PHL","Philadelphia, PA","PA","1915","2120",125.00,125.00,11.00,12.00,"2145","2342",117.00,117.00,0.00,"",0.00,150.00,142.00,119.00,1.00,920.00,1.00,0.00,0.00,0.00,116.00,
2016,7,1,5,2016-07-01,"AA",19805,"AA","2082",12889,"LAS","Las Vegas, NV","NV",11298,"DFW","Dallas/Fort Worth, TX","TX","0700","0702",2.00,2.00,16.00,11.00,"1142","1143",1.00,1.00,0.00,"",0.00,162.00,161.00,134.00,1.00,1055.00,,,,,,
2016,7,1,5,2016-07-01,"AA",19805,"AA","2083",12339,"IND","Indianapolis, IN","IN",12892,"LAX","Los Angeles, CA","CA","0725","0726",1.00,1.00,10.00,20.00,"0856","0859",3.00,3.00,0.00,"",0.00,271.00,273.00,243.00,1.00,1814.00,,,,,,
2016,7,1,5,2016-07-01,"AA",19805,"AA","2085",10397,"ATL","Atlanta, GA","GA",14100,"PHL","Philadelphia, PA","PA","0630","0626",-4.00,0.00,17.00,4.00,"0830","0817",-13.00,0.00,0.00,"",0.00,120.00,111.00,90.00,1.00,666.00,,,,,,
2016,7,1,5,2016-07-01,"AA",19805,"AA","2086",11057,"CLT","Charlotte, NC","NC",13487,"MSP","Minneapolis, MN","MN","1800","2333",333.00,333.00,18.00,6.00,"1944","0108",324.00,324.00,0.00,"",0.00,164.00,155.00,131.00,1.00,930.00,14.00,0.00,0.00,0.00,310.00,
2016,7,1,5,2016-07-01,"AA",19805,"AA","2086",12953,"LGA","New York, NY","NY",11057,"CLT","Charlotte, NC","NC","1445","1900",255.00,255.00,106.00,13.00,"1654","2224",330.00,330.00,0.00,"",0.00,129.00,204.00,85.00,1.00,544.00,0.00,255.00,75.00,0.00,0.00,
2016,7,1,5,2016-07-01,"AA",19805,"AA","2086",13487,"MSP","Minneapolis, MN","MN",14107,"PHX","Phoenix, AZ","AZ","2040","0155",315.00,315.00,13.00,5.00,"2155","0323",328.00,328.00,0.00,"",0.00,195.00,208.00,190.00,1.00,1276.00,0.00,0.00,13.00,0.00,315.00,
2016,7,1,5,2016-07-01,"AA",19805,"AA","2086",14107,"PHX","Phoenix, AZ","AZ",12892,"LAX","Los Angeles, CA","CA","2255","2308",13.00,13.00,15.00,17.00,"0023","0048",25.00,25.00,0.00,"",0.00,88.00,100.00,68.00,1.00,370.00,13.00,0.00,12.00,0.00,0.00,
2016,7,1,5,2016-07-01,"AA",19805,"AA","2087",14100,"PHL","Philadelphia, PA","PA",15304,"TPA","Tampa, FL","FL","0805","0800",-5.00,0.00,45.00,2.00,"1046","1057",11.00,11.00,0.00,"",0.00,161.00,177.00,130.00,1.00,920.00,,,,,,
2016,7,1,5,2016-07-01,"AA",19805,"AA","2090",12892,"LAX","Los Angeles, CA","CA",10693,"BNA","Nashville, TN","TN","0940","0952",12.00,12.00,28.00,4.00,"1551","1556",5.00,5.00,0.00,"",0.00,251.00,244.00,212.00,1.00,1797.00,,,,,,
2016,7,1,5,2016-07-01,"AA",19805,"AA","2091",11057,"CLT","Charlotte, NC","NC",11298,"DFW","Dallas/Fort Worth, TX","TX","0730","0725",-5.00,0.00,15.00,13.00,"0914","0858",-16.00,0.00,0.00,"",0.00,164.00,153.00,125.00,1.00,936.00,,,,,,
2016,7,1,5,2016-07-01,"AA",19805,"AA","2091",11298,"DFW","Dallas/Fort Worth, TX","TX",11057,"CLT","Charlotte, NC","NC","1025","1020",-5.00,0.00,15.00,8.00,"1401","1346",-15.00,0.00,0.00,"",0.00,156.00,146.00,123.00,1.00,936.00,,,,,,
2016,7,1,5,2016-07-01,"AA",19805,"AA","2092",14057,"PDX","Portland, OR","OR",14107,"PHX","Phoenix, AZ","AZ","2020","2225",125.00,125.00,11.00,3.00,"2301","0101",120.00,120.00,0.00,"",0.00,161.00,156.00,142.00,1.00,1009.00,8.00,0.00,0.00,0.00,112.00,
2016,7,1,5,2016-07-01,"AA",19805,"AA","2093",10423,"AUS","Austin, TX","TX",14100,"PHL","Philadelphia, PA","PA","1255","1317",22.00,22.00,10.00,5.00,"1723","1735",12.00,12.00,0.00,"",0.00,208.00,198.00,183.00,1.00,1430.00,,,,,,
2016,7,1,5,2016-07-01,"AA",19805,"AA","2093",14100,"PHL","Philadelphia, PA","PA",10423,"AUS","Austin, TX","TX","0929","0938",9.00,9.00,29.00,6.00,"1204","1224",20.00,20.00,0.00,"",0.00,215.00,226.00,191.00,1.00,1430.00,9.00,0.00,11.00,0.00,0.00,
2016,7,1,5,2016-07-01,"AA",19805,"AA","2094",14100,"PHL","Philadelphia, PA","PA",10423,"AUS","Austin, TX","TX","1815","1912",57.00,57.00,33.00,6.00,"2108","2204",56.00,56.00,0.00,"",0.00,233.00,232.00,193.00,1.00,1430.00,56.00,0.00,0.00,0.00,0.00,
2016,7,1,5,2016-07-01,"AA",19805,"AA","2095",10423,"AUS","Austin, TX","TX",14100,"PHL","Philadelphia, PA","PA","0550","0544",-6.00,0.00,11.00,7.00,"1019","0957",-22.00,0.00,0.00,"",0.00,209.00,193.00,175.00,1.00,1430.00,,,,,,
2016,7,1,5,2016-07-01,"AA",19805,"AA","2096",14100,"PHL","Philadelphia, PA","PA",13198,"MCI","Kansas City, MO","MO","0915","0922",7.00,7.00,21.00,8.00,"1103","1127",24.00,24.00,0.00,"",0.00,168.00,185.00,156.00,1.00,1038.00,7.00,0.00,17.00,0.00,0.00,
2016,7,1,5,2016-07-01,"AA",19805,"AA","2096",14307,"PVD","Providence, RI","RI",14100,"PHL","Philadelphia, PA","PA","0710","0705",-5.00,0.00,14.00,7.00,"0826","0824",-2.00,0.00,0.00,"",0.00,76.00,79.00,58.00,1.00,237.00,,,,,,
2016,7,1,5,2016-07-01,"AA",19805,"AA","2097",13198,"MCI","Kansas City, MO","MO",14100,"PHL","Philadelphia, PA","PA","1145","1204",19.00,19.00,12.00,5.00,"1525","1527",2.00,2.00,0.00,"",0.00,160.00,143.00,126.00,1.00,1038.00,,,,,,
2016,7,1,5,2016-07-01,"AA",19805,"AA","2098",11298,"DFW","Dallas/Fort Worth, TX","TX",12889,"LAS","Las Vegas, NV","NV","1450","",,,,,"1540","",,,1.00,"A",0.00,170.00,,,1.00,1055.00,,,,,,
2016,7,1,5,2016-07-01,"AA",19805,"AA","2098",12889,"LAS","Las Vegas, NV","NV",11298,"DFW","Dallas/Fort Worth, TX","TX","1635","1900",145.00,145.00,16.00,6.00,"2116","2334",138.00,138.00,0.00,"",0.00,161.00,154.00,132.00,1.00,1055.00,0.00,0.00,0.00,0.00,138.00,
2016,7,1,5,2016-07-01,"AA",19805,"AA","2115",12953,"LGA","New York, NY","NY",11278,"DCA","Washington, DC","VA","0600","0555",-5.00,0.00,17.00,4.00,"0700","0656",-4.00,0.00,0.00,"",0.00,60.00,61.00,40.00,1.00,214.00,,,,,,
2016,7,1,5,2016-07-01,"AA",19805,"AA","2116",10721,"BOS","Boston, MA","MA",11278,"DCA","Washington, DC","VA","2000","",,,,,"2141","",,,1.00,"C",0.00,101.00,,,1.00,399.00,,,,,,
2016,7,1,5,2016-07-01,"AA",19805,"AA","2116",11278,"DCA","Washington, DC","VA",10721,"BOS","Boston, MA","MA","1730","",,,,,"1905","",,,1.00,"C",0.00,95.00,,,1.00,399.00,,,,,,
2016,7,1,5,2016-07-01,"AA",19805,"AA","2117",11278,"DCA","Washington, DC","VA",12953,"LGA","New York, NY","NY","2200","",,,,,"2308","",,,1.00,"C",0.00,68.00,,,1.00,214.00,,,,,,
2016,7,1,5,2016-07-01,"AA",19805,"AA","2118",10721,"BOS","Boston, MA","MA",12953,"LGA","New York, NY","NY","1800","1955",115.00,115.00,23.00,6.00,"1922","2110",108.00,108.00,0.00,"",0.00,82.00,75.00,46.00,1.00,184.00,0.00,0.00,108.00,0.00,0.00,
2016,7,1,5,2016-07-01,"AA",19805,"AA","2118",12953,"LGA","New York, NY","NY",10721,"BOS","Boston, MA","MA","1600","1611",11.00,11.00,16.00,5.00,"1717","1708",-9.00,0.00,0.00,"",0.00,77.00,57.00,36.00,1.00,184.00,,,,,,
2016,7,1,5,2016-07-01,"AA",19805,"AA","2119",10721,"BOS","Boston, MA","MA",11278,"DCA","Washington, DC","VA","1600","1645",45.00,45.00,36.00,34.00,"1733","1939",126.00,126.00,0.00,"",0.00,93.00,174.00,104.00,1.00,399.00,0.00,0.00,126.00,0.00,0.00,
2016,7,1,5,2016-07-01,"AA",19805,"AA","2119",11278,"DCA","Washington, DC","VA",10721,"BOS","Boston, MA","MA","1330","1337",7.00,7.00,43.00,6.00,"1454","1534",40.00,40.00,0.00,"",0.00,84.00,117.00,68.00,1.00,399.00,7.00,0.00,33.00,0.00,0.00,
2016,7,1,5,2016-07-01,"AA",19805,"AA","2120",10721,"BOS","Boston, MA","MA",11278,"DCA","Washington, DC","VA","1900","1924",24.00,24.00,21.00,12.00,"2038","2107",29.00,29.00,0.00,"",0.00,98.00,103.00,70.00,1.00,399.00,0.00,0.00,29.00,0.00,0.00,
2016,7,1,5,2016-07-01,"AA",19805,"AA","2120",11278,"DCA","Washington, DC","VA",10721,"BOS","Boston, MA","MA","1630","1636",6.00,6.00,28.00,8.00,"1758","1841",43.00,43.00,0.00,"",0.00,88.00,125.00,89.00,1.00,399.00,0.00,6.00,37.00,0.00,0.00,
2016,7,1,5,2016-07-01,"AA",19805,"AA","2121",10721,"BOS","Boston, MA","MA",12953,"LGA","New York, NY","NY","1100","1052",-8.00,0.00,15.00,18.00,"1212","1208",-4.00,0.00,0.00,"",0.00,72.00,76.00,43.00,1.00,184.00,,,,,,
2016,7,1,5,2016-07-01,"AA",19805,"AA","2121",12953,"LGA","New York, NY","NY",10721,"BOS","Boston, MA","MA","0900","0853",-7.00,0.00,27.00,6.00,"1018","1011",-7.00,0.00,0.00,"",0.00,78.00,78.00,45.00,1.00,184.00,,,,,,
2016,7,1,5,2016-07-01,"AA",19805,"AA","2122",12953,"LGA","New York, NY","NY",10721,"BOS","Boston, MA","MA","1900","",,,,,"2012","",,,1.00,"C",0.00,72.00,,,1.00,184.00,,,,,,
2016,7,1,5,2016-07-01,"AA",19805,"AA","2123",12953,"LGA","New York, NY","NY",11278,"DCA","Washington, DC","VA","0700","0659",-1.00,0.00,21.00,6.00,"0809","0809",0.00,0.00,0.00,"",0.00,69.00,70.00,43.00,1.00,214.00,,,,,,
2016,7,1,5,2016-07-01,"AA",19805,"AA","2124",10721,"BOS","Boston, MA","MA",11278,"DCA","Washington, DC","VA","1800","1913",73.00,73.00,29.00,5.00,"1944","2058",74.00,74.00,0.00,"",0.00,104.00,105.00,71.00,1.00,399.00,0.00,0.00,74.00,0.00,0.00,
2016,7,1,5,2016-07-01,"AA",19805,"AA","2124",11278,"DCA","Washington, DC","VA",10721,"BOS","Boston, MA","MA","1530","1528",-2.00,0.00,94.00,3.00,"1700","1832",92.00,92.00,0.00,"",0.00,90.00,184.00,87.00,1.00,399.00,0.00,0.00,92.00,0.00,0.00,
2016,7,31,7,2016-07-31,"AA",19805,"AA","1623",13930,"ORD","Chicago, IL","IL",14747,"SEA","Seattle, WA","WA","0710","0705",-5.00,0.00,18.00,9.00,"0938","0935",-3.00,0.00,0.00,"",0.00,268.00,270.00,243.00,1.00,1721.00,,,,,,
2016,7,1,5,2016-07-01,"AA",19805,"AA","1623",14747,"SEA","Seattle, WA","WA",11298,"DFW","Dallas/Fort Worth, TX","TX","1030","1030",0.00,0.00,11.00,12.00,"1624","1617",-7.00,0.00,0.00,"",0.00,234.00,227.00,204.00,1.00,1660.00,,,,,,
2016,7,2,6,2016-07-02,"AA",19805,"AA","1623",14747,"SEA","Seattle, WA","WA",11298,"DFW","Dallas/Fort Worth, TX","TX","1030","1028",-2.00,0.00,11.00,10.00,"1624","1611",-13.00,0.00,0.00,"",0.00,234.00,223.00,202.00,1.00,1660.00,,,,,,
2016,7,3,7,2016-07-03,"AA",19805,"AA","1623",14747,"SEA","Seattle, WA","WA",11298,"DFW","Dallas/Fort Worth, TX","TX","1030","1026",-4.00,0.00,13.00,6.00,"1624","1601",-23.00,0.00,0.00,"",0.00,234.00,215.00,196.00,1.00,1660.00,,,,,,
2016,7,4,1,2016-07-04,"AA",19805,"AA","1623",14747,"SEA","Seattle, WA","WA",11298,"DFW","Dallas/Fort Worth, TX","TX","1030","1027",-3.00,0.00,18.00,2.00,"1624","1606",-18.00,0.00,0.00,"",0.00,234.00,219.00,199.00,1.00,1660.00,,,,,,
2016,7,5,2,2016-07-05,"AA",19805,"AA","1623",14747,"SEA","Seattle, WA","WA",11298,"DFW","Dallas/Fort Worth, TX","TX","1030","1029",-1.00,0.00,15.00,22.00,"1624","1618",-6.00,0.00,0.00,"",0.00,234.00,229.00,192.00,1.00,1660.00,,,,,,
2016,7,6,3,2016-07-06,"AA",19805,"AA","1623",14747,"SEA","Seattle, WA","WA",11298,"DFW","Dallas/Fort Worth, TX","TX","1030","1048",18.00,18.00,14.00,10.00,"1624","1626",2.00,2.00,0.00,"",0.00,234.00,218.00,194.00,1.00,1660.00,,,,,,
2016,7,7,4,2016-07-07,"AA",19805,"AA","1623",14747,"SEA","Seattle, WA","WA",11298,"DFW","Dallas/Fort Worth, TX","TX","1030","1027",-3.00,0.00,15.00,10.00,"1624","1604",-20.00,0.00,0.00,"",0.00,234.00,217.00,192.00,1.00,1660.00,,,,,,
2016,7,8,5,2016-07-08,"AA",19805,"AA","1623",14747,"SEA","Seattle, WA","WA",11298,"DFW","Dallas/Fort Worth, TX","TX","1030","1050",20.00,20.00,14.00,9.00,"1624","1629",5.00,5.00,0.00,"",0.00,234.00,219.00,196.00,1.00,1660.00,,,,,,
2016,7,9,6,2016-07-09,"AA",19805,"AA","1623",14747,"SEA","Seattle, WA","WA",11298,"DFW","Dallas/Fort Worth, TX","TX","1030","1029",-1.00,0.00,14.00,10.00,"1624","1613",-11.00,0.00,0.00,"",0.00,234.00,224.00,200.00,1.00,1660.00,,,,,,
2016,7,10,7,2016-07-10,"AA",19805,"AA","1623",14747,"SEA","Seattle, WA","WA",11298,"DFW","Dallas/Fort Worth, TX","TX","1030","1031",1.00,1.00,15.00,10.00,"1624","1613",-11.00,0.00,0.00,"",0.00,234.00,222.00,197.00,1.00,1660.00,,,,,,
2016,7,11,1,2016-07-11,"AA",19805,"AA","1623",14747,"SEA","Seattle, WA","WA",11298,"DFW","Dallas/Fort Worth, TX","TX","1030","1025",-5.00,0.00,16.00,11.00,"1624","1603",-21.00,0.00,0.00,"",0.00,234.00,218.00,191.00,1.00,1660.00,,,,,,
2016,7,12,2,2016-07-12,"AA",19805,"AA","1623",14747,"SEA","Seattle, WA","WA",11298,"DFW","Dallas/Fort Worth, TX","TX","1030","1028",-2.00,0.00,15.00,12.00,"1624","1606",-18.00,0.00,0.00,"",0.00,234.00,218.00,191.00,1.00,1660.00,,,,,,
2016,7,13,3,2016-07-13,"AA",19805,"AA","1623",14747,"SEA","Seattle, WA","WA",11298,"DFW","Dallas/Fort Worth, TX","TX","1030","1025",-5.00,0.00,16.00,11.00,"1624","1605",-19.00,0.00,0.00,"",0.00,234.00,220.00,193.00,1.00,1660.00,,,,,,
2016,7,14,4,2016-07-14,"AA",19805,"AA","1623",14747,"SEA","Seattle, WA","WA",11298,"DFW","Dallas/Fort Worth, TX","TX","1030","1025",-5.00,0.00,28.00,14.00,"1624","1632",8.00,8.00,0.00,"",0.00,234.00,247.00,205.00,1.00,1660.00,,,,,,
2016,7,15,5,2016-07-15,"AA",19805,"AA","1623",14747,"SEA","Seattle, WA","WA",11298,"DFW","Dallas/Fort Worth, TX","TX","1030","1029",-1.00,0.00,16.00,12.00,"1624","1606",-18.00,0.00,0.00,"",0.00,234.00,217.00,189.00,1.00,1660.00,,,,,,
2016,7,16,6,2016-07-16,"AA",19805,"AA","1623",14747,"SEA","Seattle, WA","WA",11298,"DFW","Dallas/Fort Worth, TX","TX","1030","1030",0.00,0.00,22.00,11.00,"1624","1615",-9.00,0.00,0.00,"",0.00,234.00,225.00,192.00,1.00,1660.00,,,,,,
2016,7,17,7,2016-07-17,"AA",19805,"AA","1623",14747,"SEA","Seattle, WA","WA",11298,"DFW","Dallas/Fort Worth, TX","TX","1030","1030",0.00,0.00,13.00,7.00,"1624","1612",-12.00,0.00,0.00,"",0.00,234.00,222.00,202.00,1.00,1660.00,,,,,,
2016,7,18,1,2016-07-18,"AA",19805,"AA","1623",14747,"SEA","Seattle, WA","WA",11298,"DFW","Dallas/Fort Worth, TX","TX","1030","1053",23.00,23.00,22.00,10.00,"1624","1650",26.00,26.00,0.00,"",0.00,234.00,237.00,205.00,1.00,1660.00,7.00,0.00,3.00,0.00,16.00,
2016,7,19,2,2016-07-19,"AA",19805,"AA","1623",14747,"SEA","Seattle, WA","WA",11298,"DFW","Dallas/Fort Worth, TX","TX","1030","1029",-1.00,0.00,14.00,6.00,"1624","1619",-5.00,0.00,0.00,"",0.00,234.00,230.00,210.00,1.00,1660.00,,,,,,
2016,7,20,3,2016-07-20,"AA",19805,"AA","1623",14747,"SEA","Seattle, WA","WA",11298,"DFW","Dallas/Fort Worth, TX","TX","1030","1029",-1.00,0.00,22.00,11.00,"1624","1630",6.00,6.00,0.00,"",0.00,234.00,241.00,208.00,1.00,1660.00,,,,,,
2016,7,21,4,2016-07-21,"AA",19805,"AA","1623",14747,"SEA","Seattle, WA","WA",11298,"DFW","Dallas/Fort Worth, TX","TX","1030","1020",-10.00,0.00,22.00,11.00,"1624","1619",-5.00,0.00,0.00,"",0.00,234.00,239.00,206.00,1.00,1660.00,,,,,,
2016,7,22,5,2016-07-22,"AA",19805,"AA","1623",14747,"SEA","Seattle, WA","WA",11298,"DFW","Dallas/Fort Worth, TX","TX","1030","1025",-5.00,0.00,18.00,9.00,"1624","1619",-5.00,0.00,0.00,"",0.00,234.00,234.00,207.00,1.00,1660.00,,,,,,
2016,7,23,6,2016-07-23,"AA",19805,"AA","1623",14747,"SEA","Seattle, WA","WA",11298,"DFW","Dallas/Fort Worth, TX","TX","1030","1456",266.00,266.00,14.00,11.00,"1624","2041",257.00,257.00,0.00,"",0.00,234.00,225.00,200.00,1.00,1660.00,79.00,0.00,0.00,0.00,178.00,
2016,7,24,7,2016-07-24,"AA",19805,"AA","1623",14747,"SEA","Seattle, WA","WA",11298,"DFW","Dallas/Fort Worth, TX","TX","1030","1030",0.00,0.00,16.00,10.00,"1624","1619",-5.00,0.00,0.00,"",0.00,234.00,229.00,203.00,1.00,1660.00,,,,,,
2016,7,25,1,2016-07-25,"AA",19805,"AA","1623",14747,"SEA","Seattle, WA","WA",11298,"DFW","Dallas/Fort Worth, TX","TX","1030","1028",-2.00,0.00,16.00,12.00,"1624","1616",-8.00,0.00,0.00,"",0.00,234.00,228.00,200.00,1.00,1660.00,,,,,,
2016,7,26,2,2016-07-26,"AA",19805,"AA","1623",14747,"SEA","Seattle, WA","WA",11298,"DFW","Dallas/Fort Worth, TX","TX","1030","1024",-6.00,0.00,19.00,16.00,"1624","1618",-6.00,0.00,0.00,"",0.00,234.00,234.00,199.00,1.00,1660.00,,,,,,
2016,7,27,3,2016-07-27,"AA",19805,"AA","1623",14747,"SEA","Seattle, WA","WA",11298,"DFW","Dallas/Fort Worth, TX","TX","1030","1032",2.00,2.00,19.00,6.00,"1624","1656",32.00,32.00,0.00,"",0.00,234.00,264.00,239.00,1.00,1660.00,2.00,0.00,30.00,0.00,0.00,
2016,7,28,4,2016-07-28,"AA",19805,"AA","1623",14747,"SEA","Seattle, WA","WA",11298,"DFW","Dallas/Fort Worth, TX","TX","1030","1026",-4.00,0.00,23.00,12.00,"1624","1615",-9.00,0.00,0.00,"",0.00,234.00,229.00,194.00,1.00,1660.00,,,,,,
2016,7,29,5,2016-07-29,"AA",19805,"AA","1623",14747,"SEA","Seattle, WA","WA",11298,"DFW","Dallas/Fort Worth, TX","TX","1030","1031",1.00,1.00,13.00,14.00,"1624","1614",-10.00,0.00,0.00,"",0.00,234.00,223.00,196.00,1.00,1660.00,,,,,,
2016,7,30,6,2016-07-30,"AA",19805,"AA","1623",14747,"SEA","Seattle, WA","WA",11298,"DFW","Dallas/Fort Worth, TX","TX","1030","1029",-1.00,0.00,14.00,7.00,"1624","1606",-18.00,0.00,0.00,"",0.00,234.00,217.00,196.00,1.00,1660.00,,,,,,
2016,7,31,7,2016-07-31,"AA",19805,"AA","1623",14747,"SEA","Seattle, WA","WA",11298,"DFW","Dallas/Fort Worth, TX","TX","1030","1027",-3.00,0.00,15.00,11.00,"1624","1619",-5.00,0.00,0.00,"",0.00,234.00,232.00,206.00,1.00,1660.00,,,,,,
2016,7,1,5,2016-07-01,"AA",19805,"AA","1624",14747,"SEA","Seattle, WA","WA",13930,"ORD","Chicago, IL","IL","0630","0631",1.00,1.00,19.00,14.00,"1231","1234",3.00,3.00,0.00,"",0.00,241.00,243.00,210.00,1.00,1721.00,,,,,,
2016,7,2,6,2016-07-02,"AA",19805,"AA","1624",14747,"SEA","Seattle, WA","WA",13930,"ORD","Chicago, IL","IL","0630","0628",-2.00,0.00,20.00,15.00,"1231","1219",-12.00,0.00,0.00,"",0.00,241.00,231.00,196.00,1.00,1721.00,,,,,,
2016,7,4,1,2016-07-04,"AA",19805,"AA","1624",14747,"SEA","Seattle, WA","WA",13930,"ORD","Chicago, IL","IL","0630","0628",-2.00,0.00,20.00,16.00,"1231","1214",-17.00,0.00,0.00,"",0.00,241.00,226.00,190.00,1.00,1721.00,,,,,,
2016,7,5,2,2016-07-05,"AA",19805,"AA","1624",14747,"SEA","Seattle, WA","WA",13930,"ORD","Chicago, IL","IL","0630","0636",6.00,6.00,18.00,18.00,"1231","1237",6.00,6.00,0.00,"",0.00,241.00,241.00,205.00,1.00,1721.00,,,,,,
2016,7,6,3,2016-07-06,"AA",19805,"AA","1624",14747,"SEA","Seattle, WA","WA",13930,"ORD","Chicago, IL","IL","0630","0626",-4.00,0.00,20.00,12.00,"1231","1222",-9.00,0.00,0.00,"",0.00,241.00,236.00,204.00,1.00,1721.00,,,,,,
2016,7,7,4,2016-07-07,"AA",19805,"AA","1624",14747,"SEA","Seattle, WA","WA",13930,"ORD","Chicago, IL","IL","0630","0623",-7.00,0.00,13.00,9.00,"1231","1216",-15.00,0.00,0.00,"",0.00,241.00,233.00,211.00,1.00,1721.00,,,,,,
2016,7,8,5,2016-07-08,"AA",19805,"AA","1624",14747,"SEA","Seattle, WA","WA",13930,"ORD","Chicago, IL","IL","0630","0625",-5.00,0.00,25.00,12.00,"1231","1218",-13.00,0.00,0.00,"",0.00,241.00,233.00,196.00,1.00,1721.00,,,,,,
2016,7,9,6,2016-07-09,"AA",19805,"AA","1624",14747,"SEA","Seattle, WA","WA",13930,"ORD","Chicago, IL","IL","0630","0627",-3.00,0.00,18.00,26.00,"1231","1227",-4.00,0.00,0.00,"",0.00,241.00,240.00,196.00,1.00,1721.00,,,,,,
2016,7,10,7,2016-07-10,"AA",19805,"AA","1624",14747,"SEA","Seattle, WA","WA",13930,"ORD","Chicago, IL","IL","0515","0505",-10.00,0.00,15.00,17.00,"1116","1115",-1.00,0.00,0.00,"",0.00,241.00,250.00,218.00,1.00,1721.00,,,,,,
2016,7,11,1,2016-07-11,"AA",19805,"AA","1624",14747,"SEA","Seattle, WA","WA",13930,"ORD","Chicago, IL","IL","0630","0622",-8.00,0.00,23.00,15.00,"1231","1233",2.00,2.00,0.00,"",0.00,241.00,251.00,213.00,1.00,1721.00,,,,,,
2016,7,12,2,2016-07-12,"AA",19805,"AA","1624",14747,"SEA","Seattle, WA","WA",13930,"ORD","Chicago, IL","IL","0630","0624",-6.00,0.00,20.00,15.00,"1231","1216",-15.00,0.00,0.00,"",0.00,241.00,232.00,197.00,1.00,1721.00,,,,,,
2016,7,13,3,2016-07-13,"AA",19805,"AA","1624",14747,"SEA","Seattle, WA","WA",13930,"ORD","Chicago, IL","IL","0630","0627",-3.00,0.00,19.00,13.00,"1231","1234",3.00,3.00,0.00,"",0.00,241.00,247.00,215.00,1.00,1721.00,,,,,,
2016,7,14,4,2016-07-14,"AA",19805,"AA","1624",14747,"SEA","Seattle, WA","WA",13930,"ORD","Chicago, IL","IL","0630","0627",-3.00,0.00,19.00,15.00,"1231","1219",-12.00,0.00,0.00,"",0.00,241.00,232.00,198.00,1.00,1721.00,,,,,,
2016,7,15,5,2016-07-15,"AA",19805,"AA","1624",14747,"SEA","Seattle, WA","WA",13930,"ORD","Chicago, IL","IL","0630","0624",-6.00,0.00,14.00,15.00,"1231","1207",-24.00,0.00,0.00,"",0.00,241.00,223.00,194.00,1.00,1721.00,,,,,,
2016,7,16,6,2016-07-16,"AA",19805,"AA","1624",14747,"SEA","Seattle, WA","WA",13930,"ORD","Chicago, IL","IL","0630","0702",32.00,32.00,13.00,16.00,"1231","1249",18.00,18.00,0.00,"",0.00,241.00,227.00,198.00,1.00,1721.00,18.00,0.00,0.00,0.00,0.00,
2016,7,17,7,2016-07-17,"AA",19805,"AA","1624",14747,"SEA","Seattle, WA","WA",13930,"ORD","Chicago, IL","IL","0515","0508",-7.00,0.00,16.00,17.00,"1116","1123",7.00,7.00,0.00,"",0.00,241.00,255.00,222.00,1.00,1721.00,,,,,,
2016,7,18,1,2016-07-18,"AA",19805,"AA","1624",14747,"SEA","Seattle, WA","WA",13930,"ORD","Chicago, IL","IL","0630","0628",-2.00,0.00,22.00,15.00,"1231","1214",-17.00,0.00,0.00,"",0.00,241.00,226.00,189.00,1.00,1721.00,,,,,,
2016,7,19,2,2016-07-19,"AA",19805,"AA","1624",14747,"SEA","Seattle, WA","WA",13930,"ORD","Chicago, IL","IL","0630","0631",1.00,1.00,22.00,15.00,"1231","1220",-11.00,0.00,0.00,"",0.00,241.00,229.00,192.00,1.00,1721.00,,,,,,
2016,7,20,3,2016-07-20,"AA",19805,"AA","1624",14747,"SEA","Seattle, WA","WA",13930,"ORD","Chicago, IL","IL","0630","0628",-2.00,0.00,16.00,24.00,"1231","1236",5.00,5.00,0.00,"",0.00,241.00,248.00,208.00,1.00,1721.00,,,,,,
2016,7,21,4,2016-07-21,"AA",19805,"AA","1624",14747,"SEA","Seattle, WA","WA",13930,"ORD","Chicago, IL","IL","0630","0628",-2.00,0.00,23.00,37.00,"1231","1250",19.00,19.00,0.00,"",0.00,241.00,262.00,202.00,1.00,1721.00,0.00,0.00,19.00,0.00,0.00,
2016,7,22,5,2016-07-22,"AA",19805,"AA","1624",14747,"SEA","Seattle, WA","WA",13930,"ORD","Chicago, IL","IL","0630","0640",10.00,10.00,17.00,8.00,"1231","1220",-11.00,0.00,0.00,"",0.00,241.00,220.00,195.00,1.00,1721.00,,,,,,
2016,7,23,6,2016-07-23,"AA",19805,"AA","1624",14747,"SEA","Seattle, WA","WA",13930,"ORD","Chicago, IL","IL","0630","0623",-7.00,0.00,22.00,17.00,"1231","1223",-8.00,0.00,0.00,"",0.00,241.00,240.00,201.00,1.00,1721.00,,,,,,
2016,7,24,7,2016-07-24,"AA",19805,"AA","1624",14747,"SEA","Seattle, WA","WA",13930,"ORD","Chicago, IL","IL","0515","0511",-4.00,0.00,13.00,12.00,"1116","1100",-16.00,0.00,0.00,"",0.00,241.00,229.00,204.00,1.00,1721.00,,,,,,
2016,7,25,1,2016-07-25,"AA",19805,"AA","1624",14747,"SEA","Seattle, WA","WA",13930,"ORD","Chicago, IL","IL","0630","0633",3.00,3.00,14.00,19.00,"1231","1231",0.00,0.00,0.00,"",0.00,241.00,238.00,205.00,1.00,1721.00,,,,,,
2016,7,26,2,2016-07-26,"AA",19805,"AA","1624",14747,"SEA","Seattle, WA","WA",13930,"ORD","Chicago, IL","IL","0630","0628",-2.00,0.00,15.00,18.00,"1231","1223",-8.00,0.00,0.00,"",0.00,241.00,235.00,202.00,1.00,1721.00,,,,,,
2016,7,27,3,2016-07-27,"AA",19805,"AA","1624",14747,"SEA","Seattle, WA","WA",13930,"ORD","Chicago, IL","IL","0630","0625",-5.00,0.00,22.00,20.00,"1231","1228",-3.00,0.00,0.00,"",0.00,241.00,243.00,201.00,1.00,1721.00,,,,,,
2016,7,28,4,2016-07-28,"AA",19805,"AA","1624",14747,"SEA","Seattle, WA","WA",13930,"ORD","Chicago, IL","IL","0630","0634",4.00,4.00,16.00,15.00,"1231","1224",-7.00,0.00,0.00,"",0.00,241.00,230.00,199.00,1.00,1721.00,,,,,,
2016,7,29,5,2016-07-29,"AA",19805,"AA","1624",14747,"SEA","Seattle, WA","WA",13930,"ORD","Chicago, IL","IL","0630","0645",15.00,15.00,17.00,22.00,"1231","1247",16.00,16.00,0.00,"",0.00,241.00,242.00,203.00,1.00,1721.00,15.00,0.00,1.00,0.00,0.00,
2016,7,30,6,2016-07-30,"AA",19805,"AA","1624",14747,"SEA","Seattle, WA","WA",13930,"ORD","Chicago, IL","IL","0630","0629",-1.00,0.00,28.00,28.00,"1231","1243",12.00,12.00,0.00,"",0.00,241.00,254.00,198.00,1.00,1721.00,,,,,,
2016,7,31,7,2016-07-31,"AA",19805,"AA","1624",14747,"SEA","Seattle, WA","WA",13930,"ORD","Chicago, IL","IL","0515","0508",-7.00,0.00,18.00,17.00,"1116","1057",-19.00,0.00,0.00,"",0.00,241.00,229.00,194.00,1.00,1721.00,,,,,,
2016,7,1,5,2016-07-01,"AA",19805,"AA","1625",11278,"DCA","Washington, DC","VA",13303,"MIA","Miami, FL","FL","1030","1027",-3.00,0.00,15.00,6.00,"1313","1256",-17.00,0.00,0.00,"",0.00,163.00,149.00,128.00,1.00,919.00,,,,,,
2016,7,2,6,2016-07-02,"AA",19805,"AA","1625",11278,"DCA","Washington, DC","VA",13303,"MIA","Miami, FL","FL","1030","1029",-1.00,0.00,18.00,5.00,"1313","1307",-6.00,0.00,0.00,"",0.00,163.00,158.00,135.00,1.00,919.00,,,,,,
2016,7,3,7,2016-07-03,"AA",19805,"AA","1625",11278,"DCA","Washington, DC","VA",13303,"MIA","Miami, FL","FL","1030","1031",1.00,1.00,31.00,11.00,"1313","1325",12.00,12.00,0.00,"",0.00,163.00,174.00,132.00,1.00,919.00,,,,,,
2016,7,4,1,2016-07-04,"AA",19805,"AA","1625",11278,"DCA","Washington, DC","VA",13303,"MIA","Miami, FL","FL","1030","1024",-6.00,0.00,14.00,11.00,"1313","1254",-19.00,0.00,0.00,"",0.00,163.00,150.00,125.00,1.00,919.00,,,,,,
2016,7,5,2,2016-07-05,"AA",19805,"AA","1625",11278,"DCA","Washington, DC","VA",13303,"MIA","Miami, FL","FL","1030","1029",-1.00,0.00,36.00,5.00,"1313","1323",10.00,10.00,0.00,"",0.00,163.00,174.00,133.00,1.00,919.00,,,,,,
2016,7,6,3,2016-07-06,"AA",19805,"AA","1625",11278,"DCA","Washington, DC","VA",13303,"MIA","Miami, FL","FL","1030","1027",-3.00,0.00,18.00,6.00,"1313","1302",-11.00,0.00,0.00,"",0.00,163.00,155.00,131.00,1.00,919.00,,,,,,
2016,7,7,4,2016-07-07,"AA",19805,"AA","1625",11278,"DCA","Washington, DC","VA",13303,"MIA","Miami, FL","FL","1030","1026",-4.00,0.00,27.00,10.00,"1313","1311",-2.00,0.00,0.00,"",0.00,163.00,165.00,128.00,1.00,919.00,,,,,,
2016,7,8,5,2016-07-08,"AA",19805,"AA","1625",11278,"DCA","Washington, DC","VA",13303,"MIA","Miami, FL","FL","1030","1026",-4.00,0.00,22.00,6.00,"1313","1301",-12.00,0.00,0.00,"",0.00,163.00,155.00,127.00,1.00,919.00,,,,,,
2016,7,9,6,2016-07-09,"AA",19805,"AA","1625",11278,"DCA","Washington, DC","VA",13303,"MIA","Miami, FL","FL","1030","1041",11.00,11.00,23.00,7.00,"1313","1328",15.00,15.00,0.00,"",0.00,163.00,167.00,137.00,1.00,919.00,0.00,0.00,4.00,0.00,11.00,
2016,7,10,7,2016-07-10,"AA",19805,"AA","1625",11278,"DCA","Washington, DC","VA",13303,"MIA","Miami, FL","FL","1030","1031",1.00,1.00,17.00,8.00,"1313","1309",-4.00,0.00,0.00,"",0.00,163.00,158.00,133.00,1.00,919.00,,,,,,
2016,7,11,1,2016-07-11,"AA",19805,"AA","1625",11278,"DCA","Washington, DC","VA",13303,"MIA","Miami, FL","FL","1030","1042",12.00,12.00,14.00,7.00,"1313","1314",1.00,1.00,0.00,"",0.00,163.00,152.00,131.00,1.00,919.00,,,,,,
2016,7,12,2,2016-07-12,"AA",19805,"AA","1625",11278,"DCA","Washington, DC","VA",13303,"MIA","Miami, FL","FL","1030","1026",-4.00,0.00,60.00,7.00,"1313","1342",29.00,29.00,0.00,"",0.00,163.00,196.00,129.00,1.00,919.00,0.00,0.00,29.00,0.00,0.00,
2016,7,13,3,2016-07-13,"AA",19805,"AA","1625",11278,"DCA","Washington, DC","VA",13303,"MIA","Miami, FL","FL","1030","1030",0.00,0.00,16.00,13.00,"1313","1307",-6.00,0.00,0.00,"",0.00,163.00,157.00,128.00,1.00,919.00,,,,,,
2016,7,14,4,2016-07-14,"AA",19805,"AA","1625",11278,"DCA","Washington, DC","VA",13303,"MIA","Miami, FL","FL","1030","1036",6.00,6.00,20.00,7.00,"1313","1306",-7.00,0.00,0.00,"",0.00,163.00,150.00,123.00,1.00,919.00,,,,,,
2016,7,15,5,2016-07-15,"AA",19805,"AA","1625",11278,"DCA","Washington, DC","VA",13303,"MIA","Miami, FL","FL","1030","1030",0.00,0.00,26.00,15.00,"1313","1314",1.00,1.00,0.00,"",0.00,163.00,164.00,123.00,1.00,919.00,,,,,,
2016,7,16,6,2016-07-16,"AA",19805,"AA","1625",11278,"DCA","Washington, DC","VA",13303,"MIA","Miami, FL","FL","1030","1031",1.00,1.00,25.00,7.00,"1313","1323",10.00,10.00,0.00,"",0.00,163.00,172.00,140.00,1.00,919.00,,,,,,
2016,7,17,7,2016-07-17,"AA",19805,"AA","1625",11278,"DCA","Washington, DC","VA",13303,"MIA","Miami, FL","FL","1030","1026",-4.00,0.00,15.00,22.00,"1313","1310",-3.00,0.00,0.00,"",0.00,163.00,164.00,127.00,1.00,919.00,,,,,,
2016,7,18,1,2016-07-18,"AA",19805,"AA","1625",11278,"DCA","Washington, DC","VA",13303,"MIA","Miami, FL","FL","1030","1028",-2.00,0.00,22.00,6.00,"1313","1308",-5.00,0.00,0.00,"",0.00,163.00,160.00,132.00,1.00,919.00,,,,,,
2016,7,19,2,2016-07-19,"AA",19805,"AA","1625",11278,"DCA","Washington, DC","VA",13303,"MIA","Miami, FL","FL","1030","1022",-8.00,0.00,27.00,13.00,"1313","1311",-2.00,0.00,0.00,"",0.00,163.00,169.00,129.00,1.00,919.00,,,,,,
2016,7,20,3,2016-07-20,"AA",19805,"AA","1625",11278,"DCA","Washington, DC","VA",13303,"MIA","Miami, FL","FL","1030","1036",6.00,6.00,19.00,8.00,"1313","1311",-2.00,0.00,0.00,"",0.00,163.00,155.00,128.00,1.00,919.00,,,,,,
2016,7,21,4,2016-07-21,"AA",19805,"AA","1625",11278,"DCA","Washington, DC","VA",13303,"MIA","Miami, FL","FL","1030","1104",34.00,34.00,26.00,8.00,"1313","1336",23.00,23.00,0.00,"",0.00,163.00,152.00,118.00,1.00,919.00,1.00,0.00,0.00,0.00,22.00,
2016,7,22,5,2016-07-22,"AA",19805,"AA","1625",11278,"DCA","Washington, DC","VA",13303,"MIA","Miami, FL","FL","1030","1028",-2.00,0.00,20.00,11.00,"1313","1254",-19.00,0.00,0.00,"",0.00,163.00,146.00,115.00,1.00,919.00,,,,,,
2016,7,23,6,2016-07-23,"AA",19805,"AA","1625",11278,"DCA","Washington, DC","VA",13303,"MIA","Miami, FL","FL","1030","1031",1.00,1.00,17.00,8.00,"1313","1255",-18.00,0.00,0.00,"",0.00,163.00,144.00,119.00,1.00,919.00,,,,,,
2016,7,24,7,2016-07-24,"AA",19805,"AA","1625",11278,"DCA","Washington, DC","VA",13303,"MIA","Miami, FL","FL","1030","1022",-8.00,0.00,17.00,13.00,"1313","1322",9.00,9.00,0.00,"",0.00,163.00,180.00,150.00,1.00,919.00,,,,,,
2016,7,25,1,2016-07-25,"AA",19805,"AA","1625",11278,"DCA","Washington, DC","VA",13303,"MIA","Miami, FL","FL","1030","1025",-5.00,0.00,35.00,6.00,"1313","1308",-5.00,0.00,0.00,"",0.00,163.00,163.00,122.00,1.00,919.00,,,,,,
2016,7,26,2,2016-07-26,"AA",19805,"AA","1625",11278,"DCA","Washington, DC","VA",13303,"MIA","Miami, FL","FL","1030","1117",47.00,47.00,14.00,10.00,"1313","1353",40.00,40.00,0.00,"",0.00,163.00,156.00,132.00,1.00,919.00,0.00,0.00,0.00,0.00,40.00,
2016,7,27,3,2016-07-27,"AA",19805,"AA","1625",11278,"DCA","Washington, DC","VA",13303,"MIA","Miami, FL","FL","1030","1026",-4.00,0.00,20.00,10.00,"1313","1302",-11.00,0.00,0.00,"",0.00,163.00,156.00,126.00,1.00,919.00,,,,,,
2016,7,28,4,2016-07-28,"AA",19805,"AA","1625",11278,"DCA","Washington, DC","VA",13303,"MIA","Miami, FL","FL","1030","1037",7.00,7.00,12.00,10.00,"1313","1315",2.00,2.00,0.00,"",0.00,163.00,158.00,136.00,1.00,919.00,,,,,,
2016,7,29,5,2016-07-29,"AA",19805,"AA","1625",11278,"DCA","Washington, DC","VA",13303,"MIA","Miami, FL","FL","1030","1115",45.00,45.00,19.00,45.00,"1313","1427",74.00,74.00,0.00,"",0.00,163.00,192.00,128.00,1.00,919.00,10.00,0.00,29.00,0.00,35.00,
2016,7,30,6,2016-07-30,"AA",19805,"AA","1625",11278,"DCA","Washington, DC","VA",13303,"MIA","Miami, FL","FL","1030","1029",-1.00,0.00,13.00,21.00,"1313","1302",-11.00,0.00,0.00,"",0.00,163.00,153.00,119.00,1.00,919.00,,,,,,
2016,7,31,7,2016-07-31,"AA",19805,"AA","1625",11278,"DCA","Washington, DC","VA",13303,"MIA","Miami, FL","FL","1030","1028",-2.00,0.00,55.00,14.00,"1313","1341",28.00,28.00,0.00,"",0.00,163.00,193.00,124.00,1.00,919.00,0.00,0.00,28.00,0.00,0.00,
2016,7,1,5,2016-07-01,"AA",19805,"AA","1626",11278,"DCA","Washington, DC","VA",13930,"ORD","Chicago, IL","IL","0515","0515",0.00,0.00,8.00,5.00,"0617","0608",-9.00,0.00,0.00,"",0.00,122.00,113.00,100.00,1.00,612.00,,,,,,
2016,7,5,2,2016-07-05,"AA",19805,"AA","1626",11278,"DCA","Washington, DC","VA",13930,"ORD","Chicago, IL","IL","0600","0552",-8.00,0.00,20.00,8.00,"0702","0652",-10.00,0.00,0.00,"",0.00,122.00,120.00,92.00,1.00,612.00,,,,,,
2016,7,6,3,2016-07-06,"AA",19805,"AA","1626",11278,"DCA","Washington, DC","VA",13930,"ORD","Chicago, IL","IL","0600","0559",-1.00,0.00,17.00,11.00,"0702","0708",6.00,6.00,0.00,"",0.00,122.00,129.00,101.00,1.00,612.00,,,,,,
2016,7,7,4,2016-07-07,"AA",19805,"AA","1626",11278,"DCA","Washington, DC","VA",13930,"ORD","Chicago, IL","IL","0600","0554",-6.00,0.00,13.00,7.00,"0702","0644",-18.00,0.00,0.00,"",0.00,122.00,110.00,90.00,1.00,612.00,,,,,,
2016,7,8,5,2016-07-08,"AA",19805,"AA","1626",11278,"DCA","Washington, DC","VA",13930,"ORD","Chicago, IL","IL","0600","0556",-4.00,0.00,18.00,23.00,"0702","0705",3.00,3.00,0.00,"",0.00,122.00,129.00,88.00,1.00,612.00,,,,,,
2016,7,10,7,2016-07-10,"AA",19805,"AA","1626",11278,"DCA","Washington, DC","VA",13930,"ORD","Chicago, IL","IL","0600","0558",-2.00,0.00,16.00,8.00,"0702","0648",-14.00,0.00,0.00,"",0.00,122.00,110.00,86.00,1.00,612.00,,,,,,
2016,7,11,1,2016-07-11,"AA",19805,"AA","1626",11278,"DCA","Washington, DC","VA",13930,"ORD","Chicago, IL","IL","0600","0554",-6.00,0.00,23.00,8.00,"0702","0652",-10.00,0.00,0.00,"",0.00,122.00,118.00,87.00,1.00,612.00,,,,,,
2016,7,12,2,2016-07-12,"AA",19805,"AA","1626",11278,"DCA","Washington, DC","VA",13930,"ORD","Chicago, IL","IL","0600","0556",-4.00,0.00,15.00,11.00,"0702","0649",-13.00,0.00,0.00,"",0.00,122.00,113.00,87.00,1.00,612.00,,,,,,
2016,7,13,3,2016-07-13,"AA",19805,"AA","1626",11278,"DCA","Washington, DC","VA",13930,"ORD","Chicago, IL","IL","0600","0558",-2.00,0.00,11.00,24.00,"0702","0701",-1.00,0.00,0.00,"",0.00,122.00,123.00,88.00,1.00,612.00,,,,,,
2016,7,14,4,2016-07-14,"AA",19805,"AA","1626",11278,"DCA","Washington, DC","VA",13930,"ORD","Chicago, IL","IL","0600","0553",-7.00,0.00,12.00,17.00,"0702","0653",-9.00,0.00,0.00,"",0.00,122.00,120.00,91.00,1.00,612.00,,,,,,
2016,7,15,5,2016-07-15,"AA",19805,"AA","1626",11278,"DCA","Washington, DC","VA",13930,"ORD","Chicago, IL","IL","0600","0557",-3.00,0.00,14.00,7.00,"0702","0651",-11.00,0.00,0.00,"",0.00,122.00,114.00,93.00,1.00,612.00,,,,,,
2016,7,17,7,2016-07-17,"AA",19805,"AA","1626",11278,"DCA","Washington, DC","VA",13930,"ORD","Chicago, IL","IL","0600","0600",0.00,0.00,10.00,23.00,"0702","0701",-1.00,0.00,0.00,"",0.00,122.00,121.00,88.00,1.00,612.00,,,,,,
2016,7,18,1,2016-07-18,"AA",19805,"AA","1626",11278,"DCA","Washington, DC","VA",13930,"ORD","Chicago, IL","IL","0600","0553",-7.00,0.00,10.00,13.00,"0702","0719",17.00,17.00,0.00,"",0.00,122.00,146.00,123.00,1.00,612.00,0.00,0.00,17.00,0.00,0.00,
2016,7,19,2,2016-07-19,"AA",19805,"AA","1626",11278,"DCA","Washington, DC","VA",13930,"ORD","Chicago, IL","IL","0600","0556",-4.00,0.00,14.00,15.00,"0702","0703",1.00,1.00,0.00,"",0.00,122.00,127.00,98.00,1.00,612.00,,,,,,
2016,7,20,3,2016-07-20,"AA",19805,"AA","1626",11278,"DCA","Washington, DC","VA",13930,"ORD","Chicago, IL","IL","0600","0553",-7.00,0.00,14.00,6.00,"0702","0644",-18.00,0.00,0.00,"",0.00,122.00,111.00,91.00,1.00,612.00,,,,,,
2016,7,21,4,2016-07-21,"AA",19805,"AA","1626",11278,"DCA","Washington, DC","VA",13930,"ORD","Chicago, IL","IL","0600","0556",-4.00,0.00,19.00,8.00,"0702","0651",-11.00,0.00,0.00,"",0.00,122.00,115.00,88.00,1.00,612.00,,,,,,
2016,7,22,5,2016-07-22,"AA",19805,"AA","1626",11278,"DCA","Washington, DC","VA",13930,"ORD","Chicago, IL","IL","0600","0555",-5.00,0.00,23.00,10.00,"0702","0658",-4.00,0.00,0.00,"",0.00,122.00,123.00,90.00,1.00,612.00,,,,,,
2016,7,24,7,2016-07-24,"AA",19805,"AA","1626",11278,"DCA","Washington, DC","VA",13930,"ORD","Chicago, IL","IL","0600","0551",-9.00,0.00,15.00,10.00,"0702","0645",-17.00,0.00,0.00,"",0.00,122.00,114.00,89.00,1.00,612.00,,,,,,
2016,7,25,1,2016-07-25,"AA",19805,"AA","1626",11278,"DCA","Washington, DC","VA",13930,"ORD","Chicago, IL","IL","0600","0559",-1.00,0.00,19.00,7.00,"0702","0652",-10.00,0.00,0.00,"",0.00,122.00,113.00,87.00,1.00,612.00,,,,,,
2016,7,26,2,2016-07-26,"AA",19805,"AA","1626",11278,"DCA","Washington, DC","VA",13930,"ORD","Chicago, IL","IL","0600","0556",-4.00,0.00,16.00,21.00,"0702","0707",5.00,5.00,0.00,"",0.00,122.00,131.00,94.00,1.00,612.00,,,,,,
2016,7,27,3,2016-07-27,"AA",19805,"AA","1626",11278,"DCA","Washington, DC","VA",13930,"ORD","Chicago, IL","IL","0600","0555",-5.00,0.00,18.00,9.00,"0702","0655",-7.00,0.00,0.00,"",0.00,122.00,120.00,93.00,1.00,612.00,,,,,,
2016,7,28,4,2016-07-28,"AA",19805,"AA","1626",11278,"DCA","Washington, DC","VA",13930,"ORD","Chicago, IL","IL","0600","0603",3.00,3.00,16.00,16.00,"0702","0702",0.00,0.00,0.00,"",0.00,122.00,119.00,87.00,1.00,612.00,,,,,,
2016,7,29,5,2016-07-29,"AA",19805,"AA","1626",11278,"DCA","Washington, DC","VA",13930,"ORD","Chicago, IL","IL","0600","0826",146.00,146.00,20.00,13.00,"0702","0934",152.00,152.00,0.00,"",0.00,122.00,128.00,95.00,1.00,612.00,0.00,146.00,6.00,0.00,0.00,
2016,7,31,7,2016-07-31,"AA",19805,"AA","1626",11278,"DCA","Washington, DC","VA",13930,"ORD","Chicago, IL","IL","0600","0555",-5.00,0.00,23.00,20.00,"0702","0711",9.00,9.00,0.00,"",0.00,122.00,136.00,93.00,1.00,612.00,,,,,,
2016,7,1,5,2016-07-01,"AA",19805,"AA","1627",14908,"SNA","Santa Ana, CA","CA",11298,"DFW","Dallas/Fort Worth, TX","TX","0645","0639",-6.00,0.00,23.00,8.00,"1155","1144",-11.00,0.00,0.00,"",0.00,190.00,185.00,154.00,1.00,1205.00,,,,,,
2016,7,2,6,2016-07-02,"AA",19805,"AA","1627",14908,"SNA","Santa Ana, CA","CA",11298,"DFW","Dallas/Fort Worth, TX","TX","0645","0639",-6.00,0.00,23.00,14.00,"1155","1146",-9.00,0.00,0.00,"",0.00,190.00,187.00,150.00,1.00,1205.00,,,,,,
2016,7,3,7,2016-07-03,"AA",19805,"AA","1627",14908,"SNA","Santa Ana, CA","CA",11298,"DFW","Dallas/Fort Worth, TX","TX","0745","0744",-1.00,0.00,26.00,11.00,"1248","1242",-6.00,0.00,0.00,"",0.00,183.00,178.00,141.00,1.00,1205.00,,,,,,
2016,7,4,1,2016-07-04,"AA",19805,"AA","1627",14908,"SNA","Santa Ana, CA","CA",11298,"DFW","Dallas/Fort Worth, TX","TX","0645","0637",-8.00,0.00,23.00,21.00,"1155","1146",-9.00,0.00,0.00,"",0.00,190.00,189.00,145.00,1.00,1205.00,,,,,,
2016,7,5,2,2016-07-05,"AA",19805,"AA","1627",14908,"SNA","Santa Ana, CA","CA",11298,"DFW","Dallas/Fort Worth, TX","TX","0645","0642",-3.00,0.00,23.00,10.00,"1155","1149",-6.00,0.00,0.00,"",0.00,190.00,187.00,154.00,1.00,1205.00,,,,,,
2016,7,6,3,2016-07-06,"AA",19805,"AA","1627",14908,"SNA","Santa Ana, CA","CA",11298,"DFW","Dallas/Fort Worth, TX","TX","0645","0641",-4.00,0.00,25.00,4.00,"1155","1134",-21.00,0.00,0.00,"",0.00,190.00,173.00,144.00,1.00,1205.00,,,,,,
2016,7,7,4,2016-07-07,"AA",19805,"AA","1627",14908,"SNA","Santa Ana, CA","CA",11298,"DFW","Dallas/Fort Worth, TX","TX","0645","0636",-9.00,0.00,24.00,7.00,"1155","1141",-14.00,0.00,0.00,"",0.00,190.00,185.00,154.00,1.00,1205.00,,,,,,
2016,7,8,5,2016-07-08,"AA",19805,"AA","1627",14908,"SNA","Santa Ana, CA","CA",11298,"DFW","Dallas/Fort Worth, TX","TX","0645","0644",-1.00,0.00,31.00,12.00,"1155","1155",0.00,0.00,0.00,"",0.00,190.00,191.00,148.00,1.00,1205.00,,,,,,
2016,7,9,6,2016-07-09,"AA",19805,"AA","1627",14908,"SNA","Santa Ana, CA","CA",11298,"DFW","Dallas/Fort Worth, TX","TX","0645","0645",0.00,0.00,30.00,12.00,"1155","1159",4.00,4.00,0.00,"",0.00,190.00,194.00,152.00,1.00,1205.00,,,,,,
2016,7,10,7,2016-07-10,"AA",19805,"AA","1627",14908,"SNA","Santa Ana, CA","CA",11298,"DFW","Dallas/Fort Worth, TX","TX","0745","0738",-7.00,0.00,27.00,21.00,"1248","1253",5.00,5.00,0.00,"",0.00,183.00,195.00,147.00,1.00,1205.00,,,,,,
2016,7,11,1,2016-07-11,"AA",19805,"AA","1627",14908,"SNA","Santa Ana, CA","CA",11298,"DFW","Dallas/Fort Worth, TX","TX","0645","0639",-6.00,0.00,26.00,5.00,"1155","1136",-19.00,0.00,0.00,"",0.00,190.00,177.00,146.00,1.00,1205.00,,,,,,
2016,7,12,2,2016-07-12,"AA",19805,"AA","1627",14908,"SNA","Santa Ana, CA","CA",11298,"DFW","Dallas/Fort Worth, TX","TX","0645","0641",-4.00,0.00,21.00,5.00,"1155","1145",-10.00,0.00,0.00,"",0.00,190.00,184.00,158.00,1.00,1205.00,,,,,,
2016,7,13,3,2016-07-13,"AA",19805,"AA","1627",14908,"SNA","Santa Ana, CA","CA",11298,"DFW","Dallas/Fort Worth, TX","TX","0645","0638",-7.00,0.00,24.00,9.00,"1155","1139",-16.00,0.00,0.00,"",0.00,190.00,181.00,148.00,1.00,1205.00,,,,,,
2016,7,14,4,2016-07-14,"AA",19805,"AA","1627",14908,"SNA","Santa Ana, CA","CA",11298,"DFW","Dallas/Fort Worth, TX","TX","0645","0649",4.00,4.00,24.00,5.00,"1155","1153",-2.00,0.00,0.00,"",0.00,190.00,184.00,155.00,1.00,1205.00,,,,,,
2016,7,15,5,2016-07-15,"AA",19805,"AA","1627",14908,"SNA","Santa Ana, CA","CA",11298,"DFW","Dallas/Fort Worth, TX","TX","0645","0643",-2.00,0.00,41.00,9.00,"1155","1249",54.00,54.00,0.00,"",0.00,190.00,246.00,196.00,1.00,1205.00,0.00,0.00,54.00,0.00,0.00,
2016,7,16,6,2016-07-16,"AA",19805,"AA","1627",14908,"SNA","Santa Ana, CA","CA",11298,"DFW","Dallas/Fort Worth, TX","TX","0645","0642",-3.00,0.00,23.00,4.00,"1155","1147",-8.00,0.00,0.00,"",0.00,190.00,185.00,158.00,1.00,1205.00,,,,,,
2016,7,17,7,2016-07-17,"AA",19805,"AA","1627",14908,"SNA","Santa Ana, CA","CA",11298,"DFW","Dallas/Fort Worth, TX","TX","0745","0742",-3.00,0.00,25.00,9.00,"1248","1245",-3.00,0.00,0.00,"",0.00,183.00,183.00,149.00,1.00,1205.00,,,,,,
2016,7,18,1,2016-07-18,"AA",19805,"AA","1627",14908,"SNA","Santa Ana, CA","CA",11298,"DFW","Dallas/Fort Worth, TX","TX","0645","0704",19.00,19.00,14.00,4.00,"1155","1159",4.00,4.00,0.00,"",0.00,190.00,175.00,157.00,1.00,1205.00,,,,,,
2016,7,19,2,2016-07-19,"AA",19805,"AA","1627",14908,"SNA","Santa Ana, CA","CA",11298,"DFW","Dallas/Fort Worth, TX","TX","0645","0645",0.00,0.00,19.00,8.00,"1155","1144",-11.00,0.00,0.00,"",0.00,190.00,179.00,152.00,1.00,1205.00,,,,,,
2016,7,20,3,2016-07-20,"AA",19805,"AA","1627",14908,"SNA","Santa Ana, CA","CA",11298,"DFW","Dallas/Fort Worth, TX","TX","0645","0638",-7.00,0.00,26.00,5.00,"1155","1154",-1.00,0.00,0.00,"",0.00,190.00,196.00,165.00,1.00,1205.00,,,,,,
2016,7,21,4,2016-07-21,"AA",19805,"AA","1627",14908,"SNA","Santa Ana, CA","CA",11298,"DFW","Dallas/Fort Worth, TX","TX","0645","0642",-3.00,0.00,20.00,4.00,"1155","1142",-13.00,0.00,0.00,"",0.00,190.00,180.00,156.00,1.00,1205.00,,,,,,
2016,7,22,5,2016-07-22,"AA",19805,"AA","1627",14908,"SNA","Santa Ana, CA","CA",11298,"DFW","Dallas/Fort Worth, TX","TX","0645","0640",-5.00,0.00,25.00,20.00,"1155","1205",10.00,10.00,0.00,"",0.00,190.00,205.00,160.00,1.00,1205.00,,,,,,
2016,7,23,6,2016-07-23,"AA",19805,"AA","1627",14908,"SNA","Santa Ana, CA","CA",11298,"DFW","Dallas/Fort Worth, TX","TX","0645","0641",-4.00,0.00,24.00,11.00,"1155","1150",-5.00,0.00,0.00,"",0.00,190.00,189.00,154.00,1.00,1205.00,,,,,,
2016,7,24,7,2016-07-24,"AA",19805,"AA","1627",14908,"SNA","Santa Ana, CA","CA",11298,"DFW","Dallas/Fort Worth, TX","TX","0745","0740",-5.00,0.00,20.00,12.00,"1248","1242",-6.00,0.00,0.00,"",0.00,183.00,182.00,150.00,1.00,1205.00,,,,,,
2016,7,25,1,2016-07-25,"AA",19805,"AA","1627",14908,"SNA","Santa Ana, CA","CA",11298,"DFW","Dallas/Fort Worth, TX","TX","0645","0639",-6.00,0.00,25.00,15.00,"1155","1147",-8.00,0.00,0.00,"",0.00,190.00,188.00,148.00,1.00,1205.00,,,,,,
2016,7,26,2,2016-07-26,"AA",19805,"AA","1627",14908,"SNA","Santa Ana, CA","CA",11298,"DFW","Dallas/Fort Worth, TX","TX","0645","0705",20.00,20.00,9.00,7.00,"1155","1155",0.00,0.00,0.00,"",0.00,190.00,170.00,154.00,1.00,1205.00,,,,,,
2016,7,27,3,2016-07-27,"AA",19805,"AA","1627",14908,"SNA","Santa Ana, CA","CA",11298,"DFW","Dallas/Fort Worth, TX","TX","0645","0647",2.00,2.00,18.00,6.00,"1155","1145",-10.00,0.00,0.00,"",0.00,190.00,178.00,154.00,1.00,1205.00,,,,,,
2016,7,28,4,2016-07-28,"AA",19805,"AA","1627",14908,"SNA","Santa Ana, CA","CA",11298,"DFW","Dallas/Fort Worth, TX","TX","0645","0644",-1.00,0.00,31.00,8.00,"1155","1158",3.00,3.00,0.00,"",0.00,190.00,194.00,155.00,1.00,1205.00,,,,,,
2016,7,29,5,2016-07-29,"AA",19805,"AA","1627",14908,"SNA","Santa Ana, CA","CA",11298,"DFW","Dallas/Fort Worth, TX","TX","0645","0638",-7.00,0.00,31.00,10.00,"1155","1157",2.00,2.00,0.00,"",0.00,190.00,199.00,158.00,1.00,1205.00,,,,,,
2016,7,30,6,2016-07-30,"AA",19805,"AA","1627",14908,"SNA","Santa Ana, CA","CA",11298,"DFW","Dallas/Fort Worth, TX","TX","0645","0637",-8.00,0.00,30.00,12.00,"1155","1150",-5.00,0.00,0.00,"",0.00,190.00,193.00,151.00,1.00,1205.00,,,,,,
2016,7,31,7,2016-07-31,"AA",19805,"AA","1627",14908,"SNA","Santa Ana, CA","CA",11298,"DFW","Dallas/Fort Worth, TX","TX","0745","0740",-5.00,0.00,22.00,14.00,"1248","1252",4.00,4.00,0.00,"",0.00,183.00,192.00,156.00,1.00,1205.00,,,,,,
2016,7,1,5,2016-07-01,"AA",19805,"AA","1628",14831,"SJC","San Jose, CA","CA",13930,"ORD","Chicago, IL","IL","0800","0754",-6.00,0.00,13.00,17.00,"1417","1357",-20.00,0.00,0.00,"",0.00,257.00,243.00,213.00,1.00,1829.00,,,,,,
2016,7,2,6,2016-07-02,"AA",19805,"AA","1628",14831,"SJC","San Jose, CA","CA",13930,"ORD","Chicago, IL","IL","0800","0758",-2.00,0.00,17.00,19.00,"1417","1415",-2.00,0.00,0.00,"",0.00,257.00,257.00,221.00,1.00,1829.00,,,,,,
2016,7,4,1,2016-07-04,"AA",19805,"AA","1628",14831,"SJC","San Jose, CA","CA",13930,"ORD","Chicago, IL","IL","0800","0757",-3.00,0.00,11.00,14.00,"1417","1409",-8.00,0.00,0.00,"",0.00,257.00,252.00,227.00,1.00,1829.00,,,,,,
2016,7,5,2,2016-07-05,"AA",19805,"AA","1628",14831,"SJC","San Jose, CA","CA",13930,"ORD","Chicago, IL","IL","0800","0756",-4.00,0.00,18.00,21.00,"1417","1410",-7.00,0.00,0.00,"",0.00,257.00,254.00,215.00,1.00,1829.00,,,,,,
2016,7,6,3,2016-07-06,"AA",19805,"AA","1628",14831,"SJC","San Jose, CA","CA",13930,"ORD","Chicago, IL","IL","0800","0800",0.00,0.00,22.00,12.00,"1417","1417",0.00,0.00,0.00,"",0.00,257.00,257.00,223.00,1.00,1829.00,,,,,,
2016,7,7,4,2016-07-07,"AA",19805,"AA","1628",14831,"SJC","San Jose, CA","CA",13930,"ORD","Chicago, IL","IL","0800","0754",-6.00,0.00,19.00,19.00,"1417","1420",3.00,3.00,0.00,"",0.00,257.00,266.00,228.00,1.00,1829.00,,,,,,
2016,7,8,5,2016-07-08,"AA",19805,"AA","1628",14831,"SJC","San Jose, CA","CA",13930,"ORD","Chicago, IL","IL","0800","0755",-5.00,0.00,12.00,14.00,"1417","1400",-17.00,0.00,0.00,"",0.00,257.00,245.00,219.00,1.00,1829.00,,,,,,
2016,7,9,6,2016-07-09,"AA",19805,"AA","1628",14831,"SJC","San Jose, CA","CA",13930,"ORD","Chicago, IL","IL","0800","0753",-7.00,0.00,11.00,27.00,"1417","1406",-11.00,0.00,0.00,"",0.00,257.00,253.00,215.00,1.00,1829.00,,,,,,
2016,7,10,7,2016-07-10,"AA",19805,"AA","1628",14831,"SJC","San Jose, CA","CA",13930,"ORD","Chicago, IL","IL","0620","0612",-8.00,0.00,20.00,31.00,"1240","1242",2.00,2.00,0.00,"",0.00,260.00,270.00,219.00,1.00,1829.00,,,,,,
2016,7,11,1,2016-07-11,"AA",19805,"AA","1628",14831,"SJC","San Jose, CA","CA",13930,"ORD","Chicago, IL","IL","0800","0753",-7.00,0.00,12.00,11.00,"1417","1346",-31.00,0.00,0.00,"",0.00,257.00,233.00,210.00,1.00,1829.00,,,,,,
2016,7,12,2,2016-07-12,"AA",19805,"AA","1628",14831,"SJC","San Jose, CA","CA",13930,"ORD","Chicago, IL","IL","0800","0755",-5.00,0.00,18.00,15.00,"1417","1402",-15.00,0.00,0.00,"",0.00,257.00,247.00,214.00,1.00,1829.00,,,,,,
2016,7,13,3,2016-07-13,"AA",19805,"AA","1628",14831,"SJC","San Jose, CA","CA",13930,"ORD","Chicago, IL","IL","0800","0757",-3.00,0.00,14.00,33.00,"1417","1415",-2.00,0.00,0.00,"",0.00,257.00,258.00,211.00,1.00,1829.00,,,,,,
2016,7,14,4,2016-07-14,"AA",19805,"AA","1628",14831,"SJC","San Jose, CA","CA",13930,"ORD","Chicago, IL","IL","0800","0756",-4.00,0.00,17.00,17.00,"1417","1400",-17.00,0.00,0.00,"",0.00,257.00,244.00,210.00,1.00,1829.00,,,,,,
2016,7,15,5,2016-07-15,"AA",19805,"AA","1628",14831,"SJC","San Jose, CA","CA",13930,"ORD","Chicago, IL","IL","0800","0804",4.00,4.00,11.00,16.00,"1417","1359",-18.00,0.00,0.00,"",0.00,257.00,235.00,208.00,1.00,1829.00,,,,,,
2016,7,16,6,2016-07-16,"AA",19805,"AA","1628",14831,"SJC","San Jose, CA","CA",13930,"ORD","Chicago, IL","IL","0800","0756",-4.00,0.00,12.00,17.00,"1417","1352",-25.00,0.00,0.00,"",0.00,257.00,236.00,207.00,1.00,1829.00,,,,,,
2016,7,17,7,2016-07-17,"AA",19805,"AA","1628",14831,"SJC","San Jose, CA","CA",13930,"ORD","Chicago, IL","IL","0620","0808",108.00,108.00,9.00,16.00,"1240","1413",93.00,93.00,0.00,"",0.00,260.00,245.00,220.00,1.00,1829.00,0.00,0.00,93.00,0.00,0.00,
2016,7,18,1,2016-07-18,"AA",19805,"AA","1628",14831,"SJC","San Jose, CA","CA",13930,"ORD","Chicago, IL","IL","0800","0858",58.00,58.00,13.00,16.00,"1417","1456",39.00,39.00,0.00,"",0.00,257.00,238.00,209.00,1.00,1829.00,39.00,0.00,0.00,0.00,0.00,
2016,7,19,2,2016-07-19,"AA",19805,"AA","1628",14831,"SJC","San Jose, CA","CA",13930,"ORD","Chicago, IL","IL","0800","0803",3.00,3.00,11.00,17.00,"1417","1409",-8.00,0.00,0.00,"",0.00,257.00,246.00,218.00,1.00,1829.00,,,,,,
2016,7,20,3,2016-07-20,"AA",19805,"AA","1628",14831,"SJC","San Jose, CA","CA",13930,"ORD","Chicago, IL","IL","0800","0757",-3.00,0.00,18.00,18.00,"1417","1437",20.00,20.00,0.00,"",0.00,257.00,280.00,244.00,1.00,1829.00,0.00,0.00,20.00,0.00,0.00,
2016,7,21,4,2016-07-21,"AA",19805,"AA","1628",14831,"SJC","San Jose, CA","CA",13930,"ORD","Chicago, IL","IL","0800","0800",0.00,0.00,12.00,19.00,"1417","1413",-4.00,0.00,0.00,"",0.00,257.00,253.00,222.00,1.00,1829.00,,,,,,
2016,7,22,5,2016-07-22,"AA",19805,"AA","1628",14831,"SJC","San Jose, CA","CA",13930,"ORD","Chicago, IL","IL","0800","0756",-4.00,0.00,14.00,15.00,"1417","1405",-12.00,0.00,0.00,"",0.00,257.00,249.00,220.00,1.00,1829.00,,,,,,
2016,7,23,6,2016-07-23,"AA",19805,"AA","1628",14831,"SJC","San Jose, CA","CA",13930,"ORD","Chicago, IL","IL","0800","0755",-5.00,0.00,20.00,15.00,"1417","1413",-4.00,0.00,0.00,"",0.00,257.00,258.00,223.00,1.00,1829.00,,,,,,
2016,7,24,7,2016-07-24,"AA",19805,"AA","1628",14831,"SJC","San Jose, CA","CA",13930,"ORD","Chicago, IL","IL","0620","0613",-7.00,0.00,19.00,14.00,"1240","1221",-19.00,0.00,0.00,"",0.00,260.00,248.00,215.00,1.00,1829.00,,,,,,
2016,7,25,1,2016-07-25,"AA",19805,"AA","1628",14831,"SJC","San Jose, CA","CA",13930,"ORD","Chicago, IL","IL","0800","0819",19.00,19.00,17.00,27.00,"1417","1434",17.00,17.00,0.00,"",0.00,257.00,255.00,211.00,1.00,1829.00,17.00,0.00,0.00,0.00,0.00,
2016,7,26,2,2016-07-26,"AA",19805,"AA","1628",14831,"SJC","San Jose, CA","CA",13930,"ORD","Chicago, IL","IL","0800","0757",-3.00,0.00,19.00,14.00,"1417","1405",-12.00,0.00,0.00,"",0.00,257.00,248.00,215.00,1.00,1829.00,,,,,,
2016,7,27,3,2016-07-27,"AA",19805,"AA","1628",14831,"SJC","San Jose, CA","CA",13930,"ORD","Chicago, IL","IL","0800","0758",-2.00,0.00,13.00,10.00,"1417","1407",-10.00,0.00,0.00,"",0.00,257.00,249.00,226.00,1.00,1829.00,,,,,,
2016,7,28,4,2016-07-28,"AA",19805,"AA","1628",14831,"SJC","San Jose, CA","CA",13930,"ORD","Chicago, IL","IL","0800","0757",-3.00,0.00,11.00,12.00,"1417","1703",,,0.00,"",1.00,257.00,,,1.00,1829.00,,,,,,
2016,7,29,5,2016-07-29,"AA",19805,"AA","1628",14831,"SJC","San Jose, CA","CA",13930,"ORD","Chicago, IL","IL","0800","0918",78.00,78.00,14.00,20.00,"1417","1541",84.00,84.00,0.00,"",0.00,257.00,263.00,229.00,1.00,1829.00,0.00,0.00,84.00,0.00,0.00,
2016,7,30,6,2016-07-30,"AA",19805,"AA","1628",14831,"SJC","San Jose, CA","CA",13930,"ORD","Chicago, IL","IL","0800","",,,,,"1417","",,,1.00,"B",0.00,257.00,,,1.00,1829.00,,,,,,
2016,7,31,7,2016-07-31,"AA",19805,"AA","1628",14831,"SJC","San Jose, CA","CA",13930,"ORD","Chicago, IL","IL","0620","0620",0.00,0.00,43.00,22.00,"1240","1259",19.00,19.00,0.00,"",0.00,260.00,279.00,214.00,1.00,1829.00,0.00,0.00,19.00,0.00,0.00,
2016,7,24,7,2016-07-24,"AA",19805,"AA","1629",11298,"DFW","Dallas/Fort Worth, TX","TX",11109,"COS","Colorado Springs, CO","CO","2349","2343",-6.00,0.00,16.00,5.00,"0038","0025",-13.00,0.00,0.00,"",0.00,109.00,102.00,81.00,1.00,592.00,,,,,,
2016,7,1,5,2016-07-01,"AA",19805,"AA","2176",11298,"DFW","Dallas/Fort Worth, TX","TX",13851,"OKC","Oklahoma City, OK","OK","2200","2232",32.00,32.00,12.00,4.00,"2255","2318",23.00,23.00,0.00,"",0.00,55.00,46.00,30.00,1.00,175.00,23.00,0.00,0.00,0.00,0.00,
2016,7,2,6,2016-07-02,"AA",19805,"AA","2176",11298,"DFW","Dallas/Fort Worth, TX","TX",13851,"OKC","Oklahoma City, OK","OK","2200","2218",18.00,18.00,12.00,6.00,"2255","2309",14.00,14.00,0.00,"",0.00,55.00,51.00,33.00,1.00,175.00,,,,,,
2016,7,3,7,2016-07-03,"AA",19805,"AA","2176",11298,"DFW","Dallas/Fort Worth, TX","TX",13851,"OKC","Oklahoma City, OK","OK","2200","2205",5.00,5.00,18.00,6.00,"2255","2304",9.00,9.00,0.00,"",0.00,55.00,59.00,35.00,1.00,175.00,,,,,,
2016,7,4,1,2016-07-04,"AA",19805,"AA","2176",11298,"DFW","Dallas/Fort Worth, TX","TX",13851,"OKC","Oklahoma City, OK","OK","2200","2239",39.00,39.00,9.00,3.00,"2255","2326",31.00,31.00,0.00,"",0.00,55.00,47.00,35.00,1.00,175.00,0.00,0.00,0.00,0.00,31.00,
2016,7,5,2,2016-07-05,"AA",19805,"AA","2176",11298,"DFW","Dallas/Fort Worth, TX","TX",13851,"OKC","Oklahoma City, OK","OK","2200","2156",-4.00,0.00,9.00,5.00,"2255","2243",-12.00,0.00,0.00,"",0.00,55.00,47.00,33.00,1.00,175.00,,,,,,
2016,7,6,3,2016-07-06,"AA",19805,"AA","2176",11298,"DFW","Dallas/Fort Worth, TX","TX",13851,"OKC","Oklahoma City, OK","OK","2200","2154",-6.00,0.00,12.00,5.00,"2255","2247",-8.00,0.00,0.00,"",0.00,55.00,53.00,36.00,1.00,175.00,,,,,,
2016,7,7,4,2016-07-07,"AA",19805,"AA","2176",11298,"DFW","Dallas/Fort Worth, TX","TX",13851,"OKC","Oklahoma City, OK","OK","2200","2157",-3.00,0.00,15.00,5.00,"2255","2252",-3.00,0.00,0.00,"",0.00,55.00,55.00,35.00,1.00,175.00,,,,,,
2016,7,8,5,2016-07-08,"AA",19805,"AA","2176",11298,"DFW","Dallas/Fort Worth, TX","TX",13851,"OKC","Oklahoma City, OK","OK","2200","2254",54.00,54.00,11.00,9.00,"2255","2349",54.00,54.00,0.00,"",0.00,55.00,55.00,35.00,1.00,175.00,0.00,0.00,0.00,0.00,54.00,
2016,7,9,6,2016-07-09,"AA",19805,"AA","2176",11298,"DFW","Dallas/Fort Worth, TX","TX",13851,"OKC","Oklahoma City, OK","OK","2200","2251",51.00,51.00,17.00,3.00,"2255","2346",51.00,51.00,0.00,"",0.00,55.00,55.00,35.00,1.00,175.00,0.00,7.00,0.00,0.00,44.00,
2016,7,10,7,2016-07-10,"AA",19805,"AA","2176",11298,"DFW","Dallas/Fort Worth, TX","TX",13851,"OKC","Oklahoma City, OK","OK","2200","2208",8.00,8.00,13.00,6.00,"2255","2302",7.00,7.00,0.00,"",0.00,55.00,54.00,35.00,1.00,175.00,,,,,,
2016,7,11,1,2016-07-11,"AA",19805,"AA","2176",11298,"DFW","Dallas/Fort Worth, TX","TX",13851,"OKC","Oklahoma City, OK","OK","2200","2155",-5.00,0.00,12.00,4.00,"2255","2249",-6.00,0.00,0.00,"",0.00,55.00,54.00,38.00,1.00,175.00,,,,,,
2016,7,12,2,2016-07-12,"AA",19805,"AA","2176",11298,"DFW","Dallas/Fort Worth, TX","TX",13851,"OKC","Oklahoma City, OK","OK","2200","2157",-3.00,0.00,10.00,4.00,"2255","2250",-5.00,0.00,0.00,"",0.00,55.00,53.00,39.00,1.00,175.00,,,,,,
2016,7,13,3,2016-07-13,"AA",19805,"AA","2176",11298,"DFW","Dallas/Fort Worth, TX","TX",13851,"OKC","Oklahoma City, OK","OK","2200","2154",-6.00,0.00,10.00,5.00,"2255","2242",-13.00,0.00,0.00,"",0.00,55.00,48.00,33.00,1.00,175.00,,,,,,
2016,7,14,4,2016-07-14,"AA",19805,"AA","2176",11298,"DFW","Dallas/Fort Worth, TX","TX",13851,"OKC","Oklahoma City, OK","OK","2200","2237",37.00,37.00,12.00,6.00,"2255","2331",36.00,36.00,0.00,"",0.00,55.00,54.00,36.00,1.00,175.00,31.00,0.00,0.00,0.00,5.00,
2016,7,15,5,2016-07-15,"AA",19805,"AA","2176",11298,"DFW","Dallas/Fort Worth, TX","TX",13851,"OKC","Oklahoma City, OK","OK","2200","2310",70.00,70.00,11.00,7.00,"2255","0004",69.00,69.00,0.00,"",0.00,55.00,54.00,36.00,1.00,175.00,0.00,0.00,0.00,0.00,69.00,
2016,7,16,6,2016-07-16,"AA",19805,"AA","2176",11298,"DFW","Dallas/Fort Worth, TX","TX",13851,"OKC","Oklahoma City, OK","OK","2200","2158",-2.00,0.00,12.00,6.00,"2255","2253",-2.00,0.00,0.00,"",0.00,55.00,55.00,37.00,1.00,175.00,,,,,,
2016,7,17,7,2016-07-17,"AA",19805,"AA","2176",11298,"DFW","Dallas/Fort Worth, TX","TX",13851,"OKC","Oklahoma City, OK","OK","2200","2210",10.00,10.00,13.00,8.00,"2255","2308",13.00,13.00,0.00,"",0.00,55.00,58.00,37.00,1.00,175.00,,,,,,
2016,7,18,1,2016-07-18,"AA",19805,"AA","2176",11298,"DFW","Dallas/Fort Worth, TX","TX",13851,"OKC","Oklahoma City, OK","OK","2200","2157",-3.00,0.00,10.00,5.00,"2255","2246",-9.00,0.00,0.00,"",0.00,55.00,49.00,34.00,1.00,175.00,,,,,,
2016,7,19,2,2016-07-19,"AA",19805,"AA","2176",11298,"DFW","Dallas/Fort Worth, TX","TX",13851,"OKC","Oklahoma City, OK","OK","2200","2157",-3.00,0.00,10.00,5.00,"2255","2245",-10.00,0.00,0.00,"",0.00,55.00,48.00,33.00,1.00,175.00,,,,,,
2016,7,20,3,2016-07-20,"AA",19805,"AA","2176",11298,"DFW","Dallas/Fort Worth, TX","TX",13851,"OKC","Oklahoma City, OK","OK","2200","2211",11.00,11.00,11.00,4.00,"2255","2258",3.00,3.00,0.00,"",0.00,55.00,47.00,32.00,1.00,175.00,,,,,,
2016,7,21,4,2016-07-21,"AA",19805,"AA","2176",11298,"DFW","Dallas/Fort Worth, TX","TX",13851,"OKC","Oklahoma City, OK","OK","2200","2156",-4.00,0.00,11.00,9.00,"2255","2252",-3.00,0.00,0.00,"",0.00,55.00,56.00,36.00,1.00,175.00,,,,,,
2016,7,22,5,2016-07-22,"AA",19805,"AA","2176",11298,"DFW","Dallas/Fort Worth, TX","TX",13851,"OKC","Oklahoma City, OK","OK","2200","2232",32.00,32.00,9.00,5.00,"2255","2317",22.00,22.00,0.00,"",0.00,55.00,45.00,31.00,1.00,175.00,1.00,0.00,0.00,0.00,21.00,
2016,7,23,6,2016-07-23,"AA",19805,"AA","2176",11298,"DFW","Dallas/Fort Worth, TX","TX",13851,"OKC","Oklahoma City, OK","OK","2200","2220",20.00,20.00,14.00,4.00,"2255","2319",24.00,24.00,0.00,"",0.00,55.00,59.00,41.00,1.00,175.00,20.00,0.00,4.00,0.00,0.00,
2016,7,24,7,2016-07-24,"AA",19805,"AA","2176",11298,"DFW","Dallas/Fort Worth, TX","TX",13851,"OKC","Oklahoma City, OK","OK","2200","2308",68.00,68.00,10.00,4.00,"2255","2358",63.00,63.00,0.00,"",0.00,55.00,50.00,36.00,1.00,175.00,57.00,0.00,0.00,0.00,6.00,
2016,7,25,1,2016-07-25,"AA",19805,"AA","2176",11298,"DFW","Dallas/Fort Worth, TX","TX",13851,"OKC","Oklahoma City, OK","OK","2200","0155",235.00,235.00,19.00,8.00,"2255","0310",255.00,255.00,0.00,"",0.00,55.00,75.00,48.00,1.00,175.00,0.00,44.00,20.00,0.00,191.00,
2016,7,26,2,2016-07-26,"AA",19805,"AA","2176",11298,"DFW","Dallas/Fort Worth, TX","TX",13851,"OKC","Oklahoma City, OK","OK","2200","2212",12.00,12.00,15.00,7.00,"2255","2308",13.00,13.00,0.00,"",0.00,55.00,56.00,34.00,1.00,175.00,,,,,,
2016,7,27,3,2016-07-27,"AA",19805,"AA","2176",11298,"DFW","Dallas/Fort Worth, TX","TX",13851,"OKC","Oklahoma City, OK","OK","2200","",,,,,"2255","",,,1.00,"B",0.00,55.00,,,1.00,175.00,,,,,,
2016,7,28,4,2016-07-28,"AA",19805,"AA","2176",11298,"DFW","Dallas/Fort Worth, TX","TX",13851,"OKC","Oklahoma City, OK","OK","2200","2344",104.00,104.00,14.00,4.00,"2255","0034",99.00,99.00,0.00,"",0.00,55.00,50.00,32.00,1.00,175.00,0.00,0.00,0.00,0.00,99.00,
2016,7,29,5,2016-07-29,"AA",19805,"AA","2176",11298,"DFW","Dallas/Fort Worth, TX","TX",13851,"OKC","Oklahoma City, OK","OK","2200","2328",88.00,88.00,21.00,4.00,"2255","0648",,,0.00,"",1.00,55.00,,,1.00,175.00,,,,,,
2016,7,30,6,2016-07-30,"AA",19805,"AA","2176",11298,"DFW","Dallas/Fort Worth, TX","TX",13851,"OKC","Oklahoma City, OK","OK","2200","0034",154.00,154.00,13.00,7.00,"2255","0126",151.00,151.00,0.00,"",0.00,55.00,52.00,32.00,1.00,175.00,87.00,0.00,0.00,0.00,64.00,
2016,7,31,7,2016-07-31,"AA",19805,"AA","2176",11298,"DFW","Dallas/Fort Worth, TX","TX",13851,"OKC","Oklahoma City, OK","OK","2200","0028",148.00,148.00,14.00,5.00,"2255","0121",146.00,146.00,0.00,"",0.00,55.00,53.00,34.00,1.00,175.00,1.00,0.00,0.00,0.00,145.00,
2016,7,1,5,2016-07-01,"AA",19805,"AA","2177",13244,"MEM","Memphis, TN","TN",11298,"DFW","Dallas/Fort Worth, TX","TX","0600","0557",-3.00,0.00,15.00,11.00,"0734","0727",-7.00,0.00,0.00,"",0.00,94.00,90.00,64.00,1.00,431.00,,,,,,
2016,7,2,6,2016-07-02,"AA",19805,"AA","2177",13244,"MEM","Memphis, TN","TN",11298,"DFW","Dallas/Fort Worth, TX","TX","0600","0558",-2.00,0.00,13.00,10.00,"0734","0726",-8.00,0.00,0.00,"",0.00,94.00,88.00,65.00,1.00,431.00,,,,,,
2016,7,5,2,2016-07-05,"AA",19805,"AA","2177",13244,"MEM","Memphis, TN","TN",11298,"DFW","Dallas/Fort Worth, TX","TX","0610","0607",-3.00,0.00,14.00,7.00,"0744","0731",-13.00,0.00,0.00,"",0.00,94.00,84.00,63.00,1.00,431.00,,,,,,
2016,7,6,3,2016-07-06,"AA",19805,"AA","2177",13244,"MEM","Memphis, TN","TN",11298,"DFW","Dallas/Fort Worth, TX","TX","0610","0604",-6.00,0.00,9.00,5.00,"0744","0720",-24.00,0.00,0.00,"",0.00,94.00,76.00,62.00,1.00,431.00,,,,,,
2016,7,7,4,2016-07-07,"AA",19805,"AA","2177",13244,"MEM","Memphis, TN","TN",11298,"DFW","Dallas/Fort Worth, TX","TX","0610","0601",-9.00,0.00,12.00,11.00,"0744","0729",-15.00,0.00,0.00,"",0.00,94.00,88.00,65.00,1.00,431.00,,,,,,
2016,7,8,5,2016-07-08,"AA",19805,"AA","2177",13244,"MEM","Memphis, TN","TN",11298,"DFW","Dallas/Fort Worth, TX","TX","0610","0608",-2.00,0.00,11.00,13.00,"0744","0737",-7.00,0.00,0.00,"",0.00,94.00,89.00,65.00,1.00,431.00,,,,,,
2016,7,9,6,2016-07-09,"AA",19805,"AA","2177",13244,"MEM","Memphis, TN","TN",11298,"DFW","Dallas/Fort Worth, TX","TX","0610","0611",1.00,1.00,25.00,10.00,"0744","0805",21.00,21.00,0.00,"",0.00,94.00,114.00,79.00,1.00,431.00,1.00,0.00,20.00,0.00,0.00,
2016,7,10,7,2016-07-10,"AA",19805,"AA","2177",13244,"MEM","Memphis, TN","TN",11298,"DFW","Dallas/Fort Worth, TX","TX","0610","0607",-3.00,0.00,11.00,8.00,"0744","0730",-14.00,0.00,0.00,"",0.00,94.00,83.00,64.00,1.00,431.00,,,,,,
2016,7,11,1,2016-07-11,"AA",19805,"AA","2177",13244,"MEM","Memphis, TN","TN",11298,"DFW","Dallas/Fort Worth, TX","TX","0610","0603",-7.00,0.00,16.00,12.00,"0744","0736",-8.00,0.00,0.00,"",0.00,94.00,93.00,65.00,1.00,431.00,,,,,,
2016,7,12,2,2016-07-12,"AA",19805,"AA","2177",13244,"MEM","Memphis, TN","TN",11298,"DFW","Dallas/Fort Worth, TX","TX","0610","0628",18.00,18.00,19.00,4.00,"0744","0756",12.00,12.00,0.00,"",0.00,94.00,88.00,65.00,1.00,431.00,,,,,,
2016,7,13,3,2016-07-13,"AA",19805,"AA","2177",13244,"MEM","Memphis, TN","TN",11298,"DFW","Dallas/Fort Worth, TX","TX","0610","0600",-10.00,0.00,18.00,11.00,"0744","0736",-8.00,0.00,0.00,"",0.00,94.00,96.00,67.00,1.00,431.00,,,,,,
2016,7,14,4,2016-07-14,"AA",19805,"AA","2177",13244,"MEM","Memphis, TN","TN",11298,"DFW","Dallas/Fort Worth, TX","TX","0610","0602",-8.00,0.00,43.00,6.00,"0744","0805",21.00,21.00,0.00,"",0.00,94.00,123.00,74.00,1.00,431.00,0.00,0.00,21.00,0.00,0.00,
2016,7,15,5,2016-07-15,"AA",19805,"AA","2177",13244,"MEM","Memphis, TN","TN",11298,"DFW","Dallas/Fort Worth, TX","TX","0610","0611",1.00,1.00,12.00,13.00,"0744","0757",13.00,13.00,0.00,"",0.00,94.00,106.00,81.00,1.00,431.00,,,,,,
2016,7,16,6,2016-07-16,"AA",19805,"AA","2177",13244,"MEM","Memphis, TN","TN",11298,"DFW","Dallas/Fort Worth, TX","TX","0610","0607",-3.00,0.00,14.00,11.00,"0744","0736",-8.00,0.00,0.00,"",0.00,94.00,89.00,64.00,1.00,431.00,,,,,,
2016,7,17,7,2016-07-17,"AA",19805,"AA","2177",13244,"MEM","Memphis, TN","TN",11298,"DFW","Dallas/Fort Worth, TX","TX","0610","0609",-1.00,0.00,15.00,9.00,"0744","0735",-9.00,0.00,0.00,"",0.00,94.00,86.00,62.00,1.00,431.00,,,,,,
2016,7,18,1,2016-07-18,"AA",19805,"AA","2177",13244,"MEM","Memphis, TN","TN",11298,"DFW","Dallas/Fort Worth, TX","TX","0610","0600",-10.00,0.00,25.00,14.00,"0744","0740",-4.00,0.00,0.00,"",0.00,94.00,100.00,61.00,1.00,431.00,,,,,,
2016,7,19,2,2016-07-19,"AA",19805,"AA","2177",13244,"MEM","Memphis, TN","TN",11298,"DFW","Dallas/Fort Worth, TX","TX","0610","0603",-7.00,0.00,9.00,9.00,"0744","0724",-20.00,0.00,0.00,"",0.00,94.00,81.00,63.00,1.00,431.00,,,,,,
2016,7,20,3,2016-07-20,"AA",19805,"AA","2177",13244,"MEM","Memphis, TN","TN",11298,"DFW","Dallas/Fort Worth, TX","TX","0610","0603",-7.00,0.00,13.00,14.00,"0744","0731",-13.00,0.00,0.00,"",0.00,94.00,88.00,61.00,1.00,431.00,,,,,,
2016,7,21,4,2016-07-21,"AA",19805,"AA","2177",13244,"MEM","Memphis, TN","TN",11298,"DFW","Dallas/Fort Worth, TX","TX","0610","1205",355.00,355.00,17.00,12.00,"0744","1337",353.00,353.00,0.00,"",0.00,94.00,92.00,63.00,1.00,431.00,353.00,0.00,0.00,0.00,0.00,
2016,7,22,5,2016-07-22,"AA",19805,"AA","2177",13244,"MEM","Memphis, TN","TN",11298,"DFW","Dallas/Fort Worth, TX","TX","0610","0614",4.00,4.00,17.00,12.00,"0744","0744",0.00,0.00,0.00,"",0.00,94.00,90.00,61.00,1.00,431.00,,,,,,
2016,7,23,6,2016-07-23,"AA",19805,"AA","2177",13244,"MEM","Memphis, TN","TN",11298,"DFW","Dallas/Fort Worth, TX","TX","0610","0611",1.00,1.00,10.00,14.00,"0744","0737",-7.00,0.00,0.00,"",0.00,94.00,86.00,62.00,1.00,431.00,,,,,,
2016,7,24,7,2016-07-24,"AA",19805,"AA","2177",13244,"MEM","Memphis, TN","TN",11298,"DFW","Dallas/Fort Worth, TX","TX","0610","0623",13.00,13.00,16.00,12.00,"0744","0752",8.00,8.00,0.00,"",0.00,94.00,89.00,61.00,1.00,431.00,,,,,,
2016,7,25,1,2016-07-25,"AA",19805,"AA","2177",13244,"MEM","Memphis, TN","TN",11298,"DFW","Dallas/Fort Worth, TX","TX","0610","0601",-9.00,0.00,19.00,9.00,"0744","0728",-16.00,0.00,0.00,"",0.00,94.00,87.00,59.00,1.00,431.00,,,,,,
2016,7,26,2,2016-07-26,"AA",19805,"AA","2177",13244,"MEM","Memphis, TN","TN",11298,"DFW","Dallas/Fort Worth, TX","TX","0610","",,,,,"0744","",,,1.00,"B",0.00,94.00,,,1.00,431.00,,,,,,
2016,7,27,3,2016-07-27,"AA",19805,"AA","2177",13244,"MEM","Memphis, TN","TN",11298,"DFW","Dallas/Fort Worth, TX","TX","0610","0600",-10.00,0.00,19.00,9.00,"0744","0728",-16.00,0.00,0.00,"",0.00,94.00,88.00,60.00,1.00,431.00,,,,,,
2016,7,28,4,2016-07-28,"AA",19805,"AA","2177",13244,"MEM","Memphis, TN","TN",11298,"DFW","Dallas/Fort Worth, TX","TX","0610","0611",1.00,1.00,31.00,7.00,"0744","0756",12.00,12.00,0.00,"",0.00,94.00,105.00,67.00,1.00,431.00,,,,,,
2016,7,29,5,2016-07-29,"AA",19805,"AA","2177",13244,"MEM","Memphis, TN","TN",11298,"DFW","Dallas/Fort Worth, TX","TX","0610","0602",-8.00,0.00,12.00,9.00,"0744","0725",-19.00,0.00,0.00,"",0.00,94.00,83.00,62.00,1.00,431.00,,,,,,
2016,7,30,6,2016-07-30,"AA",19805,"AA","2177",13244,"MEM","Memphis, TN","TN",11298,"DFW","Dallas/Fort Worth, TX","TX","0610","0607",-3.00,0.00,16.00,13.00,"0744","0739",-5.00,0.00,0.00,"",0.00,94.00,92.00,63.00,1.00,431.00,,,,,,
2016,7,31,7,2016-07-31,"AA",19805,"AA","2177",13244,"MEM","Memphis, TN","TN",11298,"DFW","Dallas/Fort Worth, TX","TX","0610","0603",-7.00,0.00,16.00,6.00,"0744","0726",-18.00,0.00,0.00,"",0.00,94.00,83.00,61.00,1.00,431.00,,,,,,
2016,7,4,1,2016-07-04,"AA",19805,"AA","2177",13930,"ORD","Chicago, IL","IL",14107,"PHX","Phoenix, AZ","AZ","0500","0451",-9.00,0.00,12.00,7.00,"0636","0619",-17.00,0.00,0.00,"",0.00,216.00,208.00,189.00,1.00,1440.00,,,,,,
2016,7,3,7,2016-07-03,"AA",19805,"AA","2177",14107,"PHX","Phoenix, AZ","AZ",14747,"SEA","Seattle, WA","WA","1358","1355",-3.00,0.00,20.00,9.00,"1655","1701",6.00,6.00,0.00,"",0.00,177.00,186.00,157.00,1.00,1107.00,,,,,,
2016,7,1,5,2016-07-01,"AA",19805,"AA","2178",11298,"DFW","Dallas/Fort Worth, TX","TX",14122,"PIT","Pittsburgh, PA","PA","2015","2036",21.00,21.00,17.00,9.00,"2354","0015",21.00,21.00,0.00,"",0.00,159.00,159.00,133.00,1.00,1067.00,21.00,0.00,0.00,0.00,0.00,
2016,7,2,6,2016-07-02,"AA",19805,"AA","2178",11298,"DFW","Dallas/Fort Worth, TX","TX",14122,"PIT","Pittsburgh, PA","PA","2015","2011",-4.00,0.00,14.00,5.00,"2354","2339",-15.00,0.00,0.00,"",0.00,159.00,148.00,129.00,1.00,1067.00,,,,,,
2016,7,3,7,2016-07-03,"AA",19805,"AA","2178",11298,"DFW","Dallas/Fort Worth, TX","TX",14122,"PIT","Pittsburgh, PA","PA","2015","2009",-6.00,0.00,11.00,7.00,"2354","2334",-20.00,0.00,0.00,"",0.00,159.00,145.00,127.00,1.00,1067.00,,,,,,
2016,7,4,1,2016-07-04,"AA",19805,"AA","2178",11298,"DFW","Dallas/Fort Worth, TX","TX",14122,"PIT","Pittsburgh, PA","PA","2015","2010",-5.00,0.00,10.00,7.00,"2354","2341",-13.00,0.00,0.00,"",0.00,159.00,151.00,134.00,1.00,1067.00,,,,,,
2016,7,5,2,2016-07-05,"AA",19805,"AA","2178",11298,"DFW","Dallas/Fort Worth, TX","TX",14122,"PIT","Pittsburgh, PA","PA","2015","2017",2.00,2.00,10.00,4.00,"2354","2340",-14.00,0.00,0.00,"",0.00,159.00,143.00,129.00,1.00,1067.00,,,,,,
2016,7,6,3,2016-07-06,"AA",19805,"AA","2178",11298,"DFW","Dallas/Fort Worth, TX","TX",14122,"PIT","Pittsburgh, PA","PA","2015","2010",-5.00,0.00,10.00,3.00,"2354","2342",-12.00,0.00,0.00,"",0.00,159.00,152.00,139.00,1.00,1067.00,,,,,,
2016,7,7,4,2016-07-07,"AA",19805,"AA","2178",11298,"DFW","Dallas/Fort Worth, TX","TX",14122,"PIT","Pittsburgh, PA","PA","2015","2011",-4.00,0.00,11.00,7.00,"2354","2345",-9.00,0.00,0.00,"",0.00,159.00,154.00,136.00,1.00,1067.00,,,,,,
2016,7,8,5,2016-07-08,"AA",19805,"AA","2178",11298,"DFW","Dallas/Fort Worth, TX","TX",14122,"PIT","Pittsburgh, PA","PA","2015","2023",8.00,8.00,18.00,5.00,"2354","2400",6.00,6.00,0.00,"",0.00,159.00,157.00,134.00,1.00,1067.00,,,,,,
2016,7,9,6,2016-07-09,"AA",19805,"AA","2178",11298,"DFW","Dallas/Fort Worth, TX","TX",14122,"PIT","Pittsburgh, PA","PA","2015","2029",14.00,14.00,26.00,6.00,"2354","0015",21.00,21.00,0.00,"",0.00,159.00,166.00,134.00,1.00,1067.00,0.00,14.00,7.00,0.00,0.00,
2016,7,10,7,2016-07-10,"AA",19805,"AA","2178",11298,"DFW","Dallas/Fort Worth, TX","TX",14122,"PIT","Pittsburgh, PA","PA","2015","2136",81.00,81.00,9.00,5.00,"2354","0105",71.00,71.00,0.00,"",0.00,159.00,149.00,135.00,1.00,1067.00,71.00,0.00,0.00,0.00,0.00,
2016,7,11,1,2016-07-11,"AA",19805,"AA","2178",11298,"DFW","Dallas/Fort Worth, TX","TX",14122,"PIT","Pittsburgh, PA","PA","2015","2010",-5.00,0.00,11.00,4.00,"2354","2344",-10.00,0.00,0.00,"",0.00,159.00,154.00,139.00,1.00,1067.00,,,,,,
2016,7,12,2,2016-07-12,"AA",19805,"AA","2178",11298,"DFW","Dallas/Fort Worth, TX","TX",14122,"PIT","Pittsburgh, PA","PA","2015","2008",-7.00,0.00,18.00,5.00,"2354","2348",-6.00,0.00,0.00,"",0.00,159.00,160.00,137.00,1.00,1067.00,,,,,,
2016,7,13,3,2016-07-13,"AA",19805,"AA","2178",11298,"DFW","Dallas/Fort Worth, TX","TX",14122,"PIT","Pittsburgh, PA","PA","2015","2009",-6.00,0.00,10.00,7.00,"2354","2345",-9.00,0.00,0.00,"",0.00,159.00,156.00,139.00,1.00,1067.00,,,,,,
2016,7,14,4,2016-07-14,"AA",19805,"AA","2178",11298,"DFW","Dallas/Fort Worth, TX","TX",14122,"PIT","Pittsburgh, PA","PA","2015","2054",39.00,39.00,22.00,8.00,"2354","0031",37.00,37.00,0.00,"",0.00,159.00,157.00,127.00,1.00,1067.00,19.00,0.00,0.00,0.00,18.00,
2016,7,15,5,2016-07-15,"AA",19805,"AA","2178",11298,"DFW","Dallas/Fort Worth, TX","TX",14122,"PIT","Pittsburgh, PA","PA","2015","2022",7.00,7.00,18.00,4.00,"2354","0001",7.00,7.00,0.00,"",0.00,159.00,159.00,137.00,1.00,1067.00,,,,,,
2016,7,16,6,2016-07-16,"AA",19805,"AA","2178",11298,"DFW","Dallas/Fort Worth, TX","TX",14122,"PIT","Pittsburgh, PA","PA","2015","2007",-8.00,0.00,10.00,5.00,"2354","2335",-19.00,0.00,0.00,"",0.00,159.00,148.00,133.00,1.00,1067.00,,,,,,
2016,7,17,7,2016-07-17,"AA",19805,"AA","2178",11298,"DFW","Dallas/Fort Worth, TX","TX",14122,"PIT","Pittsburgh, PA","PA","2015","2006",-9.00,0.00,7.00,6.00,"2354","2332",-22.00,0.00,0.00,"",0.00,159.00,146.00,133.00,1.00,1067.00,,,,,,
2016,7,18,1,2016-07-18,"AA",19805,"AA","2178",11298,"DFW","Dallas/Fort Worth, TX","TX",14122,"PIT","Pittsburgh, PA","PA","2015","2018",3.00,3.00,18.00,6.00,"2354","2359",5.00,5.00,0.00,"",0.00,159.00,161.00,137.00,1.00,1067.00,,,,,,
2016,7,19,2,2016-07-19,"AA",19805,"AA","2178",11298,"DFW","Dallas/Fort Worth, TX","TX",14122,"PIT","Pittsburgh, PA","PA","2015","2010",-5.00,0.00,11.00,5.00,"2354","2341",-13.00,0.00,0.00,"",0.00,159.00,151.00,135.00,1.00,1067.00,,,,,,
2016,7,20,3,2016-07-20,"AA",19805,"AA","2178",11298,"DFW","Dallas/Fort Worth, TX","TX",14122,"PIT","Pittsburgh, PA","PA","2015","2011",-4.00,0.00,12.00,7.00,"2354","2350",-4.00,0.00,0.00,"",0.00,159.00,159.00,140.00,1.00,1067.00,,,,,,
2016,7,21,4,2016-07-21,"AA",19805,"AA","2178",11298,"DFW","Dallas/Fort Worth, TX","TX",14122,"PIT","Pittsburgh, PA","PA","2015","2032",17.00,17.00,12.00,7.00,"2354","0012",18.00,18.00,0.00,"",0.00,159.00,160.00,141.00,1.00,1067.00,0.00,0.00,1.00,0.00,17.00,
2016,7,22,5,2016-07-22,"AA",19805,"AA","2178",11298,"DFW","Dallas/Fort Worth, TX","TX",14122,"PIT","Pittsburgh, PA","PA","2015","2117",62.00,62.00,20.00,4.00,"2354","0055",61.00,61.00,0.00,"",0.00,159.00,158.00,134.00,1.00,1067.00,0.00,0.00,0.00,0.00,61.00,
2016,7,23,6,2016-07-23,"AA",19805,"AA","2178",11298,"DFW","Dallas/Fort Worth, TX","TX",14122,"PIT","Pittsburgh, PA","PA","2015","2008",-7.00,0.00,12.00,5.00,"2354","2343",-11.00,0.00,0.00,"",0.00,159.00,155.00,138.00,1.00,1067.00,,,,,,
2016,7,24,7,2016-07-24,"AA",19805,"AA","2178",11298,"DFW","Dallas/Fort Worth, TX","TX",14122,"PIT","Pittsburgh, PA","PA","2015","2139",84.00,84.00,11.00,6.00,"2354","0107",73.00,73.00,0.00,"",0.00,159.00,148.00,131.00,1.00,1067.00,73.00,0.00,0.00,0.00,0.00,
2016,7,25,1,2016-07-25,"AA",19805,"AA","2178",11298,"DFW","Dallas/Fort Worth, TX","TX",14122,"PIT","Pittsburgh, PA","PA","2015","2142",87.00,87.00,16.00,4.00,"2354","0122",88.00,88.00,0.00,"",0.00,159.00,160.00,140.00,1.00,1067.00,0.00,0.00,1.00,0.00,87.00,
2016,7,26,2,2016-07-26,"AA",19805,"AA","2178",11298,"DFW","Dallas/Fort Worth, TX","TX",14122,"PIT","Pittsburgh, PA","PA","2015","2106",51.00,51.00,21.00,6.00,"2354","0041",47.00,47.00,0.00,"",0.00,159.00,155.00,128.00,1.00,1067.00,9.00,0.00,0.00,0.00,38.00,
2016,7,27,3,2016-07-27,"AA",19805,"AA","2178",11298,"DFW","Dallas/Fort Worth, TX","TX",14122,"PIT","Pittsburgh, PA","PA","2015","2215",120.00,120.00,18.00,5.00,"2354","0154",120.00,120.00,0.00,"",0.00,159.00,159.00,136.00,1.00,1067.00,40.00,0.00,0.00,0.00,80.00,
2016,7,28,4,2016-07-28,"AA",19805,"AA","2178",11298,"DFW","Dallas/Fort Worth, TX","TX",14122,"PIT","Pittsburgh, PA","PA","2015","2052",37.00,37.00,11.00,6.00,"2354","0019",25.00,25.00,0.00,"",0.00,159.00,147.00,130.00,1.00,1067.00,20.00,0.00,0.00,0.00,5.00,
2016,7,29,5,2016-07-29,"AA",19805,"AA","2178",11298,"DFW","Dallas/Fort Worth, TX","TX",14122,"PIT","Pittsburgh, PA","PA","2015","2028",13.00,13.00,17.00,8.00,"2354","0005",11.00,11.00,0.00,"",0.00,159.00,157.00,132.00,1.00,1067.00,,,,,,
2016,7,30,6,2016-07-30,"AA",19805,"AA","2178",11298,"DFW","Dallas/Fort Worth, TX","TX",14122,"PIT","Pittsburgh, PA","PA","2015","2057",42.00,42.00,27.00,5.00,"2354","0038",44.00,44.00,0.00,"",0.00,159.00,161.00,129.00,1.00,1067.00,7.00,0.00,2.00,0.00,35.00,
2016,7,31,7,2016-07-31,"AA",19805,"AA","2178",11298,"DFW","Dallas/Fort Worth, TX","TX",14122,"PIT","Pittsburgh, PA","PA","2015","2341",206.00,206.00,12.00,8.00,"2354","0308",194.00,194.00,0.00,"",0.00,159.00,147.00,127.00,1.00,1067.00,91.00,0.00,0.00,0.00,103.00,
2016,7,1,5,2016-07-01,"AA",19805,"AA","2179",11298,"DFW","Dallas/Fort Worth, TX","TX",12339,"IND","Indianapolis, IN","IN","2345","2350",5.00,5.00,11.00,8.00,"0251","0249",-2.00,0.00,0.00,"",0.00,126.00,119.00,100.00,1.00,761.00,,,,,,
2016,7,3,7,2016-07-03,"AA",19805,"AA","2179",11298,"DFW","Dallas/Fort Worth, TX","TX",13930,"ORD","Chicago, IL","IL","1610","1634",24.00,24.00,15.00,13.00,"1836","1847",11.00,11.00,0.00,"",0.00,146.00,133.00,105.00,1.00,802.00,,,,,,
2016,7,1,5,2016-07-01,"AA",19805,"AA","2179",12339,"IND","Indianapolis, IN","IN",11298,"DFW","Dallas/Fort Worth, TX","TX","2142","2147",5.00,5.00,15.00,9.00,"2259","2258",-1.00,0.00,0.00,"",0.00,137.00,131.00,107.00,1.00,761.00,,,,,,
2016,7,4,1,2016-07-04,"AA",19805,"AA","2179",13930,"ORD","Chicago, IL","IL",15016,"STL","St. Louis, MO","MO","1655","1648",-7.00,0.00,14.00,4.00,"1806","1751",-15.00,0.00,0.00,"",0.00,71.00,63.00,45.00,1.00,258.00,,,,,,
2016,7,4,1,2016-07-04,"AA",19805,"AA","2179",15016,"STL","St. Louis, MO","MO",13930,"ORD","Chicago, IL","IL","1855","1850",-5.00,0.00,12.00,26.00,"2014","2012",-2.00,0.00,0.00,"",0.00,79.00,82.00,44.00,1.00,258.00,,,,,,
2016,7,1,5,2016-07-01,"AA",19805,"AA","2180",11298,"DFW","Dallas/Fort Worth, TX","TX",11066,"CMH","Columbus, OH","OH","0700","0856",116.00,116.00,18.00,5.00,"1024","1220",116.00,116.00,0.00,"",0.00,144.00,144.00,121.00,1.00,926.00,2.00,0.00,0.00,0.00,114.00,
2016,7,5,2,2016-07-05,"AA",19805,"AA","2180",11298,"DFW","Dallas/Fort Worth, TX","TX",11066,"CMH","Columbus, OH","OH","0700","0655",-5.00,0.00,13.00,5.00,"1024","1016",-8.00,0.00,0.00,"",0.00,144.00,141.00,123.00,1.00,926.00,,,,,,
2016,7,6,3,2016-07-06,"AA",19805,"AA","2180",11298,"DFW","Dallas/Fort Worth, TX","TX",11066,"CMH","Columbus, OH","OH","0700","0657",-3.00,0.00,18.00,8.00,"1024","1029",5.00,5.00,0.00,"",0.00,144.00,152.00,126.00,1.00,926.00,,,,,,
2016,7,7,4,2016-07-07,"AA",19805,"AA","2180",11298,"DFW","Dallas/Fort Worth, TX","TX",11066,"CMH","Columbus, OH","OH","0700","0651",-9.00,0.00,9.00,5.00,"1024","1009",-15.00,0.00,0.00,"",0.00,144.00,138.00,124.00,1.00,926.00,,,,,,
2016,7,8,5,2016-07-08,"AA",19805,"AA","2180",11298,"DFW","Dallas/Fort Worth, TX","TX",11066,"CMH","Columbus, OH","OH","0700","0653",-7.00,0.00,8.00,3.00,"1024","1011",-13.00,0.00,0.00,"",0.00,144.00,138.00,127.00,1.00,926.00,,,,,,
2016,7,10,7,2016-07-10,"AA",19805,"AA","2180",11298,"DFW","Dallas/Fort Worth, TX","TX",11066,"CMH","Columbus, OH","OH","0700","0806",66.00,66.00,13.00,5.00,"1024","1131",67.00,67.00,0.00,"",0.00,144.00,145.00,127.00,1.00,926.00,66.00,0.00,1.00,0.00,0.00,
2016,7,11,1,2016-07-11,"AA",19805,"AA","2180",11298,"DFW","Dallas/Fort Worth, TX","TX",11066,"CMH","Columbus, OH","OH","0700","0658",-2.00,0.00,14.00,7.00,"1024","1022",-2.00,0.00,0.00,"",0.00,144.00,144.00,123.00,1.00,926.00,,,,,,
2016,7,12,2,2016-07-12,"AA",19805,"AA","2180",11298,"DFW","Dallas/Fort Worth, TX","TX",11066,"CMH","Columbus, OH","OH","0700","0709",9.00,9.00,17.00,4.00,"1024","1026",2.00,2.00,0.00,"",0.00,144.00,137.00,116.00,1.00,926.00,,,,,,
2016,7,13,3,2016-07-13,"AA",19805,"AA","2180",11298,"DFW","Dallas/Fort Worth, TX","TX",11066,"CMH","Columbus, OH","OH","0700","0654",-6.00,0.00,18.00,6.00,"1024","1021",-3.00,0.00,0.00,"",0.00,144.00,147.00,123.00,1.00,926.00,,,,,,
2016,7,14,4,2016-07-14,"AA",19805,"AA","2180",11298,"DFW","Dallas/Fort Worth, TX","TX",11066,"CMH","Columbus, OH","OH","0700","0656",-4.00,0.00,15.00,8.00,"1024","1024",0.00,0.00,0.00,"",0.00,144.00,148.00,125.00,1.00,926.00,,,,,,
2016,7,15,5,2016-07-15,"AA",19805,"AA","2180",11298,"DFW","Dallas/Fort Worth, TX","TX",11066,"CMH","Columbus, OH","OH","0700","0654",-6.00,0.00,11.00,4.00,"1024","1007",-17.00,0.00,0.00,"",0.00,144.00,133.00,118.00,1.00,926.00,,,,,,
2016,7,17,7,2016-07-17,"AA",19805,"AA","2180",11298,"DFW","Dallas/Fort Worth, TX","TX",11066,"CMH","Columbus, OH","OH","0700","0658",-2.00,0.00,19.00,12.00,"1024","1026",2.00,2.00,0.00,"",0.00,144.00,148.00,117.00,1.00,926.00,,,,,,
2016,7,18,1,2016-07-18,"AA",19805,"AA","2180",11298,"DFW","Dallas/Fort Worth, TX","TX",11066,"CMH","Columbus, OH","OH","0700","0721",21.00,21.00,19.00,7.00,"1024","1057",33.00,33.00,0.00,"",0.00,144.00,156.00,130.00,1.00,926.00,21.00,0.00,12.00,0.00,0.00,
2016,7,19,2,2016-07-19,"AA",19805,"AA","2180",11298,"DFW","Dallas/Fort Worth, TX","TX",11066,"CMH","Columbus, OH","OH","0700","0655",-5.00,0.00,11.00,6.00,"1024","1015",-9.00,0.00,0.00,"",0.00,144.00,140.00,123.00,1.00,926.00,,,,,,
2016,7,20,3,2016-07-20,"AA",19805,"AA","2180",11298,"DFW","Dallas/Fort Worth, TX","TX",11066,"CMH","Columbus, OH","OH","0700","0657",-3.00,0.00,13.00,6.00,"1024","1019",-5.00,0.00,0.00,"",0.00,144.00,142.00,123.00,1.00,926.00,,,,,,
2016,7,21,4,2016-07-21,"AA",19805,"AA","2180",11298,"DFW","Dallas/Fort Worth, TX","TX",11066,"CMH","Columbus, OH","OH","0700","0653",-7.00,0.00,11.00,6.00,"1024","1014",-10.00,0.00,0.00,"",0.00,144.00,141.00,124.00,1.00,926.00,,,,,,
2016,7,22,5,2016-07-22,"AA",19805,"AA","2180",11298,"DFW","Dallas/Fort Worth, TX","TX",11066,"CMH","Columbus, OH","OH","0700","0658",-2.00,0.00,12.00,69.00,"1024","1131",67.00,67.00,0.00,"",0.00,144.00,213.00,132.00,1.00,926.00,0.00,0.00,67.00,0.00,0.00,
2016,7,24,7,2016-07-24,"AA",19805,"AA","2180",11298,"DFW","Dallas/Fort Worth, TX","TX",11066,"CMH","Columbus, OH","OH","0700","0653",-7.00,0.00,13.00,5.00,"1024","1013",-11.00,0.00,0.00,"",0.00,144.00,140.00,122.00,1.00,926.00,,,,,,
2016,7,25,1,2016-07-25,"AA",19805,"AA","2180",11298,"DFW","Dallas/Fort Worth, TX","TX",11066,"CMH","Columbus, OH","OH","0700","0859",119.00,119.00,12.00,5.00,"1024","1220",116.00,116.00,0.00,"",0.00,144.00,141.00,124.00,1.00,926.00,10.00,0.00,0.00,0.00,106.00,
2016,7,26,2,2016-07-26,"AA",19805,"AA","2180",11298,"DFW","Dallas/Fort Worth, TX","TX",11066,"CMH","Columbus, OH","OH","0700","0713",13.00,13.00,14.00,3.00,"1024","1028",4.00,4.00,0.00,"",0.00,144.00,135.00,118.00,1.00,926.00,,,,,,
2016,7,27,3,2016-07-27,"AA",19805,"AA","2180",11298,"DFW","Dallas/Fort Worth, TX","TX",11066,"CMH","Columbus, OH","OH","0700","0713",13.00,13.00,18.00,4.00,"1024","1036",12.00,12.00,0.00,"",0.00,144.00,143.00,121.00,1.00,926.00,,,,,,
2016,7,28,4,2016-07-28,"AA",19805,"AA","2180",11298,"DFW","Dallas/Fort Worth, TX","TX",11066,"CMH","Columbus, OH","OH","0700","0658",-2.00,0.00,16.00,7.00,"1024","1031",7.00,7.00,0.00,"",0.00,144.00,153.00,130.00,1.00,926.00,,,,,,
2016,7,29,5,2016-07-29,"AA",19805,"AA","2180",11298,"DFW","Dallas/Fort Worth, TX","TX",11066,"CMH","Columbus, OH","OH","0700","0728",28.00,28.00,14.00,5.00,"1024","1041",17.00,17.00,0.00,"",0.00,144.00,133.00,114.00,1.00,926.00,17.00,0.00,0.00,0.00,0.00,
2016,7,31,7,2016-07-31,"AA",19805,"AA","2180",11298,"DFW","Dallas/Fort Worth, TX","TX",11066,"CMH","Columbus, OH","OH","0700","0703",3.00,3.00,10.00,4.00,"1024","1023",-1.00,0.00,0.00,"",0.00,144.00,140.00,126.00,1.00,926.00,,,,,,
2016,7,1,5,2016-07-01,"AA",19805,"AA","2181",12478,"JFK","New York, NY","NY",11298,"DFW","Dallas/Fort Worth, TX","TX","0705","0753",48.00,48.00,17.00,9.00,"0955","1028",33.00,33.00,0.00,"",0.00,230.00,215.00,189.00,1.00,1391.00,33.00,0.00,0.00,0.00,0.00,
2016,7,2,6,2016-07-02,"AA",19805,"AA","2181",12478,"JFK","New York, NY","NY",11298,"DFW","Dallas/Fort Worth, TX","TX","0705","",,,,,"0955","",,,1.00,"B",0.00,230.00,,,1.00,1391.00,,,,,,
2016,7,3,7,2016-07-03,"AA",19805,"AA","2181",12478,"JFK","New York, NY","NY",11298,"DFW","Dallas/Fort Worth, TX","TX","0705","0715",10.00,10.00,25.00,4.00,"0955","0949",-6.00,0.00,0.00,"",0.00,230.00,214.00,185.00,1.00,1391.00,,,,,,
2016,7,4,1,2016-07-04,"AA",19805,"AA","2181",12478,"JFK","New York, NY","NY",11298,"DFW","Dallas/Fort Worth, TX","TX","0705","0704",-1.00,0.00,19.00,15.00,"0955","1000",5.00,5.00,0.00,"",0.00,230.00,236.00,202.00,1.00,1391.00,,,,,,
2016,7,5,2,2016-07-05,"AA",19805,"AA","2181",12478,"JFK","New York, NY","NY",11298,"DFW","Dallas/Fort Worth, TX","TX","0659","0701",2.00,2.00,17.00,9.00,"0949","0955",6.00,6.00,0.00,"",0.00,230.00,234.00,208.00,1.00,1391.00,,,,,,
2016,7,6,3,2016-07-06,"AA",19805,"AA","2181",12478,"JFK","New York, NY","NY",11298,"DFW","Dallas/Fort Worth, TX","TX","0659","0658",-1.00,0.00,21.00,14.00,"0949","0937",-12.00,0.00,0.00,"",0.00,230.00,219.00,184.00,1.00,1391.00,,,,,,
2016,7,7,4,2016-07-07,"AA",19805,"AA","2181",12478,"JFK","New York, NY","NY",11298,"DFW","Dallas/Fort Worth, TX","TX","0659","0710",11.00,11.00,25.00,11.00,"0949","0953",4.00,4.00,0.00,"",0.00,230.00,223.00,187.00,1.00,1391.00,,,,,,
2016,7,8,5,2016-07-08,"AA",19805,"AA","2181",12478,"JFK","New York, NY","NY",11298,"DFW","Dallas/Fort Worth, TX","TX","0659","0657",-2.00,0.00,26.00,9.00,"0949","0944",-5.00,0.00,0.00,"",0.00,230.00,227.00,192.00,1.00,1391.00,,,,,,
2016,7,9,6,2016-07-09,"AA",19805,"AA","2181",12478,"JFK","New York, NY","NY",11298,"DFW","Dallas/Fort Worth, TX","TX","0659","0702",3.00,3.00,36.00,9.00,"0949","0958",9.00,9.00,0.00,"",0.00,230.00,236.00,191.00,1.00,1391.00,,,,,,
2016,7,10,7,2016-07-10,"AA",19805,"AA","2181",12478,"JFK","New York, NY","NY",11298,"DFW","Dallas/Fort Worth, TX","TX","0659","0655",-4.00,0.00,31.00,12.00,"0949","0941",-8.00,0.00,0.00,"",0.00,230.00,226.00,183.00,1.00,1391.00,,,,,,
2016,7,11,1,2016-07-11,"AA",19805,"AA","2181",12478,"JFK","New York, NY","NY",11298,"DFW","Dallas/Fort Worth, TX","TX","0659","0659",0.00,0.00,37.00,9.00,"0949","0947",-2.00,0.00,0.00,"",0.00,230.00,228.00,182.00,1.00,1391.00,,,,,,
2016,7,12,2,2016-07-12,"AA",19805,"AA","2181",12478,"JFK","New York, NY","NY",11298,"DFW","Dallas/Fort Worth, TX","TX","0659","0654",-5.00,0.00,18.00,14.00,"0949","0924",-25.00,0.00,0.00,"",0.00,230.00,210.00,178.00,1.00,1391.00,,,,,,
2016,7,13,3,2016-07-13,"AA",19805,"AA","2181",12478,"JFK","New York, NY","NY",11298,"DFW","Dallas/Fort Worth, TX","TX","0659","0654",-5.00,0.00,15.00,15.00,"0949","0925",-24.00,0.00,0.00,"",0.00,230.00,211.00,181.00,1.00,1391.00,,,,,,
2016,7,14,4,2016-07-14,"AA",19805,"AA","2181",12478,"JFK","New York, NY","NY",11298,"DFW","Dallas/Fort Worth, TX","TX","0659","0657",-2.00,0.00,30.00,14.00,"0949","0943",-6.00,0.00,0.00,"",0.00,230.00,226.00,182.00,1.00,1391.00,,,,,,
2016,7,15,5,2016-07-15,"AA",19805,"AA","2181",12478,"JFK","New York, NY","NY",11298,"DFW","Dallas/Fort Worth, TX","TX","0659","0656",-3.00,0.00,22.00,14.00,"0949","1323",,,0.00,"",1.00,230.00,,,1.00,1391.00,,,,,,
2016,7,16,6,2016-07-16,"AA",19805,"AA","2181",12478,"JFK","New York, NY","NY",11298,"DFW","Dallas/Fort Worth, TX","TX","0659","0656",-3.00,0.00,19.00,26.00,"0949","0951",2.00,2.00,0.00,"",0.00,230.00,235.00,190.00,1.00,1391.00,,,,,,
2016,7,17,7,2016-07-17,"AA",19805,"AA","2181",12478,"JFK","New York, NY","NY",11298,"DFW","Dallas/Fort Worth, TX","TX","0659","0655",-4.00,0.00,18.00,13.00,"0949","0923",-26.00,0.00,0.00,"",0.00,230.00,208.00,177.00,1.00,1391.00,,,,,,
2016,7,18,1,2016-07-18,"AA",19805,"AA","2181",12478,"JFK","New York, NY","NY",11298,"DFW","Dallas/Fort Worth, TX","TX","0659","0702",3.00,3.00,34.00,16.00,"0949","0949",0.00,0.00,0.00,"",0.00,230.00,227.00,177.00,1.00,1391.00,,,,,,
2016,7,19,2,2016-07-19,"AA",19805,"AA","2181",12478,"JFK","New York, NY","NY",11298,"DFW","Dallas/Fort Worth, TX","TX","0659","0655",-4.00,0.00,31.00,12.00,"0949","0940",-9.00,0.00,0.00,"",0.00,230.00,225.00,182.00,1.00,1391.00,,,,,,
2016,7,20,3,2016-07-20,"AA",19805,"AA","2181",12478,"JFK","New York, NY","NY",11298,"DFW","Dallas/Fort Worth, TX","TX","0659","0656",-3.00,0.00,28.00,12.00,"0949","0933",-16.00,0.00,0.00,"",0.00,230.00,217.00,177.00,1.00,1391.00,,,,,,
2016,7,21,4,2016-07-21,"AA",19805,"AA","2181",12478,"JFK","New York, NY","NY",11298,"DFW","Dallas/Fort Worth, TX","TX","0659","0654",-5.00,0.00,18.00,14.00,"0949","0918",-31.00,0.00,0.00,"",0.00,230.00,204.00,172.00,1.00,1391.00,,,,,,
2016,7,22,5,2016-07-22,"AA",19805,"AA","2181",12478,"JFK","New York, NY","NY",11298,"DFW","Dallas/Fort Worth, TX","TX","0659","0657",-2.00,0.00,16.00,17.00,"0949","0922",-27.00,0.00,0.00,"",0.00,230.00,205.00,172.00,1.00,1391.00,,,,,,
2016,7,23,6,2016-07-23,"AA",19805,"AA","2181",12478,"JFK","New York, NY","NY",11298,"DFW","Dallas/Fort Worth, TX","TX","0659","0704",5.00,5.00,21.00,11.00,"0949","0938",-11.00,0.00,0.00,"",0.00,230.00,214.00,182.00,1.00,1391.00,,,,,,
2016,7,24,7,2016-07-24,"AA",19805,"AA","2181",12478,"JFK","New York, NY","NY",11298,"DFW","Dallas/Fort Worth, TX","TX","0659","0731",32.00,32.00,20.00,5.00,"0949","0947",-2.00,0.00,0.00,"",0.00,230.00,196.00,171.00,1.00,1391.00,,,,,,
2016,7,25,1,2016-07-25,"AA",19805,"AA","2181",12478,"JFK","New York, NY","NY",11298,"DFW","Dallas/Fort Worth, TX","TX","0659","0658",-1.00,0.00,28.00,14.00,"0949","0936",-13.00,0.00,0.00,"",0.00,230.00,218.00,176.00,1.00,1391.00,,,,,,
2016,7,26,2,2016-07-26,"AA",19805,"AA","2181",12478,"JFK","New York, NY","NY",11298,"DFW","Dallas/Fort Worth, TX","TX","0659","",,,,,"0949","",,,1.00,"C",0.00,230.00,,,1.00,1391.00,,,,,,
2016,7,27,3,2016-07-27,"AA",19805,"AA","2181",12478,"JFK","New York, NY","NY",11298,"DFW","Dallas/Fort Worth, TX","TX","0659","0709",10.00,10.00,34.00,10.00,"0949","0957",8.00,8.00,0.00,"",0.00,230.00,228.00,184.00,1.00,1391.00,,,,,,
2016,7,28,4,2016-07-28,"AA",19805,"AA","2181",12478,"JFK","New York, NY","NY",11298,"DFW","Dallas/Fort Worth, TX","TX","0659","0658",-1.00,0.00,19.00,24.00,"0949","0950",1.00,1.00,0.00,"",0.00,230.00,232.00,189.00,1.00,1391.00,,,,,,
2016,7,29,5,2016-07-29,"AA",19805,"AA","2181",12478,"JFK","New York, NY","NY",11298,"DFW","Dallas/Fort Worth, TX","TX","0659","0709",10.00,10.00,32.00,6.00,"0949","0959",10.00,10.00,0.00,"",0.00,230.00,230.00,192.00,1.00,1391.00,,,,,,
2016,7,30,6,2016-07-30,"AA",19805,"AA","2181",12478,"JFK","New York, NY","NY",11298,"DFW","Dallas/Fort Worth, TX","TX","0659","0655",-4.00,0.00,19.00,16.00,"0949","0941",-8.00,0.00,0.00,"",0.00,230.00,226.00,191.00,1.00,1391.00,,,,,,
2016,7,31,7,2016-07-31,"AA",19805,"AA","2181",12478,"JFK","New York, NY","NY",11298,"DFW","Dallas/Fort Worth, TX","TX","0659","0657",-2.00,0.00,16.00,29.00,"0949","0951",2.00,2.00,0.00,"",0.00,230.00,234.00,189.00,1.00,1391.00,,,,,,
2016,7,1,5,2016-07-01,"AA",19805,"AA","2182",11298,"DFW","Dallas/Fort Worth, TX","TX",12953,"LGA","New York, NY","NY","1430","1520",50.00,50.00,14.00,5.00,"1903","1947",44.00,44.00,0.00,"",0.00,213.00,207.00,188.00,1.00,1389.00,0.00,0.00,44.00,0.00,0.00,
2016,7,2,6,2016-07-02,"AA",19805,"AA","2182",11298,"DFW","Dallas/Fort Worth, TX","TX",12953,"LGA","New York, NY","NY","1341","1350",9.00,9.00,11.00,8.00,"1809","1802",-7.00,0.00,0.00,"",0.00,208.00,192.00,173.00,1.00,1389.00,,,,,,
2016,7,3,7,2016-07-03,"AA",19805,"AA","2182",11298,"DFW","Dallas/Fort Worth, TX","TX",12953,"LGA","New York, NY","NY","1430","1436",6.00,6.00,10.00,4.00,"1903","1847",-16.00,0.00,0.00,"",0.00,213.00,191.00,177.00,1.00,1389.00,,,,,,
2016,7,4,1,2016-07-04,"AA",19805,"AA","2182",11298,"DFW","Dallas/Fort Worth, TX","TX",12953,"LGA","New York, NY","NY","1430","1431",1.00,1.00,11.00,4.00,"1903","1836",-27.00,0.00,0.00,"",0.00,213.00,185.00,170.00,1.00,1389.00,,,,,,
2016,7,5,2,2016-07-05,"AA",19805,"AA","2182",11298,"DFW","Dallas/Fort Worth, TX","TX",12953,"LGA","New York, NY","NY","1430","",,,,,"1903","",,,1.00,"A",0.00,213.00,,,1.00,1389.00,,,,,,
2016,7,6,3,2016-07-06,"AA",19805,"AA","2182",11298,"DFW","Dallas/Fort Worth, TX","TX",12953,"LGA","New York, NY","NY","1430","1429",-1.00,0.00,12.00,5.00,"1903","1852",-11.00,0.00,0.00,"",0.00,213.00,203.00,186.00,1.00,1389.00,,,,,,
2016,7,7,4,2016-07-07,"AA",19805,"AA","2182",11298,"DFW","Dallas/Fort Worth, TX","TX",12953,"LGA","New York, NY","NY","1430","1445",15.00,15.00,13.00,6.00,"1903","1910",7.00,7.00,0.00,"",0.00,213.00,205.00,186.00,1.00,1389.00,,,,,,
2016,7,8,5,2016-07-08,"AA",19805,"AA","2182",11298,"DFW","Dallas/Fort Worth, TX","TX",12953,"LGA","New York, NY","NY","1430","1428",-2.00,0.00,20.00,4.00,"1903","1918",15.00,15.00,0.00,"",0.00,213.00,230.00,206.00,1.00,1389.00,0.00,0.00,15.00,0.00,0.00,
2016,7,9,6,2016-07-09,"AA",19805,"AA","2182",11298,"DFW","Dallas/Fort Worth, TX","TX",12953,"LGA","New York, NY","NY","1341","1337",-4.00,0.00,11.00,4.00,"1809","1758",-11.00,0.00,0.00,"",0.00,208.00,201.00,186.00,1.00,1389.00,,,,,,
2016,7,10,7,2016-07-10,"AA",19805,"AA","2182",11298,"DFW","Dallas/Fort Worth, TX","TX",12953,"LGA","New York, NY","NY","1430","",,,,,"1903","",,,1.00,"A",0.00,213.00,,,1.00,1389.00,,,,,,
2016,7,11,1,2016-07-11,"AA",19805,"AA","2182",11298,"DFW","Dallas/Fort Worth, TX","TX",12953,"LGA","New York, NY","NY","1430","1427",-3.00,0.00,12.00,6.00,"1903","1840",-23.00,0.00,0.00,"",0.00,213.00,193.00,175.00,1.00,1389.00,,,,,,
2016,7,12,2,2016-07-12,"AA",19805,"AA","2182",11298,"DFW","Dallas/Fort Worth, TX","TX",12953,"LGA","New York, NY","NY","1430","1427",-3.00,0.00,10.00,15.00,"1903","1858",-5.00,0.00,0.00,"",0.00,213.00,211.00,186.00,1.00,1389.00,,,,,,
2016,7,13,3,2016-07-13,"AA",19805,"AA","2182",11298,"DFW","Dallas/Fort Worth, TX","TX",12953,"LGA","New York, NY","NY","1430","1524",54.00,54.00,18.00,6.00,"1903","1954",51.00,51.00,0.00,"",0.00,213.00,210.00,186.00,1.00,1389.00,0.00,0.00,51.00,0.00,0.00,
2016,7,14,4,2016-07-14,"AA",19805,"AA","2182",11298,"DFW","Dallas/Fort Worth, TX","TX",12953,"LGA","New York, NY","NY","1430","1427",-3.00,0.00,34.00,6.00,"1903","1926",23.00,23.00,0.00,"",0.00,213.00,239.00,199.00,1.00,1389.00,0.00,0.00,23.00,0.00,0.00,
2016,7,15,5,2016-07-15,"AA",19805,"AA","2182",11298,"DFW","Dallas/Fort Worth, TX","TX",12953,"LGA","New York, NY","NY","1430","1511",41.00,41.00,15.00,6.00,"1903","1927",24.00,24.00,0.00,"",0.00,213.00,196.00,175.00,1.00,1389.00,24.00,0.00,0.00,0.00,0.00,
2016,7,16,6,2016-07-16,"AA",19805,"AA","2182",11298,"DFW","Dallas/Fort Worth, TX","TX",12953,"LGA","New York, NY","NY","1341","1337",-4.00,0.00,12.00,5.00,"1809","1749",-20.00,0.00,0.00,"",0.00,208.00,192.00,175.00,1.00,1389.00,,,,,,
2016,7,17,7,2016-07-17,"AA",19805,"AA","2182",11298,"DFW","Dallas/Fort Worth, TX","TX",12953,"LGA","New York, NY","NY","1430","1427",-3.00,0.00,17.00,5.00,"1903","1847",-16.00,0.00,0.00,"",0.00,213.00,200.00,178.00,1.00,1389.00,,,,,,
2016,7,18,1,2016-07-18,"AA",19805,"AA","2182",11298,"DFW","Dallas/Fort Worth, TX","TX",12953,"LGA","New York, NY","NY","1430","",,,,,"1903","",,,1.00,"C",0.00,213.00,,,1.00,1389.00,,,,,,
2016,7,19,2,2016-07-19,"AA",19805,"AA","2182",11298,"DFW","Dallas/Fort Worth, TX","TX",12953,"LGA","New York, NY","NY","1430","1506",36.00,36.00,11.00,11.00,"1903","1928",25.00,25.00,0.00,"",0.00,213.00,202.00,180.00,1.00,1389.00,13.00,0.00,0.00,0.00,12.00,
2016,7,20,3,2016-07-20,"AA",19805,"AA","2182",11298,"DFW","Dallas/Fort Worth, TX","TX",12953,"LGA","New York, NY","NY","1430","1433",3.00,3.00,13.00,8.00,"1903","1901",-2.00,0.00,0.00,"",0.00,213.00,208.00,187.00,1.00,1389.00,,,,,,
2016,7,21,4,2016-07-21,"AA",19805,"AA","2182",11298,"DFW","Dallas/Fort Worth, TX","TX",12953,"LGA","New York, NY","NY","1430","1427",-3.00,0.00,18.00,6.00,"1903","1856",-7.00,0.00,0.00,"",0.00,213.00,209.00,185.00,1.00,1389.00,,,,,,
2016,7,22,5,2016-07-22,"AA",19805,"AA","2182",11298,"DFW","Dallas/Fort Worth, TX","TX",12953,"LGA","New York, NY","NY","1430","1438",8.00,8.00,12.00,6.00,"1903","1854",-9.00,0.00,0.00,"",0.00,213.00,196.00,178.00,1.00,1389.00,,,,,,
2016,7,23,6,2016-07-23,"AA",19805,"AA","2182",11298,"DFW","Dallas/Fort Worth, TX","TX",12953,"LGA","New York, NY","NY","1341","1340",-1.00,0.00,9.00,18.00,"1809","1805",-4.00,0.00,0.00,"",0.00,208.00,205.00,178.00,1.00,1389.00,,,,,,
2016,7,24,7,2016-07-24,"AA",19805,"AA","2182",11298,"DFW","Dallas/Fort Worth, TX","TX",12953,"LGA","New York, NY","NY","1430","1433",3.00,3.00,16.00,12.00,"1903","1902",-1.00,0.00,0.00,"",0.00,213.00,209.00,181.00,1.00,1389.00,,,,,,
2016,7,25,1,2016-07-25,"AA",19805,"AA","2182",11298,"DFW","Dallas/Fort Worth, TX","TX",12953,"LGA","New York, NY","NY","1430","1458",28.00,28.00,154.00,6.00,"1903","2142",159.00,159.00,0.00,"",0.00,213.00,344.00,184.00,1.00,1389.00,0.00,0.00,159.00,0.00,0.00,
2016,7,26,2,2016-07-26,"AA",19805,"AA","2182",11298,"DFW","Dallas/Fort Worth, TX","TX",12953,"LGA","New York, NY","NY","1430","1429",-1.00,0.00,10.00,30.00,"1903","1916",13.00,13.00,0.00,"",0.00,213.00,227.00,187.00,1.00,1389.00,,,,,,
2016,7,27,3,2016-07-27,"AA",19805,"AA","2182",11298,"DFW","Dallas/Fort Worth, TX","TX",12953,"LGA","New York, NY","NY","1430","1426",-4.00,0.00,49.00,4.00,"1903","1932",29.00,29.00,0.00,"",0.00,213.00,246.00,193.00,1.00,1389.00,0.00,0.00,29.00,0.00,0.00,
2016,7,28,4,2016-07-28,"AA",19805,"AA","2182",11298,"DFW","Dallas/Fort Worth, TX","TX",12953,"LGA","New York, NY","NY","1430","1509",39.00,39.00,84.00,7.00,"1903","2033",90.00,90.00,0.00,"",0.00,213.00,264.00,173.00,1.00,1389.00,0.00,0.00,51.00,0.00,39.00,
2016,7,29,5,2016-07-29,"AA",19805,"AA","2182",11298,"DFW","Dallas/Fort Worth, TX","TX",12953,"LGA","New York, NY","NY","1430","1518",48.00,48.00,28.00,6.00,"1903","1959",56.00,56.00,0.00,"",0.00,213.00,221.00,187.00,1.00,1389.00,0.00,0.00,56.00,0.00,0.00,
2016,7,30,6,2016-07-30,"AA",19805,"AA","2182",11298,"DFW","Dallas/Fort Worth, TX","TX",12953,"LGA","New York, NY","NY","1341","1419",38.00,38.00,40.00,7.00,"1809","1905",56.00,56.00,0.00,"",0.00,208.00,226.00,179.00,1.00,1389.00,0.00,0.00,26.00,0.00,30.00,
2016,7,31,7,2016-07-31,"AA",19805,"AA","2182",11298,"DFW","Dallas/Fort Worth, TX","TX",12953,"LGA","New York, NY","NY","1430","1455",25.00,25.00,11.00,16.00,"1903","1922",19.00,19.00,0.00,"",0.00,213.00,207.00,180.00,1.00,1389.00,19.00,0.00,0.00,0.00,0.00,
2016,7,1,5,2016-07-01,"AA",19805,"AA","2183",10423,"AUS","Austin, TX","TX",12478,"JFK","New York, NY","NY","0910","0910",0.00,0.00,14.00,13.00,"1358","1400",2.00,2.00,0.00,"",0.00,228.00,230.00,203.00,1.00,1521.00,,,,,,
2016,7,2,6,2016-07-02,"AA",19805,"AA","2183",10423,"AUS","Austin, TX","TX",12478,"JFK","New York, NY","NY","0910","0924",14.00,14.00,17.00,4.00,"1358","1355",-3.00,0.00,0.00,"",0.00,228.00,211.00,190.00,1.00,1521.00,,,,,,
2016,7,3,7,2016-07-03,"AA",19805,"AA","2183",10423,"AUS","Austin, TX","TX",12478,"JFK","New York, NY","NY","0910","0907",-3.00,0.00,13.00,18.00,"1358","1351",-7.00,0.00,0.00,"",0.00,228.00,224.00,193.00,1.00,1521.00,,,,,,
2016,7,4,1,2016-07-04,"AA",19805,"AA","2183",10423,"AUS","Austin, TX","TX",12478,"JFK","New York, NY","NY","0910","0908",-2.00,0.00,11.00,6.00,"1358","1341",-17.00,0.00,0.00,"",0.00,228.00,213.00,196.00,1.00,1521.00,,,,,,
2016,7,5,2,2016-07-05,"AA",19805,"AA","2183",10423,"AUS","Austin, TX","TX",12478,"JFK","New York, NY","NY","0910","0903",-7.00,0.00,13.00,5.00,"1358","1338",-20.00,0.00,0.00,"",0.00,228.00,215.00,197.00,1.00,1521.00,,,,,,
2016,7,6,3,2016-07-06,"AA",19805,"AA","2183",10423,"AUS","Austin, TX","TX",12478,"JFK","New York, NY","NY","0910","0931",21.00,21.00,11.00,7.00,"1358","1411",13.00,13.00,0.00,"",0.00,228.00,220.00,202.00,1.00,1521.00,,,,,,
2016,7,7,4,2016-07-07,"AA",19805,"AA","2183",10423,"AUS","Austin, TX","TX",12478,"JFK","New York, NY","NY","0910","0909",-1.00,0.00,11.00,9.00,"1358","1354",-4.00,0.00,0.00,"",0.00,228.00,225.00,205.00,1.00,1521.00,,,,,,
2016,7,8,5,2016-07-08,"AA",19805,"AA","2183",10423,"AUS","Austin, TX","TX",12478,"JFK","New York, NY","NY","0910","0932",22.00,22.00,11.00,9.00,"1358","1414",16.00,16.00,0.00,"",0.00,228.00,222.00,202.00,1.00,1521.00,16.00,0.00,0.00,0.00,0.00,
2016,7,9,6,2016-07-09,"AA",19805,"AA","2183",10423,"AUS","Austin, TX","TX",12478,"JFK","New York, NY","NY","0910","0925",15.00,15.00,9.00,10.00,"1358","1401",3.00,3.00,0.00,"",0.00,228.00,216.00,197.00,1.00,1521.00,,,,,,
2016,7,10,7,2016-07-10,"AA",19805,"AA","2183",10423,"AUS","Austin, TX","TX",12478,"JFK","New York, NY","NY","0910","0911",1.00,1.00,14.00,4.00,"1358","1350",-8.00,0.00,0.00,"",0.00,228.00,219.00,201.00,1.00,1521.00,,,,,,
2016,7,11,1,2016-07-11,"AA",19805,"AA","2183",10423,"AUS","Austin, TX","TX",12478,"JFK","New York, NY","NY","0910","0913",3.00,3.00,13.00,5.00,"1358","1352",-6.00,0.00,0.00,"",0.00,228.00,219.00,201.00,1.00,1521.00,,,,,,
2016,7,12,2,2016-07-12,"AA",19805,"AA","2183",10423,"AUS","Austin, TX","TX",12478,"JFK","New York, NY","NY","0910","0906",-4.00,0.00,11.00,8.00,"1358","1349",-9.00,0.00,0.00,"",0.00,228.00,223.00,204.00,1.00,1521.00,,,,,,
2016,7,13,3,2016-07-13,"AA",19805,"AA","2183",10423,"AUS","Austin, TX","TX",12478,"JFK","New York, NY","NY","0910","0904",-6.00,0.00,19.00,11.00,"1358","1400",2.00,2.00,0.00,"",0.00,228.00,236.00,206.00,1.00,1521.00,,,,,,
2016,7,14,4,2016-07-14,"AA",19805,"AA","2183",10423,"AUS","Austin, TX","TX",12478,"JFK","New York, NY","NY","0910","0913",3.00,3.00,17.00,14.00,"1358","1410",12.00,12.00,0.00,"",0.00,228.00,237.00,206.00,1.00,1521.00,,,,,,
2016,7,15,5,2016-07-15,"AA",19805,"AA","2183",10423,"AUS","Austin, TX","TX",12478,"JFK","New York, NY","NY","0910","0908",-2.00,0.00,10.00,5.00,"1358","1341",-17.00,0.00,0.00,"",0.00,228.00,213.00,198.00,1.00,1521.00,,,,,,
2016,7,16,6,2016-07-16,"AA",19805,"AA","2183",10423,"AUS","Austin, TX","TX",12478,"JFK","New York, NY","NY","0910","0913",3.00,3.00,14.00,7.00,"1358","1353",-5.00,0.00,0.00,"",0.00,228.00,220.00,199.00,1.00,1521.00,,,,,,
2016,7,17,7,2016-07-17,"AA",19805,"AA","2183",10423,"AUS","Austin, TX","TX",12478,"JFK","New York, NY","NY","0910","0918",8.00,8.00,15.00,6.00,"1358","1358",0.00,0.00,0.00,"",0.00,228.00,220.00,199.00,1.00,1521.00,,,,,,
2016,7,18,1,2016-07-18,"AA",19805,"AA","2183",10423,"AUS","Austin, TX","TX",12478,"JFK","New York, NY","NY","0910","0909",-1.00,0.00,11.00,6.00,"1358","1350",-8.00,0.00,0.00,"",0.00,228.00,221.00,204.00,1.00,1521.00,,,,,,
2016,7,19,2,2016-07-19,"AA",19805,"AA","2183",10423,"AUS","Austin, TX","TX",12478,"JFK","New York, NY","NY","0910","0933",23.00,23.00,12.00,5.00,"1358","1419",21.00,21.00,0.00,"",0.00,228.00,226.00,209.00,1.00,1521.00,21.00,0.00,0.00,0.00,0.00,
2016,7,20,3,2016-07-20,"AA",19805,"AA","2183",10423,"AUS","Austin, TX","TX",12478,"JFK","New York, NY","NY","0910","0904",-6.00,0.00,21.00,8.00,"1358","1404",6.00,6.00,0.00,"",0.00,228.00,240.00,211.00,1.00,1521.00,,,,,,
2016,7,21,4,2016-07-21,"AA",19805,"AA","2183",10423,"AUS","Austin, TX","TX",12478,"JFK","New York, NY","NY","0910","0905",-5.00,0.00,13.00,14.00,"1358","1415",17.00,17.00,0.00,"",0.00,228.00,250.00,223.00,1.00,1521.00,0.00,0.00,17.00,0.00,0.00,
2016,7,22,5,2016-07-22,"AA",19805,"AA","2183",10423,"AUS","Austin, TX","TX",12478,"JFK","New York, NY","NY","0910","0933",23.00,23.00,10.00,7.00,"1358","1427",29.00,29.00,0.00,"",0.00,228.00,234.00,217.00,1.00,1521.00,23.00,0.00,6.00,0.00,0.00,
2016,7,23,6,2016-07-23,"AA",19805,"AA","2183",10423,"AUS","Austin, TX","TX",12478,"JFK","New York, NY","NY","0910","0907",-3.00,0.00,18.00,18.00,"1358","1411",13.00,13.00,0.00,"",0.00,228.00,244.00,208.00,1.00,1521.00,,,,,,
2016,7,24,7,2016-07-24,"AA",19805,"AA","2183",10423,"AUS","Austin, TX","TX",12478,"JFK","New York, NY","NY","0910","0905",-5.00,0.00,15.00,7.00,"1358","1358",0.00,0.00,0.00,"",0.00,228.00,233.00,211.00,1.00,1521.00,,,,,,
2016,7,25,1,2016-07-25,"AA",19805,"AA","2183",10423,"AUS","Austin, TX","TX",12478,"JFK","New York, NY","NY","0910","",,,,,"1358","",,,1.00,"A",0.00,228.00,,,1.00,1521.00,,,,,,
2016,7,26,2,2016-07-26,"AA",19805,"AA","2183",10423,"AUS","Austin, TX","TX",12478,"JFK","New York, NY","NY","0910","",,,,,"1358","",,,1.00,"C",0.00,228.00,,,1.00,1521.00,,,,,,
2016,7,27,3,2016-07-27,"AA",19805,"AA","2183",10423,"AUS","Austin, TX","TX",12478,"JFK","New York, NY","NY","0910","1152",162.00,162.00,14.00,27.00,"1358","1659",181.00,181.00,0.00,"",0.00,228.00,247.00,206.00,1.00,1521.00,0.00,162.00,19.00,0.00,0.00,
2016,7,28,4,2016-07-28,"AA",19805,"AA","2183",10423,"AUS","Austin, TX","TX",12478,"JFK","New York, NY","NY","0910","0933",23.00,23.00,8.00,5.00,"1358","1358",0.00,0.00,0.00,"",0.00,228.00,205.00,192.00,1.00,1521.00,,,,,,
2016,7,29,5,2016-07-29,"AA",19805,"AA","2183",10423,"AUS","Austin, TX","TX",12478,"JFK","New York, NY","NY","0910","1043",93.00,93.00,13.00,11.00,"1358","1522",84.00,84.00,0.00,"",0.00,228.00,219.00,195.00,1.00,1521.00,84.00,0.00,0.00,0.00,0.00,
2016,7,30,6,2016-07-30,"AA",19805,"AA","2183",10423,"AUS","Austin, TX","TX",12478,"JFK","New York, NY","NY","0910","0903",-7.00,0.00,10.00,6.00,"1358","1329",-29.00,0.00,0.00,"",0.00,228.00,206.00,190.00,1.00,1521.00,,,,,,
2016,7,31,7,2016-07-31,"AA",19805,"AA","2183",10423,"AUS","Austin, TX","TX",12478,"JFK","New York, NY","NY","0910","0904",-6.00,0.00,10.00,14.00,"1358","1343",-15.00,0.00,0.00,"",0.00,228.00,219.00,195.00,1.00,1521.00,,,,,,
2016,7,1,5,2016-07-01,"AA",19805,"AA","2183",12478,"JFK","New York, NY","NY",11278,"DCA","Washington, DC","VA","1455","1455",0.00,0.00,,,"1627","",,,1.00,"B",0.00,92.00,,,1.00,213.00,,,,,,
2016,7,2,6,2016-07-02,"AA",19805,"AA","2183",12478,"JFK","New York, NY","NY",11278,"DCA","Washington, DC","VA","1455","1503",8.00,8.00,30.00,6.00,"1627","1631",4.00,4.00,0.00,"",0.00,92.00,88.00,52.00,1.00,213.00,,,,,,
2016,7,3,7,2016-07-03,"AA",19805,"AA","2183",12478,"JFK","New York, NY","NY",11278,"DCA","Washington, DC","VA","1455","1536",41.00,41.00,26.00,8.00,"1627","1701",34.00,34.00,0.00,"",0.00,92.00,85.00,51.00,1.00,213.00,34.00,0.00,0.00,0.00,0.00,
2016,7,4,1,2016-07-04,"AA",19805,"AA","2183",12478,"JFK","New York, NY","NY",11278,"DCA","Washington, DC","VA","1455","1452",-3.00,0.00,18.00,8.00,"1627","1616",-11.00,0.00,0.00,"",0.00,92.00,84.00,58.00,1.00,213.00,,,,,,
2016,7,5,2,2016-07-05,"AA",19805,"AA","2183",12478,"JFK","New York, NY","NY",11278,"DCA","Washington, DC","VA","1455","1456",1.00,1.00,26.00,9.00,"1627","1628",1.00,1.00,0.00,"",0.00,92.00,92.00,57.00,1.00,213.00,,,,,,
2016,7,6,3,2016-07-06,"AA",19805,"AA","2183",12478,"JFK","New York, NY","NY",11278,"DCA","Washington, DC","VA","1455","1501",6.00,6.00,33.00,5.00,"1627","1637",10.00,10.00,0.00,"",0.00,92.00,96.00,58.00,1.00,213.00,,,,,,
2016,7,7,4,2016-07-07,"AA",19805,"AA","2183",12478,"JFK","New York, NY","NY",11278,"DCA","Washington, DC","VA","1455","1458",3.00,3.00,111.00,6.00,"1627","1735",68.00,68.00,0.00,"",0.00,92.00,157.00,40.00,1.00,213.00,3.00,0.00,65.00,0.00,0.00,
2016,7,8,5,2016-07-08,"AA",19805,"AA","2183",12478,"JFK","New York, NY","NY",11278,"DCA","Washington, DC","VA","1455","1502",7.00,7.00,45.00,3.00,"1627","1728",61.00,61.00,0.00,"",0.00,92.00,146.00,98.00,1.00,213.00,0.00,0.00,54.00,0.00,7.00,
2016,7,9,6,2016-07-09,"AA",19805,"AA","2183",12478,"JFK","New York, NY","NY",11278,"DCA","Washington, DC","VA","1455","1502",7.00,7.00,29.00,5.00,"1627","1633",6.00,6.00,0.00,"",0.00,92.00,91.00,57.00,1.00,213.00,,,,,,
2016,7,10,7,2016-07-10,"AA",19805,"AA","2183",12478,"JFK","New York, NY","NY",11278,"DCA","Washington, DC","VA","1455","1457",2.00,2.00,21.00,4.00,"1627","1613",-14.00,0.00,0.00,"",0.00,92.00,76.00,51.00,1.00,213.00,,,,,,
2016,7,11,1,2016-07-11,"AA",19805,"AA","2183",12478,"JFK","New York, NY","NY",11278,"DCA","Washington, DC","VA","1455","1506",11.00,11.00,33.00,6.00,"1627","1636",9.00,9.00,0.00,"",0.00,92.00,90.00,51.00,1.00,213.00,,,,,,
2016,7,12,2,2016-07-12,"AA",19805,"AA","2183",12478,"JFK","New York, NY","NY",11278,"DCA","Washington, DC","VA","1455","1452",-3.00,0.00,22.00,23.00,"1627","1629",2.00,2.00,0.00,"",0.00,92.00,97.00,52.00,1.00,213.00,,,,,,
2016,7,13,3,2016-07-13,"AA",19805,"AA","2183",12478,"JFK","New York, NY","NY",11278,"DCA","Washington, DC","VA","1455","1453",-2.00,0.00,39.00,8.00,"1627","1642",15.00,15.00,0.00,"",0.00,92.00,109.00,62.00,1.00,213.00,0.00,0.00,15.00,0.00,0.00,
2016,7,14,4,2016-07-14,"AA",19805,"AA","2183",12478,"JFK","New York, NY","NY",11278,"DCA","Washington, DC","VA","1455","1503",8.00,8.00,24.00,8.00,"1627","1635",8.00,8.00,0.00,"",0.00,92.00,92.00,60.00,1.00,213.00,,,,,,
2016,7,15,5,2016-07-15,"AA",19805,"AA","2183",12478,"JFK","New York, NY","NY",11278,"DCA","Washington, DC","VA","1455","1506",11.00,11.00,27.00,6.00,"1627","1635",8.00,8.00,0.00,"",0.00,92.00,89.00,56.00,1.00,213.00,,,,,,
2016,7,16,6,2016-07-16,"AA",19805,"AA","2183",12478,"JFK","New York, NY","NY",11278,"DCA","Washington, DC","VA","1455","1458",3.00,3.00,41.00,9.00,"1627","1642",15.00,15.00,0.00,"",0.00,92.00,104.00,54.00,1.00,213.00,3.00,0.00,12.00,0.00,0.00,
2016,7,17,7,2016-07-17,"AA",19805,"AA","2183",12478,"JFK","New York, NY","NY",11278,"DCA","Washington, DC","VA","1455","1503",8.00,8.00,18.00,6.00,"1627","1619",-8.00,0.00,0.00,"",0.00,92.00,76.00,52.00,1.00,213.00,,,,,,
2016,7,18,1,2016-07-18,"AA",19805,"AA","2183",12478,"JFK","New York, NY","NY",11278,"DCA","Washington, DC","VA","1455","1454",-1.00,0.00,25.00,133.00,"1627","1830",123.00,123.00,0.00,"",0.00,92.00,216.00,58.00,1.00,213.00,0.00,0.00,123.00,0.00,0.00,
2016,7,19,2,2016-07-19,"AA",19805,"AA","2183",12478,"JFK","New York, NY","NY",11278,"DCA","Washington, DC","VA","1455","1505",10.00,10.00,57.00,6.00,"1627","1700",33.00,33.00,0.00,"",0.00,92.00,115.00,52.00,1.00,213.00,0.00,0.00,23.00,0.00,10.00,
2016,7,20,3,2016-07-20,"AA",19805,"AA","2183",12478,"JFK","New York, NY","NY",11278,"DCA","Washington, DC","VA","1455","1459",4.00,4.00,26.00,5.00,"1627","1618",-9.00,0.00,0.00,"",0.00,92.00,79.00,48.00,1.00,213.00,,,,,,
2016,7,21,4,2016-07-21,"AA",19805,"AA","2183",12478,"JFK","New York, NY","NY",11278,"DCA","Washington, DC","VA","1455","1504",9.00,9.00,29.00,5.00,"1627","1628",1.00,1.00,0.00,"",0.00,92.00,84.00,50.00,1.00,213.00,,,,,,
2016,7,22,5,2016-07-22,"AA",19805,"AA","2183",12478,"JFK","New York, NY","NY",11278,"DCA","Washington, DC","VA","1455","1516",21.00,21.00,42.00,6.00,"1627","1701",34.00,34.00,0.00,"",0.00,92.00,105.00,57.00,1.00,213.00,0.00,0.00,13.00,0.00,21.00,
2016,7,23,6,2016-07-23,"AA",19805,"AA","2183",12478,"JFK","New York, NY","NY",11278,"DCA","Washington, DC","VA","1455","1503",8.00,8.00,37.00,8.00,"1627","1636",9.00,9.00,0.00,"",0.00,92.00,93.00,48.00,1.00,213.00,,,,,,
2016,7,24,7,2016-07-24,"AA",19805,"AA","2183",12478,"JFK","New York, NY","NY",11278,"DCA","Washington, DC","VA","1455","1454",-1.00,0.00,29.00,8.00,"1627","1621",-6.00,0.00,0.00,"",0.00,92.00,87.00,50.00,1.00,213.00,,,,,,
2016,7,25,1,2016-07-25,"AA",19805,"AA","2183",12478,"JFK","New York, NY","NY",11278,"DCA","Washington, DC","VA","1455","1521",26.00,26.00,23.00,6.00,"1627","1642",15.00,15.00,0.00,"",0.00,92.00,81.00,52.00,1.00,213.00,0.00,0.00,0.00,0.00,15.00,
2016,7,26,2,2016-07-26,"AA",19805,"AA","2183",12478,"JFK","New York, NY","NY",11278,"DCA","Washington, DC","VA","1455","",,,,,"1627","",,,1.00,"C",0.00,92.00,,,1.00,213.00,,,,,,
2016,7,27,3,2016-07-27,"AA",19805,"AA","2183",12478,"JFK","New York, NY","NY",11278,"DCA","Washington, DC","VA","1455","1628",93.00,93.00,50.00,9.00,"1627","1815",108.00,108.00,0.00,"",0.00,92.00,107.00,48.00,1.00,213.00,0.00,0.00,22.00,0.00,86.00,
2016,7,28,4,2016-07-28,"AA",19805,"AA","2183",12478,"JFK","New York, NY","NY",11278,"DCA","Washington, DC","VA","1455","2018",323.00,323.00,30.00,6.00,"1627","2147",320.00,320.00,0.00,"",0.00,92.00,89.00,53.00,1.00,213.00,0.00,0.00,312.00,0.00,8.00,
2016,7,29,5,2016-07-29,"AA",19805,"AA","2183",12478,"JFK","New York, NY","NY",11278,"DCA","Washington, DC","VA","1455","1505",10.00,10.00,38.00,29.00,"1627","1701",34.00,34.00,0.00,"",0.00,92.00,116.00,49.00,1.00,213.00,10.00,0.00,24.00,0.00,0.00,
2016,7,30,6,2016-07-30,"AA",19805,"AA","2183",12478,"JFK","New York, NY","NY",11278,"DCA","Washington, DC","VA","1455","0019",564.00,564.00,25.00,4.00,"1627","0134",547.00,547.00,0.00,"",0.00,92.00,75.00,46.00,1.00,213.00,0.00,0.00,547.00,0.00,0.00,
2016,7,31,7,2016-07-31,"AA",19805,"AA","2183",12478,"JFK","New York, NY","NY",11278,"DCA","Washington, DC","VA","1455","1456",1.00,1.00,15.00,4.00,"1627","1611",-16.00,0.00,0.00,"",0.00,92.00,75.00,56.00,1.00,213.00,,,,,,
2016,7,1,5,2016-07-01,"AA",19805,"AA","2184",13851,"OKC","Oklahoma City, OK","OK",11298,"DFW","Dallas/Fort Worth, TX","TX","0700","0658",-2.00,0.00,23.00,8.00,"0801","0800",-1.00,0.00,0.00,"",0.00,61.00,62.00,31.00,1.00,175.00,,,,,,
2016,7,2,6,2016-07-02,"AA",19805,"AA","2184",13851,"OKC","Oklahoma City, OK","OK",11298,"DFW","Dallas/Fort Worth, TX","TX","0700","0655",-5.00,0.00,13.00,11.00,"0801","0759",-2.00,0.00,0.00,"",0.00,61.00,64.00,40.00,1.00,175.00,,,,,,
2016,7,3,7,2016-07-03,"AA",19805,"AA","2184",13851,"OKC","Oklahoma City, OK","OK",11298,"DFW","Dallas/Fort Worth, TX","TX","0700","0658",-2.00,0.00,16.00,7.00,"0801","0752",-9.00,0.00,0.00,"",0.00,61.00,54.00,31.00,1.00,175.00,,,,,,
2016,7,4,1,2016-07-04,"AA",19805,"AA","2184",13851,"OKC","Oklahoma City, OK","OK",11298,"DFW","Dallas/Fort Worth, TX","TX","0700","0844",104.00,104.00,18.00,14.00,"0801","0947",106.00,106.00,0.00,"",0.00,61.00,63.00,31.00,1.00,175.00,0.00,104.00,2.00,0.00,0.00,
2016,7,5,2,2016-07-05,"AA",19805,"AA","2184",13851,"OKC","Oklahoma City, OK","OK",11298,"DFW","Dallas/Fort Worth, TX","TX","0700","0659",-1.00,0.00,13.00,5.00,"0801","0758",-3.00,0.00,0.00,"",0.00,61.00,59.00,41.00,1.00,175.00,,,,,,
2016,7,6,3,2016-07-06,"AA",19805,"AA","2184",13851,"OKC","Oklahoma City, OK","OK",11298,"DFW","Dallas/Fort Worth, TX","TX","0700","0653",-7.00,0.00,12.00,10.00,"0801","0750",-11.00,0.00,0.00,"",0.00,61.00,57.00,35.00,1.00,175.00,,,,,,
2016,7,7,4,2016-07-07,"AA",19805,"AA","2184",13851,"OKC","Oklahoma City, OK","OK",11298,"DFW","Dallas/Fort Worth, TX","TX","0700","0654",-6.00,0.00,11.00,10.00,"0801","0747",-14.00,0.00,0.00,"",0.00,61.00,53.00,32.00,1.00,175.00,,,,,,
2016,7,8,5,2016-07-08,"AA",19805,"AA","2184",13851,"OKC","Oklahoma City, OK","OK",11298,"DFW","Dallas/Fort Worth, TX","TX","0700","0652",-8.00,0.00,14.00,8.00,"0801","0749",-12.00,0.00,0.00,"",0.00,61.00,57.00,35.00,1.00,175.00,,,,,,
2016,7,9,6,2016-07-09,"AA",19805,"AA","2184",13851,"OKC","Oklahoma City, OK","OK",11298,"DFW","Dallas/Fort Worth, TX","TX","0700","0650",-10.00,0.00,11.00,11.00,"0801","0745",-16.00,0.00,0.00,"",0.00,61.00,55.00,33.00,1.00,175.00,,,,,,
2016,7,10,7,2016-07-10,"AA",19805,"AA","2184",13851,"OKC","Oklahoma City, OK","OK",11298,"DFW","Dallas/Fort Worth, TX","TX","0700","0657",-3.00,0.00,12.00,11.00,"0801","0753",-8.00,0.00,0.00,"",0.00,61.00,56.00,33.00,1.00,175.00,,,,,,
2016,7,11,1,2016-07-11,"AA",19805,"AA","2184",13851,"OKC","Oklahoma City, OK","OK",11298,"DFW","Dallas/Fort Worth, TX","TX","0700","0659",-1.00,0.00,8.00,9.00,"0801","0750",-11.00,0.00,0.00,"",0.00,61.00,51.00,34.00,1.00,175.00,,,,,,
2016,7,12,2,2016-07-12,"AA",19805,"AA","2184",13851,"OKC","Oklahoma City, OK","OK",11298,"DFW","Dallas/Fort Worth, TX","TX","0700","0701",1.00,1.00,10.00,10.00,"0801","0758",-3.00,0.00,0.00,"",0.00,61.00,57.00,37.00,1.00,175.00,,,,,,
2016,7,13,3,2016-07-13,"AA",19805,"AA","2184",13851,"OKC","Oklahoma City, OK","OK",11298,"DFW","Dallas/Fort Worth, TX","TX","0700","0656",-4.00,0.00,11.00,8.00,"0801","0751",-10.00,0.00,0.00,"",0.00,61.00,55.00,36.00,1.00,175.00,,,,,,
2016,7,14,4,2016-07-14,"AA",19805,"AA","2184",13851,"OKC","Oklahoma City, OK","OK",11298,"DFW","Dallas/Fort Worth, TX","TX","0700","0657",-3.00,0.00,9.00,14.00,"0801","0755",-6.00,0.00,0.00,"",0.00,61.00,58.00,35.00,1.00,175.00,,,,,,
2016,7,15,5,2016-07-15,"AA",19805,"AA","2184",13851,"OKC","Oklahoma City, OK","OK",11298,"DFW","Dallas/Fort Worth, TX","TX","0700","0657",-3.00,0.00,34.00,9.00,"0801","1137",,,0.00,"",1.00,61.00,,,1.00,175.00,,,,,,
2016,7,16,6,2016-07-16,"AA",19805,"AA","2184",13851,"OKC","Oklahoma City, OK","OK",11298,"DFW","Dallas/Fort Worth, TX","TX","0700","0656",-4.00,0.00,11.00,11.00,"0801","0753",-8.00,0.00,0.00,"",0.00,61.00,57.00,35.00,1.00,175.00,,,,,,
2016,7,17,7,2016-07-17,"AA",19805,"AA","2184",13851,"OKC","Oklahoma City, OK","OK",11298,"DFW","Dallas/Fort Worth, TX","TX","0700","0657",-3.00,0.00,12.00,10.00,"0801","0751",-10.00,0.00,0.00,"",0.00,61.00,54.00,32.00,1.00,175.00,,,,,,
2016,7,18,1,2016-07-18,"AA",19805,"AA","2184",13851,"OKC","Oklahoma City, OK","OK",11298,"DFW","Dallas/Fort Worth, TX","TX","0700","0952",172.00,172.00,11.00,15.00,"0801","1049",168.00,168.00,0.00,"",0.00,61.00,57.00,31.00,1.00,175.00,168.00,0.00,0.00,0.00,0.00,
2016,7,19,2,2016-07-19,"AA",19805,"AA","2184",13851,"OKC","Oklahoma City, OK","OK",11298,"DFW","Dallas/Fort Worth, TX","TX","0700","0659",-1.00,0.00,15.00,5.00,"0801","0752",-9.00,0.00,0.00,"",0.00,61.00,53.00,33.00,1.00,175.00,,,,,,
2016,7,20,3,2016-07-20,"AA",19805,"AA","2184",13851,"OKC","Oklahoma City, OK","OK",11298,"DFW","Dallas/Fort Worth, TX","TX","0700","0711",11.00,11.00,12.00,5.00,"0801","0800",-1.00,0.00,0.00,"",0.00,61.00,49.00,32.00,1.00,175.00,,,,,,
2016,7,21,4,2016-07-21,"AA",19805,"AA","2184",13851,"OKC","Oklahoma City, OK","OK",11298,"DFW","Dallas/Fort Worth, TX","TX","0700","0655",-5.00,0.00,11.00,8.00,"0801","0747",-14.00,0.00,0.00,"",0.00,61.00,52.00,33.00,1.00,175.00,,,,,,
2016,7,22,5,2016-07-22,"AA",19805,"AA","2184",13851,"OKC","Oklahoma City, OK","OK",11298,"DFW","Dallas/Fort Worth, TX","TX","0700","0700",0.00,0.00,11.00,10.00,"0801","0753",-8.00,0.00,0.00,"",0.00,61.00,53.00,32.00,1.00,175.00,,,,,,
2016,7,23,6,2016-07-23,"AA",19805,"AA","2184",13851,"OKC","Oklahoma City, OK","OK",11298,"DFW","Dallas/Fort Worth, TX","TX","0700","0654",-6.00,0.00,13.00,10.00,"0801","0749",-12.00,0.00,0.00,"",0.00,61.00,55.00,32.00,1.00,175.00,,,,,,
2016,7,24,7,2016-07-24,"AA",19805,"AA","2184",13851,"OKC","Oklahoma City, OK","OK",11298,"DFW","Dallas/Fort Worth, TX","TX","0700","0700",0.00,0.00,10.00,8.00,"0801","0750",-11.00,0.00,0.00,"",0.00,61.00,50.00,32.00,1.00,175.00,,,,,,
2016,7,25,1,2016-07-25,"AA",19805,"AA","2184",13851,"OKC","Oklahoma City, OK","OK",11298,"DFW","Dallas/Fort Worth, TX","TX","0700","0657",-3.00,0.00,9.00,9.00,"0801","0747",-14.00,0.00,0.00,"",0.00,61.00,50.00,32.00,1.00,175.00,,,,,,
2016,7,26,2,2016-07-26,"AA",19805,"AA","2184",13851,"OKC","Oklahoma City, OK","OK",11298,"DFW","Dallas/Fort Worth, TX","TX","0700","0659",-1.00,0.00,11.00,10.00,"0801","0752",-9.00,0.00,0.00,"",0.00,61.00,53.00,32.00,1.00,175.00,,,,,,
2016,7,27,3,2016-07-27,"AA",19805,"AA","2184",13851,"OKC","Oklahoma City, OK","OK",11298,"DFW","Dallas/Fort Worth, TX","TX","0700","0704",4.00,4.00,14.00,9.00,"0801","0804",3.00,3.00,0.00,"",0.00,61.00,60.00,37.00,1.00,175.00,,,,,,
2016,7,28,4,2016-07-28,"AA",19805,"AA","2184",13851,"OKC","Oklahoma City, OK","OK",11298,"DFW","Dallas/Fort Worth, TX","TX","0700","0654",-6.00,0.00,13.00,9.00,"0801","0748",-13.00,0.00,0.00,"",0.00,61.00,54.00,32.00,1.00,175.00,,,,,,
2016,7,29,5,2016-07-29,"AA",19805,"AA","2184",13851,"OKC","Oklahoma City, OK","OK",11298,"DFW","Dallas/Fort Worth, TX","TX","0700","0655",-5.00,0.00,22.00,10.00,"0801","0800",-1.00,0.00,0.00,"",0.00,61.00,65.00,33.00,1.00,175.00,,,,,,
2016,7,30,6,2016-07-30,"AA",19805,"AA","2184",13851,"OKC","Oklahoma City, OK","OK",11298,"DFW","Dallas/Fort Worth, TX","TX","0700","0750",50.00,50.00,9.00,5.00,"0801","0835",34.00,34.00,0.00,"",0.00,61.00,45.00,31.00,1.00,175.00,7.00,0.00,0.00,0.00,27.00,
2016,7,31,7,2016-07-31,"AA",19805,"AA","2184",13851,"OKC","Oklahoma City, OK","OK",11298,"DFW","Dallas/Fort Worth, TX","TX","0700","0712",12.00,12.00,11.00,8.00,"0801","0802",1.00,1.00,0.00,"",0.00,61.00,50.00,31.00,1.00,175.00,,,,,,
2016,7,1,5,2016-07-01,"AA",19805,"AA","2185",11433,"DTW","Detroit, MI","MI",13930,"ORD","Chicago, IL","IL","1850","2030",100.00,100.00,20.00,18.00,"1909","2101",112.00,112.00,0.00,"",0.00,79.00,91.00,53.00,1.00,235.00,0.00,12.00,12.00,0.00,88.00,
2016,7,3,7,2016-07-03,"AA",19805,"AA","2185",11433,"DTW","Detroit, MI","MI",13930,"ORD","Chicago, IL","IL","1850","1853",3.00,3.00,15.00,17.00,"1909","1913",4.00,4.00,0.00,"",0.00,79.00,80.00,48.00,1.00,235.00,,,,,,
2016,7,4,1,2016-07-04,"AA",19805,"AA","2185",11433,"DTW","Detroit, MI","MI",13930,"ORD","Chicago, IL","IL","1850","2221",211.00,211.00,11.00,8.00,"1909","2222",193.00,193.00,0.00,"",0.00,79.00,61.00,42.00,1.00,235.00,35.00,0.00,0.00,0.00,158.00,
2016,7,5,2,2016-07-05,"AA",19805,"AA","2185",11433,"DTW","Detroit, MI","MI",13930,"ORD","Chicago, IL","IL","1855","1849",-6.00,0.00,22.00,18.00,"1914","1914",0.00,0.00,0.00,"",0.00,79.00,85.00,45.00,1.00,235.00,,,,,,
2016,7,6,3,2016-07-06,"AA",19805,"AA","2185",11433,"DTW","Detroit, MI","MI",13930,"ORD","Chicago, IL","IL","1855","2017",82.00,82.00,16.00,11.00,"1914","2027",73.00,73.00,0.00,"",0.00,79.00,70.00,43.00,1.00,235.00,63.00,0.00,0.00,0.00,10.00,
2016,7,7,4,2016-07-07,"AA",19805,"AA","2185",11433,"DTW","Detroit, MI","MI",13930,"ORD","Chicago, IL","IL","1855","2033",98.00,98.00,11.00,20.00,"1914","2052",98.00,98.00,0.00,"",0.00,79.00,79.00,48.00,1.00,235.00,0.00,0.00,84.00,0.00,14.00,
2016,7,8,5,2016-07-08,"AA",19805,"AA","2185",11433,"DTW","Detroit, MI","MI",13930,"ORD","Chicago, IL","IL","1855","1856",1.00,1.00,41.00,17.00,"1914","1941",27.00,27.00,0.00,"",0.00,79.00,105.00,47.00,1.00,235.00,1.00,0.00,26.00,0.00,0.00,
2016,7,10,7,2016-07-10,"AA",19805,"AA","2185",11433,"DTW","Detroit, MI","MI",13930,"ORD","Chicago, IL","IL","1855","1849",-6.00,0.00,21.00,23.00,"1914","1929",15.00,15.00,0.00,"",0.00,79.00,100.00,56.00,1.00,235.00,0.00,0.00,15.00,0.00,0.00,
2016,7,11,1,2016-07-11,"AA",19805,"AA","2185",11433,"DTW","Detroit, MI","MI",13930,"ORD","Chicago, IL","IL","1855","1906",11.00,11.00,23.00,9.00,"1914","1922",8.00,8.00,0.00,"",0.00,79.00,76.00,44.00,1.00,235.00,,,,,,
2016,7,12,2,2016-07-12,"AA",19805,"AA","2185",11433,"DTW","Detroit, MI","MI",13930,"ORD","Chicago, IL","IL","1855","2133",158.00,158.00,62.00,11.00,"1914","2231",197.00,197.00,0.00,"",0.00,79.00,118.00,45.00,1.00,235.00,0.00,0.00,39.00,0.00,158.00,
2016,7,13,3,2016-07-13,"AA",19805,"AA","2185",11433,"DTW","Detroit, MI","MI",13930,"ORD","Chicago, IL","IL","1855","2303",248.00,248.00,14.00,29.00,"1914","2335",261.00,261.00,0.00,"",0.00,79.00,92.00,49.00,1.00,235.00,0.00,0.00,34.00,0.00,227.00,
2016,7,14,4,2016-07-14,"AA",19805,"AA","2185",11433,"DTW","Detroit, MI","MI",13930,"ORD","Chicago, IL","IL","1855","1904",9.00,9.00,15.00,12.00,"1914","1921",7.00,7.00,0.00,"",0.00,79.00,77.00,50.00,1.00,235.00,,,,,,
2016,7,15,5,2016-07-15,"AA",19805,"AA","2185",11433,"DTW","Detroit, MI","MI",13930,"ORD","Chicago, IL","IL","1855","1906",11.00,11.00,28.00,19.00,"1914","1950",36.00,36.00,0.00,"",0.00,79.00,104.00,57.00,1.00,235.00,0.00,0.00,25.00,0.00,11.00,
2016,7,17,7,2016-07-17,"AA",19805,"AA","2185",11433,"DTW","Detroit, MI","MI",13930,"ORD","Chicago, IL","IL","1855","1847",-8.00,0.00,18.00,9.00,"1914","1904",-10.00,0.00,0.00,"",0.00,79.00,77.00,50.00,1.00,235.00,,,,,,
2016,7,18,1,2016-07-18,"AA",19805,"AA","2185",11433,"DTW","Detroit, MI","MI",13930,"ORD","Chicago, IL","IL","1855","1853",-2.00,0.00,20.00,26.00,"1914","1934",20.00,20.00,0.00,"",0.00,79.00,101.00,55.00,1.00,235.00,0.00,0.00,20.00,0.00,0.00,
2016,7,19,2,2016-07-19,"AA",19805,"AA","2185",11433,"DTW","Detroit, MI","MI",13930,"ORD","Chicago, IL","IL","1855","1850",-5.00,0.00,21.00,82.00,"1914","2026",72.00,72.00,0.00,"",0.00,79.00,156.00,53.00,1.00,235.00,0.00,0.00,72.00,0.00,0.00,
2016,7,20,3,2016-07-20,"AA",19805,"AA","2185",11433,"DTW","Detroit, MI","MI",13930,"ORD","Chicago, IL","IL","1855","1917",22.00,22.00,28.00,11.00,"1914","1939",25.00,25.00,0.00,"",0.00,79.00,82.00,43.00,1.00,235.00,0.00,0.00,3.00,0.00,22.00,
2016,7,21,4,2016-07-21,"AA",19805,"AA","2185",11433,"DTW","Detroit, MI","MI",13930,"ORD","Chicago, IL","IL","1855","0925",870.00,870.00,36.00,6.00,"1914","0949",875.00,875.00,0.00,"",0.00,79.00,84.00,42.00,1.00,235.00,0.00,818.00,5.00,0.00,52.00,
2016,7,22,5,2016-07-22,"AA",19805,"AA","2185",11433,"DTW","Detroit, MI","MI",13930,"ORD","Chicago, IL","IL","1855","1857",2.00,2.00,24.00,16.00,"1914","1922",8.00,8.00,0.00,"",0.00,79.00,85.00,45.00,1.00,235.00,,,,,,
2016,7,24,7,2016-07-24,"AA",19805,"AA","2185",11433,"DTW","Detroit, MI","MI",13930,"ORD","Chicago, IL","IL","1855","2125",150.00,150.00,10.00,54.00,"1914","2212",178.00,178.00,0.00,"",0.00,79.00,107.00,43.00,1.00,235.00,0.00,0.00,178.00,0.00,0.00,
2016,7,25,1,2016-07-25,"AA",19805,"AA","2185",11433,"DTW","Detroit, MI","MI",13930,"ORD","Chicago, IL","IL","1855","1856",1.00,1.00,26.00,29.00,"1914","1940",26.00,26.00,0.00,"",0.00,79.00,104.00,49.00,1.00,235.00,1.00,0.00,25.00,0.00,0.00,
2016,7,26,2,2016-07-26,"AA",19805,"AA","2185",11433,"DTW","Detroit, MI","MI",13930,"ORD","Chicago, IL","IL","1855","1922",27.00,27.00,17.00,57.00,"1914","2023",69.00,69.00,0.00,"",0.00,79.00,121.00,47.00,1.00,235.00,1.00,0.00,42.00,0.00,26.00,
2016,7,27,3,2016-07-27,"AA",19805,"AA","2185",11433,"DTW","Detroit, MI","MI",13930,"ORD","Chicago, IL","IL","1855","1930",35.00,35.00,16.00,24.00,"1914","2000",46.00,46.00,0.00,"",0.00,79.00,90.00,50.00,1.00,235.00,2.00,0.00,11.00,0.00,33.00,
2016,7,28,4,2016-07-28,"AA",19805,"AA","2185",11433,"DTW","Detroit, MI","MI",13930,"ORD","Chicago, IL","IL","1855","0017",322.00,322.00,13.00,6.00,"1914","0028",314.00,314.00,0.00,"",0.00,79.00,71.00,52.00,1.00,235.00,0.00,5.00,0.00,0.00,309.00,
2016,7,29,5,2016-07-29,"AA",19805,"AA","2185",11433,"DTW","Detroit, MI","MI",13930,"ORD","Chicago, IL","IL","1855","1942",47.00,47.00,16.00,14.00,"1914","2007",53.00,53.00,0.00,"",0.00,79.00,85.00,55.00,1.00,235.00,0.00,0.00,34.00,0.00,19.00,
2016,7,31,7,2016-07-31,"AA",19805,"AA","2185",11433,"DTW","Detroit, MI","MI",13930,"ORD","Chicago, IL","IL","1855","2113",138.00,138.00,24.00,10.00,"1914","2137",143.00,143.00,0.00,"",0.00,79.00,84.00,50.00,1.00,235.00,38.00,0.00,5.00,0.00,100.00,
2016,7,1,5,2016-07-01,"AA",19805,"AA","2185",13930,"ORD","Chicago, IL","IL",13487,"MSP","Minneapolis, MN","MN","2025","2201",96.00,96.00,17.00,4.00,"2152","2330",98.00,98.00,0.00,"",0.00,87.00,89.00,68.00,1.00,334.00,73.00,0.00,2.00,0.00,23.00,
2016,7,2,6,2016-07-02,"AA",19805,"AA","2185",13930,"ORD","Chicago, IL","IL",13487,"MSP","Minneapolis, MN","MN","1515","1508",-7.00,0.00,20.00,12.00,"1642","1642",0.00,0.00,0.00,"",0.00,87.00,94.00,62.00,1.00,334.00,,,,,,
2016,7,3,7,2016-07-03,"AA",19805,"AA","2185",13930,"ORD","Chicago, IL","IL",13487,"MSP","Minneapolis, MN","MN","2025","2022",-3.00,0.00,18.00,2.00,"2152","2139",-13.00,0.00,0.00,"",0.00,87.00,77.00,57.00,1.00,334.00,,,,,,
2016,7,4,1,2016-07-04,"AA",19805,"AA","2185",13930,"ORD","Chicago, IL","IL",13487,"MSP","Minneapolis, MN","MN","2025","2231",126.00,126.00,10.00,29.00,"2152","0007",135.00,135.00,0.00,"",0.00,87.00,96.00,57.00,1.00,334.00,122.00,0.00,9.00,0.00,4.00,
2016,7,5,2,2016-07-05,"AA",19805,"AA","2185",13930,"ORD","Chicago, IL","IL",13487,"MSP","Minneapolis, MN","MN","2025","2201",96.00,96.00,17.00,9.00,"2152","2342",110.00,110.00,0.00,"",0.00,87.00,101.00,75.00,1.00,334.00,0.00,0.00,110.00,0.00,0.00,
2016,7,6,3,2016-07-06,"AA",19805,"AA","2185",13930,"ORD","Chicago, IL","IL",13487,"MSP","Minneapolis, MN","MN","2025","2110",45.00,45.00,16.00,7.00,"2152","2233",41.00,41.00,0.00,"",0.00,87.00,83.00,60.00,1.00,334.00,0.00,0.00,0.00,0.00,41.00,
2016,7,7,4,2016-07-07,"AA",19805,"AA","2185",13930,"ORD","Chicago, IL","IL",13487,"MSP","Minneapolis, MN","MN","2025","2139",74.00,74.00,26.00,6.00,"2152","2307",75.00,75.00,0.00,"",0.00,87.00,88.00,56.00,1.00,334.00,2.00,0.00,1.00,0.00,72.00,
2016,7,8,5,2016-07-08,"AA",19805,"AA","2185",13930,"ORD","Chicago, IL","IL",13487,"MSP","Minneapolis, MN","MN","2025","2208",103.00,103.00,13.00,3.00,"2152","2324",92.00,92.00,0.00,"",0.00,87.00,76.00,60.00,1.00,334.00,0.00,0.00,0.00,0.00,92.00,
2016,7,9,6,2016-07-09,"AA",19805,"AA","2185",13930,"ORD","Chicago, IL","IL",13487,"MSP","Minneapolis, MN","MN","1515","1526",11.00,11.00,13.00,3.00,"1642","1642",0.00,0.00,0.00,"",0.00,87.00,76.00,60.00,1.00,334.00,,,,,,
2016,7,10,7,2016-07-10,"AA",19805,"AA","2185",13930,"ORD","Chicago, IL","IL",13487,"MSP","Minneapolis, MN","MN","2025","2050",25.00,25.00,19.00,5.00,"2152","2215",23.00,23.00,0.00,"",0.00,87.00,85.00,61.00,1.00,334.00,6.00,0.00,0.00,0.00,17.00,
2016,7,11,1,2016-07-11,"AA",19805,"AA","2185",13930,"ORD","Chicago, IL","IL",13487,"MSP","Minneapolis, MN","MN","2025","2027",2.00,2.00,19.00,6.00,"2152","2153",1.00,1.00,0.00,"",0.00,87.00,86.00,61.00,1.00,334.00,,,,,,
2016,7,12,2,2016-07-12,"AA",19805,"AA","2185",13930,"ORD","Chicago, IL","IL",13487,"MSP","Minneapolis, MN","MN","2025","2317",172.00,172.00,20.00,6.00,"2152","0034",162.00,162.00,0.00,"",0.00,87.00,77.00,51.00,1.00,334.00,1.00,0.00,0.00,0.00,161.00,
2016,7,13,3,2016-07-13,"AA",19805,"AA","2185",13930,"ORD","Chicago, IL","IL",13487,"MSP","Minneapolis, MN","MN","2025","",,,,,"2152","",,,1.00,"A",0.00,87.00,,,1.00,334.00,,,,,,
2016,7,14,4,2016-07-14,"AA",19805,"AA","2185",13930,"ORD","Chicago, IL","IL",13487,"MSP","Minneapolis, MN","MN","2025","2212",107.00,107.00,17.00,4.00,"2152","2326",94.00,94.00,0.00,"",0.00,87.00,74.00,53.00,1.00,334.00,22.00,0.00,0.00,0.00,72.00,
2016,7,15,5,2016-07-15,"AA",19805,"AA","2185",13930,"ORD","Chicago, IL","IL",13487,"MSP","Minneapolis, MN","MN","2025","2034",9.00,9.00,20.00,4.00,"2152","2152",0.00,0.00,0.00,"",0.00,87.00,78.00,54.00,1.00,334.00,,,,,,
2016,7,16,6,2016-07-16,"AA",19805,"AA","2185",13930,"ORD","Chicago, IL","IL",13487,"MSP","Minneapolis, MN","MN","1515","1510",-5.00,0.00,27.00,10.00,"1642","1656",14.00,14.00,0.00,"",0.00,87.00,106.00,69.00,1.00,334.00,,,,,,
2016,7,17,7,2016-07-17,"AA",19805,"AA","2185",13930,"ORD","Chicago, IL","IL",13487,"MSP","Minneapolis, MN","MN","2025","2018",-7.00,0.00,25.00,10.00,"2152","2152",0.00,0.00,0.00,"",0.00,87.00,94.00,59.00,1.00,334.00,,,,,,
2016,7,18,1,2016-07-18,"AA",19805,"AA","2185",13930,"ORD","Chicago, IL","IL",13487,"MSP","Minneapolis, MN","MN","2025","2123",58.00,58.00,14.00,5.00,"2152","2240",48.00,48.00,0.00,"",0.00,87.00,77.00,58.00,1.00,334.00,30.00,0.00,0.00,0.00,18.00,
2016,7,19,2,2016-07-19,"AA",19805,"AA","2185",13930,"ORD","Chicago, IL","IL",13487,"MSP","Minneapolis, MN","MN","2025","2116",51.00,51.00,19.00,7.00,"2152","2242",50.00,50.00,0.00,"",0.00,87.00,86.00,60.00,1.00,334.00,50.00,0.00,0.00,0.00,0.00,
2016,7,20,3,2016-07-20,"AA",19805,"AA","2185",13930,"ORD","Chicago, IL","IL",13487,"MSP","Minneapolis, MN","MN","2025","2026",1.00,1.00,15.00,14.00,"2152","2153",1.00,1.00,0.00,"",0.00,87.00,87.00,58.00,1.00,334.00,,,,,,
2016,7,21,4,2016-07-21,"AA",19805,"AA","2185",13930,"ORD","Chicago, IL","IL",13487,"MSP","Minneapolis, MN","MN","2025","",,,,,"2152","",,,1.00,"C",0.00,87.00,,,1.00,334.00,,,,,,
2016,7,22,5,2016-07-22,"AA",19805,"AA","2185",13930,"ORD","Chicago, IL","IL",13487,"MSP","Minneapolis, MN","MN","2025","2025",0.00,0.00,18.00,9.00,"2152","2155",3.00,3.00,0.00,"",0.00,87.00,90.00,63.00,1.00,334.00,,,,,,
2016,7,23,6,2016-07-23,"AA",19805,"AA","2185",13930,"ORD","Chicago, IL","IL",13487,"MSP","Minneapolis, MN","MN","1515","1514",-1.00,0.00,14.00,11.00,"1642","1726",44.00,44.00,0.00,"",0.00,87.00,132.00,107.00,1.00,334.00,0.00,0.00,44.00,0.00,0.00,
2016,7,24,7,2016-07-24,"AA",19805,"AA","2185",13930,"ORD","Chicago, IL","IL",13487,"MSP","Minneapolis, MN","MN","2025","2306",161.00,161.00,18.00,4.00,"2152","0023",151.00,151.00,0.00,"",0.00,87.00,77.00,55.00,1.00,334.00,0.00,8.00,0.00,0.00,143.00,
2016,7,25,1,2016-07-25,"AA",19805,"AA","2185",13930,"ORD","Chicago, IL","IL",13487,"MSP","Minneapolis, MN","MN","2025","2030",5.00,5.00,31.00,6.00,"2152","2200",8.00,8.00,0.00,"",0.00,87.00,90.00,53.00,1.00,334.00,,,,,,
2016,7,26,2,2016-07-26,"AA",19805,"AA","2185",13930,"ORD","Chicago, IL","IL",13487,"MSP","Minneapolis, MN","MN","2025","2107",42.00,42.00,14.00,5.00,"2207","2224",17.00,17.00,0.00,"",0.00,102.00,77.00,58.00,1.00,334.00,17.00,0.00,0.00,0.00,0.00,
2016,7,27,3,2016-07-27,"AA",19805,"AA","2185",13930,"ORD","Chicago, IL","IL",13487,"MSP","Minneapolis, MN","MN","2025","2055",30.00,30.00,39.00,4.00,"2207","2248",41.00,41.00,0.00,"",0.00,102.00,113.00,70.00,1.00,334.00,10.00,0.00,11.00,0.00,20.00,
2016,7,28,4,2016-07-28,"AA",19805,"AA","2185",13930,"ORD","Chicago, IL","IL",13487,"MSP","Minneapolis, MN","MN","2025","0011",226.00,226.00,15.00,4.00,"2207","0120",193.00,193.00,0.00,"",0.00,102.00,69.00,50.00,1.00,334.00,0.00,25.00,0.00,0.00,168.00,
2016,7,29,5,2016-07-29,"AA",19805,"AA","2185",13930,"ORD","Chicago, IL","IL",13487,"MSP","Minneapolis, MN","MN","2025","2248",143.00,143.00,14.00,7.00,"2207","0001",114.00,114.00,0.00,"",0.00,102.00,73.00,52.00,1.00,334.00,8.00,0.00,0.00,0.00,106.00,
2016,7,30,6,2016-07-30,"AA",19805,"AA","2185",13930,"ORD","Chicago, IL","IL",13487,"MSP","Minneapolis, MN","MN","1515","1509",-6.00,0.00,15.00,4.00,"1642","1635",-7.00,0.00,0.00,"",0.00,87.00,86.00,67.00,1.00,334.00,,,,,,
2016,7,31,7,2016-07-31,"AA",19805,"AA","2185",13930,"ORD","Chicago, IL","IL",13487,"MSP","Minneapolis, MN","MN","2025","",,,,,"2152","",,,1.00,"A",0.00,87.00,,,1.00,334.00,,,,,,
2016,7,1,5,2016-07-01,"AA",19805,"AA","2186",14122,"PIT","Pittsburgh, PA","PA",11298,"DFW","Dallas/Fort Worth, TX","TX","0802","0755",-7.00,0.00,17.00,7.00,"0955","0947",-8.00,0.00,0.00,"",0.00,173.00,172.00,148.00,1.00,1067.00,,,,,,
2016,7,2,6,2016-07-02,"AA",19805,"AA","2186",14122,"PIT","Pittsburgh, PA","PA",11298,"DFW","Dallas/Fort Worth, TX","TX","0802","0755",-7.00,0.00,10.00,10.00,"0955","0939",-16.00,0.00,0.00,"",0.00,173.00,164.00,144.00,1.00,1067.00,,,,,,
2016,7,3,7,2016-07-03,"AA",19805,"AA","2186",14122,"PIT","Pittsburgh, PA","PA",11298,"DFW","Dallas/Fort Worth, TX","TX","0802","0752",-10.00,0.00,12.00,10.00,"0955","0941",-14.00,0.00,0.00,"",0.00,173.00,169.00,147.00,1.00,1067.00,,,,,,
2016,7,4,1,2016-07-04,"AA",19805,"AA","2186",14122,"PIT","Pittsburgh, PA","PA",11298,"DFW","Dallas/Fort Worth, TX","TX","0802","0758",-4.00,0.00,13.00,24.00,"0955","1014",19.00,19.00,0.00,"",0.00,173.00,196.00,159.00,1.00,1067.00,0.00,0.00,19.00,0.00,0.00,
2016,7,5,2,2016-07-05,"AA",19805,"AA","2186",14122,"PIT","Pittsburgh, PA","PA",11298,"DFW","Dallas/Fort Worth, TX","TX","0802","0758",-4.00,0.00,9.00,8.00,"0955","1018",23.00,23.00,0.00,"",0.00,173.00,200.00,183.00,1.00,1067.00,0.00,0.00,23.00,0.00,0.00,
2016,7,6,3,2016-07-06,"AA",19805,"AA","2186",14122,"PIT","Pittsburgh, PA","PA",11298,"DFW","Dallas/Fort Worth, TX","TX","0802","0757",-5.00,0.00,12.00,32.00,"0955","1013",18.00,18.00,0.00,"",0.00,173.00,196.00,152.00,1.00,1067.00,0.00,0.00,18.00,0.00,0.00,
2016,7,7,4,2016-07-07,"AA",19805,"AA","2186",14122,"PIT","Pittsburgh, PA","PA",11298,"DFW","Dallas/Fort Worth, TX","TX","0802","0756",-6.00,0.00,8.00,9.00,"0955","0945",-10.00,0.00,0.00,"",0.00,173.00,169.00,152.00,1.00,1067.00,,,,,,
2016,7,8,5,2016-07-08,"AA",19805,"AA","2186",14122,"PIT","Pittsburgh, PA","PA",11298,"DFW","Dallas/Fort Worth, TX","TX","0802","0756",-6.00,0.00,16.00,12.00,"0955","0949",-6.00,0.00,0.00,"",0.00,173.00,173.00,145.00,1.00,1067.00,,,,,,
2016,7,9,6,2016-07-09,"AA",19805,"AA","2186",14122,"PIT","Pittsburgh, PA","PA",11298,"DFW","Dallas/Fort Worth, TX","TX","0802","0804",2.00,2.00,16.00,5.00,"0955","0952",-3.00,0.00,0.00,"",0.00,173.00,168.00,147.00,1.00,1067.00,,,,,,
2016,7,10,7,2016-07-10,"AA",19805,"AA","2186",14122,"PIT","Pittsburgh, PA","PA",11298,"DFW","Dallas/Fort Worth, TX","TX","0802","0808",6.00,6.00,11.00,10.00,"0955","0943",-12.00,0.00,0.00,"",0.00,173.00,155.00,134.00,1.00,1067.00,,,,,,
2016,7,11,1,2016-07-11,"AA",19805,"AA","2186",14122,"PIT","Pittsburgh, PA","PA",11298,"DFW","Dallas/Fort Worth, TX","TX","0802","0758",-4.00,0.00,10.00,10.00,"0955","0936",-19.00,0.00,0.00,"",0.00,173.00,158.00,138.00,1.00,1067.00,,,,,,
2016,7,12,2,2016-07-12,"AA",19805,"AA","2186",14122,"PIT","Pittsburgh, PA","PA",11298,"DFW","Dallas/Fort Worth, TX","TX","0802","0824",22.00,22.00,39.00,7.00,"0955","1027",32.00,32.00,0.00,"",0.00,173.00,183.00,137.00,1.00,1067.00,22.00,0.00,10.00,0.00,0.00,
2016,7,13,3,2016-07-13,"AA",19805,"AA","2186",14122,"PIT","Pittsburgh, PA","PA",11298,"DFW","Dallas/Fort Worth, TX","TX","0802","0754",-8.00,0.00,9.00,11.00,"0955","0938",-17.00,0.00,0.00,"",0.00,173.00,164.00,144.00,1.00,1067.00,,,,,,
2016,7,14,4,2016-07-14,"AA",19805,"AA","2186",14122,"PIT","Pittsburgh, PA","PA",11298,"DFW","Dallas/Fort Worth, TX","TX","0802","0754",-8.00,0.00,10.00,6.00,"0955","0944",-11.00,0.00,0.00,"",0.00,173.00,170.00,154.00,1.00,1067.00,,,,,,
2016,7,15,5,2016-07-15,"AA",19805,"AA","2186",14122,"PIT","Pittsburgh, PA","PA",11298,"DFW","Dallas/Fort Worth, TX","TX","0802","0800",-2.00,0.00,12.00,9.00,"0955","1025",30.00,30.00,0.00,"",0.00,173.00,205.00,184.00,1.00,1067.00,0.00,0.00,30.00,0.00,0.00,
2016,7,16,6,2016-07-16,"AA",19805,"AA","2186",14122,"PIT","Pittsburgh, PA","PA",11298,"DFW","Dallas/Fort Worth, TX","TX","0802","0759",-3.00,0.00,11.00,6.00,"0955","0943",-12.00,0.00,0.00,"",0.00,173.00,164.00,147.00,1.00,1067.00,,,,,,
2016,7,17,7,2016-07-17,"AA",19805,"AA","2186",14122,"PIT","Pittsburgh, PA","PA",11298,"DFW","Dallas/Fort Worth, TX","TX","0802","0820",18.00,18.00,12.00,10.00,"0955","0957",2.00,2.00,0.00,"",0.00,173.00,157.00,135.00,1.00,1067.00,,,,,,
2016,7,18,1,2016-07-18,"AA",19805,"AA","2186",14122,"PIT","Pittsburgh, PA","PA",11298,"DFW","Dallas/Fort Worth, TX","TX","0802","0754",-8.00,0.00,13.00,12.00,"0955","0937",-18.00,0.00,0.00,"",0.00,173.00,163.00,138.00,1.00,1067.00,,,,,,
2016,7,19,2,2016-07-19,"AA",19805,"AA","2186",14122,"PIT","Pittsburgh, PA","PA",11298,"DFW","Dallas/Fort Worth, TX","TX","0802","0810",8.00,8.00,9.00,5.00,"0955","0942",-13.00,0.00,0.00,"",0.00,173.00,152.00,138.00,1.00,1067.00,,,,,,
2016,7,20,3,2016-07-20,"AA",19805,"AA","2186",14122,"PIT","Pittsburgh, PA","PA",11298,"DFW","Dallas/Fort Worth, TX","TX","0802","0757",-5.00,0.00,10.00,11.00,"0955","0938",-17.00,0.00,0.00,"",0.00,173.00,161.00,140.00,1.00,1067.00,,,,,,
2016,7,21,4,2016-07-21,"AA",19805,"AA","2186",14122,"PIT","Pittsburgh, PA","PA",11298,"DFW","Dallas/Fort Worth, TX","TX","0802","0752",-10.00,0.00,11.00,10.00,"0955","0930",-25.00,0.00,0.00,"",0.00,173.00,158.00,137.00,1.00,1067.00,,,,,,
2016,7,22,5,2016-07-22,"AA",19805,"AA","2186",14122,"PIT","Pittsburgh, PA","PA",11298,"DFW","Dallas/Fort Worth, TX","TX","0802","0820",18.00,18.00,10.00,4.00,"0955","0953",-2.00,0.00,0.00,"",0.00,173.00,153.00,139.00,1.00,1067.00,,,,,,
2016,7,23,6,2016-07-23,"AA",19805,"AA","2186",14122,"PIT","Pittsburgh, PA","PA",11298,"DFW","Dallas/Fort Worth, TX","TX","0802","0758",-4.00,0.00,15.00,11.00,"0955","0942",-13.00,0.00,0.00,"",0.00,173.00,164.00,138.00,1.00,1067.00,,,,,,
2016,7,24,7,2016-07-24,"AA",19805,"AA","2186",14122,"PIT","Pittsburgh, PA","PA",11298,"DFW","Dallas/Fort Worth, TX","TX","0802","0756",-6.00,0.00,13.00,13.00,"0955","0941",-14.00,0.00,0.00,"",0.00,173.00,165.00,139.00,1.00,1067.00,,,,,,
2016,7,25,1,2016-07-25,"AA",19805,"AA","2186",14122,"PIT","Pittsburgh, PA","PA",11298,"DFW","Dallas/Fort Worth, TX","TX","0802","0759",-3.00,0.00,19.00,13.00,"0955","0948",-7.00,0.00,0.00,"",0.00,173.00,169.00,137.00,1.00,1067.00,,,,,,
2016,7,26,2,2016-07-26,"AA",19805,"AA","2186",14122,"PIT","Pittsburgh, PA","PA",11298,"DFW","Dallas/Fort Worth, TX","TX","0802","0755",-7.00,0.00,15.00,12.00,"0955","0939",-16.00,0.00,0.00,"",0.00,173.00,164.00,137.00,1.00,1067.00,,,,,,
2016,7,27,3,2016-07-27,"AA",19805,"AA","2186",14122,"PIT","Pittsburgh, PA","PA",11298,"DFW","Dallas/Fort Worth, TX","TX","0802","0753",-9.00,0.00,10.00,10.00,"0955","0934",-21.00,0.00,0.00,"",0.00,173.00,161.00,141.00,1.00,1067.00,,,,,,
2016,7,28,4,2016-07-28,"AA",19805,"AA","2186",14122,"PIT","Pittsburgh, PA","PA",11298,"DFW","Dallas/Fort Worth, TX","TX","0802","0754",-8.00,0.00,15.00,13.00,"0955","0949",-6.00,0.00,0.00,"",0.00,173.00,175.00,147.00,1.00,1067.00,,,,,,
2016,7,29,5,2016-07-29,"AA",19805,"AA","2186",14122,"PIT","Pittsburgh, PA","PA",11298,"DFW","Dallas/Fort Worth, TX","TX","0802","0758",-4.00,0.00,16.00,7.00,"0955","0955",0.00,0.00,0.00,"",0.00,173.00,177.00,154.00,1.00,1067.00,,,,,,
2016,7,30,6,2016-07-30,"AA",19805,"AA","2186",14122,"PIT","Pittsburgh, PA","PA",11298,"DFW","Dallas/Fort Worth, TX","TX","0802","0759",-3.00,0.00,11.00,12.00,"0955","0948",-7.00,0.00,0.00,"",0.00,173.00,169.00,146.00,1.00,1067.00,,,,,,
2016,7,31,7,2016-07-31,"AA",19805,"AA","2186",14122,"PIT","Pittsburgh, PA","PA",11298,"DFW","Dallas/Fort Worth, TX","TX","0802","0801",-1.00,0.00,14.00,6.00,"0955","0946",-9.00,0.00,0.00,"",0.00,173.00,165.00,145.00,1.00,1067.00,,,,,,
2016,7,28,4,2016-07-28,"AA",19805,"AA","2188",10721,"BOS","Boston, MA","MA",11057,"CLT","Charlotte, NC","NC","1916","2132",136.00,136.00,15.00,5.00,"2147","2353",126.00,126.00,0.00,"",0.00,151.00,141.00,121.00,1.00,728.00,18.00,0.00,0.00,0.00,108.00,
2016,7,28,4,2016-07-28,"AA",19805,"AA","2188",11057,"CLT","Charlotte, NC","NC",13930,"ORD","Chicago, IL","IL","2240","0112",152.00,152.00,13.00,5.00,"2347","0200",133.00,133.00,0.00,"",0.00,127.00,108.00,90.00,1.00,599.00,25.00,0.00,0.00,0.00,108.00,
2016,7,25,1,2016-07-25,"AA",19805,"AA","2188",11298,"DFW","Dallas/Fort Worth, TX","TX",12953,"LGA","New York, NY","NY","0140","0139",-1.00,0.00,13.00,14.00,"0605","0603",-2.00,0.00,0.00,"",0.00,205.00,204.00,177.00,1.00,1389.00,,,,,,
2016,7,1,5,2016-07-01,"AA",19805,"AA","2188",11298,"DFW","Dallas/Fort Worth, TX","TX",13198,"MCI","Kansas City, MO","MO","2340","2340",0.00,0.00,14.00,7.00,"0114","0106",-8.00,0.00,0.00,"",0.00,94.00,86.00,65.00,1.00,460.00,,,,,,
2016,7,4,1,2016-07-04,"AA",19805,"AA","2188",14107,"PHX","Phoenix, AZ","AZ",14057,"PDX","Portland, OR","OR","1655","1647",-8.00,0.00,29.00,2.00,"1929","1937",8.00,8.00,0.00,"",0.00,154.00,170.00,139.00,1.00,1009.00,,,,,,
2016,7,5,2,2016-07-05,"AA",19805,"AA","2188",14831,"SJC","San Jose, CA","CA",14107,"PHX","Phoenix, AZ","AZ","0620","0622",2.00,2.00,10.00,7.00,"0817","0800",-17.00,0.00,0.00,"",0.00,117.00,98.00,81.00,1.00,621.00,,,,,,
2016,7,1,5,2016-07-01,"AA",19805,"AA","2189",11278,"DCA","Washington, DC","VA",13303,"MIA","Miami, FL","FL","0645","0644",-1.00,0.00,17.00,4.00,"0923","0920",-3.00,0.00,0.00,"",0.00,158.00,156.00,135.00,1.00,919.00,,,,,,
2016,7,2,6,2016-07-02,"AA",19805,"AA","2189",11278,"DCA","Washington, DC","VA",13303,"MIA","Miami, FL","FL","0645","0644",-1.00,0.00,11.00,5.00,"0923","0908",-15.00,0.00,0.00,"",0.00,158.00,144.00,128.00,1.00,919.00,,,,,,
2016,7,3,7,2016-07-03,"AA",19805,"AA","2189",11278,"DCA","Washington, DC","VA",13303,"MIA","Miami, FL","FL","0645","0645",0.00,0.00,10.00,4.00,"0923","0902",-21.00,0.00,0.00,"",0.00,158.00,137.00,123.00,1.00,919.00,,,,,,
2016,7,4,1,2016-07-04,"AA",19805,"AA","2189",11278,"DCA","Washington, DC","VA",13303,"MIA","Miami, FL","FL","0645","0638",-7.00,0.00,7.00,6.00,"0923","0857",-26.00,0.00,0.00,"",0.00,158.00,139.00,126.00,1.00,919.00,,,,,,
2016,7,5,2,2016-07-05,"AA",19805,"AA","2189",11278,"DCA","Washington, DC","VA",13303,"MIA","Miami, FL","FL","0645","0645",0.00,0.00,11.00,6.00,"0923","0912",-11.00,0.00,0.00,"",0.00,158.00,147.00,130.00,1.00,919.00,,,,,,
2016,7,6,3,2016-07-06,"AA",19805,"AA","2189",11278,"DCA","Washington, DC","VA",13303,"MIA","Miami, FL","FL","0645","0639",-6.00,0.00,10.00,8.00,"0923","0911",-12.00,0.00,0.00,"",0.00,158.00,152.00,134.00,1.00,919.00,,,,,,
2016,7,7,4,2016-07-07,"AA",19805,"AA","2189",11278,"DCA","Washington, DC","VA",13303,"MIA","Miami, FL","FL","0645","0637",-8.00,0.00,14.00,7.00,"0923","0908",-15.00,0.00,0.00,"",0.00,158.00,151.00,130.00,1.00,919.00,,,,,,
2016,7,8,5,2016-07-08,"AA",19805,"AA","2189",11278,"DCA","Washington, DC","VA",13303,"MIA","Miami, FL","FL","0645","0642",-3.00,0.00,12.00,6.00,"0923","0910",-13.00,0.00,0.00,"",0.00,158.00,148.00,130.00,1.00,919.00,,,,,,
2016,7,9,6,2016-07-09,"AA",19805,"AA","2189",11278,"DCA","Washington, DC","VA",13303,"MIA","Miami, FL","FL","0645","0642",-3.00,0.00,10.00,6.00,"0923","0910",-13.00,0.00,0.00,"",0.00,158.00,148.00,132.00,1.00,919.00,,,,,,
2016,7,10,7,2016-07-10,"AA",19805,"AA","2189",11278,"DCA","Washington, DC","VA",13303,"MIA","Miami, FL","FL","0630","0625",-5.00,0.00,9.00,6.00,"0908","0849",-19.00,0.00,0.00,"",0.00,158.00,144.00,129.00,1.00,919.00,,,,,,
2016,7,11,1,2016-07-11,"AA",19805,"AA","2189",11278,"DCA","Washington, DC","VA",13303,"MIA","Miami, FL","FL","0645","0641",-4.00,0.00,11.00,7.00,"0923","0909",-14.00,0.00,0.00,"",0.00,158.00,148.00,130.00,1.00,919.00,,,,,,
2016,7,12,2,2016-07-12,"AA",19805,"AA","2189",11278,"DCA","Washington, DC","VA",13303,"MIA","Miami, FL","FL","0645","0643",-2.00,0.00,7.00,5.00,"0923","0857",-26.00,0.00,0.00,"",0.00,158.00,134.00,122.00,1.00,919.00,,,,,,
2016,7,13,3,2016-07-13,"AA",19805,"AA","2189",11278,"DCA","Washington, DC","VA",13303,"MIA","Miami, FL","FL","0645","0638",-7.00,0.00,11.00,9.00,"0923","0901",-22.00,0.00,0.00,"",0.00,158.00,143.00,123.00,1.00,919.00,,,,,,
2016,7,14,4,2016-07-14,"AA",19805,"AA","2189",11278,"DCA","Washington, DC","VA",13303,"MIA","Miami, FL","FL","0645","0743",58.00,58.00,14.00,8.00,"0923","1011",48.00,48.00,0.00,"",0.00,158.00,148.00,126.00,1.00,919.00,0.00,0.00,0.00,0.00,48.00,
2016,7,15,5,2016-07-15,"AA",19805,"AA","2189",11278,"DCA","Washington, DC","VA",13303,"MIA","Miami, FL","FL","0645","0640",-5.00,0.00,10.00,8.00,"0923","0909",-14.00,0.00,0.00,"",0.00,158.00,149.00,131.00,1.00,919.00,,,,,,
2016,7,16,6,2016-07-16,"AA",19805,"AA","2189",11278,"DCA","Washington, DC","VA",13303,"MIA","Miami, FL","FL","0645","0640",-5.00,0.00,12.00,7.00,"0923","0912",-11.00,0.00,0.00,"",0.00,158.00,152.00,133.00,1.00,919.00,,,,,,
2016,7,17,7,2016-07-17,"AA",19805,"AA","2189",11278,"DCA","Washington, DC","VA",13303,"MIA","Miami, FL","FL","0630","0629",-1.00,0.00,17.00,6.00,"0908","0902",-6.00,0.00,0.00,"",0.00,158.00,153.00,130.00,1.00,919.00,,,,,,
2016,7,18,1,2016-07-18,"AA",19805,"AA","2189",11278,"DCA","Washington, DC","VA",13303,"MIA","Miami, FL","FL","0645","0644",-1.00,0.00,10.00,4.00,"0923","0904",-19.00,0.00,0.00,"",0.00,158.00,140.00,126.00,1.00,919.00,,,,,,
2016,7,19,2,2016-07-19,"AA",19805,"AA","2189",11278,"DCA","Washington, DC","VA",13303,"MIA","Miami, FL","FL","0645","0645",0.00,0.00,13.00,5.00,"0923","0905",-18.00,0.00,0.00,"",0.00,158.00,140.00,122.00,1.00,919.00,,,,,,
2016,7,20,3,2016-07-20,"AA",19805,"AA","2189",11278,"DCA","Washington, DC","VA",13303,"MIA","Miami, FL","FL","0645","0648",3.00,3.00,17.00,12.00,"0923","0926",3.00,3.00,0.00,"",0.00,158.00,158.00,129.00,1.00,919.00,,,,,,
2016,7,21,4,2016-07-21,"AA",19805,"AA","2189",11278,"DCA","Washington, DC","VA",13303,"MIA","Miami, FL","FL","0645","0648",3.00,3.00,18.00,12.00,"0923","0920",-3.00,0.00,0.00,"",0.00,158.00,152.00,122.00,1.00,919.00,,,,,,
2016,7,22,5,2016-07-22,"AA",19805,"AA","2189",11278,"DCA","Washington, DC","VA",13303,"MIA","Miami, FL","FL","0645","0643",-2.00,0.00,14.00,11.00,"0923","0902",-21.00,0.00,0.00,"",0.00,158.00,139.00,114.00,1.00,919.00,,,,,,
2016,7,23,6,2016-07-23,"AA",19805,"AA","2189",11278,"DCA","Washington, DC","VA",13303,"MIA","Miami, FL","FL","0645","0638",-7.00,0.00,10.00,6.00,"0923","0853",-30.00,0.00,0.00,"",0.00,158.00,135.00,119.00,1.00,919.00,,,,,,
2016,7,24,7,2016-07-24,"AA",19805,"AA","2189",11278,"DCA","Washington, DC","VA",13303,"MIA","Miami, FL","FL","0630","0629",-1.00,0.00,11.00,4.00,"0908","0846",-22.00,0.00,0.00,"",0.00,158.00,137.00,122.00,1.00,919.00,,,,,,
2016,7,25,1,2016-07-25,"AA",19805,"AA","2189",11278,"DCA","Washington, DC","VA",13303,"MIA","Miami, FL","FL","0645","0638",-7.00,0.00,11.00,5.00,"0923","0855",-28.00,0.00,0.00,"",0.00,158.00,137.00,121.00,1.00,919.00,,,,,,
2016,7,26,2,2016-07-26,"AA",19805,"AA","2189",11278,"DCA","Washington, DC","VA",13303,"MIA","Miami, FL","FL","0645","0645",0.00,0.00,17.00,5.00,"0923","0912",-11.00,0.00,0.00,"",0.00,158.00,147.00,125.00,1.00,919.00,,,,,,
2016,7,27,3,2016-07-27,"AA",19805,"AA","2189",11278,"DCA","Washington, DC","VA",13303,"MIA","Miami, FL","FL","0645","0645",0.00,0.00,10.00,4.00,"0923","0908",-15.00,0.00,0.00,"",0.00,158.00,143.00,129.00,1.00,919.00,,,,,,
2016,7,28,4,2016-07-28,"AA",19805,"AA","2189",11278,"DCA","Washington, DC","VA",13303,"MIA","Miami, FL","FL","0645","0640",-5.00,0.00,12.00,6.00,"0923","0913",-10.00,0.00,0.00,"",0.00,158.00,153.00,135.00,1.00,919.00,,,,,,
2016,7,29,5,2016-07-29,"AA",19805,"AA","2189",11278,"DCA","Washington, DC","VA",13303,"MIA","Miami, FL","FL","0645","0642",-3.00,0.00,16.00,7.00,"0923","0914",-9.00,0.00,0.00,"",0.00,158.00,152.00,129.00,1.00,919.00,,,,,,
2016,7,30,6,2016-07-30,"AA",19805,"AA","2189",11278,"DCA","Washington, DC","VA",13303,"MIA","Miami, FL","FL","0645","0652",7.00,7.00,8.00,7.00,"0923","0908",-15.00,0.00,0.00,"",0.00,158.00,136.00,121.00,1.00,919.00,,,,,,
2016,7,31,7,2016-07-31,"AA",19805,"AA","2189",11278,"DCA","Washington, DC","VA",13303,"MIA","Miami, FL","FL","0630","0626",-4.00,0.00,11.00,7.00,"0908","0854",-14.00,0.00,0.00,"",0.00,158.00,148.00,130.00,1.00,919.00,,,,,,
2016,7,1,5,2016-07-01,"AA",19805,"AA","2190",15016,"STL","St. Louis, MO","MO",11298,"DFW","Dallas/Fort Worth, TX","TX","1710","1704",-6.00,0.00,12.00,7.00,"1901","1842",-19.00,0.00,0.00,"",0.00,111.00,98.00,79.00,1.00,550.00,,,,,,
2016,7,2,6,2016-07-02,"AA",19805,"AA","2190",15016,"STL","St. Louis, MO","MO",11298,"DFW","Dallas/Fort Worth, TX","TX","1710","1817",67.00,67.00,10.00,6.00,"1901","1951",50.00,50.00,0.00,"",0.00,111.00,94.00,78.00,1.00,550.00,0.00,0.00,0.00,0.00,50.00,
2016,7,3,7,2016-07-03,"AA",19805,"AA","2190",15016,"STL","St. Louis, MO","MO",11298,"DFW","Dallas/Fort Worth, TX","TX","1710","",,,,,"1901","",,,1.00,"B",0.00,111.00,,,1.00,550.00,,,,,,
2016,7,4,1,2016-07-04,"AA",19805,"AA","2190",15016,"STL","St. Louis, MO","MO",11298,"DFW","Dallas/Fort Worth, TX","TX","1710","1724",14.00,14.00,10.00,11.00,"1901","1904",3.00,3.00,0.00,"",0.00,111.00,100.00,79.00,1.00,550.00,,,,,,
2016,7,5,2,2016-07-05,"AA",19805,"AA","2190",15016,"STL","St. Louis, MO","MO",11298,"DFW","Dallas/Fort Worth, TX","TX","1715","1708",-7.00,0.00,17.00,9.00,"1906","1854",-12.00,0.00,0.00,"",0.00,111.00,106.00,80.00,1.00,550.00,,,,,,
2016,7,6,3,2016-07-06,"AA",19805,"AA","2190",15016,"STL","St. Louis, MO","MO",11298,"DFW","Dallas/Fort Worth, TX","TX","1715","1716",1.00,1.00,9.00,11.00,"1906","1855",-11.00,0.00,0.00,"",0.00,111.00,99.00,79.00,1.00,550.00,,,,,,
2016,7,7,4,2016-07-07,"AA",19805,"AA","2190",15016,"STL","St. Louis, MO","MO",11298,"DFW","Dallas/Fort Worth, TX","TX","1715","1720",5.00,5.00,22.00,13.00,"1906","1910",4.00,4.00,0.00,"",0.00,111.00,110.00,75.00,1.00,550.00,,,,,,
2016,7,8,5,2016-07-08,"AA",19805,"AA","2190",15016,"STL","St. Louis, MO","MO",11298,"DFW","Dallas/Fort Worth, TX","TX","1715","1703",-12.00,0.00,12.00,6.00,"1906","1838",-28.00,0.00,0.00,"",0.00,111.00,95.00,77.00,1.00,550.00,,,,,,
2016,7,9,6,2016-07-09,"AA",19805,"AA","2190",15016,"STL","St. Louis, MO","MO",11298,"DFW","Dallas/Fort Worth, TX","TX","1715","1824",69.00,69.00,10.00,75.00,"1906","2114",128.00,128.00,0.00,"",0.00,111.00,170.00,85.00,1.00,550.00,0.00,0.00,83.00,0.00,45.00,
2016,7,10,7,2016-07-10,"AA",19805,"AA","2190",15016,"STL","St. Louis, MO","MO",11298,"DFW","Dallas/Fort Worth, TX","TX","1715","1715",0.00,0.00,19.00,20.00,"1906","1913",7.00,7.00,0.00,"",0.00,111.00,118.00,79.00,1.00,550.00,,,,,,
2016,7,11,1,2016-07-11,"AA",19805,"AA","2190",15016,"STL","St. Louis, MO","MO",11298,"DFW","Dallas/Fort Worth, TX","TX","1715","1707",-8.00,0.00,9.00,8.00,"1906","1839",-27.00,0.00,0.00,"",0.00,111.00,92.00,75.00,1.00,550.00,,,,,,
2016,7,12,2,2016-07-12,"AA",19805,"AA","2190",15016,"STL","St. Louis, MO","MO",11298,"DFW","Dallas/Fort Worth, TX","TX","1715","1705",-10.00,0.00,13.00,8.00,"1906","1843",-23.00,0.00,0.00,"",0.00,111.00,98.00,77.00,1.00,550.00,,,,,,
2016,7,13,3,2016-07-13,"AA",19805,"AA","2190",15016,"STL","St. Louis, MO","MO",11298,"DFW","Dallas/Fort Worth, TX","TX","1715","1729",14.00,14.00,7.00,11.00,"1906","1921",15.00,15.00,0.00,"",0.00,111.00,112.00,94.00,1.00,550.00,14.00,0.00,1.00,0.00,0.00,
2016,7,14,4,2016-07-14,"AA",19805,"AA","2190",15016,"STL","St. Louis, MO","MO",11298,"DFW","Dallas/Fort Worth, TX","TX","1715","1719",4.00,4.00,20.00,10.00,"1906","1907",1.00,1.00,0.00,"",0.00,111.00,108.00,78.00,1.00,550.00,,,,,,
2016,7,15,5,2016-07-15,"AA",19805,"AA","2190",15016,"STL","St. Louis, MO","MO",11298,"DFW","Dallas/Fort Worth, TX","TX","1715","1724",9.00,9.00,13.00,12.00,"1906","1909",3.00,3.00,0.00,"",0.00,111.00,105.00,80.00,1.00,550.00,,,,,,
2016,7,16,6,2016-07-16,"AA",19805,"AA","2190",15016,"STL","St. Louis, MO","MO",11298,"DFW","Dallas/Fort Worth, TX","TX","1715","1715",0.00,0.00,8.00,30.00,"1906","1907",1.00,1.00,0.00,"",0.00,111.00,112.00,74.00,1.00,550.00,,,,,,
2016,7,17,7,2016-07-17,"AA",19805,"AA","2190",15016,"STL","St. Louis, MO","MO",11298,"DFW","Dallas/Fort Worth, TX","TX","1715","1722",7.00,7.00,9.00,17.00,"1906","1909",3.00,3.00,0.00,"",0.00,111.00,107.00,81.00,1.00,550.00,,,,,,
2016,7,18,1,2016-07-18,"AA",19805,"AA","2190",15016,"STL","St. Louis, MO","MO",11298,"DFW","Dallas/Fort Worth, TX","TX","1715","1710",-5.00,0.00,10.00,34.00,"1906","1909",3.00,3.00,0.00,"",0.00,111.00,119.00,75.00,1.00,550.00,,,,,,
2016,7,19,2,2016-07-19,"AA",19805,"AA","2190",15016,"STL","St. Louis, MO","MO",11298,"DFW","Dallas/Fort Worth, TX","TX","1715","1922",127.00,127.00,18.00,6.00,"1906","2059",113.00,113.00,0.00,"",0.00,111.00,97.00,73.00,1.00,550.00,113.00,0.00,0.00,0.00,0.00,
2016,7,20,3,2016-07-20,"AA",19805,"AA","2190",15016,"STL","St. Louis, MO","MO",11298,"DFW","Dallas/Fort Worth, TX","TX","1715","1709",-6.00,0.00,23.00,11.00,"1906","1901",-5.00,0.00,0.00,"",0.00,111.00,112.00,78.00,1.00,550.00,,,,,,
2016,7,21,4,2016-07-21,"AA",19805,"AA","2190",15016,"STL","St. Louis, MO","MO",11298,"DFW","Dallas/Fort Worth, TX","TX","1715","1707",-8.00,0.00,18.00,8.00,"1906","1847",-19.00,0.00,0.00,"",0.00,111.00,100.00,74.00,1.00,550.00,,,,,,
2016,7,22,5,2016-07-22,"AA",19805,"AA","2190",15016,"STL","St. Louis, MO","MO",11298,"DFW","Dallas/Fort Worth, TX","TX","1715","1712",-3.00,0.00,10.00,30.00,"1906","1906",0.00,0.00,0.00,"",0.00,111.00,114.00,74.00,1.00,550.00,,,,,,
2016,7,23,6,2016-07-23,"AA",19805,"AA","2190",15016,"STL","St. Louis, MO","MO",11298,"DFW","Dallas/Fort Worth, TX","TX","1715","1703",-12.00,0.00,11.00,5.00,"1906","1839",-27.00,0.00,0.00,"",0.00,111.00,96.00,80.00,1.00,550.00,,,,,,
2016,7,24,7,2016-07-24,"AA",19805,"AA","2190",15016,"STL","St. Louis, MO","MO",11298,"DFW","Dallas/Fort Worth, TX","TX","1715","1712",-3.00,0.00,11.00,10.00,"1906","1847",-19.00,0.00,0.00,"",0.00,111.00,95.00,74.00,1.00,550.00,,,,,,
2016,7,25,1,2016-07-25,"AA",19805,"AA","2190",15016,"STL","St. Louis, MO","MO",11298,"DFW","Dallas/Fort Worth, TX","TX","1715","1848",93.00,93.00,13.00,10.00,"1906","2030",84.00,84.00,0.00,"",0.00,111.00,102.00,79.00,1.00,550.00,0.00,0.00,84.00,0.00,0.00,
2016,7,26,2,2016-07-26,"AA",19805,"AA","2190",15016,"STL","St. Louis, MO","MO",11298,"DFW","Dallas/Fort Worth, TX","TX","1715","1743",28.00,28.00,22.00,12.00,"1906","2002",56.00,56.00,0.00,"",0.00,111.00,139.00,105.00,1.00,550.00,28.00,0.00,28.00,0.00,0.00,
2016,7,27,3,2016-07-27,"AA",19805,"AA","2190",15016,"STL","St. Louis, MO","MO",11298,"DFW","Dallas/Fort Worth, TX","TX","1715","1838",83.00,83.00,14.00,45.00,"1906","2056",110.00,110.00,0.00,"",0.00,111.00,138.00,79.00,1.00,550.00,0.00,0.00,27.00,0.00,83.00,
2016,7,28,4,2016-07-28,"AA",19805,"AA","2190",15016,"STL","St. Louis, MO","MO",11298,"DFW","Dallas/Fort Worth, TX","TX","1715","1713",-2.00,0.00,14.00,22.00,"1906","1909",3.00,3.00,0.00,"",0.00,111.00,116.00,80.00,1.00,550.00,,,,,,
2016,7,29,5,2016-07-29,"AA",19805,"AA","2190",15016,"STL","St. Louis, MO","MO",11298,"DFW","Dallas/Fort Worth, TX","TX","1715","1709",-6.00,0.00,12.00,39.00,"1906","1937",31.00,31.00,0.00,"",0.00,111.00,148.00,97.00,1.00,550.00,0.00,0.00,31.00,0.00,0.00,
2016,7,30,6,2016-07-30,"AA",19805,"AA","2190",15016,"STL","St. Louis, MO","MO",11298,"DFW","Dallas/Fort Worth, TX","TX","1715","1751",36.00,36.00,19.00,5.00,"1906","1945",39.00,39.00,0.00,"",0.00,111.00,114.00,90.00,1.00,550.00,0.00,0.00,3.00,0.00,36.00,
2016,7,31,7,2016-07-31,"AA",19805,"AA","2190",15016,"STL","St. Louis, MO","MO",11298,"DFW","Dallas/Fort Worth, TX","TX","1715","1816",61.00,61.00,16.00,5.00,"1906","1956",50.00,50.00,0.00,"",0.00,111.00,100.00,79.00,1.00,550.00,6.00,0.00,0.00,0.00,44.00,
2016,7,1,5,2016-07-01,"AA",19805,"AA","2191",11697,"FLL","Fort Lauderdale, FL","FL",11298,"DFW","Dallas/Fort Worth, TX","TX","1345","1445",60.00,60.00,17.00,8.00,"1550","1641",51.00,51.00,0.00,"",0.00,185.00,176.00,151.00,1.00,1119.00,0.00,0.00,0.00,0.00,51.00,
2016,7,2,6,2016-07-02,"AA",19805,"AA","2191",11697,"FLL","Fort Lauderdale, FL","FL",11298,"DFW","Dallas/Fort Worth, TX","TX","1345","1544",119.00,119.00,33.00,23.00,"1550","1809",139.00,139.00,0.00,"",0.00,185.00,205.00,149.00,1.00,1119.00,0.00,17.00,20.00,0.00,102.00,
2016,7,3,7,2016-07-03,"AA",19805,"AA","2191",11697,"FLL","Fort Lauderdale, FL","FL",11298,"DFW","Dallas/Fort Worth, TX","TX","1345","1403",18.00,18.00,21.00,6.00,"1550","1556",6.00,6.00,0.00,"",0.00,185.00,173.00,146.00,1.00,1119.00,,,,,,
2016,7,4,1,2016-07-04,"AA",19805,"AA","2191",11697,"FLL","Fort Lauderdale, FL","FL",11298,"DFW","Dallas/Fort Worth, TX","TX","1345","1529",104.00,104.00,14.00,8.00,"1550","1724",94.00,94.00,0.00,"",0.00,185.00,175.00,153.00,1.00,1119.00,0.00,0.00,0.00,0.00,94.00,
2016,7,5,2,2016-07-05,"AA",19805,"AA","2191",11697,"FLL","Fort Lauderdale, FL","FL",11298,"DFW","Dallas/Fort Worth, TX","TX","1345","1342",-3.00,0.00,14.00,10.00,"1550","1541",-9.00,0.00,0.00,"",0.00,185.00,179.00,155.00,1.00,1119.00,,,,,,
2016,7,6,3,2016-07-06,"AA",19805,"AA","2191",11697,"FLL","Fort Lauderdale, FL","FL",11298,"DFW","Dallas/Fort Worth, TX","TX","1345","1416",31.00,31.00,20.00,5.00,"1550","1607",17.00,17.00,0.00,"",0.00,185.00,171.00,146.00,1.00,1119.00,9.00,0.00,0.00,0.00,8.00,
2016,7,7,4,2016-07-07,"AA",19805,"AA","2191",11697,"FLL","Fort Lauderdale, FL","FL",11298,"DFW","Dallas/Fort Worth, TX","TX","1345","1357",12.00,12.00,10.00,9.00,"1550","1545",-5.00,0.00,0.00,"",0.00,185.00,168.00,149.00,1.00,1119.00,,,,,,
2016,7,8,5,2016-07-08,"AA",19805,"AA","2191",11697,"FLL","Fort Lauderdale, FL","FL",11298,"DFW","Dallas/Fort Worth, TX","TX","1345","1345",0.00,0.00,23.00,8.00,"1550","1548",-2.00,0.00,0.00,"",0.00,185.00,183.00,152.00,1.00,1119.00,,,,,,
2016,7,9,6,2016-07-09,"AA",19805,"AA","2191",11697,"FLL","Fort Lauderdale, FL","FL",11298,"DFW","Dallas/Fort Worth, TX","TX","1345","1530",105.00,105.00,6.00,13.00,"1550","1110",,,0.00,"",1.00,185.00,,,1.00,1119.00,,,,,,
2016,7,10,7,2016-07-10,"AA",19805,"AA","2191",11697,"FLL","Fort Lauderdale, FL","FL",11298,"DFW","Dallas/Fort Worth, TX","TX","1345","1413",28.00,28.00,17.00,15.00,"1550","1615",25.00,25.00,0.00,"",0.00,185.00,182.00,150.00,1.00,1119.00,0.00,0.00,0.00,0.00,25.00,
2016,7,11,1,2016-07-11,"AA",19805,"AA","2191",11697,"FLL","Fort Lauderdale, FL","FL",11298,"DFW","Dallas/Fort Worth, TX","TX","1345","1340",-5.00,0.00,22.00,7.00,"1550","1542",-8.00,0.00,0.00,"",0.00,185.00,182.00,153.00,1.00,1119.00,,,,,,
2016,7,12,2,2016-07-12,"AA",19805,"AA","2191",11697,"FLL","Fort Lauderdale, FL","FL",11298,"DFW","Dallas/Fort Worth, TX","TX","1345","1356",11.00,11.00,15.00,6.00,"1550","1552",2.00,2.00,0.00,"",0.00,185.00,176.00,155.00,1.00,1119.00,,,,,,
2016,7,13,3,2016-07-13,"AA",19805,"AA","2191",11697,"FLL","Fort Lauderdale, FL","FL",11298,"DFW","Dallas/Fort Worth, TX","TX","1345","1442",57.00,57.00,30.00,13.00,"1550","1706",76.00,76.00,0.00,"",0.00,185.00,204.00,161.00,1.00,1119.00,0.00,0.00,19.00,0.00,57.00,
2016,7,14,4,2016-07-14,"AA",19805,"AA","2191",11697,"FLL","Fort Lauderdale, FL","FL",11298,"DFW","Dallas/Fort Worth, TX","TX","1345","1436",51.00,51.00,21.00,7.00,"1550","1636",46.00,46.00,0.00,"",0.00,185.00,180.00,152.00,1.00,1119.00,0.00,0.00,0.00,0.00,46.00,
2016,7,15,5,2016-07-15,"AA",19805,"AA","2191",11697,"FLL","Fort Lauderdale, FL","FL",11298,"DFW","Dallas/Fort Worth, TX","TX","1345","1413",28.00,28.00,14.00,26.00,"1550","1629",39.00,39.00,0.00,"",0.00,185.00,196.00,156.00,1.00,1119.00,0.00,0.00,11.00,0.00,28.00,
2016,7,16,6,2016-07-16,"AA",19805,"AA","2191",11697,"FLL","Fort Lauderdale, FL","FL",11298,"DFW","Dallas/Fort Worth, TX","TX","1345","1404",19.00,19.00,17.00,11.00,"1550","1557",7.00,7.00,0.00,"",0.00,185.00,173.00,145.00,1.00,1119.00,,,,,,
2016,7,17,7,2016-07-17,"AA",19805,"AA","2191",11697,"FLL","Fort Lauderdale, FL","FL",11298,"DFW","Dallas/Fort Worth, TX","TX","1345","1417",32.00,32.00,19.00,9.00,"1550","1612",22.00,22.00,0.00,"",0.00,185.00,175.00,147.00,1.00,1119.00,0.00,0.00,0.00,0.00,22.00,
2016,7,18,1,2016-07-18,"AA",19805,"AA","2191",11697,"FLL","Fort Lauderdale, FL","FL",11298,"DFW","Dallas/Fort Worth, TX","TX","1345","1431",46.00,46.00,13.00,8.00,"1550","1625",35.00,35.00,0.00,"",0.00,185.00,174.00,153.00,1.00,1119.00,0.00,0.00,0.00,0.00,35.00,
2016,7,19,2,2016-07-19,"AA",19805,"AA","2191",11697,"FLL","Fort Lauderdale, FL","FL",11298,"DFW","Dallas/Fort Worth, TX","TX","1345","1345",0.00,0.00,21.00,9.00,"1550","1544",-6.00,0.00,0.00,"",0.00,185.00,179.00,149.00,1.00,1119.00,,,,,,
2016,7,20,3,2016-07-20,"AA",19805,"AA","2191",11697,"FLL","Fort Lauderdale, FL","FL",11298,"DFW","Dallas/Fort Worth, TX","TX","1345","1356",11.00,11.00,20.00,12.00,"1550","1550",0.00,0.00,0.00,"",0.00,185.00,174.00,142.00,1.00,1119.00,,,,,,
2016,7,21,4,2016-07-21,"AA",19805,"AA","2191",11697,"FLL","Fort Lauderdale, FL","FL",11298,"DFW","Dallas/Fort Worth, TX","TX","1345","1405",20.00,20.00,23.00,8.00,"1550","1611",21.00,21.00,0.00,"",0.00,185.00,186.00,155.00,1.00,1119.00,0.00,0.00,1.00,0.00,20.00,
2016,7,22,5,2016-07-22,"AA",19805,"AA","2191",11697,"FLL","Fort Lauderdale, FL","FL",11298,"DFW","Dallas/Fort Worth, TX","TX","1345","1402",17.00,17.00,52.00,25.00,"1550","1655",65.00,65.00,0.00,"",0.00,185.00,233.00,156.00,1.00,1119.00,0.00,0.00,48.00,0.00,17.00,
2016,7,23,6,2016-07-23,"AA",19805,"AA","2191",11697,"FLL","Fort Lauderdale, FL","FL",11298,"DFW","Dallas/Fort Worth, TX","TX","1345","1341",-4.00,0.00,26.00,9.00,"1550","1543",-7.00,0.00,0.00,"",0.00,185.00,182.00,147.00,1.00,1119.00,,,,,,
2016,7,24,7,2016-07-24,"AA",19805,"AA","2191",11697,"FLL","Fort Lauderdale, FL","FL",11298,"DFW","Dallas/Fort Worth, TX","TX","1345","1427",42.00,42.00,20.00,11.00,"1550","1654",64.00,64.00,0.00,"",0.00,185.00,207.00,176.00,1.00,1119.00,0.00,0.00,22.00,0.00,42.00,
2016,7,25,1,2016-07-25,"AA",19805,"AA","2191",11697,"FLL","Fort Lauderdale, FL","FL",11298,"DFW","Dallas/Fort Worth, TX","TX","1345","1344",-1.00,0.00,14.00,12.00,"1550","1557",7.00,7.00,0.00,"",0.00,185.00,193.00,167.00,1.00,1119.00,,,,,,
2016,7,26,2,2016-07-26,"AA",19805,"AA","2191",11697,"FLL","Fort Lauderdale, FL","FL",11298,"DFW","Dallas/Fort Worth, TX","TX","1345","1525",100.00,100.00,17.00,7.00,"1550","1726",96.00,96.00,0.00,"",0.00,185.00,181.00,157.00,1.00,1119.00,0.00,0.00,0.00,0.00,96.00,
2016,7,27,3,2016-07-27,"AA",19805,"AA","2191",11697,"FLL","Fort Lauderdale, FL","FL",11298,"DFW","Dallas/Fort Worth, TX","TX","1345","1349",4.00,4.00,24.00,11.00,"1550","1604",14.00,14.00,0.00,"",0.00,185.00,195.00,160.00,1.00,1119.00,,,,,,
2016,7,28,4,2016-07-28,"AA",19805,"AA","2191",11697,"FLL","Fort Lauderdale, FL","FL",11298,"DFW","Dallas/Fort Worth, TX","TX","1345","1646",181.00,181.00,40.00,20.00,"1550","1924",214.00,214.00,0.00,"",0.00,185.00,218.00,158.00,1.00,1119.00,98.00,0.00,33.00,0.00,83.00,
2016,7,29,5,2016-07-29,"AA",19805,"AA","2191",11697,"FLL","Fort Lauderdale, FL","FL",11298,"DFW","Dallas/Fort Worth, TX","TX","1345","1412",27.00,27.00,20.00,9.00,"1550","1615",25.00,25.00,0.00,"",0.00,185.00,183.00,154.00,1.00,1119.00,0.00,0.00,0.00,0.00,25.00,
2016,7,30,6,2016-07-30,"AA",19805,"AA","2191",11697,"FLL","Fort Lauderdale, FL","FL",11298,"DFW","Dallas/Fort Worth, TX","TX","1345","1452",67.00,67.00,13.00,9.00,"1550","1637",47.00,47.00,0.00,"",0.00,185.00,165.00,143.00,1.00,1119.00,21.00,0.00,0.00,0.00,26.00,
2016,7,31,7,2016-07-31,"AA",19805,"AA","2191",11697,"FLL","Fort Lauderdale, FL","FL",11298,"DFW","Dallas/Fort Worth, TX","TX","1345","1345",0.00,0.00,15.00,9.00,"1550","1536",-14.00,0.00,0.00,"",0.00,185.00,171.00,147.00,1.00,1119.00,,,,,,
2016,7,1,5,2016-07-01,"AA",19805,"AA","2192",11278,"DCA","Washington, DC","VA",13930,"ORD","Chicago, IL","IL","1900","1930",30.00,30.00,12.00,9.00,"2009","2029",20.00,20.00,0.00,"",0.00,129.00,119.00,98.00,1.00,612.00,0.00,20.00,0.00,0.00,0.00,
2016,7,2,6,2016-07-02,"AA",19805,"AA","2192",11278,"DCA","Washington, DC","VA",13930,"ORD","Chicago, IL","IL","1900","1855",-5.00,0.00,12.00,15.00,"2009","1955",-14.00,0.00,0.00,"",0.00,129.00,120.00,93.00,1.00,612.00,,,,,,
2016,7,3,7,2016-07-03,"AA",19805,"AA","2192",11278,"DCA","Washington, DC","VA",13930,"ORD","Chicago, IL","IL","1910","1903",-7.00,0.00,8.00,7.00,"2019","1949",-30.00,0.00,0.00,"",0.00,129.00,106.00,91.00,1.00,612.00,,,,,,
2016,7,4,1,2016-07-04,"AA",19805,"AA","2192",11278,"DCA","Washington, DC","VA",13930,"ORD","Chicago, IL","IL","1900","1851",-9.00,0.00,14.00,10.00,"2009","1947",-22.00,0.00,0.00,"",0.00,129.00,116.00,92.00,1.00,612.00,,,,,,
2016,7,5,2,2016-07-05,"AA",19805,"AA","2192",11278,"DCA","Washington, DC","VA",13930,"ORD","Chicago, IL","IL","1900","1948",48.00,48.00,16.00,19.00,"2009","2050",41.00,41.00,0.00,"",0.00,129.00,122.00,87.00,1.00,612.00,0.00,0.00,0.00,0.00,41.00,
2016,7,6,3,2016-07-06,"AA",19805,"AA","2192",11278,"DCA","Washington, DC","VA",13930,"ORD","Chicago, IL","IL","1900","1856",-4.00,0.00,12.00,21.00,"2009","1957",-12.00,0.00,0.00,"",0.00,129.00,121.00,88.00,1.00,612.00,,,,,,
2016,7,7,4,2016-07-07,"AA",19805,"AA","2192",11278,"DCA","Washington, DC","VA",13930,"ORD","Chicago, IL","IL","1900","1916",16.00,16.00,16.00,15.00,"2009","2027",18.00,18.00,0.00,"",0.00,129.00,131.00,100.00,1.00,612.00,0.00,0.00,18.00,0.00,0.00,
2016,7,8,5,2016-07-08,"AA",19805,"AA","2192",11278,"DCA","Washington, DC","VA",13930,"ORD","Chicago, IL","IL","1900","1856",-4.00,0.00,56.00,11.00,"2009","2040",31.00,31.00,0.00,"",0.00,129.00,164.00,97.00,1.00,612.00,0.00,0.00,31.00,0.00,0.00,
2016,7,9,6,2016-07-09,"AA",19805,"AA","2192",11278,"DCA","Washington, DC","VA",13930,"ORD","Chicago, IL","IL","1900","1851",-9.00,0.00,18.00,21.00,"2009","2003",-6.00,0.00,0.00,"",0.00,129.00,132.00,93.00,1.00,612.00,,,,,,
2016,7,10,7,2016-07-10,"AA",19805,"AA","2192",11278,"DCA","Washington, DC","VA",13930,"ORD","Chicago, IL","IL","1910","1902",-8.00,0.00,13.00,20.00,"2019","2008",-11.00,0.00,0.00,"",0.00,129.00,126.00,93.00,1.00,612.00,,,,,,
2016,7,11,1,2016-07-11,"AA",19805,"AA","2192",11278,"DCA","Washington, DC","VA",13930,"ORD","Chicago, IL","IL","1900","1855",-5.00,0.00,13.00,16.00,"2009","1951",-18.00,0.00,0.00,"",0.00,129.00,116.00,87.00,1.00,612.00,,,,,,
2016,7,12,2,2016-07-12,"AA",19805,"AA","2192",11278,"DCA","Washington, DC","VA",13930,"ORD","Chicago, IL","IL","1900","2209",189.00,189.00,42.00,10.00,"2009","2356",227.00,227.00,0.00,"",0.00,129.00,167.00,115.00,1.00,612.00,168.00,0.00,38.00,0.00,21.00,
2016,7,13,3,2016-07-13,"AA",19805,"AA","2192",11278,"DCA","Washington, DC","VA",13930,"ORD","Chicago, IL","IL","1900","2012",72.00,72.00,55.00,17.00,"2009","2253",164.00,164.00,0.00,"",0.00,129.00,221.00,149.00,1.00,612.00,0.00,2.00,92.00,0.00,70.00,
2016,7,14,4,2016-07-14,"AA",19805,"AA","2192",11278,"DCA","Washington, DC","VA",13930,"ORD","Chicago, IL","IL","1900","1913",13.00,13.00,17.00,10.00,"2009","2021",12.00,12.00,0.00,"",0.00,129.00,128.00,101.00,1.00,612.00,,,,,,
2016,7,15,5,2016-07-15,"AA",19805,"AA","2192",11278,"DCA","Washington, DC","VA",13930,"ORD","Chicago, IL","IL","1900","1854",-6.00,0.00,16.00,13.00,"2009","2007",-2.00,0.00,0.00,"",0.00,129.00,133.00,104.00,1.00,612.00,,,,,,
2016,7,16,6,2016-07-16,"AA",19805,"AA","2192",11278,"DCA","Washington, DC","VA",13930,"ORD","Chicago, IL","IL","1900","1942",42.00,42.00,9.00,27.00,"2009","2052",43.00,43.00,0.00,"",0.00,129.00,130.00,94.00,1.00,612.00,0.00,0.00,1.00,0.00,42.00,
2016,7,17,7,2016-07-17,"AA",19805,"AA","2192",11278,"DCA","Washington, DC","VA",13930,"ORD","Chicago, IL","IL","1910","1923",13.00,13.00,9.00,9.00,"2019","2010",-9.00,0.00,0.00,"",0.00,129.00,107.00,89.00,1.00,612.00,,,,,,
2016,7,18,1,2016-07-18,"AA",19805,"AA","2192",11278,"DCA","Washington, DC","VA",13930,"ORD","Chicago, IL","IL","1900","2103",123.00,123.00,11.00,17.00,"2009","2204",115.00,115.00,0.00,"",0.00,129.00,121.00,93.00,1.00,612.00,20.00,0.00,0.00,0.00,95.00,
2016,7,19,2,2016-07-19,"AA",19805,"AA","2192",11278,"DCA","Washington, DC","VA",13930,"ORD","Chicago, IL","IL","1900","1857",-3.00,0.00,16.00,39.00,"2009","2027",18.00,18.00,0.00,"",0.00,129.00,150.00,95.00,1.00,612.00,0.00,0.00,18.00,0.00,0.00,
2016,7,20,3,2016-07-20,"AA",19805,"AA","2192",11278,"DCA","Washington, DC","VA",13930,"ORD","Chicago, IL","IL","1900","1900",0.00,0.00,16.00,8.00,"2009","1949",-20.00,0.00,0.00,"",0.00,129.00,109.00,85.00,1.00,612.00,,,,,,
2016,7,21,4,2016-07-21,"AA",19805,"AA","2192",11278,"DCA","Washington, DC","VA",13930,"ORD","Chicago, IL","IL","1900","2214",194.00,194.00,30.00,48.00,"2009","0013",244.00,244.00,0.00,"",0.00,129.00,179.00,101.00,1.00,612.00,0.00,153.00,50.00,0.00,41.00,
2016,7,22,5,2016-07-22,"AA",19805,"AA","2192",11278,"DCA","Washington, DC","VA",13930,"ORD","Chicago, IL","IL","1900","1913",13.00,13.00,15.00,10.00,"2009","2007",-2.00,0.00,0.00,"",0.00,129.00,114.00,89.00,1.00,612.00,,,,,,
2016,7,23,6,2016-07-23,"AA",19805,"AA","2192",11278,"DCA","Washington, DC","VA",13930,"ORD","Chicago, IL","IL","1900","1915",15.00,15.00,20.00,107.00,"2009","2246",157.00,157.00,0.00,"",0.00,129.00,271.00,144.00,1.00,612.00,0.00,15.00,142.00,0.00,0.00,
2016,7,24,7,2016-07-24,"AA",19805,"AA","2192",11278,"DCA","Washington, DC","VA",13930,"ORD","Chicago, IL","IL","1910","2034",84.00,84.00,,,"2019","",,,1.00,"C",0.00,129.00,,,1.00,612.00,,,,,,
2016,7,25,1,2016-07-25,"AA",19805,"AA","2192",11278,"DCA","Washington, DC","VA",13930,"ORD","Chicago, IL","IL","1900","1956",56.00,56.00,16.00,26.00,"2009","2109",60.00,60.00,0.00,"",0.00,129.00,133.00,91.00,1.00,612.00,0.00,0.00,4.00,0.00,56.00,
2016,7,26,2,2016-07-26,"AA",19805,"AA","2192",11278,"DCA","Washington, DC","VA",13930,"ORD","Chicago, IL","IL","1900","1855",-5.00,0.00,18.00,43.00,"2009","2029",20.00,20.00,0.00,"",0.00,129.00,154.00,93.00,1.00,612.00,0.00,0.00,20.00,0.00,0.00,
2016,7,27,3,2016-07-27,"AA",19805,"AA","2192",11278,"DCA","Washington, DC","VA",13930,"ORD","Chicago, IL","IL","1900","1924",24.00,24.00,21.00,20.00,"2009","2039",30.00,30.00,0.00,"",0.00,129.00,135.00,94.00,1.00,612.00,4.00,0.00,6.00,0.00,20.00,
2016,7,28,4,2016-07-28,"AA",19805,"AA","2192",11278,"DCA","Washington, DC","VA",13930,"ORD","Chicago, IL","IL","1900","",,,,,"2009","",,,1.00,"B",0.00,129.00,,,1.00,612.00,,,,,,
2016,7,29,5,2016-07-29,"AA",19805,"AA","2192",11278,"DCA","Washington, DC","VA",13930,"ORD","Chicago, IL","IL","1900","2020",80.00,80.00,24.00,21.00,"2009","2146",97.00,97.00,0.00,"",0.00,129.00,146.00,101.00,1.00,612.00,0.00,3.00,17.00,0.00,77.00,
2016,7,30,6,2016-07-30,"AA",19805,"AA","2192",11278,"DCA","Washington, DC","VA",13930,"ORD","Chicago, IL","IL","1900","1951",51.00,51.00,47.00,15.00,"2009","2126",77.00,77.00,0.00,"",0.00,129.00,155.00,93.00,1.00,612.00,0.00,51.00,26.00,0.00,0.00,
2016,7,31,7,2016-07-31,"AA",19805,"AA","2192",11278,"DCA","Washington, DC","VA",13930,"ORD","Chicago, IL","IL","1910","1953",43.00,43.00,16.00,15.00,"2019","2100",41.00,41.00,0.00,"",0.00,129.00,127.00,96.00,1.00,612.00,0.00,0.00,0.00,0.00,41.00,
2016,7,1,5,2016-07-01,"AA",19805,"AA","2192",13930,"ORD","Chicago, IL","IL",11278,"DCA","Washington, DC","VA","1515","1516",1.00,1.00,15.00,22.00,"1810","1807",-3.00,0.00,0.00,"",0.00,115.00,111.00,74.00,1.00,612.00,,,,,,
2016,7,2,6,2016-07-02,"AA",19805,"AA","2192",13930,"ORD","Chicago, IL","IL",11278,"DCA","Washington, DC","VA","1515","1515",0.00,0.00,14.00,5.00,"1810","1750",-20.00,0.00,0.00,"",0.00,115.00,95.00,76.00,1.00,612.00,,,,,,
2016,7,3,7,2016-07-03,"AA",19805,"AA","2192",13930,"ORD","Chicago, IL","IL",11278,"DCA","Washington, DC","VA","1525","1520",-5.00,0.00,24.00,4.00,"1820","1805",-15.00,0.00,0.00,"",0.00,115.00,105.00,77.00,1.00,612.00,,,,,,
2016,7,4,1,2016-07-04,"AA",19805,"AA","2192",13930,"ORD","Chicago, IL","IL",11278,"DCA","Washington, DC","VA","1515","1511",-4.00,0.00,11.00,7.00,"1810","1750",-20.00,0.00,0.00,"",0.00,115.00,99.00,81.00,1.00,612.00,,,,,,
2016,7,5,2,2016-07-05,"AA",19805,"AA","2192",13930,"ORD","Chicago, IL","IL",11278,"DCA","Washington, DC","VA","1515","1613",58.00,58.00,18.00,5.00,"1810","1900",50.00,50.00,0.00,"",0.00,115.00,107.00,84.00,1.00,612.00,0.00,0.00,0.00,0.00,50.00,
2016,7,6,3,2016-07-06,"AA",19805,"AA","2192",13930,"ORD","Chicago, IL","IL",11278,"DCA","Washington, DC","VA","1515","1526",11.00,11.00,12.00,13.00,"1810","1815",5.00,5.00,0.00,"",0.00,115.00,109.00,84.00,1.00,612.00,,,,,,
2016,7,7,4,2016-07-07,"AA",19805,"AA","2192",13930,"ORD","Chicago, IL","IL",11278,"DCA","Washington, DC","VA","1515","1510",-5.00,0.00,16.00,3.00,"1810","1752",-18.00,0.00,0.00,"",0.00,115.00,102.00,83.00,1.00,612.00,,,,,,
2016,7,8,5,2016-07-08,"AA",19805,"AA","2192",13930,"ORD","Chicago, IL","IL",11278,"DCA","Washington, DC","VA","1515","1509",-6.00,0.00,16.00,15.00,"1810","1800",-10.00,0.00,0.00,"",0.00,115.00,111.00,80.00,1.00,612.00,,,,,,
2016,7,9,6,2016-07-09,"AA",19805,"AA","2192",13930,"ORD","Chicago, IL","IL",11278,"DCA","Washington, DC","VA","1515","1511",-4.00,0.00,13.00,9.00,"1810","1751",-19.00,0.00,0.00,"",0.00,115.00,100.00,78.00,1.00,612.00,,,,,,
2016,7,10,7,2016-07-10,"AA",19805,"AA","2192",13930,"ORD","Chicago, IL","IL",11278,"DCA","Washington, DC","VA","1525","1522",-3.00,0.00,20.00,4.00,"1820","1811",-9.00,0.00,0.00,"",0.00,115.00,109.00,85.00,1.00,612.00,,,,,,
2016,7,11,1,2016-07-11,"AA",19805,"AA","2192",13930,"ORD","Chicago, IL","IL",11278,"DCA","Washington, DC","VA","1515","1512",-3.00,0.00,23.00,13.00,"1810","1816",6.00,6.00,0.00,"",0.00,115.00,124.00,88.00,1.00,612.00,,,,,,
2016,7,12,2,2016-07-12,"AA",19805,"AA","2192",13930,"ORD","Chicago, IL","IL",11278,"DCA","Washington, DC","VA","1515","1528",13.00,13.00,28.00,8.00,"1810","1831",21.00,21.00,0.00,"",0.00,115.00,123.00,87.00,1.00,612.00,0.00,0.00,8.00,0.00,13.00,
2016,7,13,3,2016-07-13,"AA",19805,"AA","2192",13930,"ORD","Chicago, IL","IL",11278,"DCA","Washington, DC","VA","1515","1530",15.00,15.00,34.00,6.00,"1810","1833",23.00,23.00,0.00,"",0.00,115.00,123.00,83.00,1.00,612.00,0.00,0.00,23.00,0.00,0.00,
2016,7,14,4,2016-07-14,"AA",19805,"AA","2192",13930,"ORD","Chicago, IL","IL",11278,"DCA","Washington, DC","VA","1515","1547",32.00,32.00,17.00,6.00,"1810","1829",19.00,19.00,0.00,"",0.00,115.00,102.00,79.00,1.00,612.00,3.00,0.00,0.00,0.00,16.00,
2016,7,15,5,2016-07-15,"AA",19805,"AA","2192",13930,"ORD","Chicago, IL","IL",11278,"DCA","Washington, DC","VA","1515","1512",-3.00,0.00,16.00,5.00,"1810","1750",-20.00,0.00,0.00,"",0.00,115.00,98.00,77.00,1.00,612.00,,,,,,
2016,7,16,6,2016-07-16,"AA",19805,"AA","2192",13930,"ORD","Chicago, IL","IL",11278,"DCA","Washington, DC","VA","1515","1521",6.00,6.00,73.00,5.00,"1810","1858",48.00,48.00,0.00,"",0.00,115.00,157.00,79.00,1.00,612.00,6.00,0.00,42.00,0.00,0.00,
2016,7,17,7,2016-07-17,"AA",19805,"AA","2192",13930,"ORD","Chicago, IL","IL",11278,"DCA","Washington, DC","VA","1525","1534",9.00,9.00,23.00,6.00,"1820","1827",7.00,7.00,0.00,"",0.00,115.00,113.00,84.00,1.00,612.00,,,,,,
2016,7,18,1,2016-07-18,"AA",19805,"AA","2192",13930,"ORD","Chicago, IL","IL",11278,"DCA","Washington, DC","VA","1515","1650",95.00,95.00,36.00,8.00,"1810","1952",102.00,102.00,0.00,"",0.00,115.00,122.00,78.00,1.00,612.00,0.00,0.00,71.00,0.00,31.00,
2016,7,19,2,2016-07-19,"AA",19805,"AA","2192",13930,"ORD","Chicago, IL","IL",11278,"DCA","Washington, DC","VA","1515","1513",-2.00,0.00,15.00,4.00,"1810","1748",-22.00,0.00,0.00,"",0.00,115.00,95.00,76.00,1.00,612.00,,,,,,
2016,7,20,3,2016-07-20,"AA",19805,"AA","2192",13930,"ORD","Chicago, IL","IL",11278,"DCA","Washington, DC","VA","1515","1516",1.00,1.00,11.00,7.00,"1810","1757",-13.00,0.00,0.00,"",0.00,115.00,101.00,83.00,1.00,612.00,,,,,,
2016,7,21,4,2016-07-21,"AA",19805,"AA","2192",13930,"ORD","Chicago, IL","IL",11278,"DCA","Washington, DC","VA","1515","1536",21.00,21.00,35.00,5.00,"1810","1851",41.00,41.00,0.00,"",0.00,115.00,135.00,95.00,1.00,612.00,0.00,0.00,31.00,0.00,10.00,
2016,7,22,5,2016-07-22,"AA",19805,"AA","2192",13930,"ORD","Chicago, IL","IL",11278,"DCA","Washington, DC","VA","1515","1530",15.00,15.00,20.00,12.00,"1810","1823",13.00,13.00,0.00,"",0.00,115.00,113.00,81.00,1.00,612.00,,,,,,
2016,7,23,6,2016-07-23,"AA",19805,"AA","2192",13930,"ORD","Chicago, IL","IL",11278,"DCA","Washington, DC","VA","1515","1514",-1.00,0.00,23.00,8.00,"1810","1806",-4.00,0.00,0.00,"",0.00,115.00,112.00,81.00,1.00,612.00,,,,,,
2016,7,24,7,2016-07-24,"AA",19805,"AA","2192",13930,"ORD","Chicago, IL","IL",11278,"DCA","Washington, DC","VA","1525","1654",89.00,89.00,12.00,10.00,"1820","1940",80.00,80.00,0.00,"",0.00,115.00,106.00,84.00,1.00,612.00,29.00,0.00,0.00,0.00,51.00,
2016,7,25,1,2016-07-25,"AA",19805,"AA","2192",13930,"ORD","Chicago, IL","IL",11278,"DCA","Washington, DC","VA","1515","1617",62.00,62.00,28.00,9.00,"1810","1912",62.00,62.00,0.00,"",0.00,115.00,115.00,78.00,1.00,612.00,0.00,0.00,53.00,0.00,9.00,
2016,7,26,2,2016-07-26,"AA",19805,"AA","2192",13930,"ORD","Chicago, IL","IL",11278,"DCA","Washington, DC","VA","1515","1517",2.00,2.00,14.00,4.00,"1810","1802",-8.00,0.00,0.00,"",0.00,115.00,105.00,87.00,1.00,612.00,,,,,,
2016,7,27,3,2016-07-27,"AA",19805,"AA","2192",13930,"ORD","Chicago, IL","IL",11278,"DCA","Washington, DC","VA","1515","1509",-6.00,0.00,30.00,6.00,"1810","1830",20.00,20.00,0.00,"",0.00,115.00,141.00,105.00,1.00,612.00,0.00,0.00,20.00,0.00,0.00,
2016,7,28,4,2016-07-28,"AA",19805,"AA","2192",13930,"ORD","Chicago, IL","IL",11278,"DCA","Washington, DC","VA","1515","2235",440.00,440.00,27.00,6.00,"1810","0135",445.00,445.00,0.00,"",0.00,115.00,120.00,87.00,1.00,612.00,0.00,366.00,5.00,0.00,74.00,
2016,7,29,5,2016-07-29,"AA",19805,"AA","2192",13930,"ORD","Chicago, IL","IL",11278,"DCA","Washington, DC","VA","1515","1609",54.00,54.00,29.00,5.00,"1810","1927",77.00,77.00,0.00,"",0.00,115.00,138.00,104.00,1.00,612.00,0.00,5.00,23.00,0.00,49.00,
2016,7,30,6,2016-07-30,"AA",19805,"AA","2192",13930,"ORD","Chicago, IL","IL",11278,"DCA","Washington, DC","VA","1515","1511",-4.00,0.00,21.00,14.00,"1810","1820",10.00,10.00,0.00,"",0.00,115.00,129.00,94.00,1.00,612.00,,,,,,
2016,7,31,7,2016-07-31,"AA",19805,"AA","2192",13930,"ORD","Chicago, IL","IL",11278,"DCA","Washington, DC","VA","1525","1615",50.00,50.00,14.00,8.00,"1820","1906",46.00,46.00,0.00,"",0.00,115.00,111.00,89.00,1.00,612.00,0.00,0.00,10.00,0.00,36.00,
2016,7,1,5,2016-07-01,"AA",19805,"AA","2193",13930,"ORD","Chicago, IL","IL",13303,"MIA","Miami, FL","FL","1845","2025",100.00,100.00,19.00,5.00,"2256","0014",78.00,78.00,0.00,"",0.00,191.00,169.00,145.00,1.00,1197.00,78.00,0.00,0.00,0.00,0.00,
2016,7,2,6,2016-07-02,"AA",19805,"AA","2193",13930,"ORD","Chicago, IL","IL",13303,"MIA","Miami, FL","FL","1845","",,,,,"2256","",,,1.00,"A",0.00,191.00,,,1.00,1197.00,,,,,,
2016,7,3,7,2016-07-03,"AA",19805,"AA","2193",13930,"ORD","Chicago, IL","IL",13303,"MIA","Miami, FL","FL","1845","1839",-6.00,0.00,18.00,5.00,"2256","2240",-16.00,0.00,0.00,"",0.00,191.00,181.00,158.00,1.00,1197.00,,,,,,
2016,7,4,1,2016-07-04,"AA",19805,"AA","2193",13930,"ORD","Chicago, IL","IL",13303,"MIA","Miami, FL","FL","1845","1843",-2.00,0.00,13.00,5.00,"2256","2237",-19.00,0.00,0.00,"",0.00,191.00,174.00,156.00,1.00,1197.00,,,,,,
2016,7,5,2,2016-07-05,"AA",19805,"AA","2193",13930,"ORD","Chicago, IL","IL",13303,"MIA","Miami, FL","FL","1845","1901",16.00,16.00,23.00,3.00,"2254","2259",5.00,5.00,0.00,"",0.00,189.00,178.00,152.00,1.00,1197.00,,,,,,
2016,7,6,3,2016-07-06,"AA",19805,"AA","2193",13930,"ORD","Chicago, IL","IL",13303,"MIA","Miami, FL","FL","1845","1840",-5.00,0.00,22.00,3.00,"2254","2238",-16.00,0.00,0.00,"",0.00,189.00,178.00,153.00,1.00,1197.00,,,,,,
2016,7,7,4,2016-07-07,"AA",19805,"AA","2193",13930,"ORD","Chicago, IL","IL",13303,"MIA","Miami, FL","FL","1845","1937",52.00,52.00,17.00,7.00,"2254","2337",43.00,43.00,0.00,"",0.00,189.00,180.00,156.00,1.00,1197.00,0.00,2.00,0.00,0.00,41.00,
2016,7,8,5,2016-07-08,"AA",19805,"AA","2193",13930,"ORD","Chicago, IL","IL",13303,"MIA","Miami, FL","FL","1845","1845",0.00,0.00,16.00,4.00,"2254","2235",-19.00,0.00,0.00,"",0.00,189.00,170.00,150.00,1.00,1197.00,,,,,,
2016,7,9,6,2016-07-09,"AA",19805,"AA","2193",13930,"ORD","Chicago, IL","IL",13303,"MIA","Miami, FL","FL","1845","1905",20.00,20.00,15.00,6.00,"2254","2259",5.00,5.00,0.00,"",0.00,189.00,174.00,153.00,1.00,1197.00,,,,,,
2016,7,10,7,2016-07-10,"AA",19805,"AA","2193",13930,"ORD","Chicago, IL","IL",13303,"MIA","Miami, FL","FL","1845","2138",173.00,173.00,16.00,5.00,"2254","0134",160.00,160.00,0.00,"",0.00,189.00,176.00,155.00,1.00,1197.00,21.00,0.00,0.00,0.00,139.00,
2016,7,11,1,2016-07-11,"AA",19805,"AA","2193",13930,"ORD","Chicago, IL","IL",13303,"MIA","Miami, FL","FL","1845","1949",64.00,64.00,18.00,5.00,"2254","2347",53.00,53.00,0.00,"",0.00,189.00,178.00,155.00,1.00,1197.00,9.00,0.00,0.00,0.00,44.00,
2016,7,12,2,2016-07-12,"AA",19805,"AA","2193",13930,"ORD","Chicago, IL","IL",13303,"MIA","Miami, FL","FL","1845","2145",180.00,180.00,22.00,7.00,"2254","0146",172.00,172.00,0.00,"",0.00,189.00,181.00,152.00,1.00,1197.00,30.00,0.00,0.00,0.00,142.00,
2016,7,13,3,2016-07-13,"AA",19805,"AA","2193",13930,"ORD","Chicago, IL","IL",13303,"MIA","Miami, FL","FL","1845","2057",132.00,132.00,39.00,3.00,"2254","0111",137.00,137.00,0.00,"",0.00,189.00,194.00,152.00,1.00,1197.00,0.00,0.00,67.00,0.00,70.00,
2016,7,14,4,2016-07-14,"AA",19805,"AA","2193",13930,"ORD","Chicago, IL","IL",13303,"MIA","Miami, FL","FL","1845","1855",10.00,10.00,14.00,4.00,"2254","2250",-4.00,0.00,0.00,"",0.00,189.00,175.00,157.00,1.00,1197.00,,,,,,
2016,7,15,5,2016-07-15,"AA",19805,"AA","2193",13930,"ORD","Chicago, IL","IL",13303,"MIA","Miami, FL","FL","1845","2224",219.00,219.00,18.00,4.00,"2254","0214",200.00,200.00,0.00,"",0.00,189.00,170.00,148.00,1.00,1197.00,22.00,0.00,0.00,0.00,178.00,
2016,7,16,6,2016-07-16,"AA",19805,"AA","2193",13930,"ORD","Chicago, IL","IL",13303,"MIA","Miami, FL","FL","1845","2003",78.00,78.00,13.00,4.00,"2254","2348",54.00,54.00,0.00,"",0.00,189.00,165.00,148.00,1.00,1197.00,1.00,0.00,0.00,0.00,53.00,
2016,7,17,7,2016-07-17,"AA",19805,"AA","2193",13930,"ORD","Chicago, IL","IL",13303,"MIA","Miami, FL","FL","1845","1855",10.00,10.00,13.00,8.00,"2254","2257",3.00,3.00,0.00,"",0.00,189.00,182.00,161.00,1.00,1197.00,,,,,,
2016,7,18,1,2016-07-18,"AA",19805,"AA","2193",13930,"ORD","Chicago, IL","IL",13303,"MIA","Miami, FL","FL","1845","1848",3.00,3.00,16.00,3.00,"2254","2239",-15.00,0.00,0.00,"",0.00,189.00,171.00,152.00,1.00,1197.00,,,,,,
2016,7,19,2,2016-07-19,"AA",19805,"AA","2193",13930,"ORD","Chicago, IL","IL",13303,"MIA","Miami, FL","FL","1845","1916",31.00,31.00,16.00,3.00,"2254","2259",5.00,5.00,0.00,"",0.00,189.00,163.00,144.00,1.00,1197.00,,,,,,
2016,7,20,3,2016-07-20,"AA",19805,"AA","2193",13930,"ORD","Chicago, IL","IL",13303,"MIA","Miami, FL","FL","1845","1859",14.00,14.00,11.00,6.00,"2254","2243",-11.00,0.00,0.00,"",0.00,189.00,164.00,147.00,1.00,1197.00,,,,,,
2016,7,21,4,2016-07-21,"AA",19805,"AA","2193",13930,"ORD","Chicago, IL","IL",13303,"MIA","Miami, FL","FL","1845","",,,,,"2254","",,,1.00,"C",0.00,189.00,,,1.00,1197.00,,,,,,
2016,7,22,5,2016-07-22,"AA",19805,"AA","2193",13930,"ORD","Chicago, IL","IL",13303,"MIA","Miami, FL","FL","1845","1844",-1.00,0.00,26.00,6.00,"2254","2244",-10.00,0.00,0.00,"",0.00,189.00,180.00,148.00,1.00,1197.00,,,,,,
2016,7,23,6,2016-07-23,"AA",19805,"AA","2193",13930,"ORD","Chicago, IL","IL",13303,"MIA","Miami, FL","FL","1845","2023",98.00,98.00,90.00,4.00,"2254","0121",147.00,147.00,0.00,"",0.00,189.00,238.00,144.00,1.00,1197.00,0.00,98.00,49.00,0.00,0.00,
2016,7,24,7,2016-07-24,"AA",19805,"AA","2193",13930,"ORD","Chicago, IL","IL",13303,"MIA","Miami, FL","FL","1845","2045",120.00,120.00,46.00,4.00,"2254","0117",143.00,143.00,0.00,"",0.00,189.00,212.00,162.00,1.00,1197.00,0.00,119.00,23.00,0.00,1.00,
2016,7,25,1,2016-07-25,"AA",19805,"AA","2193",13930,"ORD","Chicago, IL","IL",13303,"MIA","Miami, FL","FL","1845","1945",60.00,60.00,18.00,5.00,"2254","2345",51.00,51.00,0.00,"",0.00,189.00,180.00,157.00,1.00,1197.00,51.00,0.00,0.00,0.00,0.00,
2016,7,26,2,2016-07-26,"AA",19805,"AA","2193",13930,"ORD","Chicago, IL","IL",13303,"MIA","Miami, FL","FL","1845","1845",0.00,0.00,13.00,6.00,"2254","2237",-17.00,0.00,0.00,"",0.00,189.00,172.00,153.00,1.00,1197.00,,,,,,
2016,7,27,3,2016-07-27,"AA",19805,"AA","2193",13930,"ORD","Chicago, IL","IL",13303,"MIA","Miami, FL","FL","1845","1950",65.00,65.00,22.00,4.00,"2254","2352",58.00,58.00,0.00,"",0.00,189.00,182.00,156.00,1.00,1197.00,58.00,0.00,0.00,0.00,0.00,
2016,7,28,4,2016-07-28,"AA",19805,"AA","2193",13930,"ORD","Chicago, IL","IL",13303,"MIA","Miami, FL","FL","1845","2128",163.00,163.00,20.00,4.00,"2254","0118",144.00,144.00,0.00,"",0.00,189.00,170.00,146.00,1.00,1197.00,0.00,0.00,17.00,0.00,127.00,
2016,7,29,5,2016-07-29,"AA",19805,"AA","2193",13930,"ORD","Chicago, IL","IL",13303,"MIA","Miami, FL","FL","1845","2249",244.00,244.00,15.00,7.00,"2254","0234",220.00,220.00,0.00,"",0.00,189.00,165.00,143.00,1.00,1197.00,7.00,0.00,0.00,0.00,213.00,
2016,7,30,6,2016-07-30,"AA",19805,"AA","2193",13930,"ORD","Chicago, IL","IL",13303,"MIA","Miami, FL","FL","1845","1931",46.00,46.00,15.00,5.00,"2254","2322",28.00,28.00,0.00,"",0.00,189.00,171.00,151.00,1.00,1197.00,28.00,0.00,0.00,0.00,0.00,
2016,7,31,7,2016-07-31,"AA",19805,"AA","2193",13930,"ORD","Chicago, IL","IL",13303,"MIA","Miami, FL","FL","1845","1845",0.00,0.00,16.00,13.00,"2254","2250",-4.00,0.00,0.00,"",0.00,189.00,185.00,156.00,1.00,1197.00,,,,,,
2016,7,28,4,2016-07-28,"AA",19805,"AA","2194",11057,"CLT","Charlotte, NC","NC",10721,"BOS","Boston, MA","MA","1610","1819",129.00,129.00,19.00,7.00,"1821","2027",126.00,126.00,0.00,"",0.00,131.00,128.00,102.00,1.00,728.00,9.00,0.00,0.00,0.00,117.00,
2016,7,1,5,2016-07-01,"AA",19805,"AA","2194",11298,"DFW","Dallas/Fort Worth, TX","TX",11109,"COS","Colorado Springs, CO","CO","2359","2356",-3.00,0.00,14.00,5.00,"0048","0036",-12.00,0.00,0.00,"",0.00,109.00,100.00,81.00,1.00,592.00,,,,,,
2016,7,28,4,2016-07-28,"AA",19805,"AA","2194",13930,"ORD","Chicago, IL","IL",11057,"CLT","Charlotte, NC","NC","1205","1411",126.00,126.00,35.00,8.00,"1503","1720",137.00,137.00,0.00,"",0.00,118.00,129.00,86.00,1.00,599.00,0.00,87.00,11.00,0.00,39.00,
2016,7,5,2,2016-07-05,"AA",19805,"AA","2194",14747,"SEA","Seattle, WA","WA",14107,"PHX","Phoenix, AZ","AZ","0500","0512",12.00,12.00,14.00,4.00,"0752","0747",-5.00,0.00,0.00,"",0.00,172.00,155.00,137.00,1.00,1107.00,,,,,,
2016,7,1,5,2016-07-01,"AA",19805,"AA","2195",11298,"DFW","Dallas/Fort Worth, TX","TX",14869,"SLC","Salt Lake City, UT","UT","2345","2346",1.00,1.00,10.00,5.00,"0124","0114",-10.00,0.00,0.00,"",0.00,159.00,148.00,133.00,1.00,989.00,,,,,,
2016,7,24,7,2016-07-24,"AA",19805,"AA","2195",11298,"DFW","Dallas/Fort Worth, TX","TX",14869,"SLC","Salt Lake City, UT","UT","2345","2343",-2.00,0.00,13.00,7.00,"0124","0115",-9.00,0.00,0.00,"",0.00,159.00,152.00,132.00,1.00,989.00,,,,,,
2016,7,1,5,2016-07-01,"AA",19805,"AA","2195",15376,"TUS","Tucson, AZ","AZ",11298,"DFW","Dallas/Fort Worth, TX","TX","1314","1315",1.00,1.00,10.00,5.00,"1734","1723",-11.00,0.00,0.00,"",0.00,140.00,128.00,113.00,1.00,813.00,,,,,,
2016,7,2,6,2016-07-02,"AA",19805,"AA","2195",15376,"TUS","Tucson, AZ","AZ",11298,"DFW","Dallas/Fort Worth, TX","TX","1314","1317",3.00,3.00,9.00,9.00,"1734","1719",-15.00,0.00,0.00,"",0.00,140.00,122.00,104.00,1.00,813.00,,,,,,
2016,7,3,7,2016-07-03,"AA",19805,"AA","2195",15376,"TUS","Tucson, AZ","AZ",11298,"DFW","Dallas/Fort Worth, TX","TX","1314","1309",-5.00,0.00,7.00,12.00,"1734","1712",-22.00,0.00,0.00,"",0.00,140.00,123.00,104.00,1.00,813.00,,,,,,
2016,7,4,1,2016-07-04,"AA",19805,"AA","2195",15376,"TUS","Tucson, AZ","AZ",11298,"DFW","Dallas/Fort Worth, TX","TX","1314","1317",3.00,3.00,8.00,11.00,"1734","1725",-9.00,0.00,0.00,"",0.00,140.00,128.00,109.00,1.00,813.00,,,,,,
2016,7,5,2,2016-07-05,"AA",19805,"AA","2195",15376,"TUS","Tucson, AZ","AZ",11298,"DFW","Dallas/Fort Worth, TX","TX","1233","1235",2.00,2.00,20.00,13.00,"1651","1655",4.00,4.00,0.00,"",0.00,138.00,140.00,107.00,1.00,813.00,,,,,,
2016,7,6,3,2016-07-06,"AA",19805,"AA","2195",15376,"TUS","Tucson, AZ","AZ",11298,"DFW","Dallas/Fort Worth, TX","TX","1233","1310",37.00,37.00,21.00,9.00,"1651","1729",38.00,38.00,0.00,"",0.00,138.00,139.00,109.00,1.00,813.00,7.00,0.00,1.00,0.00,30.00,
2016,7,7,4,2016-07-07,"AA",19805,"AA","2195",15376,"TUS","Tucson, AZ","AZ",11298,"DFW","Dallas/Fort Worth, TX","TX","1233","1347",74.00,74.00,14.00,8.00,"1651","1756",65.00,65.00,0.00,"",0.00,138.00,129.00,107.00,1.00,813.00,4.00,0.00,0.00,0.00,61.00,
2016,7,8,5,2016-07-08,"AA",19805,"AA","2195",15376,"TUS","Tucson, AZ","AZ",11298,"DFW","Dallas/Fort Worth, TX","TX","1233","1230",-3.00,0.00,15.00,6.00,"1651","1644",-7.00,0.00,0.00,"",0.00,138.00,134.00,113.00,1.00,813.00,,,,,,
2016,7,9,6,2016-07-09,"AA",19805,"AA","2195",15376,"TUS","Tucson, AZ","AZ",11298,"DFW","Dallas/Fort Worth, TX","TX","1233","1231",-2.00,0.00,16.00,86.00,"1651","2140",,,0.00,"",1.00,138.00,,,1.00,813.00,,,,,,
2016,7,10,7,2016-07-10,"AA",19805,"AA","2195",15376,"TUS","Tucson, AZ","AZ",11298,"DFW","Dallas/Fort Worth, TX","TX","1233","1231",-2.00,0.00,24.00,22.00,"1651","1708",17.00,17.00,0.00,"",0.00,138.00,157.00,111.00,1.00,813.00,0.00,0.00,17.00,0.00,0.00,
2016,7,11,1,2016-07-11,"AA",19805,"AA","2195",15376,"TUS","Tucson, AZ","AZ",11298,"DFW","Dallas/Fort Worth, TX","TX","1233","1358",85.00,85.00,13.00,9.00,"1651","1808",77.00,77.00,0.00,"",0.00,138.00,130.00,108.00,1.00,813.00,1.00,0.00,0.00,0.00,76.00,
2016,7,12,2,2016-07-12,"AA",19805,"AA","2195",15376,"TUS","Tucson, AZ","AZ",11298,"DFW","Dallas/Fort Worth, TX","TX","1233","1337",64.00,64.00,12.00,10.00,"1651","1750",59.00,59.00,0.00,"",0.00,138.00,133.00,111.00,1.00,813.00,2.00,0.00,0.00,0.00,57.00,
2016,7,13,3,2016-07-13,"AA",19805,"AA","2195",15376,"TUS","Tucson, AZ","AZ",11298,"DFW","Dallas/Fort Worth, TX","TX","1233","1455",142.00,142.00,18.00,13.00,"1651","1917",146.00,146.00,0.00,"",0.00,138.00,142.00,111.00,1.00,813.00,0.00,0.00,4.00,0.00,142.00,
2016,7,14,4,2016-07-14,"AA",19805,"AA","2195",15376,"TUS","Tucson, AZ","AZ",11298,"DFW","Dallas/Fort Worth, TX","TX","1233","1255",22.00,22.00,19.00,12.00,"1651","1714",23.00,23.00,0.00,"",0.00,138.00,139.00,108.00,1.00,813.00,8.00,0.00,1.00,0.00,14.00,
2016,7,15,5,2016-07-15,"AA",19805,"AA","2195",15376,"TUS","Tucson, AZ","AZ",11298,"DFW","Dallas/Fort Worth, TX","TX","1233","1335",62.00,62.00,13.00,12.00,"1651","1752",61.00,61.00,0.00,"",0.00,138.00,137.00,112.00,1.00,813.00,61.00,0.00,0.00,0.00,0.00,
2016,7,16,6,2016-07-16,"AA",19805,"AA","2195",15376,"TUS","Tucson, AZ","AZ",11298,"DFW","Dallas/Fort Worth, TX","TX","1233","1258",25.00,25.00,15.00,15.00,"1651","1719",28.00,28.00,0.00,"",0.00,138.00,141.00,111.00,1.00,813.00,25.00,0.00,3.00,0.00,0.00,
2016,7,17,7,2016-07-17,"AA",19805,"AA","2195",15376,"TUS","Tucson, AZ","AZ",11298,"DFW","Dallas/Fort Worth, TX","TX","1233","1246",13.00,13.00,13.00,9.00,"1651","1700",9.00,9.00,0.00,"",0.00,138.00,134.00,112.00,1.00,813.00,,,,,,
2016,7,18,1,2016-07-18,"AA",19805,"AA","2195",15376,"TUS","Tucson, AZ","AZ",11298,"DFW","Dallas/Fort Worth, TX","TX","1233","1241",8.00,8.00,9.00,10.00,"1651","1652",1.00,1.00,0.00,"",0.00,138.00,131.00,112.00,1.00,813.00,,,,,,
2016,7,19,2,2016-07-19,"AA",19805,"AA","2195",15376,"TUS","Tucson, AZ","AZ",11298,"DFW","Dallas/Fort Worth, TX","TX","1233","1227",-6.00,0.00,11.00,6.00,"1651","1637",-14.00,0.00,0.00,"",0.00,138.00,130.00,113.00,1.00,813.00,,,,,,
2016,7,20,3,2016-07-20,"AA",19805,"AA","2195",15376,"TUS","Tucson, AZ","AZ",11298,"DFW","Dallas/Fort Worth, TX","TX","1233","1227",-6.00,0.00,9.00,9.00,"1651","1635",-16.00,0.00,0.00,"",0.00,138.00,128.00,110.00,1.00,813.00,,,,,,
2016,7,21,4,2016-07-21,"AA",19805,"AA","2195",15376,"TUS","Tucson, AZ","AZ",11298,"DFW","Dallas/Fort Worth, TX","TX","1233","1221",-12.00,0.00,18.00,13.00,"1651","1644",-7.00,0.00,0.00,"",0.00,138.00,143.00,112.00,1.00,813.00,,,,,,
2016,7,22,5,2016-07-22,"AA",19805,"AA","2195",15376,"TUS","Tucson, AZ","AZ",11298,"DFW","Dallas/Fort Worth, TX","TX","1233","1326",53.00,53.00,9.00,6.00,"1651","1733",42.00,42.00,0.00,"",0.00,138.00,127.00,112.00,1.00,813.00,6.00,0.00,0.00,0.00,36.00,
2016,7,23,6,2016-07-23,"AA",19805,"AA","2195",15376,"TUS","Tucson, AZ","AZ",11298,"DFW","Dallas/Fort Worth, TX","TX","1233","1226",-7.00,0.00,19.00,10.00,"1651","1647",-4.00,0.00,0.00,"",0.00,138.00,141.00,112.00,1.00,813.00,,,,,,
2016,7,24,7,2016-07-24,"AA",19805,"AA","2195",15376,"TUS","Tucson, AZ","AZ",11298,"DFW","Dallas/Fort Worth, TX","TX","1233","1236",3.00,3.00,13.00,7.00,"1651","1645",-6.00,0.00,0.00,"",0.00,138.00,129.00,109.00,1.00,813.00,,,,,,
2016,7,25,1,2016-07-25,"AA",19805,"AA","2195",15376,"TUS","Tucson, AZ","AZ",11298,"DFW","Dallas/Fort Worth, TX","TX","1233","1338",65.00,65.00,11.00,11.00,"1651","1758",67.00,67.00,0.00,"",0.00,138.00,140.00,118.00,1.00,813.00,1.00,0.00,2.00,0.00,64.00,
2016,7,26,2,2016-07-26,"AA",19805,"AA","2195",15376,"TUS","Tucson, AZ","AZ",11298,"DFW","Dallas/Fort Worth, TX","TX","1233","1250",17.00,17.00,11.00,4.00,"1651","1651",0.00,0.00,0.00,"",0.00,138.00,121.00,106.00,1.00,813.00,,,,,,
2016,7,27,3,2016-07-27,"AA",19805,"AA","2195",15376,"TUS","Tucson, AZ","AZ",11298,"DFW","Dallas/Fort Worth, TX","TX","1233","1622",229.00,229.00,25.00,9.00,"1651","2050",239.00,239.00,0.00,"",0.00,138.00,148.00,114.00,1.00,813.00,0.00,0.00,239.00,0.00,0.00,
2016,7,28,4,2016-07-28,"AA",19805,"AA","2195",15376,"TUS","Tucson, AZ","AZ",11298,"DFW","Dallas/Fort Worth, TX","TX","1233","1231",-2.00,0.00,21.00,8.00,"1651","1654",3.00,3.00,0.00,"",0.00,138.00,143.00,114.00,1.00,813.00,,,,,,
2016,7,29,5,2016-07-29,"AA",19805,"AA","2195",15376,"TUS","Tucson, AZ","AZ",11298,"DFW","Dallas/Fort Worth, TX","TX","1233","1353",80.00,80.00,15.00,8.00,"1651","1805",74.00,74.00,0.00,"",0.00,138.00,132.00,109.00,1.00,813.00,23.00,0.00,0.00,0.00,51.00,
2016,7,30,6,2016-07-30,"AA",19805,"AA","2195",15376,"TUS","Tucson, AZ","AZ",11298,"DFW","Dallas/Fort Worth, TX","TX","1233","1324",51.00,51.00,8.00,9.00,"1651","1729",38.00,38.00,0.00,"",0.00,138.00,125.00,108.00,1.00,813.00,10.00,0.00,0.00,0.00,28.00,
2016,7,31,7,2016-07-31,"AA",19805,"AA","2195",15376,"TUS","Tucson, AZ","AZ",11298,"DFW","Dallas/Fort Worth, TX","TX","1233","1310",37.00,37.00,9.00,14.00,"1651","1722",31.00,31.00,0.00,"",0.00,138.00,132.00,109.00,1.00,813.00,2.00,0.00,0.00,0.00,29.00,
2016,7,1,5,2016-07-01,"AA",19805,"AA","2196",11298,"DFW","Dallas/Fort Worth, TX","TX",10721,"BOS","Boston, MA","MA","1655","2216",321.00,321.00,14.00,5.00,"2138","0241",303.00,303.00,0.00,"",0.00,223.00,205.00,186.00,1.00,1562.00,0.00,0.00,7.00,0.00,296.00,
2016,7,2,6,2016-07-02,"AA",19805,"AA","2196",11298,"DFW","Dallas/Fort Worth, TX","TX",10721,"BOS","Boston, MA","MA","1655","1655",0.00,0.00,13.00,5.00,"2140","2117",-23.00,0.00,0.00,"",0.00,225.00,202.00,184.00,1.00,1562.00,,,,,,
2016,7,3,7,2016-07-03,"AA",19805,"AA","2196",11298,"DFW","Dallas/Fort Worth, TX","TX",10721,"BOS","Boston, MA","MA","1655","1749",54.00,54.00,9.00,5.00,"2138","2200",22.00,22.00,0.00,"",0.00,223.00,191.00,177.00,1.00,1562.00,18.00,0.00,0.00,0.00,4.00,
2016,7,4,1,2016-07-04,"AA",19805,"AA","2196",11298,"DFW","Dallas/Fort Worth, TX","TX",10721,"BOS","Boston, MA","MA","1655","1727",32.00,32.00,11.00,5.00,"2138","2137",-1.00,0.00,0.00,"",0.00,223.00,190.00,174.00,1.00,1562.00,,,,,,
2016,7,5,2,2016-07-05,"AA",19805,"AA","2196",11298,"DFW","Dallas/Fort Worth, TX","TX",10721,"BOS","Boston, MA","MA","1645","1643",-2.00,0.00,20.00,8.00,"2129","2123",-6.00,0.00,0.00,"",0.00,224.00,220.00,192.00,1.00,1562.00,,,,,,
2016,7,6,3,2016-07-06,"AA",19805,"AA","2196",11298,"DFW","Dallas/Fort Worth, TX","TX",10721,"BOS","Boston, MA","MA","1645","1641",-4.00,0.00,21.00,7.00,"2129","2131",2.00,2.00,0.00,"",0.00,224.00,230.00,202.00,1.00,1562.00,,,,,,
2016,7,7,4,2016-07-07,"AA",19805,"AA","2196",11298,"DFW","Dallas/Fort Worth, TX","TX",10721,"BOS","Boston, MA","MA","1645","1646",1.00,1.00,10.00,9.00,"2129","2135",6.00,6.00,0.00,"",0.00,224.00,229.00,210.00,1.00,1562.00,,,,,,
2016,7,8,5,2016-07-08,"AA",19805,"AA","2196",11298,"DFW","Dallas/Fort Worth, TX","TX",10721,"BOS","Boston, MA","MA","1645","1707",22.00,22.00,34.00,7.00,"2129","2205",36.00,36.00,0.00,"",0.00,224.00,238.00,197.00,1.00,1562.00,0.00,0.00,36.00,0.00,0.00,
2016,7,9,6,2016-07-09,"AA",19805,"AA","2196",11298,"DFW","Dallas/Fort Worth, TX","TX",10721,"BOS","Boston, MA","MA","1645","1709",24.00,24.00,53.00,5.00,"2129","2223",54.00,54.00,0.00,"",0.00,224.00,254.00,196.00,1.00,1562.00,0.00,24.00,30.00,0.00,0.00,
2016,7,10,7,2016-07-10,"AA",19805,"AA","2196",11298,"DFW","Dallas/Fort Worth, TX","TX",10721,"BOS","Boston, MA","MA","1645","1652",7.00,7.00,11.00,4.00,"2129","2122",-7.00,0.00,0.00,"",0.00,224.00,210.00,195.00,1.00,1562.00,,,,,,
2016,7,11,1,2016-07-11,"AA",19805,"AA","2196",11298,"DFW","Dallas/Fort Worth, TX","TX",10721,"BOS","Boston, MA","MA","1645","1641",-4.00,0.00,23.00,7.00,"2129","2126",-3.00,0.00,0.00,"",0.00,224.00,225.00,195.00,1.00,1562.00,,,,,,
2016,7,12,2,2016-07-12,"AA",19805,"AA","2196",11298,"DFW","Dallas/Fort Worth, TX","TX",10721,"BOS","Boston, MA","MA","1645","1641",-4.00,0.00,11.00,5.00,"2129","2123",-6.00,0.00,0.00,"",0.00,224.00,222.00,206.00,1.00,1562.00,,,,,,
2016,7,13,3,2016-07-13,"AA",19805,"AA","2196",11298,"DFW","Dallas/Fort Worth, TX","TX",10721,"BOS","Boston, MA","MA","1645","1649",4.00,4.00,16.00,8.00,"2129","2131",2.00,2.00,0.00,"",0.00,224.00,222.00,198.00,1.00,1562.00,,,,,,
2016,7,14,4,2016-07-14,"AA",19805,"AA","2196",11298,"DFW","Dallas/Fort Worth, TX","TX",10721,"BOS","Boston, MA","MA","1645","1644",-1.00,0.00,17.00,7.00,"2129","2122",-7.00,0.00,0.00,"",0.00,224.00,218.00,194.00,1.00,1562.00,,,,,,
2016,7,15,5,2016-07-15,"AA",19805,"AA","2196",11298,"DFW","Dallas/Fort Worth, TX","TX",10721,"BOS","Boston, MA","MA","1645","1715",30.00,30.00,26.00,6.00,"2129","2159",30.00,30.00,0.00,"",0.00,224.00,224.00,192.00,1.00,1562.00,30.00,0.00,0.00,0.00,0.00,
2016,7,16,6,2016-07-16,"AA",19805,"AA","2196",11298,"DFW","Dallas/Fort Worth, TX","TX",10721,"BOS","Boston, MA","MA","1645","1648",3.00,3.00,17.00,6.00,"2129","2121",-8.00,0.00,0.00,"",0.00,224.00,213.00,190.00,1.00,1562.00,,,,,,
2016,7,17,7,2016-07-17,"AA",19805,"AA","2196",11298,"DFW","Dallas/Fort Worth, TX","TX",10721,"BOS","Boston, MA","MA","1645","1645",0.00,0.00,11.00,13.00,"2129","2117",-12.00,0.00,0.00,"",0.00,224.00,212.00,188.00,1.00,1562.00,,,,,,
2016,7,18,1,2016-07-18,"AA",19805,"AA","2196",11298,"DFW","Dallas/Fort Worth, TX","TX",10721,"BOS","Boston, MA","MA","1645","1648",3.00,3.00,13.00,6.00,"2129","2147",18.00,18.00,0.00,"",0.00,224.00,239.00,220.00,1.00,1562.00,3.00,0.00,15.00,0.00,0.00,
2016,7,19,2,2016-07-19,"AA",19805,"AA","2196",11298,"DFW","Dallas/Fort Worth, TX","TX",10721,"BOS","Boston, MA","MA","1645","1644",-1.00,0.00,13.00,4.00,"2129","2122",-7.00,0.00,0.00,"",0.00,224.00,218.00,201.00,1.00,1562.00,,,,,,
2016,7,20,3,2016-07-20,"AA",19805,"AA","2196",11298,"DFW","Dallas/Fort Worth, TX","TX",10721,"BOS","Boston, MA","MA","1645","1641",-4.00,0.00,14.00,5.00,"2129","2121",-8.00,0.00,0.00,"",0.00,224.00,220.00,201.00,1.00,1562.00,,,,,,
2016,7,21,4,2016-07-21,"AA",19805,"AA","2196",11298,"DFW","Dallas/Fort Worth, TX","TX",10721,"BOS","Boston, MA","MA","1645","1641",-4.00,0.00,24.00,8.00,"2129","2129",0.00,0.00,0.00,"",0.00,224.00,228.00,196.00,1.00,1562.00,,,,,,
2016,7,22,5,2016-07-22,"AA",19805,"AA","2196",11298,"DFW","Dallas/Fort Worth, TX","TX",10721,"BOS","Boston, MA","MA","1645","1646",1.00,1.00,13.00,10.00,"2129","2118",-11.00,0.00,0.00,"",0.00,224.00,212.00,189.00,1.00,1562.00,,,,,,
2016,7,23,6,2016-07-23,"AA",19805,"AA","2196",11298,"DFW","Dallas/Fort Worth, TX","TX",10721,"BOS","Boston, MA","MA","1645","1642",-3.00,0.00,21.00,13.00,"2129","2140",11.00,11.00,0.00,"",0.00,224.00,238.00,204.00,1.00,1562.00,,,,,,
2016,7,24,7,2016-07-24,"AA",19805,"AA","2196",11298,"DFW","Dallas/Fort Worth, TX","TX",10721,"BOS","Boston, MA","MA","1645","1656",11.00,11.00,11.00,10.00,"2129","2129",0.00,0.00,0.00,"",0.00,224.00,213.00,192.00,1.00,1562.00,,,,,,
2016,7,25,1,2016-07-25,"AA",19805,"AA","2196",11298,"DFW","Dallas/Fort Worth, TX","TX",10721,"BOS","Boston, MA","MA","1645","1702",17.00,17.00,56.00,5.00,"2129","2218",49.00,49.00,0.00,"",0.00,224.00,256.00,195.00,1.00,1562.00,0.00,0.00,49.00,0.00,0.00,
2016,7,26,2,2016-07-26,"AA",19805,"AA","2196",11298,"DFW","Dallas/Fort Worth, TX","TX",10721,"BOS","Boston, MA","MA","1645","1645",0.00,0.00,29.00,5.00,"2129","2134",5.00,5.00,0.00,"",0.00,224.00,229.00,195.00,1.00,1562.00,,,,,,
2016,7,27,3,2016-07-27,"AA",19805,"AA","2196",11298,"DFW","Dallas/Fort Worth, TX","TX",10721,"BOS","Boston, MA","MA","1645","1814",89.00,89.00,22.00,5.00,"2129","2251",82.00,82.00,0.00,"",0.00,224.00,217.00,190.00,1.00,1562.00,0.00,8.00,0.00,0.00,74.00,
2016,7,28,4,2016-07-28,"AA",19805,"AA","2196",11298,"DFW","Dallas/Fort Worth, TX","TX",10721,"BOS","Boston, MA","MA","1645","1818",93.00,93.00,35.00,5.00,"2129","2304",95.00,95.00,0.00,"",0.00,224.00,226.00,186.00,1.00,1562.00,10.00,0.00,2.00,0.00,83.00,
2016,7,29,5,2016-07-29,"AA",19805,"AA","2196",11298,"DFW","Dallas/Fort Worth, TX","TX",10721,"BOS","Boston, MA","MA","1645","1736",51.00,51.00,9.00,6.00,"2129","2154",25.00,25.00,0.00,"",0.00,224.00,198.00,183.00,1.00,1562.00,18.00,0.00,0.00,0.00,7.00,
2016,7,30,6,2016-07-30,"AA",19805,"AA","2196",11298,"DFW","Dallas/Fort Worth, TX","TX",10721,"BOS","Boston, MA","MA","1645","1701",16.00,16.00,32.00,5.00,"2129","2141",12.00,12.00,0.00,"",0.00,224.00,220.00,183.00,1.00,1562.00,,,,,,
2016,7,31,7,2016-07-31,"AA",19805,"AA","2196",11298,"DFW","Dallas/Fort Worth, TX","TX",10721,"BOS","Boston, MA","MA","1645","1642",-3.00,0.00,19.00,8.00,"2129","2123",-6.00,0.00,0.00,"",0.00,224.00,221.00,194.00,1.00,1562.00,,,,,,
2016,7,1,5,2016-07-01,"AA",19805,"AA","2197",11042,"CLE","Cleveland, OH","OH",11298,"DFW","Dallas/Fort Worth, TX","TX","1145","1141",-4.00,0.00,8.00,10.00,"1327","1314",-13.00,0.00,0.00,"",0.00,162.00,153.00,135.00,1.00,1021.00,,,,,,
2016,7,2,6,2016-07-02,"AA",19805,"AA","2197",11042,"CLE","Cleveland, OH","OH",11298,"DFW","Dallas/Fort Worth, TX","TX","1145","1150",5.00,5.00,13.00,12.00,"1327","1333",6.00,6.00,0.00,"",0.00,162.00,163.00,138.00,1.00,1021.00,,,,,,
2016,7,3,7,2016-07-03,"AA",19805,"AA","2197",11042,"CLE","Cleveland, OH","OH",11298,"DFW","Dallas/Fort Worth, TX","TX","1145","1138",-7.00,0.00,15.00,5.00,"1327","1319",-8.00,0.00,0.00,"",0.00,162.00,161.00,141.00,1.00,1021.00,,,,,,
2016,7,4,1,2016-07-04,"AA",19805,"AA","2197",11042,"CLE","Cleveland, OH","OH",11298,"DFW","Dallas/Fort Worth, TX","TX","1145","1137",-8.00,0.00,18.00,10.00,"1327","1341",14.00,14.00,0.00,"",0.00,162.00,184.00,156.00,1.00,1021.00,,,,,,
2016,7,5,2,2016-07-05,"AA",19805,"AA","2197",11042,"CLE","Cleveland, OH","OH",11298,"DFW","Dallas/Fort Worth, TX","TX","1145","1137",-8.00,0.00,9.00,11.00,"1327","1314",-13.00,0.00,0.00,"",0.00,162.00,157.00,137.00,1.00,1021.00,,,,,,
2016,7,6,3,2016-07-06,"AA",19805,"AA","2197",11042,"CLE","Cleveland, OH","OH",11298,"DFW","Dallas/Fort Worth, TX","TX","1145","1146",1.00,1.00,8.00,8.00,"1327","1316",-11.00,0.00,0.00,"",0.00,162.00,150.00,134.00,1.00,1021.00,,,,,,
2016,7,7,4,2016-07-07,"AA",19805,"AA","2197",11042,"CLE","Cleveland, OH","OH",11298,"DFW","Dallas/Fort Worth, TX","TX","1145","1159",14.00,14.00,8.00,10.00,"1327","1333",6.00,6.00,0.00,"",0.00,162.00,154.00,136.00,1.00,1021.00,,,,,,
2016,7,8,5,2016-07-08,"AA",19805,"AA","2197",11042,"CLE","Cleveland, OH","OH",11298,"DFW","Dallas/Fort Worth, TX","TX","1145","1309",84.00,84.00,12.00,5.00,"1327","1438",71.00,71.00,0.00,"",0.00,162.00,149.00,132.00,1.00,1021.00,71.00,0.00,0.00,0.00,0.00,
2016,7,9,6,2016-07-09,"AA",19805,"AA","2197",11042,"CLE","Cleveland, OH","OH",11298,"DFW","Dallas/Fort Worth, TX","TX","1145","1151",6.00,6.00,7.00,11.00,"1327","1325",-2.00,0.00,0.00,"",0.00,162.00,154.00,136.00,1.00,1021.00,,,,,,
2016,7,10,7,2016-07-10,"AA",19805,"AA","2197",11042,"CLE","Cleveland, OH","OH",11298,"DFW","Dallas/Fort Worth, TX","TX","1145","1147",2.00,2.00,14.00,16.00,"1327","1334",7.00,7.00,0.00,"",0.00,162.00,167.00,137.00,1.00,1021.00,,,,,,
2016,7,11,1,2016-07-11,"AA",19805,"AA","2197",11042,"CLE","Cleveland, OH","OH",11298,"DFW","Dallas/Fort Worth, TX","TX","1145","1141",-4.00,0.00,9.00,15.00,"1327","1313",-14.00,0.00,0.00,"",0.00,162.00,152.00,128.00,1.00,1021.00,,,,,,
2016,7,12,2,2016-07-12,"AA",19805,"AA","2197",11042,"CLE","Cleveland, OH","OH",11298,"DFW","Dallas/Fort Worth, TX","TX","1145","1144",-1.00,0.00,11.00,11.00,"1327","1320",-7.00,0.00,0.00,"",0.00,162.00,156.00,134.00,1.00,1021.00,,,,,,
2016,7,13,3,2016-07-13,"AA",19805,"AA","2197",11042,"CLE","Cleveland, OH","OH",11298,"DFW","Dallas/Fort Worth, TX","TX","1145","1159",14.00,14.00,13.00,10.00,"1327","1337",10.00,10.00,0.00,"",0.00,162.00,158.00,135.00,1.00,1021.00,,,,,,
2016,7,14,4,2016-07-14,"AA",19805,"AA","2197",11042,"CLE","Cleveland, OH","OH",11298,"DFW","Dallas/Fort Worth, TX","TX","1145","1141",-4.00,0.00,12.00,12.00,"1327","1315",-12.00,0.00,0.00,"",0.00,162.00,154.00,130.00,1.00,1021.00,,,,,,
2016,7,15,5,2016-07-15,"AA",19805,"AA","2197",11042,"CLE","Cleveland, OH","OH",11298,"DFW","Dallas/Fort Worth, TX","TX","1145","1140",-5.00,0.00,20.00,15.00,"1327","1352",25.00,25.00,0.00,"",0.00,162.00,192.00,157.00,1.00,1021.00,0.00,0.00,25.00,0.00,0.00,
2016,7,16,6,2016-07-16,"AA",19805,"AA","2197",11042,"CLE","Cleveland, OH","OH",11298,"DFW","Dallas/Fort Worth, TX","TX","1145","1142",-3.00,0.00,14.00,6.00,"1327","1321",-6.00,0.00,0.00,"",0.00,162.00,159.00,139.00,1.00,1021.00,,,,,,
2016,7,17,7,2016-07-17,"AA",19805,"AA","2197",11042,"CLE","Cleveland, OH","OH",11298,"DFW","Dallas/Fort Worth, TX","TX","1145","1151",6.00,6.00,12.00,11.00,"1327","1330",3.00,3.00,0.00,"",0.00,162.00,159.00,136.00,1.00,1021.00,,,,,,
2016,7,18,1,2016-07-18,"AA",19805,"AA","2197",11042,"CLE","Cleveland, OH","OH",11298,"DFW","Dallas/Fort Worth, TX","TX","1145","1138",-7.00,0.00,8.00,9.00,"1327","1310",-17.00,0.00,0.00,"",0.00,162.00,152.00,135.00,1.00,1021.00,,,,,,
2016,7,19,2,2016-07-19,"AA",19805,"AA","2197",11042,"CLE","Cleveland, OH","OH",11298,"DFW","Dallas/Fort Worth, TX","TX","1145","1204",19.00,19.00,12.00,10.00,"1327","1338",11.00,11.00,0.00,"",0.00,162.00,154.00,132.00,1.00,1021.00,,,,,,
2016,7,20,3,2016-07-20,"AA",19805,"AA","2197",11042,"CLE","Cleveland, OH","OH",11298,"DFW","Dallas/Fort Worth, TX","TX","1145","1138",-7.00,0.00,10.00,8.00,"1327","1305",-22.00,0.00,0.00,"",0.00,162.00,147.00,129.00,1.00,1021.00,,,,,,
2016,7,21,4,2016-07-21,"AA",19805,"AA","2197",11042,"CLE","Cleveland, OH","OH",11298,"DFW","Dallas/Fort Worth, TX","TX","1145","1156",11.00,11.00,13.00,14.00,"1327","1332",5.00,5.00,0.00,"",0.00,162.00,156.00,129.00,1.00,1021.00,,,,,,
2016,7,22,5,2016-07-22,"AA",19805,"AA","2197",11042,"CLE","Cleveland, OH","OH",11298,"DFW","Dallas/Fort Worth, TX","TX","1145","1152",7.00,7.00,24.00,12.00,"1327","1345",18.00,18.00,0.00,"",0.00,162.00,173.00,137.00,1.00,1021.00,7.00,0.00,11.00,0.00,0.00,
2016,7,23,6,2016-07-23,"AA",19805,"AA","2197",11042,"CLE","Cleveland, OH","OH",11298,"DFW","Dallas/Fort Worth, TX","TX","1145","1241",56.00,56.00,12.00,4.00,"1327","1408",41.00,41.00,0.00,"",0.00,162.00,147.00,131.00,1.00,1021.00,1.00,0.00,0.00,0.00,40.00,
2016,7,24,7,2016-07-24,"AA",19805,"AA","2197",11042,"CLE","Cleveland, OH","OH",11298,"DFW","Dallas/Fort Worth, TX","TX","1145","1142",-3.00,0.00,7.00,12.00,"1327","1316",-11.00,0.00,0.00,"",0.00,162.00,154.00,135.00,1.00,1021.00,,,,,,
2016,7,25,1,2016-07-25,"AA",19805,"AA","2197",11042,"CLE","Cleveland, OH","OH",11298,"DFW","Dallas/Fort Worth, TX","TX","1145","1202",17.00,17.00,13.00,11.00,"1327","1339",12.00,12.00,0.00,"",0.00,162.00,157.00,133.00,1.00,1021.00,,,,,,
2016,7,26,2,2016-07-26,"AA",19805,"AA","2197",11042,"CLE","Cleveland, OH","OH",11298,"DFW","Dallas/Fort Worth, TX","TX","1145","1232",47.00,47.00,10.00,7.00,"1327","1416",49.00,49.00,0.00,"",0.00,162.00,164.00,147.00,1.00,1021.00,47.00,0.00,2.00,0.00,0.00,
2016,7,27,3,2016-07-27,"AA",19805,"AA","2197",11042,"CLE","Cleveland, OH","OH",11298,"DFW","Dallas/Fort Worth, TX","TX","1145","1147",2.00,2.00,11.00,12.00,"1327","1326",-1.00,0.00,0.00,"",0.00,162.00,159.00,136.00,1.00,1021.00,,,,,,
2016,7,28,4,2016-07-28,"AA",19805,"AA","2197",11042,"CLE","Cleveland, OH","OH",11298,"DFW","Dallas/Fort Worth, TX","TX","1145","1142",-3.00,0.00,12.00,13.00,"1327","1335",8.00,8.00,0.00,"",0.00,162.00,173.00,148.00,1.00,1021.00,,,,,,
2016,7,29,5,2016-07-29,"AA",19805,"AA","2197",11042,"CLE","Cleveland, OH","OH",11298,"DFW","Dallas/Fort Worth, TX","TX","1145","",,,,,"1327","",,,1.00,"A",0.00,162.00,,,1.00,1021.00,,,,,,
2016,7,30,6,2016-07-30,"AA",19805,"AA","2197",11042,"CLE","Cleveland, OH","OH",11298,"DFW","Dallas/Fort Worth, TX","TX","1145","1152",7.00,7.00,12.00,11.00,"1327","1336",9.00,9.00,0.00,"",0.00,162.00,164.00,141.00,1.00,1021.00,,,,,,
2016,7,31,7,2016-07-31,"AA",19805,"AA","2197",11042,"CLE","Cleveland, OH","OH",11298,"DFW","Dallas/Fort Worth, TX","TX","1145","1253",68.00,68.00,10.00,6.00,"1327","1422",55.00,55.00,0.00,"",0.00,162.00,149.00,133.00,1.00,1021.00,0.00,0.00,0.00,0.00,55.00,
2016,7,1,5,2016-07-01,"AA",19805,"AA","2197",11298,"DFW","Dallas/Fort Worth, TX","TX",11042,"CLE","Cleveland, OH","OH","0720","0715",-5.00,0.00,10.00,8.00,"1056","1048",-8.00,0.00,0.00,"",0.00,156.00,153.00,135.00,1.00,1021.00,,,,,,
2016,7,2,6,2016-07-02,"AA",19805,"AA","2197",11298,"DFW","Dallas/Fort Worth, TX","TX",11042,"CLE","Cleveland, OH","OH","0720","0718",-2.00,0.00,11.00,5.00,"1056","1042",-14.00,0.00,0.00,"",0.00,156.00,144.00,128.00,1.00,1021.00,,,,,,
2016,7,5,2,2016-07-05,"AA",19805,"AA","2197",11298,"DFW","Dallas/Fort Worth, TX","TX",11042,"CLE","Cleveland, OH","OH","0720","0715",-5.00,0.00,11.00,7.00,"1056","1043",-13.00,0.00,0.00,"",0.00,156.00,148.00,130.00,1.00,1021.00,,,,,,
2016,7,6,3,2016-07-06,"AA",19805,"AA","2197",11298,"DFW","Dallas/Fort Worth, TX","TX",11042,"CLE","Cleveland, OH","OH","0720","0721",1.00,1.00,17.00,9.00,"1056","1108",12.00,12.00,0.00,"",0.00,156.00,167.00,141.00,1.00,1021.00,,,,,,
2016,7,7,4,2016-07-07,"AA",19805,"AA","2197",11298,"DFW","Dallas/Fort Worth, TX","TX",11042,"CLE","Cleveland, OH","OH","0720","0717",-3.00,0.00,38.00,7.00,"1056","1121",25.00,25.00,0.00,"",0.00,156.00,184.00,139.00,1.00,1021.00,0.00,0.00,25.00,0.00,0.00,
2016,7,8,5,2016-07-08,"AA",19805,"AA","2197",11298,"DFW","Dallas/Fort Worth, TX","TX",11042,"CLE","Cleveland, OH","OH","0720","0732",12.00,12.00,11.00,4.00,"1056","1057",1.00,1.00,0.00,"",0.00,156.00,145.00,130.00,1.00,1021.00,,,,,,
2016,7,9,6,2016-07-09,"AA",19805,"AA","2197",11298,"DFW","Dallas/Fort Worth, TX","TX",11042,"CLE","Cleveland, OH","OH","0720","0730",10.00,10.00,16.00,5.00,"1056","1110",14.00,14.00,0.00,"",0.00,156.00,160.00,139.00,1.00,1021.00,,,,,,
2016,7,10,7,2016-07-10,"AA",19805,"AA","2197",11298,"DFW","Dallas/Fort Worth, TX","TX",11042,"CLE","Cleveland, OH","OH","0720","0717",-3.00,0.00,26.00,3.00,"1056","1059",3.00,3.00,0.00,"",0.00,156.00,162.00,133.00,1.00,1021.00,,,,,,
2016,7,11,1,2016-07-11,"AA",19805,"AA","2197",11298,"DFW","Dallas/Fort Worth, TX","TX",11042,"CLE","Cleveland, OH","OH","0720","0719",-1.00,0.00,12.00,9.00,"1056","1055",-1.00,0.00,0.00,"",0.00,156.00,156.00,135.00,1.00,1021.00,,,,,,
2016,7,12,2,2016-07-12,"AA",19805,"AA","2197",11298,"DFW","Dallas/Fort Worth, TX","TX",11042,"CLE","Cleveland, OH","OH","0720","0719",-1.00,0.00,15.00,11.00,"1056","1103",7.00,7.00,0.00,"",0.00,156.00,164.00,138.00,1.00,1021.00,,,,,,
2016,7,13,3,2016-07-13,"AA",19805,"AA","2197",11298,"DFW","Dallas/Fort Worth, TX","TX",11042,"CLE","Cleveland, OH","OH","0720","0743",23.00,23.00,16.00,8.00,"1056","1117",21.00,21.00,0.00,"",0.00,156.00,154.00,130.00,1.00,1021.00,21.00,0.00,0.00,0.00,0.00,
2016,7,14,4,2016-07-14,"AA",19805,"AA","2197",11298,"DFW","Dallas/Fort Worth, TX","TX",11042,"CLE","Cleveland, OH","OH","0720","0714",-6.00,0.00,18.00,5.00,"1056","1049",-7.00,0.00,0.00,"",0.00,156.00,155.00,132.00,1.00,1021.00,,,,,,
2016,7,15,5,2016-07-15,"AA",19805,"AA","2197",11298,"DFW","Dallas/Fort Worth, TX","TX",11042,"CLE","Cleveland, OH","OH","0720","0730",10.00,10.00,14.00,7.00,"1056","1102",6.00,6.00,0.00,"",0.00,156.00,152.00,131.00,1.00,1021.00,,,,,,
2016,7,16,6,2016-07-16,"AA",19805,"AA","2197",11298,"DFW","Dallas/Fort Worth, TX","TX",11042,"CLE","Cleveland, OH","OH","0720","0722",2.00,2.00,15.00,12.00,"1056","1054",-2.00,0.00,0.00,"",0.00,156.00,152.00,125.00,1.00,1021.00,,,,,,
2016,7,17,7,2016-07-17,"AA",19805,"AA","2197",11298,"DFW","Dallas/Fort Worth, TX","TX",11042,"CLE","Cleveland, OH","OH","0720","0721",1.00,1.00,27.00,11.00,"1056","1112",16.00,16.00,0.00,"",0.00,156.00,171.00,133.00,1.00,1021.00,1.00,0.00,15.00,0.00,0.00,
2016,7,18,1,2016-07-18,"AA",19805,"AA","2197",11298,"DFW","Dallas/Fort Worth, TX","TX",11042,"CLE","Cleveland, OH","OH","0720","0713",-7.00,0.00,16.00,6.00,"1056","1048",-8.00,0.00,0.00,"",0.00,156.00,155.00,133.00,1.00,1021.00,,,,,,
2016,7,19,2,2016-07-19,"AA",19805,"AA","2197",11298,"DFW","Dallas/Fort Worth, TX","TX",11042,"CLE","Cleveland, OH","OH","0720","0806",46.00,46.00,10.00,3.00,"1056","1125",29.00,29.00,0.00,"",0.00,156.00,139.00,126.00,1.00,1021.00,29.00,0.00,0.00,0.00,0.00,
2016,7,20,3,2016-07-20,"AA",19805,"AA","2197",11298,"DFW","Dallas/Fort Worth, TX","TX",11042,"CLE","Cleveland, OH","OH","0720","0713",-7.00,0.00,19.00,5.00,"1056","1049",-7.00,0.00,0.00,"",0.00,156.00,156.00,132.00,1.00,1021.00,,,,,,
2016,7,21,4,2016-07-21,"AA",19805,"AA","2197",11298,"DFW","Dallas/Fort Worth, TX","TX",11042,"CLE","Cleveland, OH","OH","0720","0730",10.00,10.00,16.00,9.00,"1056","1120",24.00,24.00,0.00,"",0.00,156.00,170.00,145.00,1.00,1021.00,10.00,0.00,14.00,0.00,0.00,
2016,7,22,5,2016-07-22,"AA",19805,"AA","2197",11298,"DFW","Dallas/Fort Worth, TX","TX",11042,"CLE","Cleveland, OH","OH","0720","0715",-5.00,0.00,17.00,8.00,"1056","1105",9.00,9.00,0.00,"",0.00,156.00,170.00,145.00,1.00,1021.00,,,,,,
2016,7,23,6,2016-07-23,"AA",19805,"AA","2197",11298,"DFW","Dallas/Fort Worth, TX","TX",11042,"CLE","Cleveland, OH","OH","0720","0832",72.00,72.00,10.00,7.00,"1056","1159",63.00,63.00,0.00,"",0.00,156.00,147.00,130.00,1.00,1021.00,63.00,0.00,0.00,0.00,0.00,
2016,7,24,7,2016-07-24,"AA",19805,"AA","2197",11298,"DFW","Dallas/Fort Worth, TX","TX",11042,"CLE","Cleveland, OH","OH","0720","0717",-3.00,0.00,11.00,6.00,"1056","1050",-6.00,0.00,0.00,"",0.00,156.00,153.00,136.00,1.00,1021.00,,,,,,
2016,7,25,1,2016-07-25,"AA",19805,"AA","2197",11298,"DFW","Dallas/Fort Worth, TX","TX",11042,"CLE","Cleveland, OH","OH","0720","0752",32.00,32.00,8.00,6.00,"1056","1118",22.00,22.00,0.00,"",0.00,156.00,146.00,132.00,1.00,1021.00,22.00,0.00,0.00,0.00,0.00,
2016,7,26,2,2016-07-26,"AA",19805,"AA","2197",11298,"DFW","Dallas/Fort Worth, TX","TX",11042,"CLE","Cleveland, OH","OH","0720","0713",-7.00,0.00,24.00,3.00,"1056","1050",-6.00,0.00,0.00,"",0.00,156.00,157.00,130.00,1.00,1021.00,,,,,,
2016,7,27,3,2016-07-27,"AA",19805,"AA","2197",11298,"DFW","Dallas/Fort Worth, TX","TX",11042,"CLE","Cleveland, OH","OH","0720","0720",0.00,0.00,19.00,3.00,"1056","1051",-5.00,0.00,0.00,"",0.00,156.00,151.00,129.00,1.00,1021.00,,,,,,
2016,7,28,4,2016-07-28,"AA",19805,"AA","2197",11298,"DFW","Dallas/Fort Worth, TX","TX",11042,"CLE","Cleveland, OH","OH","0720","0715",-5.00,0.00,14.00,4.00,"1056","1044",-12.00,0.00,0.00,"",0.00,156.00,149.00,131.00,1.00,1021.00,,,,,,
2016,7,29,5,2016-07-29,"AA",19805,"AA","2197",11298,"DFW","Dallas/Fort Worth, TX","TX",11042,"CLE","Cleveland, OH","OH","0720","0716",-4.00,0.00,16.00,4.00,"1056","1039",-17.00,0.00,0.00,"",0.00,156.00,143.00,123.00,1.00,1021.00,,,,,,
2016,7,30,6,2016-07-30,"AA",19805,"AA","2197",11298,"DFW","Dallas/Fort Worth, TX","TX",11042,"CLE","Cleveland, OH","OH","0720","0714",-6.00,0.00,15.00,5.00,"1056","1038",-18.00,0.00,0.00,"",0.00,156.00,144.00,124.00,1.00,1021.00,,,,,,
2016,7,31,7,2016-07-31,"AA",19805,"AA","2197",11298,"DFW","Dallas/Fort Worth, TX","TX",11042,"CLE","Cleveland, OH","OH","0720","0836",76.00,76.00,11.00,9.00,"1056","1214",78.00,78.00,0.00,"",0.00,156.00,158.00,138.00,1.00,1021.00,16.00,0.00,2.00,0.00,60.00,
2016,7,1,5,2016-07-01,"AA",19805,"AA","2198",13930,"ORD","Chicago, IL","IL",13204,"MCO","Orlando, FL","FL","1240","1250",10.00,10.00,20.00,16.00,"1618","1637",19.00,19.00,0.00,"",0.00,158.00,167.00,131.00,1.00,1005.00,10.00,0.00,9.00,0.00,0.00,
2016,7,2,6,2016-07-02,"AA",19805,"AA","2198",13930,"ORD","Chicago, IL","IL",13204,"MCO","Orlando, FL","FL","1316","1328",12.00,12.00,18.00,33.00,"1652","1722",30.00,30.00,0.00,"",0.00,156.00,174.00,123.00,1.00,1005.00,0.00,0.00,18.00,0.00,12.00,
2016,7,3,7,2016-07-03,"AA",19805,"AA","2198",13930,"ORD","Chicago, IL","IL",13204,"MCO","Orlando, FL","FL","1240","1236",-4.00,0.00,14.00,7.00,"1618","1604",-14.00,0.00,0.00,"",0.00,158.00,148.00,127.00,1.00,1005.00,,,,,,
2016,7,4,1,2016-07-04,"AA",19805,"AA","2198",13930,"ORD","Chicago, IL","IL",13204,"MCO","Orlando, FL","FL","1240","1240",0.00,0.00,15.00,6.00,"1618","1611",-7.00,0.00,0.00,"",0.00,158.00,151.00,130.00,1.00,1005.00,,,,,,
2016,7,5,2,2016-07-05,"AA",19805,"AA","2198",13930,"ORD","Chicago, IL","IL",13204,"MCO","Orlando, FL","FL","1235","1231",-4.00,0.00,35.00,11.00,"1617","1626",9.00,9.00,0.00,"",0.00,162.00,175.00,129.00,1.00,1005.00,,,,,,
2016,7,6,3,2016-07-06,"AA",19805,"AA","2198",13930,"ORD","Chicago, IL","IL",13204,"MCO","Orlando, FL","FL","1235","1314",39.00,39.00,24.00,9.00,"1617","1702",45.00,45.00,0.00,"",0.00,162.00,168.00,135.00,1.00,1005.00,0.00,0.00,6.00,0.00,39.00,
2016,7,7,4,2016-07-07,"AA",19805,"AA","2198",13930,"ORD","Chicago, IL","IL",13204,"MCO","Orlando, FL","FL","1235","1251",16.00,16.00,11.00,5.00,"1617","1613",-4.00,0.00,0.00,"",0.00,162.00,142.00,126.00,1.00,1005.00,,,,,,
2016,7,8,5,2016-07-08,"AA",19805,"AA","2198",13930,"ORD","Chicago, IL","IL",13204,"MCO","Orlando, FL","FL","1235","1231",-4.00,0.00,21.00,16.00,"1617","1615",-2.00,0.00,0.00,"",0.00,162.00,164.00,127.00,1.00,1005.00,,,,,,
2016,7,9,6,2016-07-09,"AA",19805,"AA","2198",13930,"ORD","Chicago, IL","IL",13204,"MCO","Orlando, FL","FL","1316","1320",4.00,4.00,14.00,5.00,"1652","1646",-6.00,0.00,0.00,"",0.00,156.00,146.00,127.00,1.00,1005.00,,,,,,
2016,7,10,7,2016-07-10,"AA",19805,"AA","2198",13930,"ORD","Chicago, IL","IL",13204,"MCO","Orlando, FL","FL","1235","1234",-1.00,0.00,22.00,10.00,"1617","1618",1.00,1.00,0.00,"",0.00,162.00,164.00,132.00,1.00,1005.00,,,,,,
2016,7,11,1,2016-07-11,"AA",19805,"AA","2198",13930,"ORD","Chicago, IL","IL",13204,"MCO","Orlando, FL","FL","1235","1356",81.00,81.00,24.00,21.00,"1617","1754",97.00,97.00,0.00,"",0.00,162.00,178.00,133.00,1.00,1005.00,81.00,0.00,16.00,0.00,0.00,
2016,7,12,2,2016-07-12,"AA",19805,"AA","2198",13930,"ORD","Chicago, IL","IL",13204,"MCO","Orlando, FL","FL","1235","1248",13.00,13.00,25.00,7.00,"1617","1647",30.00,30.00,0.00,"",0.00,162.00,179.00,147.00,1.00,1005.00,0.00,0.00,17.00,0.00,13.00,
2016,7,13,3,2016-07-13,"AA",19805,"AA","2198",13930,"ORD","Chicago, IL","IL",13204,"MCO","Orlando, FL","FL","1235","1231",-4.00,0.00,17.00,7.00,"1617","1610",-7.00,0.00,0.00,"",0.00,162.00,159.00,135.00,1.00,1005.00,,,,,,
2016,7,14,4,2016-07-14,"AA",19805,"AA","2198",13930,"ORD","Chicago, IL","IL",13204,"MCO","Orlando, FL","FL","1235","1253",18.00,18.00,21.00,5.00,"1617","1637",20.00,20.00,0.00,"",0.00,162.00,164.00,138.00,1.00,1005.00,0.00,0.00,2.00,0.00,18.00,
2016,7,15,5,2016-07-15,"AA",19805,"AA","2198",13930,"ORD","Chicago, IL","IL",13204,"MCO","Orlando, FL","FL","1235","1322",47.00,47.00,22.00,9.00,"1617","1708",51.00,51.00,0.00,"",0.00,162.00,166.00,135.00,1.00,1005.00,47.00,0.00,4.00,0.00,0.00,
2016,7,16,6,2016-07-16,"AA",19805,"AA","2198",13930,"ORD","Chicago, IL","IL",13204,"MCO","Orlando, FL","FL","1316","1321",5.00,5.00,13.00,34.00,"1652","1716",24.00,24.00,0.00,"",0.00,156.00,175.00,128.00,1.00,1005.00,0.00,0.00,19.00,0.00,5.00,
2016,7,17,7,2016-07-17,"AA",19805,"AA","2198",13930,"ORD","Chicago, IL","IL",13204,"MCO","Orlando, FL","FL","1235","1407",92.00,92.00,12.00,8.00,"1617","1741",84.00,84.00,0.00,"",0.00,162.00,154.00,134.00,1.00,1005.00,84.00,0.00,0.00,0.00,0.00,
2016,7,18,1,2016-07-18,"AA",19805,"AA","2198",13930,"ORD","Chicago, IL","IL",13204,"MCO","Orlando, FL","FL","1235","1246",11.00,11.00,19.00,22.00,"1617","1641",24.00,24.00,0.00,"",0.00,162.00,175.00,134.00,1.00,1005.00,11.00,0.00,13.00,0.00,0.00,
2016,7,19,2,2016-07-19,"AA",19805,"AA","2198",13930,"ORD","Chicago, IL","IL",13204,"MCO","Orlando, FL","FL","1235","1232",-3.00,0.00,20.00,9.00,"1617","1610",-7.00,0.00,0.00,"",0.00,162.00,158.00,129.00,1.00,1005.00,,,,,,
2016,7,20,3,2016-07-20,"AA",19805,"AA","2198",13930,"ORD","Chicago, IL","IL",13204,"MCO","Orlando, FL","FL","1235","1309",34.00,34.00,14.00,4.00,"1617","1634",17.00,17.00,0.00,"",0.00,162.00,145.00,127.00,1.00,1005.00,9.00,0.00,0.00,0.00,8.00,
2016,7,21,4,2016-07-21,"AA",19805,"AA","2198",13930,"ORD","Chicago, IL","IL",13204,"MCO","Orlando, FL","FL","1235","1235",0.00,0.00,46.00,7.00,"1617","1644",27.00,27.00,0.00,"",0.00,162.00,189.00,136.00,1.00,1005.00,0.00,0.00,27.00,0.00,0.00,
2016,7,22,5,2016-07-22,"AA",19805,"AA","2198",13930,"ORD","Chicago, IL","IL",13204,"MCO","Orlando, FL","FL","1235","1248",13.00,13.00,19.00,5.00,"1617","1618",1.00,1.00,0.00,"",0.00,162.00,150.00,126.00,1.00,1005.00,,,,,,
2016,7,23,6,2016-07-23,"AA",19805,"AA","2198",13930,"ORD","Chicago, IL","IL",13204,"MCO","Orlando, FL","FL","1316","1319",3.00,3.00,24.00,5.00,"1652","1653",1.00,1.00,0.00,"",0.00,156.00,154.00,125.00,1.00,1005.00,,,,,,
2016,7,24,7,2016-07-24,"AA",19805,"AA","2198",13930,"ORD","Chicago, IL","IL",13204,"MCO","Orlando, FL","FL","1235","1231",-4.00,0.00,12.00,5.00,"1617","1559",-18.00,0.00,0.00,"",0.00,162.00,148.00,131.00,1.00,1005.00,,,,,,
2016,7,25,1,2016-07-25,"AA",19805,"AA","2198",13930,"ORD","Chicago, IL","IL",13204,"MCO","Orlando, FL","FL","1235","1401",86.00,86.00,27.00,18.00,"1617","1757",100.00,100.00,0.00,"",0.00,162.00,176.00,131.00,1.00,1005.00,5.00,0.00,14.00,0.00,81.00,
2016,7,26,2,2016-07-26,"AA",19805,"AA","2198",13930,"ORD","Chicago, IL","IL",13204,"MCO","Orlando, FL","FL","1235","1306",31.00,31.00,14.00,5.00,"1617","1630",13.00,13.00,0.00,"",0.00,162.00,144.00,125.00,1.00,1005.00,,,,,,
2016,7,27,3,2016-07-27,"AA",19805,"AA","2198",13930,"ORD","Chicago, IL","IL",13204,"MCO","Orlando, FL","FL","1235","1309",34.00,34.00,12.00,5.00,"1617","1640",23.00,23.00,0.00,"",0.00,162.00,151.00,134.00,1.00,1005.00,0.00,0.00,0.00,0.00,23.00,
2016,7,28,4,2016-07-28,"AA",19805,"AA","2198",13930,"ORD","Chicago, IL","IL",13204,"MCO","Orlando, FL","FL","1235","",,,,,"1617","",,,1.00,"A",0.00,162.00,,,1.00,1005.00,,,,,,
2016,7,29,5,2016-07-29,"AA",19805,"AA","2198",13930,"ORD","Chicago, IL","IL",13204,"MCO","Orlando, FL","FL","1235","1229",-6.00,0.00,1.00,17.00,"1617","1647",30.00,30.00,0.00,"",0.00,162.00,198.00,180.00,1.00,1005.00,0.00,0.00,30.00,0.00,0.00,
2016,7,30,6,2016-07-30,"AA",19805,"AA","2198",13930,"ORD","Chicago, IL","IL",13204,"MCO","Orlando, FL","FL","1316","1405",49.00,49.00,21.00,12.00,"1652","1748",56.00,56.00,0.00,"",0.00,156.00,163.00,130.00,1.00,1005.00,3.00,0.00,7.00,0.00,46.00,
2016,7,31,7,2016-07-31,"AA",19805,"AA","2198",13930,"ORD","Chicago, IL","IL",13204,"MCO","Orlando, FL","FL","1235","1235",0.00,0.00,17.00,5.00,"1617","1602",-15.00,0.00,0.00,"",0.00,162.00,147.00,125.00,1.00,1005.00,,,,,,
2016,7,1,5,2016-07-01,"AA",19805,"AA","2199",11298,"DFW","Dallas/Fort Worth, TX","TX",12478,"JFK","New York, NY","NY","1842","",,,,,"2330","",,,1.00,"B",0.00,228.00,,,1.00,1391.00,,,,,,
2016,7,2,6,2016-07-02,"AA",19805,"AA","2199",11298,"DFW","Dallas/Fort Worth, TX","TX",12478,"JFK","New York, NY","NY","1842","1853",11.00,11.00,30.00,12.00,"2330","2336",6.00,6.00,0.00,"",0.00,228.00,223.00,181.00,1.00,1391.00,,,,,,
2016,7,3,7,2016-07-03,"AA",19805,"AA","2199",11298,"DFW","Dallas/Fort Worth, TX","TX",12478,"JFK","New York, NY","NY","1842","1915",33.00,33.00,10.00,9.00,"2330","2339",9.00,9.00,0.00,"",0.00,228.00,204.00,185.00,1.00,1391.00,,,,,,
2016,7,4,1,2016-07-04,"AA",19805,"AA","2199",11298,"DFW","Dallas/Fort Worth, TX","TX",12478,"JFK","New York, NY","NY","1842","1844",2.00,2.00,18.00,10.00,"2330","2307",-23.00,0.00,0.00,"",0.00,228.00,203.00,175.00,1.00,1391.00,,,,,,
2016,7,5,2,2016-07-05,"AA",19805,"AA","2199",13930,"ORD","Chicago, IL","IL",10529,"BDL","Hartford, CT","CT","1835","1914",39.00,39.00,16.00,3.00,"2146","2212",26.00,26.00,0.00,"",0.00,131.00,118.00,99.00,1.00,783.00,0.00,0.00,0.00,0.00,26.00,
2016,7,6,3,2016-07-06,"AA",19805,"AA","2199",13930,"ORD","Chicago, IL","IL",10529,"BDL","Hartford, CT","CT","1835","1946",71.00,71.00,33.00,8.00,"2146","2315",89.00,89.00,0.00,"",0.00,131.00,149.00,108.00,1.00,783.00,1.00,0.00,18.00,0.00,70.00,
2016,7,7,4,2016-07-07,"AA",19805,"AA","2199",13930,"ORD","Chicago, IL","IL",10529,"BDL","Hartford, CT","CT","1835","1841",6.00,6.00,21.00,4.00,"2146","2146",0.00,0.00,0.00,"",0.00,131.00,125.00,100.00,1.00,783.00,,,,,,
2016,7,8,5,2016-07-08,"AA",19805,"AA","2199",13930,"ORD","Chicago, IL","IL",10529,"BDL","Hartford, CT","CT","1835","1904",29.00,29.00,39.00,6.00,"2146","2225",39.00,39.00,0.00,"",0.00,131.00,141.00,96.00,1.00,783.00,0.00,0.00,39.00,0.00,0.00,
2016,7,9,6,2016-07-09,"AA",19805,"AA","2199",13930,"ORD","Chicago, IL","IL",10529,"BDL","Hartford, CT","CT","1835","1833",-2.00,0.00,18.00,7.00,"2146","2140",-6.00,0.00,0.00,"",0.00,131.00,127.00,102.00,1.00,783.00,,,,,,
2016,7,10,7,2016-07-10,"AA",19805,"AA","2199",13930,"ORD","Chicago, IL","IL",10529,"BDL","Hartford, CT","CT","1835","1835",0.00,0.00,13.00,4.00,"2146","2127",-19.00,0.00,0.00,"",0.00,131.00,112.00,95.00,1.00,783.00,,,,,,
2016,7,11,1,2016-07-11,"AA",19805,"AA","2199",13930,"ORD","Chicago, IL","IL",10529,"BDL","Hartford, CT","CT","1835","1830",-5.00,0.00,19.00,6.00,"2146","2143",-3.00,0.00,0.00,"",0.00,131.00,133.00,108.00,1.00,783.00,,,,,,
2016,7,12,2,2016-07-12,"AA",19805,"AA","2199",13930,"ORD","Chicago, IL","IL",10529,"BDL","Hartford, CT","CT","1835","1849",14.00,14.00,64.00,4.00,"2146","2251",65.00,65.00,0.00,"",0.00,131.00,182.00,114.00,1.00,783.00,0.00,0.00,51.00,0.00,14.00,
2016,7,13,3,2016-07-13,"AA",19805,"AA","2199",13930,"ORD","Chicago, IL","IL",10529,"BDL","Hartford, CT","CT","1835","1832",-3.00,0.00,60.00,4.00,"2146","2220",34.00,34.00,0.00,"",0.00,131.00,168.00,104.00,1.00,783.00,0.00,0.00,34.00,0.00,0.00,
2016,7,14,4,2016-07-14,"AA",19805,"AA","2199",13930,"ORD","Chicago, IL","IL",10529,"BDL","Hartford, CT","CT","1835","2043",128.00,128.00,19.00,5.00,"2146","2340",114.00,114.00,0.00,"",0.00,131.00,117.00,93.00,1.00,783.00,114.00,0.00,0.00,0.00,0.00,
2016,7,15,5,2016-07-15,"AA",19805,"AA","2199",13930,"ORD","Chicago, IL","IL",10529,"BDL","Hartford, CT","CT","1835","1913",38.00,38.00,14.00,4.00,"2146","2200",14.00,14.00,0.00,"",0.00,131.00,107.00,89.00,1.00,783.00,,,,,,
2016,7,16,6,2016-07-16,"AA",19805,"AA","2199",13930,"ORD","Chicago, IL","IL",10529,"BDL","Hartford, CT","CT","1835","1832",-3.00,0.00,16.00,7.00,"2146","2135",-11.00,0.00,0.00,"",0.00,131.00,123.00,100.00,1.00,783.00,,,,,,
2016,7,17,7,2016-07-17,"AA",19805,"AA","2199",13930,"ORD","Chicago, IL","IL",10529,"BDL","Hartford, CT","CT","1835","1844",9.00,9.00,10.00,4.00,"2146","2136",-10.00,0.00,0.00,"",0.00,131.00,112.00,98.00,1.00,783.00,,,,,,
2016,7,18,1,2016-07-18,"AA",19805,"AA","2199",13930,"ORD","Chicago, IL","IL",10529,"BDL","Hartford, CT","CT","1835","2039",124.00,124.00,13.00,4.00,"2146","2327",101.00,101.00,0.00,"",0.00,131.00,108.00,91.00,1.00,783.00,7.00,0.00,0.00,0.00,94.00,
2016,7,19,2,2016-07-19,"AA",19805,"AA","2199",13930,"ORD","Chicago, IL","IL",10529,"BDL","Hartford, CT","CT","1835","1832",-3.00,0.00,16.00,3.00,"2146","2128",-18.00,0.00,0.00,"",0.00,131.00,116.00,97.00,1.00,783.00,,,,,,
2016,7,20,3,2016-07-20,"AA",19805,"AA","2199",13930,"ORD","Chicago, IL","IL",10529,"BDL","Hartford, CT","CT","1835","2038",123.00,123.00,14.00,5.00,"2146","2337",111.00,111.00,0.00,"",0.00,131.00,119.00,100.00,1.00,783.00,111.00,0.00,0.00,0.00,0.00,
2016,7,21,4,2016-07-21,"AA",19805,"AA","2199",13930,"ORD","Chicago, IL","IL",10529,"BDL","Hartford, CT","CT","1835","2015",100.00,100.00,14.00,4.00,"2146","2312",86.00,86.00,0.00,"",0.00,131.00,117.00,99.00,1.00,783.00,9.00,0.00,0.00,0.00,77.00,
2016,7,22,5,2016-07-22,"AA",19805,"AA","2199",13930,"ORD","Chicago, IL","IL",10529,"BDL","Hartford, CT","CT","1835","1835",0.00,0.00,23.00,3.00,"2146","2201",15.00,15.00,0.00,"",0.00,131.00,146.00,120.00,1.00,783.00,0.00,0.00,15.00,0.00,0.00,
2016,7,23,6,2016-07-23,"AA",19805,"AA","2199",13930,"ORD","Chicago, IL","IL",10529,"BDL","Hartford, CT","CT","1835","2304",269.00,269.00,38.00,5.00,"2146","0223",277.00,277.00,0.00,"",0.00,131.00,139.00,96.00,1.00,783.00,0.00,255.00,8.00,0.00,14.00,
2016,7,24,7,2016-07-24,"AA",19805,"AA","2199",13930,"ORD","Chicago, IL","IL",10529,"BDL","Hartford, CT","CT","1835","2256",261.00,261.00,25.00,7.00,"2146","0209",263.00,263.00,0.00,"",0.00,131.00,133.00,101.00,1.00,783.00,0.00,0.00,2.00,0.00,261.00,
2016,7,25,1,2016-07-25,"AA",19805,"AA","2199",13930,"ORD","Chicago, IL","IL",10529,"BDL","Hartford, CT","CT","1835","1926",51.00,51.00,14.00,4.00,"2146","2213",27.00,27.00,0.00,"",0.00,131.00,107.00,89.00,1.00,783.00,27.00,0.00,0.00,0.00,0.00,
2016,7,26,2,2016-07-26,"AA",19805,"AA","2199",13930,"ORD","Chicago, IL","IL",10529,"BDL","Hartford, CT","CT","1835","1830",-5.00,0.00,18.00,4.00,"2146","2123",-23.00,0.00,0.00,"",0.00,131.00,113.00,91.00,1.00,783.00,,,,,,
2016,7,27,3,2016-07-27,"AA",19805,"AA","2199",13930,"ORD","Chicago, IL","IL",10529,"BDL","Hartford, CT","CT","1835","1842",7.00,7.00,27.00,4.00,"2146","2148",2.00,2.00,0.00,"",0.00,131.00,126.00,95.00,1.00,783.00,,,,,,
2016,7,28,4,2016-07-28,"AA",19805,"AA","2199",13930,"ORD","Chicago, IL","IL",10529,"BDL","Hartford, CT","CT","1835","1938",63.00,63.00,24.00,4.00,"2146","2242",56.00,56.00,0.00,"",0.00,131.00,124.00,96.00,1.00,783.00,0.00,38.00,0.00,0.00,18.00,
2016,7,29,5,2016-07-29,"AA",19805,"AA","2199",13930,"ORD","Chicago, IL","IL",10529,"BDL","Hartford, CT","CT","1835","",,,,,"2146","",,,1.00,"B",0.00,131.00,,,1.00,783.00,,,,,,
2016,7,30,6,2016-07-30,"AA",19805,"AA","2199",13930,"ORD","Chicago, IL","IL",10529,"BDL","Hartford, CT","CT","1835","1941",66.00,66.00,23.00,5.00,"2146","2244",58.00,58.00,0.00,"",0.00,131.00,123.00,95.00,1.00,783.00,8.00,0.00,6.00,0.00,44.00,
2016,7,31,7,2016-07-31,"AA",19805,"AA","2199",13930,"ORD","Chicago, IL","IL",10529,"BDL","Hartford, CT","CT","1835","1829",-6.00,0.00,19.00,8.00,"2146","2144",-2.00,0.00,0.00,"",0.00,131.00,135.00,108.00,1.00,783.00,,,,,,
2016,7,5,2,2016-07-05,"AA",19805,"AA","2200",10693,"BNA","Nashville, TN","TN",13303,"MIA","Miami, FL","FL","0700","0654",-6.00,0.00,19.00,12.00,"1015","1018",3.00,3.00,0.00,"",0.00,135.00,144.00,113.00,1.00,806.00,,,,,,
2016,7,1,5,2016-07-01,"AA",19805,"AA","2200",11638,"FAT","Fresno, CA","CA",11298,"DFW","Dallas/Fort Worth, TX","TX","0059","0111",12.00,12.00,14.00,11.00,"0614","0625",11.00,11.00,0.00,"",0.00,195.00,194.00,169.00,1.00,1313.00,,,,,,
2016,7,1,5,2016-07-01,"AA",19805,"AA","2201",13930,"ORD","Chicago, IL","IL",15016,"STL","St. Louis, MO","MO","2152","2317",85.00,85.00,12.00,7.00,"2259","0017",78.00,78.00,0.00,"",0.00,67.00,60.00,41.00,1.00,258.00,78.00,0.00,0.00,0.00,0.00,
2016,7,2,6,2016-07-02,"AA",19805,"AA","2201",13930,"ORD","Chicago, IL","IL",15016,"STL","St. Louis, MO","MO","2157","2153",-4.00,0.00,19.00,9.00,"2304","2305",1.00,1.00,0.00,"",0.00,67.00,72.00,44.00,1.00,258.00,,,,,,
2016,7,3,7,2016-07-03,"AA",19805,"AA","2201",13930,"ORD","Chicago, IL","IL",15016,"STL","St. Louis, MO","MO","2152","2204",12.00,12.00,11.00,4.00,"2259","2304",5.00,5.00,0.00,"",0.00,67.00,60.00,45.00,1.00,258.00,,,,,,
2016,7,4,1,2016-07-04,"AA",19805,"AA","2201",13930,"ORD","Chicago, IL","IL",15016,"STL","St. Louis, MO","MO","2152","2146",-6.00,0.00,8.00,3.00,"2259","2238",-21.00,0.00,0.00,"",0.00,67.00,52.00,41.00,1.00,258.00,,,,,,
2016,7,5,2,2016-07-05,"AA",19805,"AA","2201",13930,"ORD","Chicago, IL","IL",15016,"STL","St. Louis, MO","MO","2152","2146",-6.00,0.00,8.00,5.00,"2259","2239",-20.00,0.00,0.00,"",0.00,67.00,53.00,40.00,1.00,258.00,,,,,,
2016,7,6,3,2016-07-06,"AA",19805,"AA","2201",13930,"ORD","Chicago, IL","IL",15016,"STL","St. Louis, MO","MO","2152","2144",-8.00,0.00,15.00,3.00,"2259","2243",-16.00,0.00,0.00,"",0.00,67.00,59.00,41.00,1.00,258.00,,,,,,
2016,7,7,4,2016-07-07,"AA",19805,"AA","2201",13930,"ORD","Chicago, IL","IL",15016,"STL","St. Louis, MO","MO","2152","2202",10.00,10.00,27.00,3.00,"2259","2315",16.00,16.00,0.00,"",0.00,67.00,73.00,43.00,1.00,258.00,10.00,0.00,6.00,0.00,0.00,
2016,7,8,5,2016-07-08,"AA",19805,"AA","2201",13930,"ORD","Chicago, IL","IL",15016,"STL","St. Louis, MO","MO","2152","2308",76.00,76.00,16.00,5.00,"2259","0007",68.00,68.00,0.00,"",0.00,67.00,59.00,38.00,1.00,258.00,66.00,0.00,0.00,0.00,2.00,
2016,7,9,6,2016-07-09,"AA",19805,"AA","2201",13930,"ORD","Chicago, IL","IL",15016,"STL","St. Louis, MO","MO","2152","2157",5.00,5.00,21.00,6.00,"2259","2306",7.00,7.00,0.00,"",0.00,67.00,69.00,42.00,1.00,258.00,,,,,,
2016,7,10,7,2016-07-10,"AA",19805,"AA","2201",13930,"ORD","Chicago, IL","IL",15016,"STL","St. Louis, MO","MO","2152","2151",-1.00,0.00,15.00,2.00,"2259","2250",-9.00,0.00,0.00,"",0.00,67.00,59.00,42.00,1.00,258.00,,,,,,
2016,7,11,1,2016-07-11,"AA",19805,"AA","2201",13930,"ORD","Chicago, IL","IL",15016,"STL","St. Louis, MO","MO","2152","2147",-5.00,0.00,20.00,5.00,"2259","2258",-1.00,0.00,0.00,"",0.00,67.00,71.00,46.00,1.00,258.00,,,,,,
2016,7,12,2,2016-07-12,"AA",19805,"AA","2201",13930,"ORD","Chicago, IL","IL",15016,"STL","St. Louis, MO","MO","2152","2327",95.00,95.00,23.00,5.00,"2259","0041",102.00,102.00,0.00,"",0.00,67.00,74.00,46.00,1.00,258.00,95.00,0.00,7.00,0.00,0.00,
2016,7,13,3,2016-07-13,"AA",19805,"AA","2201",13930,"ORD","Chicago, IL","IL",15016,"STL","St. Louis, MO","MO","2152","2332",100.00,100.00,18.00,9.00,"2259","0046",107.00,107.00,0.00,"",0.00,67.00,74.00,47.00,1.00,258.00,89.00,0.00,7.00,0.00,11.00,
2016,7,14,4,2016-07-14,"AA",19805,"AA","2201",13930,"ORD","Chicago, IL","IL",15016,"STL","St. Louis, MO","MO","2152","2155",3.00,3.00,15.00,3.00,"2259","2253",-6.00,0.00,0.00,"",0.00,67.00,58.00,40.00,1.00,258.00,,,,,,
2016,7,15,5,2016-07-15,"AA",19805,"AA","2201",13930,"ORD","Chicago, IL","IL",15016,"STL","St. Louis, MO","MO","2152","2227",35.00,35.00,21.00,2.00,"2259","2331",32.00,32.00,0.00,"",0.00,67.00,64.00,41.00,1.00,258.00,32.00,0.00,0.00,0.00,0.00,
2016,7,16,6,2016-07-16,"AA",19805,"AA","2201",13930,"ORD","Chicago, IL","IL",15016,"STL","St. Louis, MO","MO","2152","2155",3.00,3.00,15.00,6.00,"2259","2256",-3.00,0.00,0.00,"",0.00,67.00,61.00,40.00,1.00,258.00,,,,,,
2016,7,17,7,2016-07-17,"AA",19805,"AA","2201",13930,"ORD","Chicago, IL","IL",15016,"STL","St. Louis, MO","MO","2152","2151",-1.00,0.00,43.00,5.00,"2259","2326",27.00,27.00,0.00,"",0.00,67.00,95.00,47.00,1.00,258.00,0.00,0.00,27.00,0.00,0.00,
2016,7,18,1,2016-07-18,"AA",19805,"AA","2201",13930,"ORD","Chicago, IL","IL",15016,"STL","St. Louis, MO","MO","2152","2207",15.00,15.00,22.00,3.00,"2259","2311",12.00,12.00,0.00,"",0.00,67.00,64.00,39.00,1.00,258.00,,,,,,
2016,7,19,2,2016-07-19,"AA",19805,"AA","2201",13930,"ORD","Chicago, IL","IL",15016,"STL","St. Louis, MO","MO","2152","2158",6.00,6.00,21.00,8.00,"2259","2311",12.00,12.00,0.00,"",0.00,67.00,73.00,44.00,1.00,258.00,,,,,,
2016,7,20,3,2016-07-20,"AA",19805,"AA","2201",13930,"ORD","Chicago, IL","IL",15016,"STL","St. Louis, MO","MO","2152","2149",-3.00,0.00,10.00,3.00,"2259","2244",-15.00,0.00,0.00,"",0.00,67.00,55.00,42.00,1.00,258.00,,,,,,
2016,7,21,4,2016-07-21,"AA",19805,"AA","2201",13930,"ORD","Chicago, IL","IL",15016,"STL","St. Louis, MO","MO","2152","0224",272.00,272.00,8.00,8.00,"2259","0333",274.00,274.00,0.00,"",0.00,67.00,69.00,53.00,1.00,258.00,0.00,6.00,2.00,0.00,266.00,
2016,7,22,5,2016-07-22,"AA",19805,"AA","2201",13930,"ORD","Chicago, IL","IL",15016,"STL","St. Louis, MO","MO","2152","2216",24.00,24.00,16.00,2.00,"2259","2315",16.00,16.00,0.00,"",0.00,67.00,59.00,41.00,1.00,258.00,16.00,0.00,0.00,0.00,0.00,
2016,7,23,6,2016-07-23,"AA",19805,"AA","2201",13930,"ORD","Chicago, IL","IL",15016,"STL","St. Louis, MO","MO","2152","2308",76.00,76.00,19.00,2.00,"2259","0012",73.00,73.00,0.00,"",0.00,67.00,64.00,43.00,1.00,258.00,0.00,62.00,0.00,0.00,11.00,
2016,7,24,7,2016-07-24,"AA",19805,"AA","2201",13930,"ORD","Chicago, IL","IL",15016,"STL","St. Louis, MO","MO","2152","0204",252.00,252.00,19.00,,"2259","",,,1.00,"B",0.00,67.00,,,1.00,258.00,,,,,,
2016,7,25,1,2016-07-25,"AA",19805,"AA","2201",13930,"ORD","Chicago, IL","IL",15016,"STL","St. Louis, MO","MO","2152","2308",76.00,76.00,13.00,5.00,"2259","0011",72.00,72.00,0.00,"",0.00,67.00,63.00,45.00,1.00,258.00,72.00,0.00,0.00,0.00,0.00,
2016,7,26,2,2016-07-26,"AA",19805,"AA","2201",13930,"ORD","Chicago, IL","IL",15016,"STL","St. Louis, MO","MO","2152","2210",18.00,18.00,18.00,3.00,"2259","2313",14.00,14.00,0.00,"",0.00,67.00,63.00,42.00,1.00,258.00,,,,,,
2016,7,27,3,2016-07-27,"AA",19805,"AA","2201",13930,"ORD","Chicago, IL","IL",15016,"STL","St. Louis, MO","MO","2152","2358",126.00,126.00,8.00,2.00,"2259","0051",112.00,112.00,0.00,"",0.00,67.00,53.00,43.00,1.00,258.00,68.00,0.00,0.00,0.00,44.00,
2016,7,28,4,2016-07-28,"AA",19805,"AA","2201",13930,"ORD","Chicago, IL","IL",15016,"STL","St. Louis, MO","MO","2152","0118",206.00,206.00,10.00,4.00,"2259","0212",193.00,193.00,0.00,"",0.00,67.00,54.00,40.00,1.00,258.00,130.00,0.00,0.00,0.00,63.00,
2016,7,29,5,2016-07-29,"AA",19805,"AA","2201",13930,"ORD","Chicago, IL","IL",15016,"STL","St. Louis, MO","MO","2152","2229",37.00,37.00,10.00,3.00,"2259","2322",23.00,23.00,0.00,"",0.00,67.00,53.00,40.00,1.00,258.00,23.00,0.00,0.00,0.00,0.00,
2016,7,30,6,2016-07-30,"AA",19805,"AA","2201",13930,"ORD","Chicago, IL","IL",15016,"STL","St. Louis, MO","MO","2152","2308",76.00,76.00,12.00,7.00,"2259","0012",73.00,73.00,0.00,"",0.00,67.00,64.00,45.00,1.00,258.00,73.00,0.00,0.00,0.00,0.00,
2016,7,31,7,2016-07-31,"AA",19805,"AA","2201",13930,"ORD","Chicago, IL","IL",15016,"STL","St. Louis, MO","MO","2152","2229",37.00,37.00,18.00,4.00,"2259","2330",31.00,31.00,0.00,"",0.00,67.00,61.00,39.00,1.00,258.00,28.00,0.00,0.00,0.00,3.00,
2016,7,1,5,2016-07-01,"AA",19805,"AA","2202",11298,"DFW","Dallas/Fort Worth, TX","TX",15376,"TUS","Tucson, AZ","AZ","1105","1101",-4.00,0.00,15.00,4.00,"1119","1128",9.00,9.00,0.00,"",0.00,134.00,147.00,128.00,1.00,813.00,,,,,,
2016,7,2,6,2016-07-02,"AA",19805,"AA","2202",11298,"DFW","Dallas/Fort Worth, TX","TX",15376,"TUS","Tucson, AZ","AZ","1105","1159",54.00,54.00,9.00,5.00,"1119","1200",41.00,41.00,0.00,"",0.00,134.00,121.00,107.00,1.00,813.00,0.00,0.00,0.00,0.00,41.00,
2016,7,3,7,2016-07-03,"AA",19805,"AA","2202",11298,"DFW","Dallas/Fort Worth, TX","TX",15376,"TUS","Tucson, AZ","AZ","1131","1127",-4.00,0.00,14.00,5.00,"1141","1136",-5.00,0.00,0.00,"",0.00,130.00,129.00,110.00,1.00,813.00,,,,,,
2016,7,4,1,2016-07-04,"AA",19805,"AA","2202",11298,"DFW","Dallas/Fort Worth, TX","TX",15376,"TUS","Tucson, AZ","AZ","1105","1134",29.00,29.00,23.00,4.00,"1119","1151",32.00,32.00,0.00,"",0.00,134.00,137.00,110.00,1.00,813.00,0.00,4.00,3.00,0.00,25.00,
2016,7,5,2,2016-07-05,"AA",19805,"AA","2202",11298,"DFW","Dallas/Fort Worth, TX","TX",15376,"TUS","Tucson, AZ","AZ","1114","1110",-4.00,0.00,61.00,6.00,"1128","1213",45.00,45.00,0.00,"",0.00,134.00,183.00,116.00,1.00,813.00,0.00,0.00,45.00,0.00,0.00,
2016,7,6,3,2016-07-06,"AA",19805,"AA","2202",11298,"DFW","Dallas/Fort Worth, TX","TX",15376,"TUS","Tucson, AZ","AZ","1114","1112",-2.00,0.00,12.00,7.00,"1128","1128",0.00,0.00,0.00,"",0.00,134.00,136.00,117.00,1.00,813.00,,,,,,
2016,7,7,4,2016-07-07,"AA",19805,"AA","2202",11298,"DFW","Dallas/Fort Worth, TX","TX",15376,"TUS","Tucson, AZ","AZ","1114","1107",-7.00,0.00,21.00,7.00,"1128","1125",-3.00,0.00,0.00,"",0.00,134.00,138.00,110.00,1.00,813.00,,,,,,
2016,7,8,5,2016-07-08,"AA",19805,"AA","2202",11298,"DFW","Dallas/Fort Worth, TX","TX",15376,"TUS","Tucson, AZ","AZ","1114","1114",0.00,0.00,22.00,9.00,"1128","1135",7.00,7.00,0.00,"",0.00,134.00,141.00,110.00,1.00,813.00,,,,,,
2016,7,9,6,2016-07-09,"AA",19805,"AA","2202",11298,"DFW","Dallas/Fort Worth, TX","TX",15376,"TUS","Tucson, AZ","AZ","1114","1358",164.00,164.00,8.00,5.00,"1128","1358",150.00,150.00,0.00,"",0.00,134.00,120.00,107.00,1.00,813.00,85.00,0.00,0.00,0.00,65.00,
2016,7,10,7,2016-07-10,"AA",19805,"AA","2202",11298,"DFW","Dallas/Fort Worth, TX","TX",15376,"TUS","Tucson, AZ","AZ","1114","1149",35.00,35.00,12.00,3.00,"1128","1146",18.00,18.00,0.00,"",0.00,134.00,117.00,102.00,1.00,813.00,1.00,0.00,0.00,0.00,17.00,
2016,7,11,1,2016-07-11,"AA",19805,"AA","2202",11298,"DFW","Dallas/Fort Worth, TX","TX",15376,"TUS","Tucson, AZ","AZ","1114","1109",-5.00,0.00,19.00,6.00,"1128","1124",-4.00,0.00,0.00,"",0.00,134.00,135.00,110.00,1.00,813.00,,,,,,
2016,7,12,2,2016-07-12,"AA",19805,"AA","2202",11298,"DFW","Dallas/Fort Worth, TX","TX",15376,"TUS","Tucson, AZ","AZ","1114","1113",-1.00,0.00,29.00,6.00,"1128","1137",9.00,9.00,0.00,"",0.00,134.00,144.00,109.00,1.00,813.00,,,,,,
2016,7,13,3,2016-07-13,"AA",19805,"AA","2202",11298,"DFW","Dallas/Fort Worth, TX","TX",15376,"TUS","Tucson, AZ","AZ","1114","1113",-1.00,0.00,15.00,19.00,"1128","1134",6.00,6.00,0.00,"",0.00,134.00,141.00,107.00,1.00,813.00,,,,,,
2016,7,14,4,2016-07-14,"AA",19805,"AA","2202",11298,"DFW","Dallas/Fort Worth, TX","TX",15376,"TUS","Tucson, AZ","AZ","1114","1207",53.00,53.00,25.00,7.00,"1128","1227",59.00,59.00,0.00,"",0.00,134.00,140.00,108.00,1.00,813.00,2.00,0.00,6.00,0.00,51.00,
2016,7,15,5,2016-07-15,"AA",19805,"AA","2202",11298,"DFW","Dallas/Fort Worth, TX","TX",15376,"TUS","Tucson, AZ","AZ","1114","",,,,,"1128","",,,1.00,"B",0.00,134.00,,,1.00,813.00,,,,,,
2016,7,16,6,2016-07-16,"AA",19805,"AA","2202",11298,"DFW","Dallas/Fort Worth, TX","TX",15376,"TUS","Tucson, AZ","AZ","1114","1211",57.00,57.00,11.00,6.00,"1128","1214",46.00,46.00,0.00,"",0.00,134.00,123.00,106.00,1.00,813.00,10.00,0.00,0.00,0.00,36.00,
2016,7,17,7,2016-07-17,"AA",19805,"AA","2202",11298,"DFW","Dallas/Fort Worth, TX","TX",15376,"TUS","Tucson, AZ","AZ","1114","1108",-6.00,0.00,14.00,6.00,"1128","1112",-16.00,0.00,0.00,"",0.00,134.00,124.00,104.00,1.00,813.00,,,,,,
2016,7,18,1,2016-07-18,"AA",19805,"AA","2202",11298,"DFW","Dallas/Fort Worth, TX","TX",15376,"TUS","Tucson, AZ","AZ","1114","1116",2.00,2.00,19.00,7.00,"1128","1127",-1.00,0.00,0.00,"",0.00,134.00,131.00,105.00,1.00,813.00,,,,,,
2016,7,19,2,2016-07-19,"AA",19805,"AA","2202",11298,"DFW","Dallas/Fort Worth, TX","TX",15376,"TUS","Tucson, AZ","AZ","1114","1142",28.00,28.00,10.00,5.00,"1128","1136",8.00,8.00,0.00,"",0.00,134.00,114.00,99.00,1.00,813.00,,,,,,
2016,7,20,3,2016-07-20,"AA",19805,"AA","2202",11298,"DFW","Dallas/Fort Worth, TX","TX",15376,"TUS","Tucson, AZ","AZ","1114","1107",-7.00,0.00,25.00,5.00,"1128","1123",-5.00,0.00,0.00,"",0.00,134.00,136.00,106.00,1.00,813.00,,,,,,
2016,7,21,4,2016-07-21,"AA",19805,"AA","2202",11298,"DFW","Dallas/Fort Worth, TX","TX",15376,"TUS","Tucson, AZ","AZ","1114","1125",11.00,11.00,15.00,8.00,"1128","1131",3.00,3.00,0.00,"",0.00,134.00,126.00,103.00,1.00,813.00,,,,,,
2016,7,22,5,2016-07-22,"AA",19805,"AA","2202",11298,"DFW","Dallas/Fort Worth, TX","TX",15376,"TUS","Tucson, AZ","AZ","1114","1143",29.00,29.00,12.00,7.00,"1128","1142",14.00,14.00,0.00,"",0.00,134.00,119.00,100.00,1.00,813.00,,,,,,
2016,7,23,6,2016-07-23,"AA",19805,"AA","2202",11298,"DFW","Dallas/Fort Worth, TX","TX",15376,"TUS","Tucson, AZ","AZ","1114","1232",78.00,78.00,20.00,5.00,"1128","1235",67.00,67.00,0.00,"",0.00,134.00,123.00,98.00,1.00,813.00,18.00,0.00,0.00,0.00,49.00,
2016,7,24,7,2016-07-24,"AA",19805,"AA","2202",11298,"DFW","Dallas/Fort Worth, TX","TX",15376,"TUS","Tucson, AZ","AZ","1114","1108",-6.00,0.00,17.00,7.00,"1128","1117",-11.00,0.00,0.00,"",0.00,134.00,129.00,105.00,1.00,813.00,,,,,,
2016,7,25,1,2016-07-25,"AA",19805,"AA","2202",11298,"DFW","Dallas/Fort Worth, TX","TX",15376,"TUS","Tucson, AZ","AZ","1114","1145",31.00,31.00,11.00,6.00,"1128","1146",18.00,18.00,0.00,"",0.00,134.00,121.00,104.00,1.00,813.00,3.00,0.00,0.00,0.00,15.00,
2016,7,26,2,2016-07-26,"AA",19805,"AA","2202",11298,"DFW","Dallas/Fort Worth, TX","TX",15376,"TUS","Tucson, AZ","AZ","1114","1213",59.00,59.00,9.00,4.00,"1128","1210",42.00,42.00,0.00,"",0.00,134.00,117.00,104.00,1.00,813.00,0.00,0.00,0.00,0.00,42.00,
2016,7,27,3,2016-07-27,"AA",19805,"AA","2202",11298,"DFW","Dallas/Fort Worth, TX","TX",15376,"TUS","Tucson, AZ","AZ","1114","1109",-5.00,0.00,28.00,23.00,"1128","1151",23.00,23.00,0.00,"",0.00,134.00,162.00,111.00,1.00,813.00,0.00,0.00,23.00,0.00,0.00,
2016,7,28,4,2016-07-28,"AA",19805,"AA","2202",11298,"DFW","Dallas/Fort Worth, TX","TX",15376,"TUS","Tucson, AZ","AZ","1114","1310",116.00,116.00,14.00,7.00,"1128","1315",107.00,107.00,0.00,"",0.00,134.00,125.00,104.00,1.00,813.00,0.00,0.00,0.00,0.00,107.00,
2016,7,29,5,2016-07-29,"AA",19805,"AA","2202",11298,"DFW","Dallas/Fort Worth, TX","TX",15376,"TUS","Tucson, AZ","AZ","1114","1110",-4.00,0.00,15.00,6.00,"1128","1126",-2.00,0.00,0.00,"",0.00,134.00,136.00,115.00,1.00,813.00,,,,,,
2016,7,30,6,2016-07-30,"AA",19805,"AA","2202",11298,"DFW","Dallas/Fort Worth, TX","TX",15376,"TUS","Tucson, AZ","AZ","1114","1130",16.00,16.00,18.00,10.00,"1128","1147",19.00,19.00,0.00,"",0.00,134.00,137.00,109.00,1.00,813.00,16.00,0.00,3.00,0.00,0.00,
2016,7,31,7,2016-07-31,"AA",19805,"AA","2202",11298,"DFW","Dallas/Fort Worth, TX","TX",15376,"TUS","Tucson, AZ","AZ","1114","1152",38.00,38.00,12.00,9.00,"1128","1157",29.00,29.00,0.00,"",0.00,134.00,125.00,104.00,1.00,813.00,2.00,0.00,0.00,0.00,27.00,
2016,7,1,5,2016-07-01,"AA",19805,"AA","2203",13303,"MIA","Miami, FL","FL",12889,"LAS","Las Vegas, NV","NV","2149","",,,,,"2355","",,,1.00,"B",0.00,306.00,,,1.00,2174.00,,,,,,
2016,7,2,6,2016-07-02,"AA",19805,"AA","2203",13303,"MIA","Miami, FL","FL",12889,"LAS","Las Vegas, NV","NV","2149","2145",-4.00,0.00,31.00,8.00,"2355","2359",4.00,4.00,0.00,"",0.00,306.00,314.00,275.00,1.00,2174.00,,,,,,
2016,7,3,7,2016-07-03,"AA",19805,"AA","2203",13303,"MIA","Miami, FL","FL",12889,"LAS","Las Vegas, NV","NV","2149","2152",3.00,3.00,19.00,8.00,"2355","2348",-7.00,0.00,0.00,"",0.00,306.00,296.00,269.00,1.00,2174.00,,,,,,
2016,7,4,1,2016-07-04,"AA",19805,"AA","2203",13303,"MIA","Miami, FL","FL",12889,"LAS","Las Vegas, NV","NV","2149","0745",596.00,596.00,17.00,10.00,"2355","0942",587.00,587.00,0.00,"",0.00,306.00,297.00,270.00,1.00,2174.00,557.00,30.00,0.00,0.00,0.00,
2016,7,5,2,2016-07-05,"AA",19805,"AA","2203",13303,"MIA","Miami, FL","FL",12889,"LAS","Las Vegas, NV","NV","2149","2202",13.00,13.00,14.00,8.00,"2355","2353",-2.00,0.00,0.00,"",0.00,306.00,291.00,269.00,1.00,2174.00,,,,,,
2016,7,6,3,2016-07-06,"AA",19805,"AA","2203",13303,"MIA","Miami, FL","FL",12889,"LAS","Las Vegas, NV","NV","2149","2147",-2.00,0.00,29.00,7.00,"2355","2354",-1.00,0.00,0.00,"",0.00,306.00,307.00,271.00,1.00,2174.00,,,,,,
2016,7,7,4,2016-07-07,"AA",19805,"AA","2203",13303,"MIA","Miami, FL","FL",12889,"LAS","Las Vegas, NV","NV","2149","2151",2.00,2.00,17.00,11.00,"2355","2353",-2.00,0.00,0.00,"",0.00,306.00,302.00,274.00,1.00,2174.00,,,,,,
2016,7,8,5,2016-07-08,"AA",19805,"AA","2203",13303,"MIA","Miami, FL","FL",12889,"LAS","Las Vegas, NV","NV","2149","2144",-5.00,0.00,17.00,7.00,"2355","2358",3.00,3.00,0.00,"",0.00,306.00,314.00,290.00,1.00,2174.00,,,,,,
2016,7,9,6,2016-07-09,"AA",19805,"AA","2203",13303,"MIA","Miami, FL","FL",12889,"LAS","Las Vegas, NV","NV","2149","2144",-5.00,0.00,17.00,8.00,"2355","2337",-18.00,0.00,0.00,"",0.00,306.00,293.00,268.00,1.00,2174.00,,,,,,
2016,7,10,7,2016-07-10,"AA",19805,"AA","2203",13303,"MIA","Miami, FL","FL",12889,"LAS","Las Vegas, NV","NV","2149","2222",33.00,33.00,16.00,17.00,"2355","0024",29.00,29.00,0.00,"",0.00,306.00,302.00,269.00,1.00,2174.00,0.00,0.00,0.00,0.00,29.00,
2016,7,4,1,2016-07-04,"AA",19805,"AA","2734",13303,"MIA","Miami, FL","FL",10693,"BNA","Nashville, TN","TN","1531","1542",11.00,11.00,11.00,6.00,"1646","1647",1.00,1.00,0.00,"",0.00,135.00,125.00,108.00,1.00,806.00,,,,,,
2016,7,24,7,2016-07-24,"AA",19805,"AA","2735",11423,"DSM","Des Moines, IA","IA",11298,"DFW","Dallas/Fort Worth, TX","TX","2058","2235",97.00,97.00,11.00,8.00,"2256","0022",86.00,86.00,0.00,"",0.00,118.00,107.00,88.00,1.00,624.00,0.00,0.00,0.00,0.00,86.00,
2016,7,1,5,2016-07-01,"AA",19805,"AA","2736",10693,"BNA","Nashville, TN","TN",13303,"MIA","Miami, FL","FL","0600","0558",-2.00,0.00,16.00,11.00,"0914","0913",-1.00,0.00,0.00,"",0.00,134.00,135.00,108.00,1.00,806.00,,,,,,
2016,7,2,6,2016-07-02,"AA",19805,"AA","2736",10693,"BNA","Nashville, TN","TN",13303,"MIA","Miami, FL","FL","0600","0552",-8.00,0.00,18.00,9.00,"0914","0909",-5.00,0.00,0.00,"",0.00,134.00,137.00,110.00,1.00,806.00,,,,,,
2016,7,3,7,2016-07-03,"AA",19805,"AA","2736",10693,"BNA","Nashville, TN","TN",13303,"MIA","Miami, FL","FL","0600","0552",-8.00,0.00,18.00,13.00,"0914","0914",0.00,0.00,0.00,"",0.00,134.00,142.00,111.00,1.00,806.00,,,,,,
2016,7,4,1,2016-07-04,"AA",19805,"AA","2736",10693,"BNA","Nashville, TN","TN",13303,"MIA","Miami, FL","FL","0600","0551",-9.00,0.00,10.00,7.00,"0914","0853",-21.00,0.00,0.00,"",0.00,134.00,122.00,105.00,1.00,806.00,,,,,,
2016,7,24,7,2016-07-24,"AA",19805,"AA","2736",11278,"DCA","Washington, DC","VA",11298,"DFW","Dallas/Fort Worth, TX","TX","2200","2208",8.00,8.00,20.00,16.00,"0004","0013",9.00,9.00,0.00,"",0.00,184.00,185.00,149.00,1.00,1192.00,,,,,,
2016,7,24,7,2016-07-24,"AA",19805,"AA","2737",13930,"ORD","Chicago, IL","IL",11298,"DFW","Dallas/Fort Worth, TX","TX","2115","0025",190.00,190.00,31.00,5.00,"2338","0249",191.00,191.00,0.00,"",0.00,143.00,144.00,108.00,1.00,802.00,190.00,0.00,1.00,0.00,0.00,
2016,7,24,7,2016-07-24,"AA",19805,"AA","2738",11298,"DFW","Dallas/Fort Worth, TX","TX",10721,"BOS","Boston, MA","MA","2357","2352",-5.00,0.00,16.00,4.00,"0437","0429",-8.00,0.00,0.00,"",0.00,220.00,217.00,197.00,1.00,1562.00,,,,,,
2016,7,1,5,2016-07-01,"AA",19805,"AA","2740",13930,"ORD","Chicago, IL","IL",14869,"SLC","Salt Lake City, UT","UT","1010","1050",40.00,40.00,14.00,8.00,"1232","1312",40.00,40.00,0.00,"",0.00,202.00,202.00,180.00,1.00,1250.00,0.00,0.00,0.00,0.00,40.00,
2016,7,2,6,2016-07-02,"AA",19805,"AA","2740",13930,"ORD","Chicago, IL","IL",14869,"SLC","Salt Lake City, UT","UT","1010","1007",-3.00,0.00,16.00,5.00,"1232","1226",-6.00,0.00,0.00,"",0.00,202.00,199.00,178.00,1.00,1250.00,,,,,,
2016,7,3,7,2016-07-03,"AA",19805,"AA","2740",13930,"ORD","Chicago, IL","IL",14869,"SLC","Salt Lake City, UT","UT","1010","1006",-4.00,0.00,15.00,3.00,"1232","1220",-12.00,0.00,0.00,"",0.00,202.00,194.00,176.00,1.00,1250.00,,,,,,
2016,7,4,1,2016-07-04,"AA",19805,"AA","2740",13930,"ORD","Chicago, IL","IL",14869,"SLC","Salt Lake City, UT","UT","1010","1006",-4.00,0.00,15.00,4.00,"1232","1219",-13.00,0.00,0.00,"",0.00,202.00,193.00,174.00,1.00,1250.00,,,,,,
2016,7,1,5,2016-07-01,"AA",19805,"AA","2740",14869,"SLC","Salt Lake City, UT","UT",13930,"ORD","Chicago, IL","IL","1318","1358",40.00,40.00,20.00,33.00,"1723","1814",51.00,51.00,0.00,"",0.00,185.00,196.00,143.00,1.00,1250.00,1.00,0.00,11.00,0.00,39.00,
2016,7,2,6,2016-07-02,"AA",19805,"AA","2740",14869,"SLC","Salt Lake City, UT","UT",13930,"ORD","Chicago, IL","IL","1318","1318",0.00,0.00,18.00,10.00,"1723","1716",-7.00,0.00,0.00,"",0.00,185.00,178.00,150.00,1.00,1250.00,,,,,,
2016,7,3,7,2016-07-03,"AA",19805,"AA","2740",14869,"SLC","Salt Lake City, UT","UT",13930,"ORD","Chicago, IL","IL","1318","1329",11.00,11.00,18.00,23.00,"1723","1745",22.00,22.00,0.00,"",0.00,185.00,196.00,155.00,1.00,1250.00,11.00,0.00,11.00,0.00,0.00,
2016,7,4,1,2016-07-04,"AA",19805,"AA","2740",14869,"SLC","Salt Lake City, UT","UT",13930,"ORD","Chicago, IL","IL","1318","1315",-3.00,0.00,11.00,18.00,"1723","1718",-5.00,0.00,0.00,"",0.00,185.00,183.00,154.00,1.00,1250.00,,,,,,
2016,7,8,5,2016-07-08,"AA",19805,"AA","2740",14893,"SMF","Sacramento, CA","CA",11057,"CLT","Charlotte, NC","NC","0615","0608",-7.00,0.00,12.00,8.00,"1406","1352",-14.00,0.00,0.00,"",0.00,291.00,284.00,264.00,1.00,2244.00,,,,,,
2016,7,9,6,2016-07-09,"AA",19805,"AA","2740",14893,"SMF","Sacramento, CA","CA",11057,"CLT","Charlotte, NC","NC","0615","0621",6.00,6.00,13.00,8.00,"1406","1403",-3.00,0.00,0.00,"",0.00,291.00,282.00,261.00,1.00,2244.00,,,,,,
2016,7,10,7,2016-07-10,"AA",19805,"AA","2740",14893,"SMF","Sacramento, CA","CA",11057,"CLT","Charlotte, NC","NC","0615","0613",-2.00,0.00,19.00,9.00,"1406","1354",-12.00,0.00,0.00,"",0.00,291.00,281.00,253.00,1.00,2244.00,,,,,,
2016,7,11,1,2016-07-11,"AA",19805,"AA","2740",14893,"SMF","Sacramento, CA","CA",11057,"CLT","Charlotte, NC","NC","0615","0606",-9.00,0.00,21.00,9.00,"1406","1349",-17.00,0.00,0.00,"",0.00,291.00,283.00,253.00,1.00,2244.00,,,,,,
2016,7,12,2,2016-07-12,"AA",19805,"AA","2740",14893,"SMF","Sacramento, CA","CA",11057,"CLT","Charlotte, NC","NC","0615","0612",-3.00,0.00,13.00,9.00,"1406","1404",-2.00,0.00,0.00,"",0.00,291.00,292.00,270.00,1.00,2244.00,,,,,,
2016,7,13,3,2016-07-13,"AA",19805,"AA","2740",14893,"SMF","Sacramento, CA","CA",11057,"CLT","Charlotte, NC","NC","0615","0620",5.00,5.00,12.00,7.00,"1406","1354",-12.00,0.00,0.00,"",0.00,291.00,274.00,255.00,1.00,2244.00,,,,,,
2016,7,14,4,2016-07-14,"AA",19805,"AA","2740",14893,"SMF","Sacramento, CA","CA",11057,"CLT","Charlotte, NC","NC","0615","0615",0.00,0.00,16.00,9.00,"1406","1417",11.00,11.00,0.00,"",0.00,291.00,302.00,277.00,1.00,2244.00,,,,,,
2016,7,15,5,2016-07-15,"AA",19805,"AA","2740",14893,"SMF","Sacramento, CA","CA",11057,"CLT","Charlotte, NC","NC","0615","0615",0.00,0.00,13.00,11.00,"1406","1357",-9.00,0.00,0.00,"",0.00,291.00,282.00,258.00,1.00,2244.00,,,,,,
2016,7,16,6,2016-07-16,"AA",19805,"AA","2740",14893,"SMF","Sacramento, CA","CA",11057,"CLT","Charlotte, NC","NC","0615","0613",-2.00,0.00,9.00,16.00,"1406","1345",-21.00,0.00,0.00,"",0.00,291.00,272.00,247.00,1.00,2244.00,,,,,,
2016,7,17,7,2016-07-17,"AA",19805,"AA","2740",14893,"SMF","Sacramento, CA","CA",11057,"CLT","Charlotte, NC","NC","0615","0613",-2.00,0.00,13.00,12.00,"1406","1403",-3.00,0.00,0.00,"",0.00,291.00,290.00,265.00,1.00,2244.00,,,,,,
2016,7,18,1,2016-07-18,"AA",19805,"AA","2740",14893,"SMF","Sacramento, CA","CA",11057,"CLT","Charlotte, NC","NC","0615","1133",318.00,318.00,10.00,12.00,"1406","1914",308.00,308.00,0.00,"",0.00,291.00,281.00,259.00,1.00,2244.00,0.00,0.00,0.00,0.00,308.00,
2016,7,19,2,2016-07-19,"AA",19805,"AA","2740",14893,"SMF","Sacramento, CA","CA",11057,"CLT","Charlotte, NC","NC","0615","0615",0.00,0.00,22.00,6.00,"1406","1407",1.00,1.00,0.00,"",0.00,291.00,292.00,264.00,1.00,2244.00,,,,,,
2016,7,20,3,2016-07-20,"AA",19805,"AA","2740",14893,"SMF","Sacramento, CA","CA",11057,"CLT","Charlotte, NC","NC","0615","0615",0.00,0.00,11.00,24.00,"1406","1421",15.00,15.00,0.00,"",0.00,291.00,306.00,271.00,1.00,2244.00,0.00,0.00,15.00,0.00,0.00,
2016,7,21,4,2016-07-21,"AA",19805,"AA","2740",14893,"SMF","Sacramento, CA","CA",11057,"CLT","Charlotte, NC","NC","0615","0616",1.00,1.00,23.00,12.00,"1406","1417",11.00,11.00,0.00,"",0.00,291.00,301.00,266.00,1.00,2244.00,,,,,,
2016,7,22,5,2016-07-22,"AA",19805,"AA","2740",14893,"SMF","Sacramento, CA","CA",11057,"CLT","Charlotte, NC","NC","0615","0613",-2.00,0.00,13.00,7.00,"1406","1403",-3.00,0.00,0.00,"",0.00,291.00,290.00,270.00,1.00,2244.00,,,,,,
2016,7,23,6,2016-07-23,"AA",19805,"AA","2740",14893,"SMF","Sacramento, CA","CA",11057,"CLT","Charlotte, NC","NC","0615","0644",29.00,29.00,9.00,10.00,"1406","1426",20.00,20.00,0.00,"",0.00,291.00,282.00,263.00,1.00,2244.00,20.00,0.00,0.00,0.00,0.00,
2016,7,24,7,2016-07-24,"AA",19805,"AA","2740",14893,"SMF","Sacramento, CA","CA",11057,"CLT","Charlotte, NC","NC","0615","0606",-9.00,0.00,16.00,8.00,"1406","1356",-10.00,0.00,0.00,"",0.00,291.00,290.00,266.00,1.00,2244.00,,,,,,
2016,7,25,1,2016-07-25,"AA",19805,"AA","2740",14893,"SMF","Sacramento, CA","CA",11057,"CLT","Charlotte, NC","NC","0615","0620",5.00,5.00,14.00,7.00,"1406","1424",18.00,18.00,0.00,"",0.00,291.00,304.00,283.00,1.00,2244.00,5.00,0.00,13.00,0.00,0.00,
2016,7,26,2,2016-07-26,"AA",19805,"AA","2740",14893,"SMF","Sacramento, CA","CA",11057,"CLT","Charlotte, NC","NC","0615","0613",-2.00,0.00,11.00,6.00,"1406","1351",-15.00,0.00,0.00,"",0.00,291.00,278.00,261.00,1.00,2244.00,,,,,,
2016,7,27,3,2016-07-27,"AA",19805,"AA","2740",14893,"SMF","Sacramento, CA","CA",11057,"CLT","Charlotte, NC","NC","0615","0617",2.00,2.00,11.00,8.00,"1406","1401",-5.00,0.00,0.00,"",0.00,291.00,284.00,265.00,1.00,2244.00,,,,,,
2016,7,28,4,2016-07-28,"AA",19805,"AA","2740",14893,"SMF","Sacramento, CA","CA",11057,"CLT","Charlotte, NC","NC","0615","0615",0.00,0.00,27.00,6.00,"1406","1408",2.00,2.00,0.00,"",0.00,291.00,293.00,260.00,1.00,2244.00,,,,,,
2016,7,29,5,2016-07-29,"AA",19805,"AA","2740",14893,"SMF","Sacramento, CA","CA",11057,"CLT","Charlotte, NC","NC","0615","0614",-1.00,0.00,13.00,5.00,"1406","1354",-12.00,0.00,0.00,"",0.00,291.00,280.00,262.00,1.00,2244.00,,,,,,
2016,7,30,6,2016-07-30,"AA",19805,"AA","2740",14893,"SMF","Sacramento, CA","CA",11057,"CLT","Charlotte, NC","NC","0615","0614",-1.00,0.00,21.00,20.00,"1406","1418",12.00,12.00,0.00,"",0.00,291.00,304.00,263.00,1.00,2244.00,,,,,,
2016,7,31,7,2016-07-31,"AA",19805,"AA","2740",14893,"SMF","Sacramento, CA","CA",11057,"CLT","Charlotte, NC","NC","0615","0622",7.00,7.00,10.00,7.00,"1406","1403",-3.00,0.00,0.00,"",0.00,291.00,281.00,264.00,1.00,2244.00,,,,,,
2016,7,1,5,2016-07-01,"AA",19805,"AA","2741",10529,"BDL","Hartford, CT","CT",13930,"ORD","Chicago, IL","IL","0730","0828",58.00,58.00,13.00,20.00,"0902","1004",62.00,62.00,0.00,"",0.00,152.00,156.00,123.00,1.00,783.00,5.00,0.00,4.00,0.00,53.00,
2016,7,2,6,2016-07-02,"AA",19805,"AA","2741",10529,"BDL","Hartford, CT","CT",13930,"ORD","Chicago, IL","IL","0730","0731",1.00,1.00,19.00,13.00,"0902","0908",6.00,6.00,0.00,"",0.00,152.00,157.00,125.00,1.00,783.00,,,,,,
2016,7,3,7,2016-07-03,"AA",19805,"AA","2741",10529,"BDL","Hartford, CT","CT",13930,"ORD","Chicago, IL","IL","0730","0729",-1.00,0.00,10.00,14.00,"0902","0857",-5.00,0.00,0.00,"",0.00,152.00,148.00,124.00,1.00,783.00,,,,,,
2016,7,4,1,2016-07-04,"AA",19805,"AA","2741",10529,"BDL","Hartford, CT","CT",13930,"ORD","Chicago, IL","IL","0730","0723",-7.00,0.00,9.00,17.00,"0902","0855",-7.00,0.00,0.00,"",0.00,152.00,152.00,126.00,1.00,783.00,,,,,,
2016,7,1,5,2016-07-01,"AA",19805,"AA","2745",13930,"ORD","Chicago, IL","IL",10529,"BDL","Hartford, CT","CT","1835","1833",-2.00,0.00,23.00,6.00,"2146","2136",-10.00,0.00,0.00,"",0.00,131.00,123.00,94.00,1.00,783.00,,,,,,
2016,7,2,6,2016-07-02,"AA",19805,"AA","2745",13930,"ORD","Chicago, IL","IL",10529,"BDL","Hartford, CT","CT","1835","1850",15.00,15.00,14.00,4.00,"2146","2142",-4.00,0.00,0.00,"",0.00,131.00,112.00,94.00,1.00,783.00,,,,,,
2016,7,3,7,2016-07-03,"AA",19805,"AA","2745",13930,"ORD","Chicago, IL","IL",10529,"BDL","Hartford, CT","CT","1835","1834",-1.00,0.00,11.00,5.00,"2146","2125",-21.00,0.00,0.00,"",0.00,131.00,111.00,95.00,1.00,783.00,,,,,,
2016,7,4,1,2016-07-04,"AA",19805,"AA","2745",13930,"ORD","Chicago, IL","IL",10529,"BDL","Hartford, CT","CT","1835","1829",-6.00,0.00,14.00,3.00,"2146","2121",-25.00,0.00,0.00,"",0.00,131.00,112.00,95.00,1.00,783.00,,,,,,
2016,7,1,5,2016-07-01,"AA",19805,"AA","2754",11057,"CLT","Charlotte, NC","NC",10529,"BDL","Hartford, CT","CT","0025","0030",5.00,5.00,30.00,5.00,"0219","0233",14.00,14.00,0.00,"",0.00,114.00,123.00,88.00,1.00,644.00,,,,,,
2016,7,1,5,2016-07-01,"AA",19805,"AA","400",11057,"CLT","Charlotte, NC","NC",14107,"PHX","Phoenix, AZ","AZ","1750","1800",10.00,10.00,18.00,3.00,"1907","1913",6.00,6.00,0.00,"",0.00,257.00,253.00,232.00,1.00,1773.00,,,,,,
2016,7,1,5,2016-07-01,"AA",19805,"AA","400",14107,"PHX","Phoenix, AZ","AZ",14771,"SFO","San Francisco, CA","CA","2025","2024",-1.00,0.00,20.00,8.00,"2226","2235",9.00,9.00,0.00,"",0.00,121.00,131.00,103.00,1.00,651.00,,,,,,
2016,7,1,5,2016-07-01,"AA",19805,"AA","401",14100,"PHL","Philadelphia, PA","PA",11298,"DFW","Dallas/Fort Worth, TX","TX","2030","2053",23.00,23.00,30.00,7.00,"2257","2316",19.00,19.00,0.00,"",0.00,207.00,203.00,166.00,1.00,1303.00,19.00,0.00,0.00,0.00,0.00,
2016,7,1,5,2016-07-01,"AA",19805,"AA","402",12889,"LAS","Las Vegas, NV","NV",11298,"DFW","Dallas/Fort Worth, TX","TX","0115","0137",22.00,22.00,15.00,10.00,"0558","0619",21.00,21.00,0.00,"",0.00,163.00,162.00,137.00,1.00,1055.00,21.00,0.00,0.00,0.00,0.00,
2016,7,1,5,2016-07-01,"AA",19805,"AA","403",12339,"IND","Indianapolis, IN","IN",14107,"PHX","Phoenix, AZ","AZ","0600","0600",0.00,0.00,16.00,9.00,"0640","0646",6.00,6.00,0.00,"",0.00,220.00,226.00,201.00,1.00,1488.00,,,,,,
2016,7,1,5,2016-07-01,"AA",19805,"AA","403",14107,"PHX","Phoenix, AZ","AZ",14771,"SFO","San Francisco, CA","CA","0744","0739",-5.00,0.00,25.00,3.00,"0948","0947",-1.00,0.00,0.00,"",0.00,124.00,128.00,100.00,1.00,651.00,,,,,,
2016,7,1,5,2016-07-01,"AA",19805,"AA","404",11278,"DCA","Washington, DC","VA",11298,"DFW","Dallas/Fort Worth, TX","TX","0659","0656",-3.00,0.00,19.00,12.00,"0908","0903",-5.00,0.00,0.00,"",0.00,189.00,187.00,156.00,1.00,1192.00,,,,,,
2016,7,1,5,2016-07-01,"AA",19805,"AA","404",11298,"DFW","Dallas/Fort Worth, TX","TX",14100,"PHL","Philadelphia, PA","PA","1030","1023",-7.00,0.00,39.00,7.00,"1450","1451",1.00,1.00,0.00,"",0.00,200.00,208.00,162.00,1.00,1303.00,,,,,,
2016,7,1,5,2016-07-01,"AA",19805,"AA","406",12889,"LAS","Las Vegas, NV","NV",14107,"PHX","Phoenix, AZ","AZ","0645","0637",-8.00,0.00,28.00,4.00,"0750","0758",8.00,8.00,0.00,"",0.00,65.00,81.00,49.00,1.00,255.00,,,,,,
2016,7,1,5,2016-07-01,"AA",19805,"AA","406",14107,"PHX","Phoenix, AZ","AZ",11433,"DTW","Detroit, MI","MI","0854","0853",-1.00,0.00,23.00,9.00,"1553","1541",-12.00,0.00,0.00,"",0.00,239.00,228.00,196.00,1.00,1671.00,,,,,,
2016,7,1,5,2016-07-01,"AA",19805,"AA","407",10721,"BOS","Boston, MA","MA",14107,"PHX","Phoenix, AZ","AZ","1015","1010",-5.00,0.00,20.00,4.00,"1243","1240",-3.00,0.00,0.00,"",0.00,328.00,330.00,306.00,1.00,2300.00,,,,,,
2016,7,1,5,2016-07-01,"AA",19805,"AA","407",14107,"PHX","Phoenix, AZ","AZ",14771,"SFO","San Francisco, CA","CA","1354","1346",-8.00,0.00,24.00,5.00,"1553","1555",2.00,2.00,0.00,"",0.00,119.00,129.00,100.00,1.00,651.00,,,,,,
2016,7,1,5,2016-07-01,"AA",19805,"AA","408",11057,"CLT","Charlotte, NC","NC",14107,"PHX","Phoenix, AZ","AZ","0740","0738",-2.00,0.00,14.00,30.00,"0905","0910",5.00,5.00,0.00,"",0.00,265.00,272.00,228.00,1.00,1773.00,,,,,,
2016,7,1,5,2016-07-01,"AA",19805,"AA","409",14107,"PHX","Phoenix, AZ","AZ",14057,"PDX","Portland, OR","OR","1655","1839",104.00,104.00,29.00,3.00,"1930","2127",117.00,117.00,0.00,"",0.00,155.00,168.00,136.00,1.00,1009.00,104.00,0.00,13.00,0.00,0.00,
2016,7,1,5,2016-07-01,"AA",19805,"AA","410",13871,"OMA","Omaha, NE","NE",14107,"PHX","Phoenix, AZ","AZ","0600","0558",-2.00,0.00,12.00,8.00,"0645","0641",-4.00,0.00,0.00,"",0.00,165.00,163.00,143.00,1.00,1037.00,,,,,,
2016,7,1,5,2016-07-01,"AA",19805,"AA","410",14107,"PHX","Phoenix, AZ","AZ",14908,"SNA","Santa Ana, CA","CA","0741","0739",-2.00,0.00,20.00,12.00,"0858","0915",17.00,17.00,0.00,"",0.00,77.00,96.00,64.00,1.00,338.00,0.00,0.00,17.00,0.00,0.00,
2016,7,1,5,2016-07-01,"AA",19805,"AA","411",14107,"PHX","Phoenix, AZ","AZ",12266,"IAH","Houston, TX","TX","2159","2152",-7.00,0.00,17.00,9.00,"0234","0226",-8.00,0.00,0.00,"",0.00,155.00,154.00,128.00,1.00,1009.00,,,,,,
2016,7,1,5,2016-07-01,"AA",19805,"AA","411",14570,"RNO","Reno, NV","NV",14107,"PHX","Phoenix, AZ","AZ","1915","1905",-10.00,0.00,11.00,8.00,"2101","2046",-15.00,0.00,0.00,"",0.00,106.00,101.00,82.00,1.00,601.00,,,,,,
2016,7,1,5,2016-07-01,"AA",19805,"AA","412",14107,"PHX","Phoenix, AZ","AZ",11433,"DTW","Detroit, MI","MI","1605","1622",17.00,17.00,14.00,10.00,"2252","2257",5.00,5.00,0.00,"",0.00,227.00,215.00,191.00,1.00,1671.00,,,,,,
2016,7,1,5,2016-07-01,"AA",19805,"AA","413",10397,"ATL","Atlanta, GA","GA",14107,"PHX","Phoenix, AZ","AZ","1155","1151",-4.00,0.00,13.00,2.00,"1243","1234",-9.00,0.00,0.00,"",0.00,228.00,223.00,208.00,1.00,1587.00,,,,,,
2016,7,1,5,2016-07-01,"AA",19805,"AA","413",11057,"CLT","Charlotte, NC","NC",10397,"ATL","Atlanta, GA","GA","0940","0945",5.00,5.00,26.00,9.00,"1101","1058",-3.00,0.00,0.00,"",0.00,81.00,73.00,38.00,1.00,226.00,,,,,,
2016,7,1,5,2016-07-01,"AA",19805,"AA","413",14027,"PBI","West Palm Beach/Palm Beach, FL","FL",11057,"CLT","Charlotte, NC","NC","0640","0635",-5.00,0.00,10.00,6.00,"0830","0824",-6.00,0.00,0.00,"",0.00,110.00,109.00,93.00,1.00,590.00,,,,,,
2016,7,1,5,2016-07-01,"AA",19805,"AA","413",14107,"PHX","Phoenix, AZ","AZ",14747,"SEA","Seattle, WA","WA","1358","1354",-4.00,0.00,22.00,10.00,"1654","1656",2.00,2.00,0.00,"",0.00,176.00,182.00,150.00,1.00,1107.00,,,,,,
2016,7,1,5,2016-07-01,"AA",19805,"AA","414",12892,"LAX","Los Angeles, CA","CA",10693,"BNA","Nashville, TN","TN","2235","2237",2.00,2.00,34.00,7.00,"0441","0449",8.00,8.00,0.00,"",0.00,246.00,252.00,211.00,1.00,1797.00,,,,,,
2016,7,1,5,2016-07-01,"AA",19805,"AA","415",14107,"PHX","Phoenix, AZ","AZ",13930,"ORD","Chicago, IL","IL","0040","0036",-4.00,0.00,31.00,15.00,"0606","0622",16.00,16.00,0.00,"",0.00,206.00,226.00,180.00,1.00,1440.00,0.00,0.00,16.00,0.00,0.00,
2016,7,1,5,2016-07-01,"AA",19805,"AA","416",11057,"CLT","Charlotte, NC","NC",11697,"FLL","Fort Lauderdale, FL","FL","2000","2000",0.00,0.00,10.00,3.00,"2154","2145",-9.00,0.00,0.00,"",0.00,114.00,105.00,92.00,1.00,632.00,,,,,,
2016,7,1,5,2016-07-01,"AA",19805,"AA","416",11278,"DCA","Washington, DC","VA",11057,"CLT","Charlotte, NC","NC","1715","1707",-8.00,0.00,25.00,6.00,"1847","1830",-17.00,0.00,0.00,"",0.00,92.00,83.00,52.00,1.00,331.00,,,,,,
2016,7,1,5,2016-07-01,"AA",19805,"AA","417",14107,"PHX","Phoenix, AZ","AZ",11433,"DTW","Detroit, MI","MI","2340","2356",16.00,16.00,21.00,9.00,"0625","0637",12.00,12.00,0.00,"",0.00,225.00,221.00,191.00,1.00,1671.00,,,,,,
2016,7,1,5,2016-07-01,"AA",19805,"AA","422",14107,"PHX","Phoenix, AZ","AZ",13871,"OMA","Omaha, NE","NE","1845","1905",20.00,20.00,16.00,6.00,"2317","2337",20.00,20.00,0.00,"",0.00,152.00,152.00,130.00,1.00,1037.00,20.00,0.00,0.00,0.00,0.00,
2016,7,1,5,2016-07-01,"AA",19805,"AA","423",14107,"PHX","Phoenix, AZ","AZ",11057,"CLT","Charlotte, NC","NC","0115","0109",-6.00,0.00,23.00,10.00,"0815","0816",1.00,1.00,0.00,"",0.00,240.00,247.00,214.00,1.00,1773.00,,,,,,
2016,7,1,5,2016-07-01,"AA",19805,"AA","426",10693,"BNA","Nashville, TN","TN",12892,"LAX","Los Angeles, CA","CA","0630","0625",-5.00,0.00,22.00,22.00,"0855","0901",6.00,6.00,0.00,"",0.00,265.00,276.00,232.00,1.00,1797.00,,,,,,
2016,7,1,5,2016-07-01,"AA",19805,"AA","428",11057,"CLT","Charlotte, NC","NC",11292,"DEN","Denver, CO","CO","0735","0812",37.00,37.00,13.00,7.00,"0904","0947",43.00,43.00,0.00,"",0.00,209.00,215.00,195.00,1.00,1337.00,37.00,0.00,6.00,0.00,0.00,
2016,7,1,5,2016-07-01,"AA",19805,"AA","428",11292,"DEN","Denver, CO","CO",11057,"CLT","Charlotte, NC","NC","1005","1035",30.00,30.00,28.00,8.00,"1524","1544",20.00,20.00,0.00,"",0.00,199.00,189.00,153.00,1.00,1337.00,20.00,0.00,0.00,0.00,0.00,
2016,7,1,5,2016-07-01,"AA",19805,"AA","430",11884,"GEG","Spokane, WA","WA",14107,"PHX","Phoenix, AZ","AZ","1510","1505",-5.00,0.00,13.00,4.00,"1747","1746",-1.00,0.00,0.00,"",0.00,157.00,161.00,144.00,1.00,1020.00,,,,,,
2016,7,1,5,2016-07-01,"AA",19805,"AA","430",14107,"PHX","Phoenix, AZ","AZ",11433,"DTW","Detroit, MI","MI","1847","1852",5.00,5.00,19.00,4.00,"0137","0133",-4.00,0.00,0.00,"",0.00,230.00,221.00,198.00,1.00,1671.00,,,,,,
2016,7,1,5,2016-07-01,"AA",19805,"AA","431",11298,"DFW","Dallas/Fort Worth, TX","TX",12889,"LAS","Las Vegas, NV","NV","2040","2035",-5.00,0.00,20.00,9.00,"2131","2126",-5.00,0.00,0.00,"",0.00,171.00,171.00,142.00,1.00,1055.00,,,,,,
2016,7,1,5,2016-07-01,"AA",19805,"AA","431",12889,"LAS","Las Vegas, NV","NV",11057,"CLT","Charlotte, NC","NC","2259","2256",-3.00,0.00,23.00,9.00,"0608","0607",-1.00,0.00,0.00,"",0.00,249.00,251.00,219.00,1.00,1916.00,,,,,,
2016,7,1,5,2016-07-01,"AA",19805,"AA","432",14107,"PHX","Phoenix, AZ","AZ",13830,"OGG","Kahului, HI","HI","1040","1059",19.00,19.00,12.00,5.00,"1410","1426",16.00,16.00,0.00,"",0.00,390.00,387.00,370.00,1.00,2845.00,16.00,0.00,0.00,0.00,0.00,
2016,7,1,5,2016-07-01,"AA",19805,"AA","433",11278,"DCA","Washington, DC","VA",14107,"PHX","Phoenix, AZ","AZ","0710","0703",-7.00,0.00,36.00,3.00,"0909","0909",0.00,0.00,0.00,"",0.00,299.00,306.00,267.00,1.00,1979.00,,,,,,
2016,7,1,5,2016-07-01,"AA",19805,"AA","433",14107,"PHX","Phoenix, AZ","AZ",14771,"SFO","San Francisco, CA","CA","1017","1014",-3.00,0.00,23.00,6.00,"1223","1218",-5.00,0.00,0.00,"",0.00,126.00,124.00,95.00,1.00,651.00,,,,,,
2016,7,1,5,2016-07-01,"AA",19805,"AA","434",14771,"SFO","San Francisco, CA","CA",14100,"PHL","Philadelphia, PA","PA","2150","2147",-3.00,0.00,16.00,7.00,"0601","0541",-20.00,0.00,0.00,"",0.00,311.00,294.00,271.00,1.00,2521.00,,,,,,
2016,7,1,5,2016-07-01,"AA",19805,"AA","437",13930,"ORD","Chicago, IL","IL",14100,"PHL","Philadelphia, PA","PA","2155","2155",0.00,0.00,15.00,6.00,"0058","0040",-18.00,0.00,0.00,"",0.00,123.00,105.00,84.00,1.00,678.00,,,,,,
2016,7,1,5,2016-07-01,"AA",19805,"AA","437",14107,"PHX","Phoenix, AZ","AZ",13930,"ORD","Chicago, IL","IL","1520","1526",6.00,6.00,16.00,11.00,"2052","2040",-12.00,0.00,0.00,"",0.00,212.00,194.00,167.00,1.00,1440.00,,,,,,
2016,7,1,5,2016-07-01,"AA",19805,"AA","438",11298,"DFW","Dallas/Fort Worth, TX","TX",14747,"SEA","Seattle, WA","WA","2225","2251",26.00,26.00,17.00,10.00,"0039","0049",10.00,10.00,0.00,"",0.00,254.00,238.00,211.00,1.00,1660.00,,,,,,
2016,7,1,5,2016-07-01,"AA",19805,"AA","438",14107,"PHX","Phoenix, AZ","AZ",11298,"DFW","Dallas/Fort Worth, TX","TX","1645","1734",49.00,49.00,16.00,6.00,"2108","2146",38.00,38.00,0.00,"",0.00,143.00,132.00,110.00,1.00,868.00,38.00,0.00,0.00,0.00,0.00,
2016,7,1,5,2016-07-01,"AA",19805,"AA","441",11057,"CLT","Charlotte, NC","NC",14524,"RIC","Richmond, VA","VA","0025","0019",-6.00,0.00,10.00,15.00,"0128","0128",0.00,0.00,0.00,"",0.00,63.00,69.00,44.00,1.00,257.00,,,,,,
2016,7,1,5,2016-07-01,"AA",19805,"AA","442",14747,"SEA","Seattle, WA","WA",14107,"PHX","Phoenix, AZ","AZ","1759","1754",-5.00,0.00,12.00,4.00,"2052","2039",-13.00,0.00,0.00,"",0.00,173.00,165.00,149.00,1.00,1107.00,,,,,,
2016,7,1,5,2016-07-01,"AA",19805,"AA","445",11057,"CLT","Charlotte, NC","NC",11292,"DEN","Denver, CO","CO","0930","0931",1.00,1.00,20.00,5.00,"1104","1053",-11.00,0.00,0.00,"",0.00,214.00,202.00,177.00,1.00,1337.00,,,,,,
2016,7,1,5,2016-07-01,"AA",19805,"AA","446",14100,"PHL","Philadelphia, PA","PA",14107,"PHX","Phoenix, AZ","AZ","2000","2024",24.00,24.00,31.00,4.00,"2157","2225",28.00,28.00,0.00,"",0.00,297.00,301.00,266.00,1.00,2075.00,0.00,0.00,4.00,0.00,24.00,
2016,7,1,5,2016-07-01,"AA",19805,"AA","446",14107,"PHX","Phoenix, AZ","AZ",14771,"SFO","San Francisco, CA","CA","2259","2351",52.00,52.00,14.00,5.00,"0054","0147",53.00,53.00,0.00,"",0.00,115.00,116.00,97.00,1.00,651.00,26.00,0.00,1.00,0.00,26.00,
2016,7,1,5,2016-07-01,"AA",19805,"AA","447",11057,"CLT","Charlotte, NC","NC",14679,"SAN","San Diego, CA","CA","1625","1623",-2.00,0.00,13.00,4.00,"1816","1801",-15.00,0.00,0.00,"",0.00,291.00,278.00,261.00,1.00,2077.00,,,,,,
2016,7,1,5,2016-07-01,"AA",19805,"AA","448",11278,"DCA","Washington, DC","VA",11298,"DFW","Dallas/Fort Worth, TX","TX","0540","0537",-3.00,0.00,12.00,7.00,"0746","0749",3.00,3.00,0.00,"",0.00,186.00,192.00,173.00,1.00,1192.00,,,,,,
2016,7,1,5,2016-07-01,"AA",19805,"AA","448",11298,"DFW","Dallas/Fort Worth, TX","TX",14107,"PHX","Phoenix, AZ","AZ","0850","0846",-4.00,0.00,23.00,12.00,"0919","0923",4.00,4.00,0.00,"",0.00,149.00,157.00,122.00,1.00,868.00,,,,,,
2016,7,1,5,2016-07-01,"AA",19805,"AA","449",14107,"PHX","Phoenix, AZ","AZ",10713,"BOI","Boise, ID","ID","2007","2007",0.00,0.00,13.00,5.00,"2309","2303",-6.00,0.00,0.00,"",0.00,122.00,116.00,98.00,1.00,735.00,,,,,,
2016,7,1,5,2016-07-01,"AA",19805,"AA","449",14122,"PIT","Pittsburgh, PA","PA",14107,"PHX","Phoenix, AZ","AZ","1740","1729",-11.00,0.00,11.00,3.00,"1903","1844",-19.00,0.00,0.00,"",0.00,263.00,255.00,241.00,1.00,1814.00,,,,,,
2016,7,1,5,2016-07-01,"AA",19805,"AA","450",12889,"LAS","Las Vegas, NV","NV",14107,"PHX","Phoenix, AZ","AZ","1145","1140",-5.00,0.00,19.00,5.00,"1254","1253",-1.00,0.00,0.00,"",0.00,69.00,73.00,49.00,1.00,255.00,,,,,,
2016,7,1,5,2016-07-01,"AA",19805,"AA","450",14107,"PHX","Phoenix, AZ","AZ",14869,"SLC","Salt Lake City, UT","UT","1345","1345",0.00,0.00,16.00,4.00,"1620","1615",-5.00,0.00,0.00,"",0.00,95.00,90.00,70.00,1.00,507.00,,,,,,
2016,7,1,5,2016-07-01,"AA",19805,"AA","451",11057,"CLT","Charlotte, NC","NC",14869,"SLC","Salt Lake City, UT","UT","2010","2026",16.00,16.00,30.00,2.00,"2231","2251",20.00,20.00,0.00,"",0.00,261.00,265.00,233.00,1.00,1727.00,16.00,0.00,4.00,0.00,0.00,
2016,7,1,5,2016-07-01,"AA",19805,"AA","452",14869,"SLC","Salt Lake City, UT","UT",14107,"PHX","Phoenix, AZ","AZ","2020","2015",-5.00,0.00,11.00,11.00,"2058","2052",-6.00,0.00,0.00,"",0.00,98.00,97.00,75.00,1.00,507.00,,,,,,
2016,7,1,5,2016-07-01,"AA",19805,"AA","453",15016,"STL","St. Louis, MO","MO",14107,"PHX","Phoenix, AZ","AZ","1755","1759",4.00,4.00,24.00,4.00,"1910","1920",10.00,10.00,0.00,"",0.00,195.00,201.00,173.00,1.00,1262.00,,,,,,
2016,7,1,5,2016-07-01,"AA",19805,"AA","454",14107,"PHX","Phoenix, AZ","AZ",14869,"SLC","Salt Lake City, UT","UT","2018","2051",33.00,33.00,11.00,4.00,"2255","2316",21.00,21.00,0.00,"",0.00,97.00,85.00,70.00,1.00,507.00,21.00,0.00,0.00,0.00,0.00,
2016,7,1,5,2016-07-01,"AA",19805,"AA","454",14771,"SFO","San Francisco, CA","CA",14107,"PHX","Phoenix, AZ","AZ","1700","1655",-5.00,0.00,21.00,8.00,"1903","1911",8.00,8.00,0.00,"",0.00,123.00,136.00,107.00,1.00,651.00,,,,,,
2016,7,1,5,2016-07-01,"AA",19805,"AA","454",14869,"SLC","Salt Lake City, UT","UT",14100,"PHL","Philadelphia, PA","PA","2359","0019",20.00,20.00,17.00,6.00,"0604","0609",5.00,5.00,0.00,"",0.00,245.00,230.00,207.00,1.00,1927.00,,,,,,
2016,7,1,5,2016-07-01,"AA",19805,"AA","456",14107,"PHX","Phoenix, AZ","AZ",14869,"SLC","Salt Lake City, UT","UT","1656","1652",-4.00,0.00,18.00,6.00,"1928","1932",4.00,4.00,0.00,"",0.00,92.00,100.00,76.00,1.00,507.00,,,,,,
2016,7,1,5,2016-07-01,"AA",19805,"AA","456",15016,"STL","St. Louis, MO","MO",14107,"PHX","Phoenix, AZ","AZ","1440","1433",-7.00,0.00,9.00,4.00,"1550","1538",-12.00,0.00,0.00,"",0.00,190.00,185.00,172.00,1.00,1262.00,,,,,,
2016,7,1,5,2016-07-01,"AA",19805,"AA","457",13204,"MCO","Orlando, FL","FL",14107,"PHX","Phoenix, AZ","AZ","0735","0730",-5.00,0.00,14.00,14.00,"0907","0912",5.00,5.00,0.00,"",0.00,272.00,282.00,254.00,1.00,1849.00,,,,,,
2016,7,1,5,2016-07-01,"AA",19805,"AA","458",14679,"SAN","San Diego, CA","CA",11057,"CLT","Charlotte, NC","NC","0730","0726",-4.00,0.00,24.00,18.00,"1515","1524",9.00,9.00,0.00,"",0.00,285.00,298.00,256.00,1.00,2077.00,,,,,,
2016,7,1,5,2016-07-01,"AA",19805,"AA","459",14107,"PHX","Phoenix, AZ","AZ",11292,"DEN","Denver, CO","CO","0839","0834",-5.00,0.00,13.00,8.00,"1128","1116",-12.00,0.00,0.00,"",0.00,109.00,102.00,81.00,1.00,602.00,,,,,,
2016,7,1,5,2016-07-01,"AA",19805,"AA","460",12339,"IND","Indianapolis, IN","IN",12892,"LAX","Los Angeles, CA","CA","1710","1706",-4.00,0.00,14.00,30.00,"1838","1855",17.00,17.00,0.00,"",0.00,268.00,289.00,245.00,1.00,1814.00,0.00,0.00,17.00,0.00,0.00,
2016,7,1,5,2016-07-01,"AA",19805,"AA","460",14107,"PHX","Phoenix, AZ","AZ",12339,"IND","Indianapolis, IN","IN","0851","0840",-11.00,0.00,16.00,6.00,"1525","1458",-27.00,0.00,0.00,"",0.00,214.00,198.00,176.00,1.00,1488.00,,,,,,
2016,7,1,5,2016-07-01,"AA",19805,"AA","461",11057,"CLT","Charlotte, NC","NC",14771,"SFO","San Francisco, CA","CA","0924","0921",-3.00,0.00,16.00,4.00,"1146","1152",6.00,6.00,0.00,"",0.00,322.00,331.00,311.00,1.00,2296.00,,,,,,
2016,7,1,5,2016-07-01,"AA",19805,"AA","461",13204,"MCO","Orlando, FL","FL",11057,"CLT","Charlotte, NC","NC","0635","0630",-5.00,0.00,14.00,8.00,"0816","0809",-7.00,0.00,0.00,"",0.00,101.00,99.00,77.00,1.00,468.00,,,,,,
2016,7,1,5,2016-07-01,"AA",19805,"AA","462",11292,"DEN","Denver, CO","CO",14100,"PHL","Philadelphia, PA","PA","1120","1122",2.00,2.00,14.00,5.00,"1701","1648",-13.00,0.00,0.00,"",0.00,221.00,206.00,187.00,1.00,1558.00,,,,,,
2016,7,1,5,2016-07-01,"AA",19805,"AA","463",11298,"DFW","Dallas/Fort Worth, TX","TX",11057,"CLT","Charlotte, NC","NC","1434","1435",1.00,1.00,16.00,22.00,"1814","1811",-3.00,0.00,0.00,"",0.00,160.00,156.00,118.00,1.00,936.00,,,,,,
2016,7,1,5,2016-07-01,"AA",19805,"AA","464",12889,"LAS","Las Vegas, NV","NV",14107,"PHX","Phoenix, AZ","AZ","1945","1935",-10.00,0.00,23.00,6.00,"2052","2049",-3.00,0.00,0.00,"",0.00,67.00,74.00,45.00,1.00,255.00,,,,,,
2016,7,1,5,2016-07-01,"AA",19805,"AA","464",14107,"PHX","Phoenix, AZ","AZ",11298,"DFW","Dallas/Fort Worth, TX","TX","2150","2148",-2.00,0.00,16.00,7.00,"0210","0159",-11.00,0.00,0.00,"",0.00,140.00,131.00,108.00,1.00,868.00,,,,,,
2016,7,1,5,2016-07-01,"AA",19805,"AA","465",11298,"DFW","Dallas/Fort Worth, TX","TX",14107,"PHX","Phoenix, AZ","AZ","0605","0600",-5.00,0.00,23.00,7.00,"0626","0628",2.00,2.00,0.00,"",0.00,141.00,148.00,118.00,1.00,868.00,,,,,,
2016,7,1,5,2016-07-01,"AA",19805,"AA","465",14107,"PHX","Phoenix, AZ","AZ",13930,"ORD","Chicago, IL","IL","0730","0725",-5.00,0.00,14.00,18.00,"1307","1248",-19.00,0.00,0.00,"",0.00,217.00,203.00,171.00,1.00,1440.00,,,,,,
2016,7,1,5,2016-07-01,"AA",19805,"AA","466",11057,"CLT","Charlotte, NC","NC",14893,"SMF","Sacramento, CA","CA","2006","2015",9.00,9.00,10.00,4.00,"2220","2215",-5.00,0.00,0.00,"",0.00,314.00,300.00,286.00,1.00,2244.00,,,,,,
2016,7,1,5,2016-07-01,"AA",19805,"AA","467",12892,"LAX","Los Angeles, CA","CA",14492,"RDU","Raleigh/Durham, NC","NC","2105","2127",22.00,22.00,12.00,6.00,"0505","0459",-6.00,0.00,0.00,"",0.00,300.00,272.00,254.00,1.00,2238.00,,,,,,
2016,7,1,5,2016-07-01,"AA",19805,"AA","468",14492,"RDU","Raleigh/Durham, NC","NC",12892,"LAX","Los Angeles, CA","CA","0745","0741",-4.00,0.00,20.00,16.00,"1006","1009",3.00,3.00,0.00,"",0.00,321.00,328.00,292.00,1.00,2238.00,,,,,,
2016,7,1,5,2016-07-01,"AA",19805,"AA","469",11057,"CLT","Charlotte, NC","NC",10397,"ATL","Atlanta, GA","GA","0800","0757",-3.00,0.00,47.00,7.00,"0921","0931",10.00,10.00,0.00,"",0.00,81.00,94.00,40.00,1.00,226.00,,,,,,
2016,7,1,5,2016-07-01,"AA",19805,"AA","470",11057,"CLT","Charlotte, NC","NC",14679,"SAN","San Diego, CA","CA","1815","1836",21.00,21.00,35.00,3.00,"2005","2030",25.00,25.00,0.00,"",0.00,290.00,294.00,256.00,1.00,2077.00,21.00,0.00,4.00,0.00,0.00,
2016,7,1,5,2016-07-01,"AA",19805,"AA","471",13487,"MSP","Minneapolis, MN","MN",14100,"PHL","Philadelphia, PA","PA","1350","1408",18.00,18.00,11.00,3.00,"1723","1716",-7.00,0.00,0.00,"",0.00,153.00,128.00,114.00,1.00,980.00,,,,,,
2016,7,1,5,2016-07-01,"AA",19805,"AA","472",11057,"CLT","Charlotte, NC","NC",14107,"PHX","Phoenix, AZ","AZ","2215","2224",9.00,9.00,26.00,4.00,"2333","2342",9.00,9.00,0.00,"",0.00,258.00,258.00,228.00,1.00,1773.00,,,,,,
2016,7,1,5,2016-07-01,"AA",19805,"AA","472",12953,"LGA","New York, NY","NY",11057,"CLT","Charlotte, NC","NC","1859","",,,,,"2104","",,,1.00,"C",0.00,125.00,,,1.00,544.00,,,,,,
2016,7,1,5,2016-07-01,"AA",19805,"AA","473",11298,"DFW","Dallas/Fort Worth, TX","TX",10713,"BOI","Boise, ID","ID","1645","1643",-2.00,0.00,22.00,3.00,"1907","1852",-15.00,0.00,0.00,"",0.00,202.00,189.00,164.00,1.00,1272.00,,,,,,
2016,7,1,5,2016-07-01,"AA",19805,"AA","473",12266,"IAH","Houston, TX","TX",11298,"DFW","Dallas/Fort Worth, TX","TX","1428","1435",7.00,7.00,11.00,7.00,"1539","1536",-3.00,0.00,0.00,"",0.00,71.00,61.00,43.00,1.00,224.00,,,,,,
2016,7,1,5,2016-07-01,"AA",19805,"AA","473",14107,"PHX","Phoenix, AZ","AZ",12266,"IAH","Houston, TX","TX","0850","0903",13.00,13.00,27.00,10.00,"1338","1355",17.00,17.00,0.00,"",0.00,168.00,172.00,135.00,1.00,1009.00,13.00,0.00,4.00,0.00,0.00,
2016,7,1,5,2016-07-01,"AA",19805,"AA","474",14107,"PHX","Phoenix, AZ","AZ",13487,"MSP","Minneapolis, MN","MN","0844","0901",17.00,17.00,23.00,3.00,"1348","1357",9.00,9.00,0.00,"",0.00,184.00,176.00,150.00,1.00,1276.00,,,,,,
2016,7,1,5,2016-07-01,"AA",19805,"AA","474",14570,"RNO","Reno, NV","NV",14107,"PHX","Phoenix, AZ","AZ","0605","0558",-7.00,0.00,10.00,9.00,"0748","0753",5.00,5.00,0.00,"",0.00,103.00,115.00,96.00,1.00,601.00,,,,,,
2016,7,1,5,2016-07-01,"AA",19805,"AA","476",14893,"SMF","Sacramento, CA","CA",11057,"CLT","Charlotte, NC","NC","2259","2312",13.00,13.00,9.00,6.00,"0640","0637",-3.00,0.00,0.00,"",0.00,281.00,265.00,250.00,1.00,2244.00,,,,,,
2016,7,1,5,2016-07-01,"AA",19805,"AA","477",14107,"PHX","Phoenix, AZ","AZ",12266,"IAH","Houston, TX","TX","1854","1847",-7.00,0.00,12.00,9.00,"2334","2314",-20.00,0.00,0.00,"",0.00,160.00,147.00,126.00,1.00,1009.00,,,,,,
2016,7,1,5,2016-07-01,"AA",19805,"AA","478",12266,"IAH","Houston, TX","TX",14107,"PHX","Phoenix, AZ","AZ","2115","2110",-5.00,0.00,15.00,16.00,"2155","2153",-2.00,0.00,0.00,"",0.00,160.00,163.00,132.00,1.00,1009.00,,,,,,
2016,7,1,5,2016-07-01,"AA",19805,"AA","479",11057,"CLT","Charlotte, NC","NC",14831,"SJC","San Jose, CA","CA","1820","1826",6.00,6.00,19.00,2.00,"2051","2054",3.00,3.00,0.00,"",0.00,331.00,328.00,307.00,1.00,2274.00,,,,,,
2016,7,1,5,2016-07-01,"AA",19805,"AA","479",12339,"IND","Indianapolis, IN","IN",11057,"CLT","Charlotte, NC","NC","1529","1540",11.00,11.00,15.00,9.00,"1710","1708",-2.00,0.00,0.00,"",0.00,101.00,88.00,64.00,1.00,427.00,,,,,,
2016,7,1,5,2016-07-01,"AA",19805,"AA","480",14831,"SJC","San Jose, CA","CA",11057,"CLT","Charlotte, NC","NC","2215","2212",-3.00,0.00,11.00,4.00,"0619","0559",-20.00,0.00,0.00,"",0.00,304.00,287.00,272.00,1.00,2274.00,,,,,,
2016,7,1,5,2016-07-01,"AA",19805,"AA","482",13930,"ORD","Chicago, IL","IL",14100,"PHL","Philadelphia, PA","PA","1852","1916",24.00,24.00,17.00,12.00,"2200","2210",10.00,10.00,0.00,"",0.00,128.00,114.00,85.00,1.00,678.00,,,,,,
2016,7,1,5,2016-07-01,"AA",19805,"AA","482",14100,"PHL","Philadelphia, PA","PA",13930,"ORD","Chicago, IL","IL","1620","1626",6.00,6.00,32.00,20.00,"1751","1808",17.00,17.00,0.00,"",0.00,151.00,162.00,110.00,1.00,678.00,0.00,0.00,17.00,0.00,0.00,
2016,7,1,5,2016-07-01,"AA",19805,"AA","483",14107,"PHX","Phoenix, AZ","AZ",15016,"STL","St. Louis, MO","MO","1213","1234",21.00,21.00,13.00,4.00,"1710","1722",12.00,12.00,0.00,"",0.00,177.00,168.00,151.00,1.00,1262.00,,,,,,
2016,7,1,5,2016-07-01,"AA",19805,"AA","483",14570,"RNO","Reno, NV","NV",14107,"PHX","Phoenix, AZ","AZ","0930","1002",32.00,32.00,10.00,3.00,"1113","1148",35.00,35.00,0.00,"",0.00,103.00,106.00,93.00,1.00,601.00,32.00,0.00,3.00,0.00,0.00,
2016,7,1,5,2016-07-01,"AA",19805,"AA","484",10713,"BOI","Boise, ID","ID",11298,"DFW","Dallas/Fort Worth, TX","TX","0717","0707",-10.00,0.00,11.00,14.00,"1130","1104",-26.00,0.00,0.00,"",0.00,193.00,177.00,152.00,1.00,1272.00,,,,,,
2016,7,1,5,2016-07-01,"AA",19805,"AA","484",11298,"DFW","Dallas/Fort Worth, TX","TX",12266,"IAH","Houston, TX","TX","1245","1242",-3.00,0.00,17.00,9.00,"1354","1347",-7.00,0.00,0.00,"",0.00,69.00,65.00,39.00,1.00,224.00,,,,,,
2016,7,1,5,2016-07-01,"AA",19805,"AA","484",12266,"IAH","Houston, TX","TX",14107,"PHX","Phoenix, AZ","AZ","1455","1449",-6.00,0.00,16.00,11.00,"1539","1525",-14.00,0.00,0.00,"",0.00,164.00,156.00,129.00,1.00,1009.00,,,,,,
2016,7,1,5,2016-07-01,"AA",19805,"AA","484",14107,"PHX","Phoenix, AZ","AZ",11292,"DEN","Denver, CO","CO","1710","1704",-6.00,0.00,12.00,12.00,"1955","1958",3.00,3.00,0.00,"",0.00,105.00,114.00,90.00,1.00,602.00,,,,,,
2016,7,1,5,2016-07-01,"AA",19805,"AA","485",13871,"OMA","Omaha, NE","NE",12892,"LAX","Los Angeles, CA","CA","0725","0722",-3.00,0.00,12.00,44.00,"0900","0913",13.00,13.00,0.00,"",0.00,215.00,231.00,175.00,1.00,1330.00,,,,,,
2016,7,1,5,2016-07-01,"AA",19805,"AA","486",14107,"PHX","Phoenix, AZ","AZ",13930,"ORD","Chicago, IL","IL","1856","2022",86.00,86.00,16.00,4.00,"0027","0135",68.00,68.00,0.00,"",0.00,211.00,193.00,173.00,1.00,1440.00,9.00,0.00,0.00,0.00,59.00,
2016,7,1,5,2016-07-01,"AA",19805,"AA","486",14771,"SFO","San Francisco, CA","CA",14107,"PHX","Phoenix, AZ","AZ","1550","1544",-6.00,0.00,20.00,4.00,"1751","1738",-13.00,0.00,0.00,"",0.00,121.00,114.00,90.00,1.00,651.00,,,,,,
2016,7,1,5,2016-07-01,"AA",19805,"AA","487",11057,"CLT","Charlotte, NC","NC",14679,"SAN","San Diego, CA","CA","0800","0803",3.00,3.00,14.00,5.00,"0951","0944",-7.00,0.00,0.00,"",0.00,291.00,281.00,262.00,1.00,2077.00,,,,,,
2016,7,1,5,2016-07-01,"AA",19805,"AA","487",14679,"SAN","San Diego, CA","CA",11057,"CLT","Charlotte, NC","NC","1100","1111",11.00,11.00,15.00,10.00,"1849","1838",-11.00,0.00,0.00,"",0.00,289.00,267.00,242.00,1.00,2077.00,,,,,,
2016,7,1,5,2016-07-01,"AA",19805,"AA","489",14107,"PHX","Phoenix, AZ","AZ",14122,"PIT","Pittsburgh, PA","PA","0850","0844",-6.00,0.00,25.00,4.00,"1557","1545",-12.00,0.00,0.00,"",0.00,247.00,241.00,212.00,1.00,1814.00,,,,,,
2016,7,1,5,2016-07-01,"AA",19805,"AA","490",11292,"DEN","Denver, CO","CO",14107,"PHX","Phoenix, AZ","AZ","2055","2046",-9.00,0.00,12.00,4.00,"2147","2136",-11.00,0.00,0.00,"",0.00,112.00,110.00,94.00,1.00,602.00,,,,,,
2016,7,1,5,2016-07-01,"AA",19805,"AA","491",12892,"LAX","Los Angeles, CA","CA",14107,"PHX","Phoenix, AZ","AZ","1000","1006",6.00,6.00,21.00,5.00,"1134","1128",-6.00,0.00,0.00,"",0.00,94.00,82.00,56.00,1.00,370.00,,,,,,
2016,7,1,5,2016-07-01,"AA",19805,"AA","491",14107,"PHX","Phoenix, AZ","AZ",12892,"LAX","Los Angeles, CA","CA","0730","0728",-2.00,0.00,23.00,14.00,"0902","0908",6.00,6.00,0.00,"",0.00,92.00,100.00,63.00,1.00,370.00,,,,,,
2016,7,1,5,2016-07-01,"AA",19805,"AA","492",14107,"PHX","Phoenix, AZ","AZ",13930,"ORD","Chicago, IL","IL","1350","1347",-3.00,0.00,15.00,11.00,"1925","1905",-20.00,0.00,0.00,"",0.00,215.00,198.00,172.00,1.00,1440.00,,,,,,
2016,7,1,5,2016-07-01,"AA",19805,"AA","493",12266,"IAH","Houston, TX","TX",14107,"PHX","Phoenix, AZ","AZ","0806","0803",-3.00,0.00,31.00,20.00,"0859","0911",12.00,12.00,0.00,"",0.00,173.00,188.00,137.00,1.00,1009.00,,,,,,
2016,7,1,5,2016-07-01,"AA",19805,"AA","493",14107,"PHX","Phoenix, AZ","AZ",13796,"OAK","Oakland, CA","CA","0949","1003",14.00,14.00,26.00,15.00,"1143","1220",37.00,37.00,0.00,"",0.00,114.00,137.00,96.00,1.00,646.00,0.00,0.00,23.00,0.00,14.00,
2016,7,1,5,2016-07-01,"AA",19805,"AA","494",11057,"CLT","Charlotte, NC","NC",14107,"PHX","Phoenix, AZ","AZ","1620","1650",30.00,30.00,21.00,7.00,"1742","1812",30.00,30.00,0.00,"",0.00,262.00,262.00,234.00,1.00,1773.00,30.00,0.00,0.00,0.00,0.00,
2016,7,1,5,2016-07-01,"AA",19805,"AA","494",14107,"PHX","Phoenix, AZ","AZ",12889,"LAS","Las Vegas, NV","NV","1850","1848",-2.00,0.00,17.00,12.00,"1959","2006",7.00,7.00,0.00,"",0.00,69.00,78.00,49.00,1.00,255.00,,,,,,
2016,7,1,5,2016-07-01,"AA",19805,"AA","495",13930,"ORD","Chicago, IL","IL",14107,"PHX","Phoenix, AZ","AZ","0719","0712",-7.00,0.00,16.00,27.00,"0900","0913",13.00,13.00,0.00,"",0.00,221.00,241.00,198.00,1.00,1440.00,,,,,,
2016,7,1,5,2016-07-01,"AA",19805,"AA","495",14107,"PHX","Phoenix, AZ","AZ",12892,"LAX","Los Angeles, CA","CA","1001","1010",9.00,9.00,18.00,15.00,"1135","1140",5.00,5.00,0.00,"",0.00,94.00,90.00,57.00,1.00,370.00,,,,,,
2016,7,1,5,2016-07-01,"AA",19805,"AA","498",14107,"PHX","Phoenix, AZ","AZ",11278,"DCA","Washington, DC","VA","1445","1449",4.00,4.00,27.00,7.00,"2159","2159",0.00,0.00,0.00,"",0.00,254.00,250.00,216.00,1.00,1979.00,,,,,,
2016,7,1,5,2016-07-01,"AA",19805,"AA","499",11298,"DFW","Dallas/Fort Worth, TX","TX",14771,"SFO","San Francisco, CA","CA","2210","2214",4.00,4.00,16.00,14.00,"2354","2350",-4.00,0.00,0.00,"",0.00,224.00,216.00,186.00,1.00,1464.00,,,,,,
2016,7,1,5,2016-07-01,"AA",19805,"AA","500",12889,"LAS","Las Vegas, NV","NV",14107,"PHX","Phoenix, AZ","AZ","1635","1629",-6.00,0.00,10.00,5.00,"1745","1731",-14.00,0.00,0.00,"",0.00,70.00,62.00,47.00,1.00,255.00,,,,,,
2016,7,1,5,2016-07-01,"AA",19805,"AA","500",14107,"PHX","Phoenix, AZ","AZ",12339,"IND","Indianapolis, IN","IN","1853","1937",44.00,44.00,16.00,6.00,"0118","0150",32.00,32.00,0.00,"",0.00,205.00,193.00,171.00,1.00,1488.00,32.00,0.00,0.00,0.00,0.00,
2016,7,1,5,2016-07-01,"AA",19805,"AA","501",12892,"LAX","Los Angeles, CA","CA",13871,"OMA","Omaha, NE","NE","1825","1829",4.00,4.00,30.00,6.00,"2345","2349",4.00,4.00,0.00,"",0.00,200.00,200.00,164.00,1.00,1330.00,,,,,,
2016,7,1,5,2016-07-01,"AA",19805,"AA","503",12892,"LAX","Los Angeles, CA","CA",14107,"PHX","Phoenix, AZ","AZ","0725","0728",3.00,3.00,29.00,16.00,"0855","0912",17.00,17.00,0.00,"",0.00,90.00,104.00,59.00,1.00,370.00,3.00,0.00,14.00,0.00,0.00,
2016,7,1,5,2016-07-01,"AA",19805,"AA","504",10397,"ATL","Atlanta, GA","GA",14107,"PHX","Phoenix, AZ","AZ","1805","1800",-5.00,0.00,20.00,4.00,"1901","1848",-13.00,0.00,0.00,"",0.00,236.00,228.00,204.00,1.00,1587.00,,,,,,
2016,7,1,5,2016-07-01,"AA",19805,"AA","504",11057,"CLT","Charlotte, NC","NC",10397,"ATL","Atlanta, GA","GA","1540","1553",13.00,13.00,18.00,9.00,"1653","1657",4.00,4.00,0.00,"",0.00,73.00,64.00,37.00,1.00,226.00,,,,,,
2016,7,1,5,2016-07-01,"AA",19805,"AA","504",14635,"RSW","Fort Myers, FL","FL",11057,"CLT","Charlotte, NC","NC","1250","1301",11.00,11.00,11.00,15.00,"1448","1455",7.00,7.00,0.00,"",0.00,118.00,114.00,88.00,1.00,600.00,,,,,,
2016,7,1,5,2016-07-01,"AA",19805,"AA","506",15304,"TPA","Tampa, FL","FL",14107,"PHX","Phoenix, AZ","AZ","0740","0738",-2.00,0.00,13.00,29.00,"0906","0913",7.00,7.00,0.00,"",0.00,266.00,275.00,233.00,1.00,1788.00,,,,,,
2016,7,1,5,2016-07-01,"AA",19805,"AA","507",14107,"PHX","Phoenix, AZ","AZ",10721,"BOS","Boston, MA","MA","1225","1317",52.00,52.00,18.00,5.00,"2023","2059",36.00,36.00,0.00,"",0.00,298.00,282.00,259.00,1.00,2300.00,0.00,0.00,36.00,0.00,0.00,
2016,7,1,5,2016-07-01,"AA",19805,"AA","508",12892,"LAX","Los Angeles, CA","CA",11066,"CMH","Columbus, OH","OH","0945","1051",66.00,66.00,13.00,5.00,"1719","1759",40.00,40.00,0.00,"",0.00,274.00,248.00,230.00,1.00,1995.00,40.00,0.00,0.00,0.00,0.00,
2016,7,1,5,2016-07-01,"AA",19805,"AA","509",14107,"PHX","Phoenix, AZ","AZ",12892,"LAX","Los Angeles, CA","CA","1855","1907",12.00,12.00,30.00,18.00,"2030","2055",25.00,25.00,0.00,"",0.00,95.00,108.00,60.00,1.00,370.00,0.00,0.00,25.00,0.00,0.00,
2016,7,1,5,2016-07-01,"AA",19805,"AA","509",14831,"SJC","San Jose, CA","CA",14107,"PHX","Phoenix, AZ","AZ","1605","1602",-3.00,0.00,13.00,7.00,"1759","1750",-9.00,0.00,0.00,"",0.00,114.00,108.00,88.00,1.00,621.00,,,,,,
2016,7,1,5,2016-07-01,"AA",19805,"AA","511",10299,"ANC","Anchorage, AK","AK",14107,"PHX","Phoenix, AZ","AZ","0125","0119",-6.00,0.00,12.00,6.00,"0752","0747",-5.00,0.00,0.00,"",0.00,327.00,328.00,310.00,1.00,2552.00,,,,,,
2016,7,1,5,2016-07-01,"AA",19805,"AA","511",14107,"PHX","Phoenix, AZ","AZ",13871,"OMA","Omaha, NE","NE","0855","0849",-6.00,0.00,23.00,5.00,"1337","1320",-17.00,0.00,0.00,"",0.00,162.00,151.00,123.00,1.00,1037.00,,,,,,
2016,7,1,5,2016-07-01,"AA",19805,"AA","512",13830,"OGG","Kahului, HI","HI",14107,"PHX","Phoenix, AZ","AZ","2125","2125",0.00,0.00,11.00,3.00,"0604","0553",-11.00,0.00,0.00,"",0.00,339.00,328.00,314.00,1.00,2845.00,,,,,,
2016,7,1,5,2016-07-01,"AA",19805,"AA","513",13342,"MKE","Milwaukee, WI","WI",14107,"PHX","Phoenix, AZ","AZ","0720","0835",75.00,75.00,11.00,6.00,"0907","1005",58.00,58.00,0.00,"",0.00,227.00,210.00,193.00,1.00,1460.00,58.00,0.00,0.00,0.00,0.00,
2016,7,1,5,2016-07-01,"AA",19805,"AA","514",14107,"PHX","Phoenix, AZ","AZ",11066,"CMH","Columbus, OH","OH","2345","2358",13.00,13.00,28.00,4.00,"0623","0645",22.00,22.00,0.00,"",0.00,218.00,227.00,195.00,1.00,1670.00,13.00,0.00,9.00,0.00,0.00,
2016,7,1,5,2016-07-01,"AA",19805,"AA","516",13930,"ORD","Chicago, IL","IL",14107,"PHX","Phoenix, AZ","AZ","1715","1713",-2.00,0.00,36.00,5.00,"1902","1919",17.00,17.00,0.00,"",0.00,227.00,246.00,205.00,1.00,1440.00,0.00,0.00,17.00,0.00,0.00,
2016,7,1,5,2016-07-01,"AA",19805,"AA","516",14107,"PHX","Phoenix, AZ","AZ",14893,"SMF","Sacramento, CA","CA","2003","2014",11.00,11.00,22.00,3.00,"2159","2216",17.00,17.00,0.00,"",0.00,116.00,122.00,97.00,1.00,647.00,0.00,0.00,6.00,0.00,11.00,
2016,7,1,5,2016-07-01,"AA",19805,"AA","517",14100,"PHL","Philadelphia, PA","PA",14057,"PDX","Portland, OR","OR","1810","1835",25.00,25.00,26.00,3.00,"2112","2231",,,0.00,"",1.00,362.00,,,1.00,2406.00,,,,,,
2016,7,1,5,2016-07-01,"AA",19805,"AA","518",14057,"PDX","Portland, OR","OR",14100,"PHL","Philadelphia, PA","PA","2220","2329",69.00,69.00,15.00,4.00,"0618","0713",55.00,55.00,0.00,"",0.00,298.00,284.00,265.00,1.00,2406.00,10.00,0.00,0.00,0.00,45.00,
2016,7,1,5,2016-07-01,"AA",19805,"AA","521",11057,"CLT","Charlotte, NC","NC",11292,"DEN","Denver, CO","CO","1150","1157",7.00,7.00,24.00,9.00,"1325","1328",3.00,3.00,0.00,"",0.00,215.00,211.00,178.00,1.00,1337.00,,,,,,
2016,7,1,5,2016-07-01,"AA",19805,"AA","521",11292,"DEN","Denver, CO","CO",14107,"PHX","Phoenix, AZ","AZ","1445","1437",-8.00,0.00,19.00,5.00,"1536","1534",-2.00,0.00,0.00,"",0.00,111.00,117.00,93.00,1.00,602.00,,,,,,
2016,7,1,5,2016-07-01,"AA",19805,"AA","521",13303,"MIA","Miami, FL","FL",11057,"CLT","Charlotte, NC","NC","0835","0831",-4.00,0.00,14.00,7.00,"1039","1029",-10.00,0.00,0.00,"",0.00,124.00,118.00,97.00,1.00,650.00,,,,,,
2016,7,1,5,2016-07-01,"AA",19805,"AA","521",14107,"PHX","Phoenix, AZ","AZ",14747,"SEA","Seattle, WA","WA","1715","1716",1.00,1.00,12.00,10.00,"2008","2015",7.00,7.00,0.00,"",0.00,173.00,179.00,157.00,1.00,1107.00,,,,,,
2016,7,1,5,2016-07-01,"AA",19805,"AA","522",14107,"PHX","Phoenix, AZ","AZ",10821,"BWI","Baltimore, MD","MD","2350","2359",9.00,9.00,21.00,8.00,"0711","0734",23.00,23.00,0.00,"",0.00,261.00,275.00,246.00,1.00,1999.00,9.00,0.00,14.00,0.00,0.00,
2016,7,1,5,2016-07-01,"AA",19805,"AA","523",11423,"DSM","Des Moines, IA","IA",14107,"PHX","Phoenix, AZ","AZ","1435","1433",-2.00,0.00,11.00,5.00,"1533","1530",-3.00,0.00,0.00,"",0.00,178.00,177.00,161.00,1.00,1150.00,,,,,,
2016,7,1,5,2016-07-01,"AA",19805,"AA","523",14107,"PHX","Phoenix, AZ","AZ",14570,"RNO","Reno, NV","NV","1643","1639",-4.00,0.00,17.00,2.00,"1825","1822",-3.00,0.00,0.00,"",0.00,102.00,103.00,84.00,1.00,601.00,,,,,,
2016,7,1,5,2016-07-01,"AA",19805,"AA","524",11298,"DFW","Dallas/Fort Worth, TX","TX",14107,"PHX","Phoenix, AZ","AZ","1500","1525",25.00,25.00,15.00,4.00,"1526","1543",17.00,17.00,0.00,"",0.00,146.00,138.00,119.00,1.00,868.00,12.00,0.00,0.00,0.00,5.00,
2016,7,1,5,2016-07-01,"AA",19805,"AA","524",14100,"PHL","Philadelphia, PA","PA",11298,"DFW","Dallas/Fort Worth, TX","TX","1125","1123",-2.00,0.00,42.00,12.00,"1356","1413",17.00,17.00,0.00,"",0.00,211.00,230.00,176.00,1.00,1303.00,0.00,0.00,17.00,0.00,0.00,
2016,7,1,5,2016-07-01,"AA",19805,"AA","525",11057,"CLT","Charlotte, NC","NC",11697,"FLL","Fort Lauderdale, FL","FL","0740","0736",-4.00,0.00,19.00,4.00,"0938","0925",-13.00,0.00,0.00,"",0.00,118.00,109.00,86.00,1.00,632.00,,,,,,
2016,7,1,5,2016-07-01,"AA",19805,"AA","525",14122,"PIT","Pittsburgh, PA","PA",11057,"CLT","Charlotte, NC","NC","0520","0520",0.00,0.00,11.00,8.00,"0639","0638",-1.00,0.00,0.00,"",0.00,79.00,78.00,59.00,1.00,366.00,,,,,,
2016,7,1,5,2016-07-01,"AA",19805,"AA","527",13198,"MCI","Kansas City, MO","MO",14107,"PHX","Phoenix, AZ","AZ","2059","2135",36.00,36.00,12.00,4.00,"2147","2219",32.00,32.00,0.00,"",0.00,168.00,164.00,148.00,1.00,1044.00,0.00,0.00,0.00,0.00,32.00,
2016,7,1,5,2016-07-01,"AA",19805,"AA","527",14107,"PHX","Phoenix, AZ","AZ",14570,"RNO","Reno, NV","NV","2245","2259",14.00,14.00,16.00,3.00,"0026","0041",15.00,15.00,0.00,"",0.00,101.00,102.00,83.00,1.00,601.00,0.00,0.00,1.00,0.00,14.00,
2016,7,1,5,2016-07-01,"AA",19805,"AA","528",11292,"DEN","Denver, CO","CO",14107,"PHX","Phoenix, AZ","AZ","1829","1839",10.00,10.00,10.00,2.00,"1920","1920",0.00,0.00,0.00,"",0.00,111.00,101.00,89.00,1.00,602.00,,,,,,
2016,7,1,5,2016-07-01,"AA",19805,"AA","528",14107,"PHX","Phoenix, AZ","AZ",14570,"RNO","Reno, NV","NV","2021","",,,,,"2207","",,,1.00,"A",0.00,106.00,,,1.00,601.00,,,,,,
2016,7,1,5,2016-07-01,"AA",19805,"AA","529",14100,"PHL","Philadelphia, PA","PA",14747,"SEA","Seattle, WA","WA","2040","2036",-4.00,0.00,42.00,10.00,"2334","2343",9.00,9.00,0.00,"",0.00,354.00,367.00,315.00,1.00,2378.00,,,,,,
2016,7,1,5,2016-07-01,"AA",19805,"AA","530",14747,"SEA","Seattle, WA","WA",14100,"PHL","Philadelphia, PA","PA","2205","2204",-1.00,0.00,18.00,5.00,"0606","0549",-17.00,0.00,0.00,"",0.00,301.00,285.00,262.00,1.00,2378.00,,,,,,
2016,7,1,5,2016-07-01,"AA",19805,"AA","531",11433,"DTW","Detroit, MI","MI",14107,"PHX","Phoenix, AZ","AZ","0735","0738",3.00,3.00,15.00,5.00,"0900","0844",-16.00,0.00,0.00,"",0.00,265.00,246.00,226.00,1.00,1671.00,,,,,,
2016,7,1,5,2016-07-01,"AA",19805,"AA","531",14107,"PHX","Phoenix, AZ","AZ",14570,"RNO","Reno, NV","NV","0950","0946",-4.00,0.00,13.00,6.00,"1137","1132",-5.00,0.00,0.00,"",0.00,107.00,106.00,87.00,1.00,601.00,,,,,,
2016,7,1,5,2016-07-01,"AA",19805,"AA","534",14100,"PHL","Philadelphia, PA","PA",14107,"PHX","Phoenix, AZ","AZ","0659","0654",-5.00,0.00,14.00,24.00,"0850","0909",19.00,19.00,0.00,"",0.00,291.00,315.00,277.00,1.00,2075.00,0.00,0.00,19.00,0.00,0.00,
2016,7,1,5,2016-07-01,"AA",19805,"AA","536",11057,"CLT","Charlotte, NC","NC",11298,"DFW","Dallas/Fort Worth, TX","TX","0600","0558",-2.00,0.00,14.00,12.00,"0738","0738",0.00,0.00,0.00,"",0.00,158.00,160.00,134.00,1.00,936.00,,,,,,
2016,7,1,5,2016-07-01,"AA",19805,"AA","536",11298,"DFW","Dallas/Fort Worth, TX","TX",14100,"PHL","Philadelphia, PA","PA","0840","0833",-7.00,0.00,14.00,6.00,"1259","1225",-34.00,0.00,0.00,"",0.00,199.00,172.00,152.00,1.00,1303.00,,,,,,
2016,7,1,5,2016-07-01,"AA",19805,"AA","538",11298,"DFW","Dallas/Fort Worth, TX","TX",14492,"RDU","Raleigh/Durham, NC","NC","2359","0004",5.00,5.00,17.00,10.00,"0339","0341",2.00,2.00,0.00,"",0.00,160.00,157.00,130.00,1.00,1061.00,,,,,,
2016,7,1,5,2016-07-01,"AA",19805,"AA","538",14492,"RDU","Raleigh/Durham, NC","NC",11298,"DFW","Dallas/Fort Worth, TX","TX","2103","2135",32.00,32.00,23.00,5.00,"2259","2327",28.00,28.00,0.00,"",0.00,176.00,172.00,144.00,1.00,1061.00,28.00,0.00,0.00,0.00,0.00,
2016,7,1,5,2016-07-01,"AA",19805,"AA","539",13930,"ORD","Chicago, IL","IL",14100,"PHL","Philadelphia, PA","PA","0545","0536",-9.00,0.00,24.00,6.00,"0843","0838",-5.00,0.00,0.00,"",0.00,118.00,122.00,92.00,1.00,678.00,,,,,,
2016,7,1,5,2016-07-01,"AA",19805,"AA","539",14100,"PHL","Philadelphia, PA","PA",15304,"TPA","Tampa, FL","FL","1000","0957",-3.00,0.00,45.00,2.00,"1244","1306",22.00,22.00,0.00,"",0.00,164.00,189.00,142.00,1.00,920.00,0.00,0.00,22.00,0.00,0.00,
2016,7,1,5,2016-07-01,"AA",19805,"AA","540",12266,"IAH","Houston, TX","TX",14107,"PHX","Phoenix, AZ","AZ","0600","0557",-3.00,0.00,15.00,8.00,"0638","0650",12.00,12.00,0.00,"",0.00,158.00,173.00,150.00,1.00,1009.00,,,,,,
2016,7,1,5,2016-07-01,"AA",19805,"AA","541",10693,"BNA","Nashville, TN","TN",12892,"LAX","Los Angeles, CA","CA","1040","1035",-5.00,0.00,14.00,12.00,"1305","1251",-14.00,0.00,0.00,"",0.00,265.00,256.00,230.00,1.00,1797.00,,,,,,
2016,7,1,5,2016-07-01,"AA",19805,"AA","542",11298,"DFW","Dallas/Fort Worth, TX","TX",14107,"PHX","Phoenix, AZ","AZ","1055","1046",-9.00,0.00,19.00,10.00,"1123","1116",-7.00,0.00,0.00,"",0.00,148.00,150.00,121.00,1.00,868.00,,,,,,
2016,7,1,5,2016-07-01,"AA",19805,"AA","542",14107,"PHX","Phoenix, AZ","AZ",11298,"DFW","Dallas/Fort Worth, TX","TX","0500","0506",6.00,6.00,14.00,14.00,"0922","0926",4.00,4.00,0.00,"",0.00,142.00,140.00,112.00,1.00,868.00,,,,,,
2016,7,1,5,2016-07-01,"AA",19805,"AA","543",10721,"BOS","Boston, MA","MA",14100,"PHL","Philadelphia, PA","PA","0600","0555",-5.00,0.00,18.00,6.00,"0727","0720",-7.00,0.00,0.00,"",0.00,87.00,85.00,61.00,1.00,280.00,,,,,,
2016,7,1,5,2016-07-01,"AA",19805,"AA","543",14100,"PHL","Philadelphia, PA","PA",11298,"DFW","Dallas/Fort Worth, TX","TX","0921","0921",0.00,0.00,17.00,14.00,"1145","1149",4.00,4.00,0.00,"",0.00,204.00,208.00,177.00,1.00,1303.00,,,,,,
2016,7,1,5,2016-07-01,"AA",19805,"AA","544",11298,"DFW","Dallas/Fort Worth, TX","TX",14107,"PHX","Phoenix, AZ","AZ","1741","1747",6.00,6.00,16.00,3.00,"1805","1809",4.00,4.00,0.00,"",0.00,144.00,142.00,123.00,1.00,868.00,,,,,,
2016,7,1,5,2016-07-01,"AA",19805,"AA","544",14107,"PHX","Phoenix, AZ","AZ",11298,"DFW","Dallas/Fort Worth, TX","TX","1219","1218",-1.00,0.00,15.00,24.00,"1644","1650",6.00,6.00,0.00,"",0.00,145.00,152.00,113.00,1.00,868.00,,,,,,
2016,7,1,5,2016-07-01,"AA",19805,"AA","545",12892,"LAX","Los Angeles, CA","CA",14107,"PHX","Phoenix, AZ","AZ","1620","1710",50.00,50.00,49.00,9.00,"1750","1915",85.00,85.00,0.00,"",0.00,90.00,125.00,67.00,1.00,370.00,0.00,0.00,85.00,0.00,0.00,
2016,7,1,5,2016-07-01,"AA",19805,"AA","545",14107,"PHX","Phoenix, AZ","AZ",11298,"DFW","Dallas/Fort Worth, TX","TX","1855","1945",50.00,50.00,12.00,31.00,"2321","0015",54.00,54.00,0.00,"",0.00,146.00,150.00,107.00,1.00,868.00,50.00,0.00,4.00,0.00,0.00,
2016,7,1,5,2016-07-01,"AA",19805,"AA","546",11298,"DFW","Dallas/Fort Worth, TX","TX",14107,"PHX","Phoenix, AZ","AZ","2030","0031",241.00,241.00,16.00,3.00,"2057","0048",231.00,231.00,0.00,"",0.00,147.00,137.00,118.00,1.00,868.00,231.00,0.00,0.00,0.00,0.00,
2016,7,1,5,2016-07-01,"AA",19805,"AA","547",14107,"PHX","Phoenix, AZ","AZ",11298,"DFW","Dallas/Fort Worth, TX","TX","2010","2033",23.00,23.00,26.00,6.00,"0035","0049",14.00,14.00,0.00,"",0.00,145.00,136.00,104.00,1.00,868.00,,,,,,
2016,7,1,5,2016-07-01,"AA",19805,"AA","548",14107,"PHX","Phoenix, AZ","AZ",13342,"MKE","Milwaukee, WI","WI","1850","1908",18.00,18.00,17.00,4.00,"0010","0025",15.00,15.00,0.00,"",0.00,200.00,197.00,176.00,1.00,1460.00,3.00,0.00,0.00,0.00,12.00,
2016,7,1,5,2016-07-01,"AA",19805,"AA","548",14869,"SLC","Salt Lake City, UT","UT",14107,"PHX","Phoenix, AZ","AZ","1715","1755",40.00,40.00,7.00,4.00,"1755","1820",25.00,25.00,0.00,"",0.00,100.00,85.00,74.00,1.00,507.00,25.00,0.00,0.00,0.00,0.00,
2016,7,1,5,2016-07-01,"AA",19805,"AA","549",14107,"PHX","Phoenix, AZ","AZ",11298,"DFW","Dallas/Fort Worth, TX","TX","0635","0635",0.00,0.00,20.00,15.00,"1100","1108",8.00,8.00,0.00,"",0.00,145.00,153.00,118.00,1.00,868.00,,,,,,
2016,7,1,5,2016-07-01,"AA",19805,"AA","550",11298,"DFW","Dallas/Fort Worth, TX","TX",11057,"CLT","Charlotte, NC","NC","1850","1909",19.00,19.00,19.00,8.00,"2232","2227",-5.00,0.00,0.00,"",0.00,162.00,138.00,111.00,1.00,936.00,,,,,,
2016,7,1,5,2016-07-01,"AA",19805,"AA","550",13930,"ORD","Chicago, IL","IL",14107,"PHX","Phoenix, AZ","AZ","1045","1041",-4.00,0.00,20.00,5.00,"1222","1219",-3.00,0.00,0.00,"",0.00,217.00,218.00,193.00,1.00,1440.00,,,,,,
2016,7,1,5,2016-07-01,"AA",19805,"AA","550",14107,"PHX","Phoenix, AZ","AZ",11298,"DFW","Dallas/Fort Worth, TX","TX","1321","1347",26.00,26.00,22.00,9.00,"1745","1812",27.00,27.00,0.00,"",0.00,144.00,145.00,114.00,1.00,868.00,0.00,0.00,27.00,0.00,0.00,
2016,7,1,5,2016-07-01,"AA",19805,"AA","551",11298,"DFW","Dallas/Fort Worth, TX","TX",14100,"PHL","Philadelphia, PA","PA","2030","2035",5.00,5.00,21.00,7.00,"0050","0039",-11.00,0.00,0.00,"",0.00,200.00,184.00,156.00,1.00,1303.00,,,,,,
2016,7,1,5,2016-07-01,"AA",19805,"AA","551",12892,"LAX","Los Angeles, CA","CA",14107,"PHX","Phoenix, AZ","AZ","1230","1240",10.00,10.00,30.00,4.00,"1401","1412",11.00,11.00,0.00,"",0.00,91.00,92.00,58.00,1.00,370.00,,,,,,
2016,7,1,5,2016-07-01,"AA",19805,"AA","551",14107,"PHX","Phoenix, AZ","AZ",11298,"DFW","Dallas/Fort Worth, TX","TX","1505","1511",6.00,6.00,26.00,13.00,"1929","1940",11.00,11.00,0.00,"",0.00,144.00,149.00,110.00,1.00,868.00,,,,,,
2016,7,1,5,2016-07-01,"AA",19805,"AA","552",12892,"LAX","Los Angeles, CA","CA",13198,"MCI","Kansas City, MO","MO","0815","0813",-2.00,0.00,18.00,9.00,"1343","1325",-18.00,0.00,0.00,"",0.00,208.00,192.00,165.00,1.00,1363.00,,,,,,
2016,7,1,5,2016-07-01,"AA",19805,"AA","552",13198,"MCI","Kansas City, MO","MO",14107,"PHX","Phoenix, AZ","AZ","1445","1442",-3.00,0.00,12.00,4.00,"1534","1525",-9.00,0.00,0.00,"",0.00,169.00,163.00,147.00,1.00,1044.00,,,,,,
2016,7,1,5,2016-07-01,"AA",19805,"AA","552",14107,"PHX","Phoenix, AZ","AZ",14893,"SMF","Sacramento, CA","CA","1635","1630",-5.00,0.00,12.00,4.00,"1826","1821",-5.00,0.00,0.00,"",0.00,111.00,111.00,95.00,1.00,647.00,,,,,,
2016,7,1,5,2016-07-01,"AA",19805,"AA","553",13796,"OAK","Oakland, CA","CA",14107,"PHX","Phoenix, AZ","AZ","1230","1253",23.00,23.00,11.00,7.00,"1426","1442",16.00,16.00,0.00,"",0.00,116.00,109.00,91.00,1.00,646.00,0.00,0.00,0.00,0.00,16.00,
2016,7,1,5,2016-07-01,"AA",19805,"AA","556",12889,"LAS","Las Vegas, NV","NV",14107,"PHX","Phoenix, AZ","AZ","2120","2119",-1.00,0.00,14.00,3.00,"2229","2219",-10.00,0.00,0.00,"",0.00,69.00,60.00,43.00,1.00,255.00,,,,,,
2016,7,1,5,2016-07-01,"AA",19805,"AA","556",14107,"PHX","Phoenix, AZ","AZ",13204,"MCO","Orlando, FL","FL","2340","2358",18.00,18.00,22.00,5.00,"0649","0708",19.00,19.00,0.00,"",0.00,249.00,250.00,223.00,1.00,1849.00,18.00,0.00,1.00,0.00,0.00,
2016,7,1,5,2016-07-01,"AA",19805,"AA","557",11057,"CLT","Charlotte, NC","NC",14771,"SFO","San Francisco, CA","CA","2220","2233",13.00,13.00,19.00,5.00,"0042","0051",9.00,9.00,0.00,"",0.00,322.00,318.00,294.00,1.00,2296.00,,,,,,
2016,7,1,5,2016-07-01,"AA",19805,"AA","557",11697,"FLL","Fort Lauderdale, FL","FL",11057,"CLT","Charlotte, NC","NC","1920","1939",19.00,19.00,10.00,9.00,"2123","2131",8.00,8.00,0.00,"",0.00,123.00,112.00,93.00,1.00,632.00,,,,,,
2016,7,1,5,2016-07-01,"AA",19805,"AA","558",11057,"CLT","Charlotte, NC","NC",11298,"DFW","Dallas/Fort Worth, TX","TX","2200","2206",6.00,6.00,23.00,5.00,"2338","2346",8.00,8.00,0.00,"",0.00,158.00,160.00,132.00,1.00,936.00,,,,,,
2016,7,1,5,2016-07-01,"AA",19805,"AA","559",11057,"CLT","Charlotte, NC","NC",14100,"PHL","Philadelphia, PA","PA","1620","1623",3.00,3.00,31.00,8.00,"1807","1810",3.00,3.00,0.00,"",0.00,107.00,107.00,68.00,1.00,449.00,,,,,,
2016,7,1,5,2016-07-01,"AA",19805,"AA","560",11298,"DFW","Dallas/Fort Worth, TX","TX",11278,"DCA","Washington, DC","VA","1655","1657",2.00,2.00,20.00,5.00,"2054","2059",5.00,5.00,0.00,"",0.00,179.00,182.00,157.00,1.00,1192.00,,,,,,
2016,7,1,5,2016-07-01,"AA",19805,"AA","560",14107,"PHX","Phoenix, AZ","AZ",11298,"DFW","Dallas/Fort Worth, TX","TX","1045","1049",4.00,4.00,18.00,10.00,"1516","1510",-6.00,0.00,0.00,"",0.00,151.00,141.00,113.00,1.00,868.00,,,,,,
2016,7,1,5,2016-07-01,"AA",19805,"AA","561",11423,"DSM","Des Moines, IA","IA",14107,"PHX","Phoenix, AZ","AZ","0759","0752",-7.00,0.00,11.00,18.00,"0857","0855",-2.00,0.00,0.00,"",0.00,178.00,183.00,154.00,1.00,1150.00,,,,,,
2016,7,1,5,2016-07-01,"AA",19805,"AA","561",14107,"PHX","Phoenix, AZ","AZ",12889,"LAS","Las Vegas, NV","NV","0950","0947",-3.00,0.00,16.00,8.00,"1100","1054",-6.00,0.00,0.00,"",0.00,70.00,67.00,43.00,1.00,255.00,,,,,,
2016,7,1,5,2016-07-01,"AA",19805,"AA","562",11298,"DFW","Dallas/Fort Worth, TX","TX",14100,"PHL","Philadelphia, PA","PA","0600","0557",-3.00,0.00,16.00,8.00,"1014","1012",-2.00,0.00,0.00,"",0.00,194.00,195.00,171.00,1.00,1303.00,,,,,,
2016,7,1,5,2016-07-01,"AA",19805,"AA","563",11278,"DCA","Washington, DC","VA",14107,"PHX","Phoenix, AZ","AZ","1715","1719",4.00,4.00,24.00,13.00,"1908","2143",,,0.00,"",1.00,293.00,,,1.00,1979.00,,,,,,
2016,7,1,5,2016-07-01,"AA",19805,"AA","563",14107,"PHX","Phoenix, AZ","AZ",14679,"SAN","San Diego, CA","CA","2020","2018",-2.00,0.00,24.00,4.00,"2130","2138",8.00,8.00,0.00,"",0.00,70.00,80.00,52.00,1.00,304.00,,,,,,
2016,7,1,5,2016-07-01,"AA",19805,"AA","564",14893,"SMF","Sacramento, CA","CA",14107,"PHX","Phoenix, AZ","AZ","1915","1909",-6.00,0.00,10.00,4.00,"2103","2054",-9.00,0.00,0.00,"",0.00,108.00,105.00,91.00,1.00,647.00,,,,,,
2016,7,1,5,2016-07-01,"AA",19805,"AA","565",11057,"CLT","Charlotte, NC","NC",11298,"DFW","Dallas/Fort Worth, TX","TX","1830","1823",-7.00,0.00,15.00,10.00,"2015","1955",-20.00,0.00,0.00,"",0.00,165.00,152.00,127.00,1.00,936.00,,,,,,
2016,7,1,5,2016-07-01,"AA",19805,"AA","565",11298,"DFW","Dallas/Fort Worth, TX","TX",14107,"PHX","Phoenix, AZ","AZ","2125","2121",-4.00,0.00,23.00,7.00,"2147","2155",8.00,8.00,0.00,"",0.00,142.00,154.00,124.00,1.00,868.00,,,,,,
2016,7,1,5,2016-07-01,"AA",19805,"AA","565",14107,"PHX","Phoenix, AZ","AZ",12889,"LAS","Las Vegas, NV","NV","2242","0032",110.00,110.00,22.00,9.00,"2346","0150",124.00,124.00,0.00,"",0.00,64.00,78.00,47.00,1.00,255.00,102.00,0.00,14.00,0.00,8.00,
2016,7,1,5,2016-07-01,"AA",19805,"AA","566",14057,"PDX","Portland, OR","OR",14107,"PHX","Phoenix, AZ","AZ","0840","0835",-5.00,0.00,13.00,4.00,"1112","1106",-6.00,0.00,0.00,"",0.00,152.00,151.00,134.00,1.00,1009.00,,,,,,
2016,7,1,5,2016-07-01,"AA",19805,"AA","566",14107,"PHX","Phoenix, AZ","AZ",13204,"MCO","Orlando, FL","FL","1218","1233",15.00,15.00,13.00,5.00,"1934","1933",-1.00,0.00,0.00,"",0.00,256.00,240.00,222.00,1.00,1849.00,,,,,,
2016,7,1,5,2016-07-01,"AA",19805,"AA","567",14107,"PHX","Phoenix, AZ","AZ",13204,"MCO","Orlando, FL","FL","0851","0903",12.00,12.00,22.00,15.00,"1615","1631",16.00,16.00,0.00,"",0.00,264.00,268.00,231.00,1.00,1849.00,12.00,0.00,4.00,0.00,0.00,
2016,7,1,5,2016-07-01,"AA",19805,"AA","567",14679,"SAN","San Diego, CA","CA",14107,"PHX","Phoenix, AZ","AZ","0625","0625",0.00,0.00,11.00,9.00,"0752","0735",-17.00,0.00,0.00,"",0.00,87.00,70.00,50.00,1.00,304.00,,,,,,
2016,7,1,5,2016-07-01,"AA",19805,"AA","568",14107,"PHX","Phoenix, AZ","AZ",15304,"TPA","Tampa, FL","FL","2340","2359",19.00,19.00,20.00,2.00,"0636","0649",13.00,13.00,0.00,"",0.00,236.00,230.00,208.00,1.00,1788.00,,,,,,
2016,7,1,5,2016-07-01,"AA",19805,"AA","568",14679,"SAN","San Diego, CA","CA",14107,"PHX","Phoenix, AZ","AZ","2120","2116",-4.00,0.00,16.00,7.00,"2240","2225",-15.00,0.00,0.00,"",0.00,80.00,69.00,46.00,1.00,304.00,,,,,,
2016,7,1,5,2016-07-01,"AA",19805,"AA","572",12892,"LAX","Los Angeles, CA","CA",13487,"MSP","Minneapolis, MN","MN","2359","0132",93.00,93.00,29.00,4.00,"0543","0703",80.00,80.00,0.00,"",0.00,224.00,211.00,178.00,1.00,1535.00,80.00,0.00,0.00,0.00,0.00,
2016,7,1,5,2016-07-01,"AA",19805,"AA","574",14107,"PHX","Phoenix, AZ","AZ",15304,"TPA","Tampa, FL","FL","1516","1530",14.00,14.00,19.00,4.00,"2218","2228",10.00,10.00,0.00,"",0.00,242.00,238.00,215.00,1.00,1788.00,,,,,,
2016,7,1,5,2016-07-01,"AA",19805,"AA","574",14908,"SNA","Santa Ana, CA","CA",14107,"PHX","Phoenix, AZ","AZ","1245","1241",-4.00,0.00,9.00,6.00,"1402","1347",-15.00,0.00,0.00,"",0.00,77.00,66.00,51.00,1.00,338.00,,,,,,
2016,7,1,5,2016-07-01,"AA",19805,"AA","575",11298,"DFW","Dallas/Fort Worth, TX","TX",14107,"PHX","Phoenix, AZ","AZ","1326","1319",-7.00,0.00,15.00,4.00,"1350","1339",-11.00,0.00,0.00,"",0.00,144.00,140.00,121.00,1.00,868.00,,,,,,
2016,7,1,5,2016-07-01,"AA",19805,"AA","576",11057,"CLT","Charlotte, NC","NC",11298,"DFW","Dallas/Fort Worth, TX","TX","1920","2017",57.00,57.00,22.00,12.00,"2059","2202",63.00,63.00,0.00,"",0.00,159.00,165.00,131.00,1.00,936.00,24.00,0.00,6.00,0.00,33.00,
2016,7,1,5,2016-07-01,"AA",19805,"AA","576",11298,"DFW","Dallas/Fort Worth, TX","TX",12889,"LAS","Las Vegas, NV","NV","2210","2248",38.00,38.00,18.00,13.00,"2258","2344",46.00,46.00,0.00,"",0.00,168.00,176.00,145.00,1.00,1055.00,0.00,0.00,8.00,0.00,38.00,
2016,7,1,5,2016-07-01,"AA",19805,"AA","577",14100,"PHL","Philadelphia, PA","PA",12889,"LAS","Las Vegas, NV","NV","0800","0758",-2.00,0.00,30.00,9.00,"1018","1022",4.00,4.00,0.00,"",0.00,318.00,324.00,285.00,1.00,2176.00,,,,,,
2016,7,1,5,2016-07-01,"AA",19805,"AA","579",14679,"SAN","San Diego, CA","CA",11057,"CLT","Charlotte, NC","NC","2235","2228",-7.00,0.00,23.00,5.00,"0608","0604",-4.00,0.00,0.00,"",0.00,273.00,276.00,248.00,1.00,2077.00,,,,,,
2016,7,1,5,2016-07-01,"AA",19805,"AA","580",11066,"CMH","Columbus, OH","OH",14107,"PHX","Phoenix, AZ","AZ","1805","1840",35.00,35.00,12.00,8.00,"1907","1942",35.00,35.00,0.00,"",0.00,242.00,242.00,222.00,1.00,1670.00,1.00,0.00,0.00,0.00,34.00,
2016,7,1,5,2016-07-01,"AA",19805,"AA","580",14107,"PHX","Phoenix, AZ","AZ",11884,"GEG","Spokane, WA","WA","2005","2027",22.00,22.00,16.00,4.00,"2237","2256",19.00,19.00,0.00,"",0.00,152.00,149.00,129.00,1.00,1020.00,19.00,0.00,0.00,0.00,0.00,
2016,7,1,5,2016-07-01,"AA",19805,"AA","581",11057,"CLT","Charlotte, NC","NC",13204,"MCO","Orlando, FL","FL","1445","1524",39.00,39.00,21.00,15.00,"1623","1724",61.00,61.00,0.00,"",0.00,98.00,120.00,84.00,1.00,468.00,39.00,0.00,22.00,0.00,0.00,
2016,7,1,5,2016-07-01,"AA",19805,"AA","581",12953,"LGA","New York, NY","NY",11057,"CLT","Charlotte, NC","NC","1130","1124",-6.00,0.00,20.00,8.00,"1342","1316",-26.00,0.00,0.00,"",0.00,132.00,112.00,84.00,1.00,544.00,,,,,,
2016,7,1,5,2016-07-01,"AA",19805,"AA","582",14107,"PHX","Phoenix, AZ","AZ",13342,"MKE","Milwaukee, WI","WI","1008","1001",-7.00,0.00,26.00,3.00,"1530","1518",-12.00,0.00,0.00,"",0.00,202.00,197.00,168.00,1.00,1460.00,,,,,,
2016,7,1,5,2016-07-01,"AA",19805,"AA","583",13487,"MSP","Minneapolis, MN","MN",12892,"LAX","Los Angeles, CA","CA","0650","0820",90.00,90.00,13.00,19.00,"0900","1019",79.00,79.00,0.00,"",0.00,250.00,239.00,207.00,1.00,1535.00,0.00,0.00,0.00,0.00,79.00,
2016,7,1,5,2016-07-01,"AA",19805,"AA","585",11298,"DFW","Dallas/Fort Worth, TX","TX",14100,"PHL","Philadelphia, PA","PA","0725","0727",2.00,2.00,17.00,6.00,"1145","1154",9.00,9.00,0.00,"",0.00,200.00,207.00,184.00,1.00,1303.00,,,,,,
2016,7,1,5,2016-07-01,"AA",19805,"AA","585",14747,"SEA","Seattle, WA","WA",11298,"DFW","Dallas/Fort Worth, TX","TX","0020","0030",10.00,10.00,13.00,11.00,"0602","0616",14.00,14.00,0.00,"",0.00,222.00,226.00,202.00,1.00,1660.00,,,,,,
2016,7,1,5,2016-07-01,"AA",19805,"AA","586",11066,"CMH","Columbus, OH","OH",14107,"PHX","Phoenix, AZ","AZ","0750","0816",26.00,26.00,10.00,9.00,"0906","0931",25.00,25.00,0.00,"",0.00,256.00,255.00,236.00,1.00,1670.00,25.00,0.00,0.00,0.00,0.00,
2016,7,1,5,2016-07-01,"AA",19805,"AA","586",14107,"PHX","Phoenix, AZ","AZ",11884,"GEG","Spokane, WA","WA","1028","1023",-5.00,0.00,26.00,5.00,"1307","1305",-2.00,0.00,0.00,"",0.00,159.00,162.00,131.00,1.00,1020.00,,,,,,
2016,7,1,5,2016-07-01,"AA",19805,"AA","590",14107,"PHX","Phoenix, AZ","AZ",13198,"MCI","Kansas City, MO","MO","1524","1635",71.00,71.00,11.00,7.00,"1959","2059",60.00,60.00,0.00,"",0.00,155.00,144.00,126.00,1.00,1044.00,60.00,0.00,0.00,0.00,0.00,
2016,7,1,5,2016-07-01,"AA",19805,"AA","590",14570,"RNO","Reno, NV","NV",14107,"PHX","Phoenix, AZ","AZ","1225","1223",-2.00,0.00,12.00,5.00,"1410","1403",-7.00,0.00,0.00,"",0.00,105.00,100.00,83.00,1.00,601.00,,,,,,
2016,7,1,5,2016-07-01,"AA",19805,"AA","591",11298,"DFW","Dallas/Fort Worth, TX","TX",14100,"PHL","Philadelphia, PA","PA","1830","1927",57.00,57.00,21.00,4.00,"2251","2336",45.00,45.00,0.00,"",0.00,201.00,189.00,164.00,1.00,1303.00,24.00,0.00,0.00,0.00,21.00,
2016,7,1,5,2016-07-01,"AA",19805,"AA","591",14100,"PHL","Philadelphia, PA","PA",11298,"DFW","Dallas/Fort Worth, TX","TX","1430","1426",-4.00,0.00,123.00,8.00,"1655","1837",102.00,102.00,0.00,"",0.00,205.00,311.00,180.00,1.00,1303.00,0.00,0.00,102.00,0.00,0.00,
2016,7,1,5,2016-07-01,"AA",19805,"AA","592",10713,"BOI","Boise, ID","ID",14107,"PHX","Phoenix, AZ","AZ","0635","0629",-6.00,0.00,14.00,3.00,"0738","0724",-14.00,0.00,0.00,"",0.00,123.00,115.00,98.00,1.00,735.00,,,,,,
2016,7,1,5,2016-07-01,"AA",19805,"AA","592",13198,"MCI","Kansas City, MO","MO",12892,"LAX","Los Angeles, CA","CA","1420","1414",-6.00,0.00,13.00,11.00,"1603","1545",-18.00,0.00,0.00,"",0.00,223.00,211.00,187.00,1.00,1363.00,,,,,,
2016,7,1,5,2016-07-01,"AA",19805,"AA","592",14107,"PHX","Phoenix, AZ","AZ",13198,"MCI","Kansas City, MO","MO","0851","0843",-8.00,0.00,18.00,7.00,"1338","1314",-24.00,0.00,0.00,"",0.00,167.00,151.00,126.00,1.00,1044.00,,,,,,
2016,7,1,5,2016-07-01,"AA",19805,"AA","593",14107,"PHX","Phoenix, AZ","AZ",13930,"ORD","Chicago, IL","IL","0852","0848",-4.00,0.00,19.00,19.00,"1435","1415",-20.00,0.00,0.00,"",0.00,223.00,207.00,169.00,1.00,1440.00,,,,,,
2016,7,1,5,2016-07-01,"AA",19805,"AA","593",14893,"SMF","Sacramento, CA","CA",14107,"PHX","Phoenix, AZ","AZ","0600","0552",-8.00,0.00,11.00,10.00,"0749","0753",4.00,4.00,0.00,"",0.00,109.00,121.00,100.00,1.00,647.00,,,,,,
2016,7,1,5,2016-07-01,"AA",19805,"AA","594",14107,"PHX","Phoenix, AZ","AZ",12266,"IAH","Houston, TX","TX","1519","1529",10.00,10.00,18.00,11.00,"1955","2006",11.00,11.00,0.00,"",0.00,156.00,157.00,128.00,1.00,1009.00,,,,,,
2016,7,1,5,2016-07-01,"AA",19805,"AA","595",14107,"PHX","Phoenix, AZ","AZ",11278,"DCA","Washington, DC","VA","0844","0840",-4.00,0.00,17.00,6.00,"1609","1551",-18.00,0.00,0.00,"",0.00,265.00,251.00,228.00,1.00,1979.00,,,,,,
2016,7,1,5,2016-07-01,"AA",19805,"AA","595",14747,"SEA","Seattle, WA","WA",14107,"PHX","Phoenix, AZ","AZ","0500","0500",0.00,0.00,16.00,7.00,"0746","0747",1.00,1.00,0.00,"",0.00,166.00,167.00,144.00,1.00,1107.00,,,,,,
2016,7,1,5,2016-07-01,"AA",19805,"AA","597",14100,"PHL","Philadelphia, PA","PA",12892,"LAX","Los Angeles, CA","CA","0955","",,,,,"1248","",,,1.00,"A",0.00,353.00,,,1.00,2402.00,,,,,,
2016,7,1,5,2016-07-01,"AA",19805,"AA","598",12892,"LAX","Los Angeles, CA","CA",14100,"PHL","Philadelphia, PA","PA","1355","1455",60.00,60.00,56.00,4.00,"2214","2333",79.00,79.00,0.00,"",0.00,319.00,338.00,278.00,1.00,2402.00,60.00,0.00,19.00,0.00,0.00,
2016,7,1,5,2016-07-01,"AA",19805,"AA","599",13871,"OMA","Omaha, NE","NE",14107,"PHX","Phoenix, AZ","AZ","1450","1443",-7.00,0.00,10.00,3.00,"1532","1518",-14.00,0.00,0.00,"",0.00,162.00,155.00,142.00,1.00,1037.00,,,,,,
2016,7,1,5,2016-07-01,"AA",19805,"AA","599",14107,"PHX","Phoenix, AZ","AZ",14831,"SJC","San Jose, CA","CA","1640","1637",-3.00,0.00,12.00,3.00,"1825","1826",1.00,1.00,0.00,"",0.00,105.00,109.00,94.00,1.00,621.00,,,,,,
2016,7,1,5,2016-07-01,"AA",19805,"AA","600",11057,"CLT","Charlotte, NC","NC",14107,"PHX","Phoenix, AZ","AZ","0945","1023",38.00,38.00,11.00,4.00,"1111","1124",13.00,13.00,0.00,"",0.00,266.00,241.00,226.00,1.00,1773.00,,,,,,
2016,7,1,5,2016-07-01,"AA",19805,"AA","600",14635,"RSW","Fort Myers, FL","FL",11057,"CLT","Charlotte, NC","NC","0635","0627",-8.00,0.00,14.00,10.00,"0828","0822",-6.00,0.00,0.00,"",0.00,113.00,115.00,91.00,1.00,600.00,,,,,,
2016,7,1,5,2016-07-01,"AA",19805,"AA","603",14107,"PHX","Phoenix, AZ","AZ",14747,"SEA","Seattle, WA","WA","2028","2039",11.00,11.00,19.00,10.00,"2326","2349",23.00,23.00,0.00,"",0.00,178.00,190.00,161.00,1.00,1107.00,0.00,0.00,12.00,0.00,11.00,
2016,7,1,5,2016-07-01,"AA",19805,"AA","604",12892,"LAX","Los Angeles, CA","CA",13487,"MSP","Minneapolis, MN","MN","0950","1059",69.00,69.00,40.00,4.00,"1538","1641",63.00,63.00,0.00,"",0.00,228.00,222.00,178.00,1.00,1535.00,0.00,0.00,0.00,0.00,63.00,
2016,7,1,5,2016-07-01,"AA",19805,"AA","604",13487,"MSP","Minneapolis, MN","MN",12892,"LAX","Los Angeles, CA","CA","1645","1720",35.00,35.00,11.00,7.00,"1855","1905",10.00,10.00,0.00,"",0.00,250.00,225.00,207.00,1.00,1535.00,,,,,,
2016,7,1,5,2016-07-01,"AA",19805,"AA","606",11298,"DFW","Dallas/Fort Worth, TX","TX",14107,"PHX","Phoenix, AZ","AZ","1845","1929",44.00,44.00,16.00,6.00,"1915","1950",35.00,35.00,0.00,"",0.00,150.00,141.00,119.00,1.00,868.00,0.00,0.00,0.00,0.00,35.00,
2016,7,1,5,2016-07-01,"AA",19805,"AA","606",14679,"SAN","San Diego, CA","CA",11298,"DFW","Dallas/Fort Worth, TX","TX","1247","1241",-6.00,0.00,22.00,11.00,"1745","1744",-1.00,0.00,0.00,"",0.00,178.00,183.00,150.00,1.00,1171.00,,,,,,
2016,7,1,5,2016-07-01,"AA",19805,"AA","607",12889,"LAS","Las Vegas, NV","NV",14100,"PHL","Philadelphia, PA","PA","2235","2228",-7.00,0.00,15.00,3.00,"0614","0554",-20.00,0.00,0.00,"",0.00,279.00,266.00,248.00,1.00,2176.00,,,,,,
2016,7,1,5,2016-07-01,"AA",19805,"AA","608",12892,"LAX","Los Angeles, CA","CA",14107,"PHX","Phoenix, AZ","AZ","1745","0137",472.00,472.00,27.00,4.00,"1915","0301",466.00,466.00,0.00,"",0.00,90.00,84.00,53.00,1.00,370.00,0.00,0.00,0.00,0.00,466.00,
2016,7,1,5,2016-07-01,"AA",19805,"AA","608",14107,"PHX","Phoenix, AZ","AZ",12889,"LAS","Las Vegas, NV","NV","2022","2015",-7.00,0.00,12.00,7.00,"2132","2121",-11.00,0.00,0.00,"",0.00,70.00,66.00,47.00,1.00,255.00,,,,,,
2016,7,1,5,2016-07-01,"AA",19805,"AA","609",11057,"CLT","Charlotte, NC","NC",14747,"SEA","Seattle, WA","WA","1810","1858",48.00,48.00,16.00,11.00,"2048","2145",57.00,57.00,0.00,"",0.00,338.00,347.00,320.00,1.00,2279.00,48.00,0.00,9.00,0.00,0.00,
2016,7,1,5,2016-07-01,"AA",19805,"AA","609",11618,"EWR","Newark, NJ","NJ",11057,"CLT","Charlotte, NC","NC","1505","1910",245.00,245.00,20.00,31.00,"1701","2117",256.00,256.00,0.00,"",0.00,116.00,127.00,76.00,1.00,529.00,0.00,245.00,11.00,0.00,0.00,
2016,7,1,5,2016-07-01,"AA",19805,"AA","610",13796,"OAK","Oakland, CA","CA",14107,"PHX","Phoenix, AZ","AZ","0600","0558",-2.00,0.00,16.00,9.00,"0758","0755",-3.00,0.00,0.00,"",0.00,118.00,117.00,92.00,1.00,646.00,,,,,,
2016,7,1,5,2016-07-01,"AA",19805,"AA","610",14107,"PHX","Phoenix, AZ","AZ",10397,"ATL","Atlanta, GA","GA","0859","0852",-7.00,0.00,27.00,8.00,"1553","1548",-5.00,0.00,0.00,"",0.00,234.00,236.00,201.00,1.00,1587.00,,,,,,
2016,7,1,5,2016-07-01,"AA",19805,"AA","611",10397,"ATL","Atlanta, GA","GA",14107,"PHX","Phoenix, AZ","AZ","2055","2103",8.00,8.00,12.00,8.00,"2150","2149",-1.00,0.00,0.00,"",0.00,235.00,226.00,206.00,1.00,1587.00,,,,,,
2016,7,1,5,2016-07-01,"AA",19805,"AA","612",14107,"PHX","Phoenix, AZ","AZ",10397,"ATL","Atlanta, GA","GA","1220","1214",-6.00,0.00,29.00,10.00,"1905","1914",9.00,9.00,0.00,"",0.00,225.00,240.00,201.00,1.00,1587.00,,,,,,
2016,7,1,5,2016-07-01,"AA",19805,"AA","612",14908,"SNA","Santa Ana, CA","CA",14107,"PHX","Phoenix, AZ","AZ","1011","1005",-6.00,0.00,11.00,3.00,"1124","1111",-13.00,0.00,0.00,"",0.00,73.00,66.00,52.00,1.00,338.00,,,,,,
2016,7,1,5,2016-07-01,"AA",19805,"AA","615",10721,"BOS","Boston, MA","MA",14100,"PHL","Philadelphia, PA","PA","0500","0456",-4.00,0.00,16.00,7.00,"0621","0633",12.00,12.00,0.00,"",0.00,81.00,97.00,74.00,1.00,280.00,,,,,,
2016,7,1,5,2016-07-01,"AA",19805,"AA","615",14100,"PHL","Philadelphia, PA","PA",14771,"SFO","San Francisco, CA","CA","0740","0737",-3.00,0.00,21.00,9.00,"1039","1036",-3.00,0.00,0.00,"",0.00,359.00,359.00,329.00,1.00,2521.00,,,,,,
2016,7,1,5,2016-07-01,"AA",19805,"AA","616",11057,"CLT","Charlotte, NC","NC",11292,"DEN","Denver, CO","CO","2020","2030",10.00,10.00,17.00,13.00,"2150","2223",33.00,33.00,0.00,"",0.00,210.00,233.00,203.00,1.00,1337.00,10.00,0.00,23.00,0.00,0.00,
2016,7,1,5,2016-07-01,"AA",19805,"AA","616",12953,"LGA","New York, NY","NY",11057,"CLT","Charlotte, NC","NC","1710","",,,,,"1920","",,,1.00,"B",0.00,130.00,,,1.00,544.00,,,,,,
2016,7,1,5,2016-07-01,"AA",19805,"AA","618",11298,"DFW","Dallas/Fort Worth, TX","TX",12889,"LAS","Las Vegas, NV","NV","1635","1631",-4.00,0.00,17.00,6.00,"1723","1711",-12.00,0.00,0.00,"",0.00,168.00,160.00,137.00,1.00,1055.00,,,,,,
2016,7,1,5,2016-07-01,"AA",19805,"AA","618",12889,"LAS","Las Vegas, NV","NV",11298,"DFW","Dallas/Fort Worth, TX","TX","1815","1812",-3.00,0.00,12.00,11.00,"2253","2248",-5.00,0.00,0.00,"",0.00,158.00,156.00,133.00,1.00,1055.00,,,,,,
2016,7,1,5,2016-07-01,"AA",19805,"AA","619",11057,"CLT","Charlotte, NC","NC",14771,"SFO","San Francisco, CA","CA","1955","2025",30.00,30.00,13.00,5.00,"2213","2236",23.00,23.00,0.00,"",0.00,318.00,311.00,293.00,1.00,2296.00,8.00,0.00,0.00,0.00,15.00,
2016,7,1,5,2016-07-01,"AA",19805,"AA","621",14107,"PHX","Phoenix, AZ","AZ",14908,"SNA","Santa Ana, CA","CA","1019","1018",-1.00,0.00,25.00,6.00,"1140","1144",4.00,4.00,0.00,"",0.00,81.00,86.00,55.00,1.00,338.00,,,,,,
2016,7,1,5,2016-07-01,"AA",19805,"AA","622",13930,"ORD","Chicago, IL","IL",11057,"CLT","Charlotte, NC","NC","1340","1343",3.00,3.00,12.00,19.00,"1641","1634",-7.00,0.00,0.00,"",0.00,121.00,111.00,80.00,1.00,599.00,,,,,,
2016,7,1,5,2016-07-01,"AA",19805,"AA","623",14107,"PHX","Phoenix, AZ","AZ",12982,"LIH","Lihue, HI","HI","1345","1343",-2.00,0.00,16.00,4.00,"1724","1725",1.00,1.00,0.00,"",0.00,399.00,402.00,382.00,1.00,2979.00,,,,,,
2016,7,1,5,2016-07-01,"AA",19805,"AA","624",14747,"SEA","Seattle, WA","WA",11057,"CLT","Charlotte, NC","NC","2214","2238",24.00,24.00,19.00,4.00,"0605","0612",7.00,7.00,0.00,"",0.00,291.00,274.00,251.00,1.00,2279.00,,,,,,
2016,7,1,5,2016-07-01,"AA",19805,"AA","625",14107,"PHX","Phoenix, AZ","AZ",10713,"BOI","Boise, ID","ID","0940","1011",31.00,31.00,31.00,6.00,"1241","1327",46.00,46.00,0.00,"",0.00,121.00,136.00,99.00,1.00,735.00,31.00,0.00,15.00,0.00,0.00,
2016,7,1,5,2016-07-01,"AA",19805,"AA","626",14107,"PHX","Phoenix, AZ","AZ",10721,"BOS","Boston, MA","MA","2355","2351",-4.00,0.00,17.00,7.00,"0747","0736",-11.00,0.00,0.00,"",0.00,292.00,285.00,261.00,1.00,2300.00,,,,,,
2016,7,1,5,2016-07-01,"AA",19805,"AA","627",11433,"DTW","Detroit, MI","MI",14107,"PHX","Phoenix, AZ","AZ","1750","1755",5.00,5.00,20.00,4.00,"1900","1912",12.00,12.00,0.00,"",0.00,250.00,257.00,233.00,1.00,1671.00,,,,,,
2016,7,1,5,2016-07-01,"AA",19805,"AA","627",14107,"PHX","Phoenix, AZ","AZ",13796,"OAK","Oakland, CA","CA","2009","2006",-3.00,0.00,12.00,6.00,"2204","2154",-10.00,0.00,0.00,"",0.00,115.00,108.00,90.00,1.00,646.00,,,,,,
2016,7,1,5,2016-07-01,"AA",19805,"AA","628",11057,"CLT","Charlotte, NC","NC",14107,"PHX","Phoenix, AZ","AZ","1300","1256",-4.00,0.00,11.00,6.00,"1417","1357",-20.00,0.00,0.00,"",0.00,257.00,241.00,224.00,1.00,1773.00,,,,,,
2016,7,1,5,2016-07-01,"AA",19805,"AA","628",13930,"ORD","Chicago, IL","IL",11057,"CLT","Charlotte, NC","NC","0900","0855",-5.00,0.00,17.00,11.00,"1158","1140",-18.00,0.00,0.00,"",0.00,118.00,105.00,77.00,1.00,599.00,,,,,,
2016,7,1,5,2016-07-01,"AA",19805,"AA","629",10721,"BOS","Boston, MA","MA",14107,"PHX","Phoenix, AZ","AZ","1625","1626",1.00,1.00,27.00,4.00,"1902","1911",9.00,9.00,0.00,"",0.00,337.00,345.00,314.00,1.00,2300.00,,,,,,
2016,7,1,5,2016-07-01,"AA",19805,"AA","629",11057,"CLT","Charlotte, NC","NC",10721,"BOS","Boston, MA","MA","1310","1308",-2.00,0.00,34.00,7.00,"1525","1528",3.00,3.00,0.00,"",0.00,135.00,140.00,99.00,1.00,728.00,,,,,,
2016,7,1,5,2016-07-01,"AA",19805,"AA","629",14107,"PHX","Phoenix, AZ","AZ",14908,"SNA","Santa Ana, CA","CA","2019","2015",-4.00,0.00,19.00,6.00,"2136","2138",2.00,2.00,0.00,"",0.00,77.00,83.00,58.00,1.00,338.00,,,,,,
2016,7,1,5,2016-07-01,"AA",19805,"AA","631",12173,"HNL","Honolulu, HI","HI",14107,"PHX","Phoenix, AZ","AZ","2110","2058",-12.00,0.00,19.00,4.00,"0604","0544",-20.00,0.00,0.00,"",0.00,354.00,346.00,323.00,1.00,2917.00,,,,,,
2016,7,1,5,2016-07-01,"AA",19805,"AA","633",14107,"PHX","Phoenix, AZ","AZ",13830,"OGG","Kahului, HI","HI","0805","0820",15.00,15.00,15.00,6.00,"1132","1153",21.00,21.00,0.00,"",0.00,387.00,393.00,372.00,1.00,2845.00,15.00,0.00,6.00,0.00,0.00,
2016,7,1,5,2016-07-01,"AA",19805,"AA","634",14107,"PHX","Phoenix, AZ","AZ",14122,"PIT","Pittsburgh, PA","PA","1605","1605",0.00,0.00,12.00,4.00,"2300","2247",-13.00,0.00,0.00,"",0.00,235.00,222.00,206.00,1.00,1814.00,,,,,,
2016,7,1,5,2016-07-01,"AA",19805,"AA","635",10713,"BOI","Boise, ID","ID",14107,"PHX","Phoenix, AZ","AZ","1321","1406",45.00,45.00,10.00,4.00,"1424","1505",41.00,41.00,0.00,"",0.00,123.00,119.00,105.00,1.00,735.00,0.00,0.00,0.00,0.00,41.00,
2016,7,1,5,2016-07-01,"AA",19805,"AA","635",14107,"PHX","Phoenix, AZ","AZ",12892,"LAX","Los Angeles, CA","CA","1600","1601",1.00,1.00,19.00,15.00,"1728","1741",13.00,13.00,0.00,"",0.00,88.00,100.00,66.00,1.00,370.00,,,,,,
2016,7,1,5,2016-07-01,"AA",19805,"AA","636",13487,"MSP","Minneapolis, MN","MN",14107,"PHX","Phoenix, AZ","AZ","1440","1441",1.00,1.00,11.00,6.00,"1553","1550",-3.00,0.00,0.00,"",0.00,193.00,189.00,172.00,1.00,1276.00,,,,,,
2016,7,1,5,2016-07-01,"AA",19805,"AA","636",14107,"PHX","Phoenix, AZ","AZ",12889,"LAS","Las Vegas, NV","NV","1700","1656",-4.00,0.00,17.00,7.00,"1805","1806",1.00,1.00,0.00,"",0.00,65.00,70.00,46.00,1.00,255.00,,,,,,
2016,7,1,5,2016-07-01,"AA",19805,"AA","637",11057,"CLT","Charlotte, NC","NC",12889,"LAS","Las Vegas, NV","NV","1645","1640",-5.00,0.00,15.00,8.00,"1828","1812",-16.00,0.00,0.00,"",0.00,283.00,272.00,249.00,1.00,1916.00,,,,,,
2016,7,1,5,2016-07-01,"AA",19805,"AA","637",13204,"MCO","Orlando, FL","FL",11057,"CLT","Charlotte, NC","NC","1347","1349",2.00,2.00,20.00,8.00,"1530","1531",1.00,1.00,0.00,"",0.00,103.00,102.00,74.00,1.00,468.00,,,,,,
2016,7,1,5,2016-07-01,"AA",19805,"AA","638",11433,"DTW","Detroit, MI","MI",14107,"PHX","Phoenix, AZ","AZ","1130","1133",3.00,3.00,20.00,3.00,"1234","1236",2.00,2.00,0.00,"",0.00,244.00,243.00,220.00,1.00,1671.00,,,,,,
2016,7,1,5,2016-07-01,"AA",19805,"AA","638",14107,"PHX","Phoenix, AZ","AZ",14831,"SJC","San Jose, CA","CA","1330","1330",0.00,0.00,18.00,3.00,"1516","1523",7.00,7.00,0.00,"",0.00,106.00,113.00,92.00,1.00,621.00,,,,,,
2016,7,1,5,2016-07-01,"AA",19805,"AA","639",14100,"PHL","Philadelphia, PA","PA",14107,"PHX","Phoenix, AZ","AZ","1040","1045",5.00,5.00,20.00,3.00,"1237","1244",7.00,7.00,0.00,"",0.00,297.00,299.00,276.00,1.00,2075.00,,,,,,
2016,7,1,5,2016-07-01,"AA",19805,"AA","639",14107,"PHX","Phoenix, AZ","AZ",14679,"SAN","San Diego, CA","CA","1355","1350",-5.00,0.00,18.00,4.00,"1505","1502",-3.00,0.00,0.00,"",0.00,70.00,72.00,50.00,1.00,304.00,,,,,,
2016,7,1,5,2016-07-01,"AA",19805,"AA","639",14679,"SAN","San Diego, CA","CA",11298,"DFW","Dallas/Fort Worth, TX","TX","1605","1602",-3.00,0.00,13.00,22.00,"2105","2104",-1.00,0.00,0.00,"",0.00,180.00,182.00,147.00,1.00,1171.00,,,,,,
2016,7,1,5,2016-07-01,"AA",19805,"AA","640",13204,"MCO","Orlando, FL","FL",14107,"PHX","Phoenix, AZ","AZ","1735","1731",-4.00,0.00,11.00,7.00,"1856","1841",-15.00,0.00,0.00,"",0.00,261.00,250.00,232.00,1.00,1849.00,,,,,,
2016,7,1,5,2016-07-01,"AA",19805,"AA","640",14107,"PHX","Phoenix, AZ","AZ",12892,"LAX","Los Angeles, CA","CA","2002","2035",33.00,33.00,21.00,30.00,"2137","2238",61.00,61.00,0.00,"",0.00,95.00,123.00,72.00,1.00,370.00,0.00,0.00,61.00,0.00,0.00,
2016,7,1,5,2016-07-01,"AA",19805,"AA","641",14107,"PHX","Phoenix, AZ","AZ",14679,"SAN","San Diego, CA","CA","2255","2252",-3.00,0.00,16.00,3.00,"2359","0002",3.00,3.00,0.00,"",0.00,64.00,70.00,51.00,1.00,304.00,,,,,,
2016,7,1,5,2016-07-01,"AA",19805,"AA","641",15304,"TPA","Tampa, FL","FL",14107,"PHX","Phoenix, AZ","AZ","2050","2052",2.00,2.00,12.00,3.00,"2157","2157",0.00,0.00,0.00,"",0.00,247.00,245.00,230.00,1.00,1788.00,,,,,,
2016,7,1,5,2016-07-01,"AA",19805,"AA","642",13891,"ONT","Ontario, CA","CA",14107,"PHX","Phoenix, AZ","AZ","1240","1239",-1.00,0.00,12.00,4.00,"1354","1344",-10.00,0.00,0.00,"",0.00,74.00,65.00,49.00,1.00,325.00,,,,,,
2016,7,1,5,2016-07-01,"AA",19805,"AA","642",14107,"PHX","Phoenix, AZ","AZ",11292,"DEN","Denver, CO","CO","1455","1453",-2.00,0.00,25.00,5.00,"1740","1749",9.00,9.00,0.00,"",0.00,105.00,116.00,86.00,1.00,602.00,,,,,,
2016,7,1,5,2016-07-01,"AA",19805,"AA","643",11057,"CLT","Charlotte, NC","NC",12889,"LAS","Las Vegas, NV","NV","2005","2004",-1.00,0.00,19.00,9.00,"2141","2212",31.00,31.00,0.00,"",0.00,276.00,308.00,280.00,1.00,1916.00,0.00,0.00,31.00,0.00,0.00,
2016,7,1,5,2016-07-01,"AA",19805,"AA","644",13342,"MKE","Milwaukee, WI","WI",14107,"PHX","Phoenix, AZ","AZ","1725","1725",0.00,0.00,16.00,5.00,"1904","1916",12.00,12.00,0.00,"",0.00,219.00,231.00,210.00,1.00,1460.00,,,,,,
2016,7,1,5,2016-07-01,"AA",19805,"AA","645",13830,"OGG","Kahului, HI","HI",14107,"PHX","Phoenix, AZ","AZ","1305","1308",3.00,3.00,14.00,6.00,"2151","2146",-5.00,0.00,0.00,"",0.00,346.00,338.00,318.00,1.00,2845.00,,,,,,
2016,7,1,5,2016-07-01,"AA",19805,"AA","646",14107,"PHX","Phoenix, AZ","AZ",10721,"BOS","Boston, MA","MA","0905","0945",40.00,40.00,29.00,3.00,"1712","1741",29.00,29.00,0.00,"",0.00,307.00,296.00,264.00,1.00,2300.00,0.00,0.00,29.00,0.00,0.00,
2016,7,1,5,2016-07-01,"AA",19805,"AA","646",14908,"SNA","Santa Ana, CA","CA",14107,"PHX","Phoenix, AZ","AZ","0645","0642",-3.00,0.00,31.00,4.00,"0811","0809",-2.00,0.00,0.00,"",0.00,86.00,87.00,52.00,1.00,338.00,,,,,,
2016,7,1,5,2016-07-01,"AA",19805,"AA","647",14107,"PHX","Phoenix, AZ","AZ",13891,"ONT","Ontario, CA","CA","1016","1013",-3.00,0.00,27.00,5.00,"1136","1136",0.00,0.00,0.00,"",0.00,80.00,83.00,51.00,1.00,325.00,,,,,,
2016,7,1,5,2016-07-01,"AA",19805,"AA","647",14122,"PIT","Pittsburgh, PA","PA",14107,"PHX","Phoenix, AZ","AZ","0740","0735",-5.00,0.00,11.00,6.00,"0911","0857",-14.00,0.00,0.00,"",0.00,271.00,262.00,245.00,1.00,1814.00,,,,,,
2016,7,1,5,2016-07-01,"AA",19805,"AA","648",14679,"SAN","San Diego, CA","CA",14100,"PHL","Philadelphia, PA","PA","2205","2206",1.00,1.00,26.00,4.00,"0609","0614",5.00,5.00,0.00,"",0.00,304.00,308.00,278.00,1.00,2370.00,,,,,,
2016,7,1,5,2016-07-01,"AA",19805,"AA","649",14107,"PHX","Phoenix, AZ","AZ",11298,"DFW","Dallas/Fort Worth, TX","TX","0859","0905",6.00,6.00,26.00,8.00,"1335","1337",2.00,2.00,0.00,"",0.00,156.00,152.00,118.00,1.00,868.00,,,,,,
2016,7,1,5,2016-07-01,"AA",19805,"AA","649",14771,"SFO","San Francisco, CA","CA",14107,"PHX","Phoenix, AZ","AZ","0600","0556",-4.00,0.00,13.00,8.00,"0800","0749",-11.00,0.00,0.00,"",0.00,120.00,113.00,92.00,1.00,651.00,,,,,,
2016,7,1,5,2016-07-01,"AA",19805,"AA","650",12892,"LAX","Los Angeles, CA","CA",14100,"PHL","Philadelphia, PA","PA","2200","2245",45.00,45.00,34.00,4.00,"0617","0656",39.00,39.00,0.00,"",0.00,317.00,311.00,273.00,1.00,2402.00,39.00,0.00,0.00,0.00,0.00,
2016,7,1,5,2016-07-01,"AA",19805,"AA","651",11057,"CLT","Charlotte, NC","NC",11292,"DEN","Denver, CO","CO","1820","2203",223.00,223.00,11.00,11.00,"1954","2330",216.00,216.00,0.00,"",0.00,214.00,207.00,185.00,1.00,1337.00,16.00,0.00,0.00,0.00,200.00,
2016,7,1,5,2016-07-01,"AA",19805,"AA","651",13204,"MCO","Orlando, FL","FL",11057,"CLT","Charlotte, NC","NC","1535","1910",215.00,215.00,21.00,7.00,"1725","2051",206.00,206.00,0.00,"",0.00,110.00,101.00,73.00,1.00,468.00,206.00,0.00,0.00,0.00,0.00,
2016,7,1,5,2016-07-01,"AA",19805,"AA","652",14107,"PHX","Phoenix, AZ","AZ",15016,"STL","St. Louis, MO","MO","0846","0843",-3.00,0.00,22.00,3.00,"1349","1343",-6.00,0.00,0.00,"",0.00,183.00,180.00,155.00,1.00,1262.00,,,,,,
2016,7,1,5,2016-07-01,"AA",19805,"AA","652",14869,"SLC","Salt Lake City, UT","UT",14107,"PHX","Phoenix, AZ","AZ","0715","0710",-5.00,0.00,13.00,5.00,"0750","0739",-11.00,0.00,0.00,"",0.00,95.00,89.00,71.00,1.00,507.00,,,,,,
2016,7,1,5,2016-07-01,"AA",19805,"AA","653",10299,"ANC","Anchorage, AK","AK",12892,"LAX","Los Angeles, CA","CA","2335","2332",-3.00,0.00,13.00,5.00,"0610","0535",-35.00,0.00,0.00,"",0.00,335.00,303.00,285.00,1.00,2345.00,,,,,,
2016,7,1,5,2016-07-01,"AA",19805,"AA","653",10423,"AUS","Austin, TX","TX",14107,"PHX","Phoenix, AZ","AZ","1530","1536",6.00,6.00,9.00,7.00,"1547","1552",5.00,5.00,0.00,"",0.00,137.00,136.00,120.00,1.00,872.00,,,,,,
2016,7,1,5,2016-07-01,"AA",19805,"AA","653",10693,"BNA","Nashville, TN","TN",11057,"CLT","Charlotte, NC","NC","0935","0929",-6.00,0.00,10.00,11.00,"1157","1139",-18.00,0.00,0.00,"",0.00,82.00,70.00,49.00,1.00,328.00,,,,,,
2016,7,1,5,2016-07-01,"AA",19805,"AA","653",11057,"CLT","Charlotte, NC","NC",10423,"AUS","Austin, TX","TX","1255","1248",-7.00,0.00,12.00,7.00,"1434","1424",-10.00,0.00,0.00,"",0.00,159.00,156.00,137.00,1.00,1032.00,,,,,,
2016,7,1,5,2016-07-01,"AA",19805,"AA","653",14107,"PHX","Phoenix, AZ","AZ",10299,"ANC","Anchorage, AK","AK","1715","1710",-5.00,0.00,12.00,4.00,"2151","2148",-3.00,0.00,0.00,"",0.00,336.00,338.00,322.00,1.00,2552.00,,,,,,
2016,7,1,5,2016-07-01,"AA",19805,"AA","654",12889,"LAS","Las Vegas, NV","NV",14100,"PHL","Philadelphia, PA","PA","1405","1404",-1.00,0.00,16.00,4.00,"2150","2126",-24.00,0.00,0.00,"",0.00,285.00,262.00,242.00,1.00,2176.00,,,,,,
2016,7,1,5,2016-07-01,"AA",19805,"AA","655",11278,"DCA","Washington, DC","VA",11057,"CLT","Charlotte, NC","NC","1520","1519",-1.00,0.00,22.00,10.00,"1652","1642",-10.00,0.00,0.00,"",0.00,92.00,83.00,51.00,1.00,331.00,,,,,,
2016,7,1,5,2016-07-01,"AA",19805,"AA","656",13204,"MCO","Orlando, FL","FL",14100,"PHL","Philadelphia, PA","PA","0620","0616",-4.00,0.00,15.00,4.00,"0844","0841",-3.00,0.00,0.00,"",0.00,144.00,145.00,126.00,1.00,861.00,,,,,,
2016,7,1,5,2016-07-01,"AA",19805,"AA","656",14100,"PHL","Philadelphia, PA","PA",14771,"SFO","San Francisco, CA","CA","1025","1024",-1.00,0.00,28.00,11.00,"1328","1329",1.00,1.00,0.00,"",0.00,363.00,365.00,326.00,1.00,2521.00,,,,,,
2016,7,1,5,2016-07-01,"AA",19805,"AA","657",11057,"CLT","Charlotte, NC","NC",12266,"IAH","Houston, TX","TX","1320","1316",-4.00,0.00,11.00,16.00,"1452","1442",-10.00,0.00,0.00,"",0.00,152.00,146.00,119.00,1.00,912.00,,,,,,
2016,7,1,5,2016-07-01,"AA",19805,"AA","657",14307,"PVD","Providence, RI","RI",11057,"CLT","Charlotte, NC","NC","1015","1011",-4.00,0.00,17.00,9.00,"1228","1222",-6.00,0.00,0.00,"",0.00,133.00,131.00,105.00,1.00,683.00,,,,,,
2016,7,1,5,2016-07-01,"AA",19805,"AA","658",11057,"CLT","Charlotte, NC","NC",12889,"LAS","Las Vegas, NV","NV","0805","0936",91.00,91.00,32.00,7.00,"0947","1113",86.00,86.00,0.00,"",0.00,282.00,277.00,238.00,1.00,1916.00,0.00,0.00,0.00,0.00,86.00,
2016,7,1,5,2016-07-01,"AA",19805,"AA","659",11066,"CMH","Columbus, OH","OH",12892,"LAX","Los Angeles, CA","CA","1655","1650",-5.00,0.00,11.00,11.00,"1840","1834",-6.00,0.00,0.00,"",0.00,285.00,284.00,262.00,1.00,1995.00,,,,,,
2016,7,1,5,2016-07-01,"AA",19805,"AA","659",12892,"LAX","Los Angeles, CA","CA",14107,"PHX","Phoenix, AZ","AZ","1930","1933",3.00,3.00,47.00,4.00,"2102","2118",16.00,16.00,0.00,"",0.00,92.00,105.00,54.00,1.00,370.00,0.00,0.00,16.00,0.00,0.00,
2016,7,1,5,2016-07-01,"AA",19805,"AA","660",12892,"LAX","Los Angeles, CA","CA",14100,"PHL","Philadelphia, PA","PA","1105","1107",2.00,2.00,37.00,12.00,"1925","1934",9.00,9.00,0.00,"",0.00,320.00,327.00,278.00,1.00,2402.00,,,,,,
2016,7,1,5,2016-07-01,"AA",19805,"AA","661",12173,"HNL","Honolulu, HI","HI",14107,"PHX","Phoenix, AZ","AZ","1300","1305",5.00,5.00,24.00,7.00,"2205","2159",-6.00,0.00,0.00,"",0.00,365.00,354.00,323.00,1.00,2917.00,,,,,,
2016,7,1,5,2016-07-01,"AA",19805,"AA","662",11057,"CLT","Charlotte, NC","NC",14771,"SFO","San Francisco, CA","CA","0730","0729",-1.00,0.00,19.00,3.00,"0950","0943",-7.00,0.00,0.00,"",0.00,320.00,314.00,292.00,1.00,2296.00,,,,,,
2016,7,1,5,2016-07-01,"AA",19805,"AA","663",14107,"PHX","Phoenix, AZ","AZ",12758,"KOA","Kona, HI","HI","1040","1047",7.00,7.00,18.00,2.00,"1405","1408",3.00,3.00,0.00,"",0.00,385.00,381.00,361.00,1.00,2860.00,,,,,,
2016,7,1,5,2016-07-01,"AA",19805,"AA","664",12758,"KOA","Kona, HI","HI",14107,"PHX","Phoenix, AZ","AZ","2250","2240",-10.00,0.00,1.00,3.00,"0732","0659",-33.00,0.00,0.00,"",0.00,342.00,319.00,315.00,1.00,2860.00,,,,,,
2016,7,1,5,2016-07-01,"AA",19805,"AA","665",14107,"PHX","Phoenix, AZ","AZ",11066,"CMH","Columbus, OH","OH","0842","0841",-1.00,0.00,19.00,5.00,"1530","1521",-9.00,0.00,0.00,"",0.00,228.00,220.00,196.00,1.00,1670.00,,,,,,
2016,7,1,5,2016-07-01,"AA",19805,"AA","668",14100,"PHL","Philadelphia, PA","PA",11292,"DEN","Denver, CO","CO","2100","2055",-5.00,0.00,34.00,11.00,"2309","2318",9.00,9.00,0.00,"",0.00,249.00,263.00,218.00,1.00,1558.00,,,,,,
2016,7,1,5,2016-07-01,"AA",19805,"AA","669",11292,"DEN","Denver, CO","CO",14100,"PHL","Philadelphia, PA","PA","0030","0047",17.00,17.00,12.00,9.00,"0556","0553",-3.00,0.00,0.00,"",0.00,206.00,186.00,165.00,1.00,1558.00,,,,,,
2016,7,1,5,2016-07-01,"AA",19805,"AA","670",11298,"DFW","Dallas/Fort Worth, TX","TX",12889,"LAS","Las Vegas, NV","NV","1240","1239",-1.00,0.00,20.00,7.00,"1332","1326",-6.00,0.00,0.00,"",0.00,172.00,167.00,140.00,1.00,1055.00,,,,,,
2016,7,1,5,2016-07-01,"AA",19805,"AA","670",12889,"LAS","Las Vegas, NV","NV",11298,"DFW","Dallas/Fort Worth, TX","TX","1436","1432",-4.00,0.00,8.00,29.00,"1924","1923",-1.00,0.00,0.00,"",0.00,168.00,171.00,134.00,1.00,1055.00,,,,,,
2016,7,1,5,2016-07-01,"AA",19805,"AA","671",13303,"MIA","Miami, FL","FL",14100,"PHL","Philadelphia, PA","PA","2152","2349",117.00,117.00,16.00,3.00,"0044","0221",97.00,97.00,0.00,"",0.00,172.00,152.00,133.00,1.00,1013.00,35.00,0.00,0.00,0.00,62.00,
2016,7,1,5,2016-07-01,"AA",19805,"AA","672",12889,"LAS","Las Vegas, NV","NV",11298,"DFW","Dallas/Fort Worth, TX","TX","0615","0611",-4.00,0.00,10.00,10.00,"1059","1044",-15.00,0.00,0.00,"",0.00,164.00,153.00,133.00,1.00,1055.00,,,,,,
2016,7,1,5,2016-07-01,"AA",19805,"AA","673",10821,"BWI","Baltimore, MD","MD",11057,"CLT","Charlotte, NC","NC","1535","1600",25.00,25.00,57.00,5.00,"1706","1800",54.00,54.00,0.00,"",0.00,91.00,120.00,58.00,1.00,361.00,0.00,25.00,29.00,0.00,0.00,
2016,7,1,5,2016-07-01,"AA",19805,"AA","673",11057,"CLT","Charlotte, NC","NC",12266,"IAH","Houston, TX","TX","1759","1843",44.00,44.00,14.00,10.00,"1927","2008",41.00,41.00,0.00,"",0.00,148.00,145.00,121.00,1.00,912.00,41.00,0.00,0.00,0.00,0.00,
2016,7,1,5,2016-07-01,"AA",19805,"AA","674",14100,"PHL","Philadelphia, PA","PA",14679,"SAN","San Diego, CA","CA","0755","0747",-8.00,0.00,21.00,5.00,"1027","1033",6.00,6.00,0.00,"",0.00,332.00,346.00,320.00,1.00,2370.00,,,,,,
2016,7,1,5,2016-07-01,"AA",19805,"AA","675",11298,"DFW","Dallas/Fort Worth, TX","TX",14057,"PDX","Portland, OR","OR","2200","2208",8.00,8.00,19.00,3.00,"2353","2355",2.00,2.00,0.00,"",0.00,233.00,227.00,205.00,1.00,1616.00,,,,,,
2016,7,1,5,2016-07-01,"AA",19805,"AA","675",14100,"PHL","Philadelphia, PA","PA",11298,"DFW","Dallas/Fort Worth, TX","TX","1800","1833",33.00,33.00,36.00,11.00,"2039","2112",33.00,33.00,0.00,"",0.00,219.00,219.00,172.00,1.00,1303.00,0.00,0.00,0.00,0.00,33.00,
2016,7,1,5,2016-07-01,"AA",19805,"AA","676",12892,"LAX","Los Angeles, CA","CA",10299,"ANC","Anchorage, AK","AK","1937","1943",6.00,6.00,28.00,3.00,"0020","0009",-11.00,0.00,0.00,"",0.00,343.00,326.00,295.00,1.00,2345.00,,,,,,
2016,7,1,5,2016-07-01,"AA",19805,"AA","677",12889,"LAS","Las Vegas, NV","NV",14100,"PHL","Philadelphia, PA","PA","0655","0647",-8.00,0.00,15.00,6.00,"1434","1415",-19.00,0.00,0.00,"",0.00,279.00,268.00,247.00,1.00,2176.00,,,,,,
2016,7,1,5,2016-07-01,"AA",19805,"AA","678",11057,"CLT","Charlotte, NC","NC",12892,"LAX","Los Angeles, CA","CA","1805","1823",18.00,18.00,17.00,46.00,"2014","2059",45.00,45.00,0.00,"",0.00,309.00,336.00,273.00,1.00,2125.00,18.00,0.00,27.00,0.00,0.00,
2016,7,1,5,2016-07-01,"AA",19805,"AA","679",10397,"ATL","Atlanta, GA","GA",11057,"CLT","Charlotte, NC","NC","0853","0851",-2.00,0.00,26.00,10.00,"1015","1013",-2.00,0.00,0.00,"",0.00,82.00,82.00,46.00,1.00,226.00,,,,,,
2016,7,1,5,2016-07-01,"AA",19805,"AA","679",11057,"CLT","Charlotte, NC","NC",14107,"PHX","Phoenix, AZ","AZ","1125","1131",6.00,6.00,14.00,2.00,"1240","1242",2.00,2.00,0.00,"",0.00,255.00,251.00,235.00,1.00,1773.00,,,,,,
2016,7,1,5,2016-07-01,"AA",19805,"AA","680",14107,"PHX","Phoenix, AZ","AZ",11278,"DCA","Washington, DC","VA","1240","1237",-3.00,0.00,13.00,5.00,"2003","1938",-25.00,0.00,0.00,"",0.00,263.00,241.00,223.00,1.00,1979.00,,,,,,
2016,7,1,5,2016-07-01,"AA",19805,"AA","683",13495,"MSY","New Orleans, LA","LA",14100,"PHL","Philadelphia, PA","PA","1305","1334",29.00,29.00,18.00,3.00,"1659","1740",41.00,41.00,0.00,"",0.00,174.00,186.00,165.00,1.00,1089.00,0.00,20.00,12.00,0.00,9.00,
2016,7,1,5,2016-07-01,"AA",19805,"AA","683",14100,"PHL","Philadelphia, PA","PA",13495,"MSY","New Orleans, LA","LA","1005","1004",-1.00,0.00,51.00,6.00,"1213","1234",21.00,21.00,0.00,"",0.00,188.00,210.00,153.00,1.00,1089.00,0.00,0.00,21.00,0.00,0.00,
2016,7,1,5,2016-07-01,"AA",19805,"AA","684",14107,"PHX","Phoenix, AZ","AZ",12982,"LIH","Lihue, HI","HI","1015","1042",27.00,27.00,20.00,4.00,"1401","1430",29.00,29.00,0.00,"",0.00,406.00,408.00,384.00,1.00,2979.00,27.00,0.00,2.00,0.00,0.00,
2016,7,1,5,2016-07-01,"AA",19805,"AA","686",11292,"DEN","Denver, CO","CO",14100,"PHL","Philadelphia, PA","PA","0705","0658",-7.00,0.00,12.00,11.00,"1236","1215",-21.00,0.00,0.00,"",0.00,211.00,197.00,174.00,1.00,1558.00,,,,,,
2016,7,1,5,2016-07-01,"AA",19805,"AA","686",14100,"PHL","Philadelphia, PA","PA",14107,"PHX","Phoenix, AZ","AZ","1405","1356",-9.00,0.00,134.00,3.00,"1603","1753",110.00,110.00,0.00,"",0.00,298.00,417.00,280.00,1.00,2075.00,0.00,0.00,110.00,0.00,0.00,
2016,7,1,5,2016-07-01,"AA",19805,"AA","686",14107,"PHX","Phoenix, AZ","AZ",14771,"SFO","San Francisco, CA","CA","1709","1819",70.00,70.00,11.00,4.00,"1905","2007",62.00,62.00,0.00,"",0.00,116.00,108.00,93.00,1.00,651.00,62.00,0.00,0.00,0.00,0.00,
2016,7,1,5,2016-07-01,"AA",19805,"AA","687",12982,"LIH","Lihue, HI","HI",14107,"PHX","Phoenix, AZ","AZ","2110","2112",2.00,2.00,12.00,3.00,"0604","0558",-6.00,0.00,0.00,"",0.00,354.00,346.00,331.00,1.00,2979.00,,,,,,
2016,7,1,5,2016-07-01,"AA",19805,"AA","688",12892,"LAX","Los Angeles, CA","CA",14100,"PHL","Philadelphia, PA","PA","0005","0115",70.00,70.00,31.00,11.00,"0825","0950",85.00,85.00,0.00,"",0.00,320.00,335.00,293.00,1.00,2402.00,70.00,0.00,15.00,0.00,0.00,
2016,7,1,5,2016-07-01,"AA",19805,"AA","689",14100,"PHL","Philadelphia, PA","PA",12889,"LAS","Las Vegas, NV","NV","1010","1010",0.00,0.00,37.00,7.00,"1233","1245",12.00,12.00,0.00,"",0.00,323.00,335.00,291.00,1.00,2176.00,,,,,,
2016,7,1,5,2016-07-01,"AA",19805,"AA","690",14107,"PHX","Phoenix, AZ","AZ",12173,"HNL","Honolulu, HI","HI","0750","0750",0.00,0.00,27.00,3.00,"1127","1133",6.00,6.00,0.00,"",0.00,397.00,403.00,373.00,1.00,2917.00,,,,,,
2016,7,1,5,2016-07-01,"AA",19805,"AA","691",11057,"CLT","Charlotte, NC","NC",13204,"MCO","Orlando, FL","FL","1305","1308",3.00,3.00,20.00,14.00,"1441","1449",8.00,8.00,0.00,"",0.00,96.00,101.00,67.00,1.00,468.00,,,,,,
2016,7,1,5,2016-07-01,"AA",19805,"AA","691",14107,"PHX","Phoenix, AZ","AZ",11057,"CLT","Charlotte, NC","NC","0505","0459",-6.00,0.00,15.00,15.00,"1209","1159",-10.00,0.00,0.00,"",0.00,244.00,240.00,210.00,1.00,1773.00,,,,,,
2016,7,1,5,2016-07-01,"AA",19805,"AA","692",14107,"PHX","Phoenix, AZ","AZ",12173,"HNL","Honolulu, HI","HI","1035","1028",-7.00,0.00,31.00,5.00,"1415","1416",1.00,1.00,0.00,"",0.00,400.00,408.00,372.00,1.00,2917.00,,,,,,
2016,7,1,5,2016-07-01,"AA",19805,"AA","693",12173,"HNL","Honolulu, HI","HI",14107,"PHX","Phoenix, AZ","AZ","2220","2213",-7.00,0.00,16.00,7.00,"0713","0656",-17.00,0.00,0.00,"",0.00,353.00,343.00,320.00,1.00,2917.00,,,,,,
2016,7,1,5,2016-07-01,"AA",19805,"AA","694",11298,"DFW","Dallas/Fort Worth, TX","TX",14107,"PHX","Phoenix, AZ","AZ","1215","1232",17.00,17.00,23.00,3.00,"1241","1258",17.00,17.00,0.00,"",0.00,146.00,146.00,120.00,1.00,868.00,0.00,0.00,0.00,0.00,17.00,
2016,7,1,5,2016-07-01,"AA",19805,"AA","694",14107,"PHX","Phoenix, AZ","AZ",12173,"HNL","Honolulu, HI","HI","1400","1355",-5.00,0.00,21.00,3.00,"1734","1731",-3.00,0.00,0.00,"",0.00,394.00,396.00,372.00,1.00,2917.00,,,,,,
2016,7,1,5,2016-07-01,"AA",19805,"AA","695",11057,"CLT","Charlotte, NC","NC",14107,"PHX","Phoenix, AZ","AZ","1435","1524",49.00,49.00,12.00,4.00,"1551","1626",35.00,35.00,0.00,"",0.00,256.00,242.00,226.00,1.00,1773.00,31.00,0.00,0.00,0.00,4.00,
2016,7,1,5,2016-07-01,"AA",19805,"AA","695",13204,"MCO","Orlando, FL","FL",11057,"CLT","Charlotte, NC","NC","1200","1202",2.00,2.00,13.00,9.00,"1340","1346",6.00,6.00,0.00,"",0.00,100.00,104.00,82.00,1.00,468.00,,,,,,
2016,7,1,5,2016-07-01,"AA",19805,"AA","695",14107,"PHX","Phoenix, AZ","AZ",12892,"LAX","Los Angeles, CA","CA","1715","1721",6.00,6.00,22.00,26.00,"1843","1914",31.00,31.00,0.00,"",0.00,88.00,113.00,65.00,1.00,370.00,6.00,0.00,25.00,0.00,0.00,
2016,7,1,5,2016-07-01,"AA",19805,"AA","696",12892,"LAX","Los Angeles, CA","CA",11057,"CLT","Charlotte, NC","NC","2240","2340",60.00,60.00,33.00,7.00,"0635","0726",51.00,51.00,0.00,"",0.00,295.00,286.00,246.00,1.00,2125.00,0.00,0.00,51.00,0.00,0.00,
2016,7,1,5,2016-07-01,"AA",19805,"AA","697",12982,"LIH","Lihue, HI","HI",14107,"PHX","Phoenix, AZ","AZ","2210","2204",-6.00,0.00,19.00,4.00,"0707","0657",-10.00,0.00,0.00,"",0.00,357.00,353.00,330.00,1.00,2979.00,,,,,,
2016,7,1,5,2016-07-01,"AA",19805,"AA","698",11298,"DFW","Dallas/Fort Worth, TX","TX",14679,"SAN","San Diego, CA","CA","1100","1055",-5.00,0.00,19.00,3.00,"1157","1156",-1.00,0.00,0.00,"",0.00,177.00,181.00,159.00,1.00,1171.00,,,,,,
2016,7,1,5,2016-07-01,"AA",19805,"AA","698",13204,"MCO","Orlando, FL","FL",11298,"DFW","Dallas/Fort Worth, TX","TX","0800","0758",-2.00,0.00,14.00,15.00,"0944","0943",-1.00,0.00,0.00,"",0.00,164.00,165.00,136.00,1.00,985.00,,,,,,
2016,7,1,5,2016-07-01,"AA",19805,"AA","699",14831,"SJC","San Jose, CA","CA",14107,"PHX","Phoenix, AZ","AZ","1910","1904",-6.00,0.00,18.00,3.00,"2101","2052",-9.00,0.00,0.00,"",0.00,111.00,108.00,87.00,1.00,621.00,,,,,,
2016,7,1,5,2016-07-01,"AA",19805,"AA","700",12892,"LAX","Los Angeles, CA","CA",14100,"PHL","Philadelphia, PA","PA","0620","0627",7.00,7.00,25.00,4.00,"1437","1442",5.00,5.00,0.00,"",0.00,317.00,315.00,286.00,1.00,2402.00,,,,,,
2016,7,1,5,2016-07-01,"AA",19805,"AA","701",14100,"PHL","Philadelphia, PA","PA",12892,"LAX","Los Angeles, CA","CA","1605","1603",-2.00,0.00,82.00,20.00,"1857","1959",62.00,62.00,0.00,"",0.00,352.00,416.00,314.00,1.00,2402.00,0.00,0.00,62.00,0.00,0.00,
2016,7,1,5,2016-07-01,"AA",19805,"AA","702",11298,"DFW","Dallas/Fort Worth, TX","TX",14100,"PHL","Philadelphia, PA","PA","1245","1318",33.00,33.00,15.00,5.00,"1705","1720",15.00,15.00,0.00,"",0.00,200.00,182.00,162.00,1.00,1303.00,15.00,0.00,0.00,0.00,0.00,
2016,7,1,5,2016-07-01,"AA",19805,"AA","703",10721,"BOS","Boston, MA","MA",11057,"CLT","Charlotte, NC","NC","1435","1433",-2.00,0.00,18.00,8.00,"1700","1715",15.00,15.00,0.00,"",0.00,145.00,162.00,136.00,1.00,728.00,0.00,0.00,15.00,0.00,0.00,
2016,7,1,5,2016-07-01,"AA",19805,"AA","703",10821,"BWI","Baltimore, MD","MD",14107,"PHX","Phoenix, AZ","AZ","2015","2045",30.00,30.00,21.00,4.00,"2200","2236",36.00,36.00,0.00,"",0.00,285.00,291.00,266.00,1.00,1999.00,0.00,21.00,6.00,0.00,9.00,
2016,7,1,5,2016-07-01,"AA",19805,"AA","703",11057,"CLT","Charlotte, NC","NC",10821,"BWI","Baltimore, MD","MD","1759","1805",6.00,6.00,18.00,7.00,"1924","1939",15.00,15.00,0.00,"",0.00,85.00,94.00,69.00,1.00,361.00,0.00,0.00,9.00,0.00,6.00,
2016,7,1,5,2016-07-01,"AA",19805,"AA","704",14771,"SFO","San Francisco, CA","CA",11057,"CLT","Charlotte, NC","NC","0700","0702",2.00,2.00,22.00,9.00,"1503","1454",-9.00,0.00,0.00,"",0.00,303.00,292.00,261.00,1.00,2296.00,,,,,,
2016,7,1,5,2016-07-01,"AA",19805,"AA","705",11057,"CLT","Charlotte, NC","NC",14771,"SFO","San Francisco, CA","CA","1620","1648",28.00,28.00,19.00,5.00,"1845","1907",22.00,22.00,0.00,"",0.00,325.00,319.00,295.00,1.00,2296.00,7.00,0.00,0.00,0.00,15.00,
2016,7,1,5,2016-07-01,"AA",19805,"AA","706",12339,"IND","Indianapolis, IN","IN",14107,"PHX","Phoenix, AZ","AZ","1820","1813",-7.00,0.00,12.00,3.00,"1900","1849",-11.00,0.00,0.00,"",0.00,220.00,216.00,201.00,1.00,1488.00,,,,,,
2016,7,1,5,2016-07-01,"AA",19805,"AA","706",12892,"LAX","Los Angeles, CA","CA",12339,"IND","Indianapolis, IN","IN","0945","1001",16.00,16.00,18.00,4.00,"1659","1655",-4.00,0.00,0.00,"",0.00,254.00,234.00,212.00,1.00,1814.00,,,,,,
2016,7,1,5,2016-07-01,"AA",19805,"AA","707",14100,"PHL","Philadelphia, PA","PA",14107,"PHX","Phoenix, AZ","AZ","0810","0800",-10.00,0.00,55.00,10.00,"1012","1040",28.00,28.00,0.00,"",0.00,302.00,340.00,275.00,1.00,2075.00,0.00,0.00,28.00,0.00,0.00,
2016,7,1,5,2016-07-01,"AA",19805,"AA","709",14100,"PHL","Philadelphia, PA","PA",14771,"SFO","San Francisco, CA","CA","2025","2026",1.00,1.00,22.00,6.00,"2319","2325",6.00,6.00,0.00,"",0.00,354.00,359.00,331.00,1.00,2521.00,,,,,,
2016,7,1,5,2016-07-01,"AA",19805,"AA","710",14107,"PHX","Phoenix, AZ","AZ",13930,"ORD","Chicago, IL","IL","1030","1025",-5.00,0.00,26.00,27.00,"1611","1606",-5.00,0.00,0.00,"",0.00,221.00,221.00,168.00,1.00,1440.00,,,,,,
2016,7,1,5,2016-07-01,"AA",19805,"AA","711",13930,"ORD","Chicago, IL","IL",14107,"PHX","Phoenix, AZ","AZ","1408","1402",-6.00,0.00,12.00,4.00,"1553","1531",-22.00,0.00,0.00,"",0.00,225.00,209.00,193.00,1.00,1440.00,,,,,,
2016,7,1,5,2016-07-01,"AA",19805,"AA","712",15304,"TPA","Tampa, FL","FL",11278,"DCA","Washington, DC","VA","0847","0840",-7.00,0.00,10.00,4.00,"1100","1050",-10.00,0.00,0.00,"",0.00,133.00,130.00,116.00,1.00,814.00,,,,,,
2016,7,1,5,2016-07-01,"AA",19805,"AA","713",10721,"BOS","Boston, MA","MA",11057,"CLT","Charlotte, NC","NC","0605","0602",-3.00,0.00,19.00,4.00,"0824","0818",-6.00,0.00,0.00,"",0.00,139.00,136.00,113.00,1.00,728.00,,,,,,
2016,7,1,5,2016-07-01,"AA",19805,"AA","713",11057,"CLT","Charlotte, NC","NC",13487,"MSP","Minneapolis, MN","MN","0920","0918",-2.00,0.00,16.00,5.00,"1101","1105",4.00,4.00,0.00,"",0.00,161.00,167.00,146.00,1.00,930.00,,,,,,
2016,7,1,5,2016-07-01,"AA",19805,"AA","714",10721,"BOS","Boston, MA","MA",14100,"PHL","Philadelphia, PA","PA","1615","1617",2.00,2.00,25.00,21.00,"1747","1816",29.00,29.00,0.00,"",0.00,92.00,119.00,73.00,1.00,280.00,0.00,0.00,29.00,0.00,0.00,
2016,7,1,5,2016-07-01,"AA",19805,"AA","715",14100,"PHL","Philadelphia, PA","PA",10721,"BOS","Boston, MA","MA","1745","1743",-2.00,0.00,59.00,6.00,"1908","1956",48.00,48.00,0.00,"",0.00,83.00,133.00,68.00,1.00,280.00,0.00,0.00,48.00,0.00,0.00,
2016,7,1,5,2016-07-01,"AA",19805,"AA","716",12892,"LAX","Los Angeles, CA","CA",14100,"PHL","Philadelphia, PA","PA","0830","0848",18.00,18.00,30.00,8.00,"1654","1704",10.00,10.00,0.00,"",0.00,324.00,316.00,278.00,1.00,2402.00,,,,,,
2016,7,1,5,2016-07-01,"AA",19805,"AA","717",14100,"PHL","Philadelphia, PA","PA",12892,"LAX","Los Angeles, CA","CA","2035","2238",123.00,123.00,32.00,14.00,"2322","0151",149.00,149.00,0.00,"",0.00,347.00,373.00,327.00,1.00,2402.00,123.00,0.00,26.00,0.00,0.00,
2016,7,1,5,2016-07-01,"AA",19805,"AA","718",10397,"ATL","Atlanta, GA","GA",14100,"PHL","Philadelphia, PA","PA","1440","1503",23.00,23.00,43.00,3.00,"1642","1731",49.00,49.00,0.00,"",0.00,122.00,148.00,102.00,1.00,666.00,0.00,0.00,49.00,0.00,0.00,
2016,7,1,5,2016-07-01,"AA",19805,"AA","719",14100,"PHL","Philadelphia, PA","PA",10397,"ATL","Atlanta, GA","GA","1830","1837",7.00,7.00,43.00,8.00,"2058","2101",3.00,3.00,0.00,"",0.00,148.00,144.00,93.00,1.00,666.00,,,,,,
2016,7,1,5,2016-07-01,"AA",19805,"AA","720",11298,"DFW","Dallas/Fort Worth, TX","TX",11057,"CLT","Charlotte, NC","NC","1255","1249",-6.00,0.00,15.00,9.00,"1635","1612",-23.00,0.00,0.00,"",0.00,160.00,143.00,119.00,1.00,936.00,,,,,,
2016,7,1,5,2016-07-01,"AA",19805,"AA","721",11057,"CLT","Charlotte, NC","NC",11298,"DFW","Dallas/Fort Worth, TX","TX","1740","1740",0.00,0.00,14.00,22.00,"1919","1921",2.00,2.00,0.00,"",0.00,159.00,161.00,125.00,1.00,936.00,,,,,,
2016,7,1,5,2016-07-01,"AA",19805,"AA","722",14771,"SFO","San Francisco, CA","CA",14100,"PHL","Philadelphia, PA","PA","1050","1049",-1.00,0.00,11.00,4.00,"1912","1846",-26.00,0.00,0.00,"",0.00,322.00,297.00,282.00,1.00,2521.00,,,,,,
2016,7,1,5,2016-07-01,"AA",19805,"AA","723",14100,"PHL","Philadelphia, PA","PA",14771,"SFO","San Francisco, CA","CA","1620","1639",19.00,19.00,55.00,5.00,"1923","1954",31.00,31.00,0.00,"",0.00,363.00,375.00,315.00,1.00,2521.00,19.00,0.00,12.00,0.00,0.00,
2016,7,1,5,2016-07-01,"AA",19805,"AA","724",12892,"LAX","Los Angeles, CA","CA",11057,"CLT","Charlotte, NC","NC","0830","0831",1.00,1.00,39.00,19.00,"1629","1638",9.00,9.00,0.00,"",0.00,299.00,307.00,249.00,1.00,2125.00,,,,,,
2016,7,1,5,2016-07-01,"AA",19805,"AA","725",11057,"CLT","Charlotte, NC","NC",12892,"LAX","Los Angeles, CA","CA","1640","1640",0.00,0.00,18.00,6.00,"1850","1844",-6.00,0.00,0.00,"",0.00,310.00,304.00,280.00,1.00,2125.00,,,,,,
2016,7,1,5,2016-07-01,"AA",19805,"AA","726",12892,"LAX","Los Angeles, CA","CA",14122,"PIT","Pittsburgh, PA","PA","1520","1530",10.00,10.00,88.00,5.00,"2301","0013",72.00,72.00,0.00,"",0.00,281.00,343.00,250.00,1.00,2136.00,0.00,0.00,72.00,0.00,0.00,
2016,7,1,5,2016-07-01,"AA",19805,"AA","727",14122,"PIT","Pittsburgh, PA","PA",12892,"LAX","Los Angeles, CA","CA","0640","0636",-4.00,0.00,10.00,27.00,"0846","0901",15.00,15.00,0.00,"",0.00,306.00,325.00,288.00,1.00,2136.00,0.00,0.00,15.00,0.00,0.00,
2016,7,1,5,2016-07-01,"AA",19805,"AA","728",14747,"SEA","Seattle, WA","WA",14100,"PHL","Philadelphia, PA","PA","0815","0810",-5.00,0.00,32.00,5.00,"1625","1615",-10.00,0.00,0.00,"",0.00,310.00,305.00,268.00,1.00,2378.00,,,,,,
2016,7,1,5,2016-07-01,"AA",19805,"AA","729",14100,"PHL","Philadelphia, PA","PA",14747,"SEA","Seattle, WA","WA","1615","1612",-3.00,0.00,44.00,7.00,"1915","1916",1.00,1.00,0.00,"",0.00,360.00,364.00,313.00,1.00,2378.00,,,,,,
2016,7,1,5,2016-07-01,"AA",19805,"AA","730",15304,"TPA","Tampa, FL","FL",11057,"CLT","Charlotte, NC","NC","1530","",,,,,"1718","",,,1.00,"A",0.00,108.00,,,1.00,507.00,,,,,,
2016,7,1,5,2016-07-01,"AA",19805,"AA","731",11057,"CLT","Charlotte, NC","NC",15304,"TPA","Tampa, FL","FL","1800","1759",-1.00,0.00,18.00,4.00,"1939","1936",-3.00,0.00,0.00,"",0.00,99.00,97.00,75.00,1.00,507.00,,,,,,
2016,7,1,5,2016-07-01,"AA",19805,"AA","732",13495,"MSY","New Orleans, LA","LA",11057,"CLT","Charlotte, NC","NC","1610","1604",-6.00,0.00,11.00,8.00,"1909","1900",-9.00,0.00,0.00,"",0.00,119.00,116.00,97.00,1.00,651.00,,,,,,
2016,7,1,5,2016-07-01,"AA",19805,"AA","733",11057,"CLT","Charlotte, NC","NC",14683,"SAT","San Antonio, TX","TX","2030","2032",2.00,2.00,16.00,4.00,"2219","2215",-4.00,0.00,0.00,"",0.00,169.00,163.00,143.00,1.00,1095.00,,,,,,
2016,7,1,5,2016-07-01,"AA",19805,"AA","734",12889,"LAS","Las Vegas, NV","NV",14100,"PHL","Philadelphia, PA","PA","1059","1203",64.00,64.00,14.00,8.00,"1842","1933",51.00,51.00,0.00,"",0.00,283.00,270.00,248.00,1.00,2176.00,0.00,0.00,0.00,0.00,51.00,
2016,7,1,5,2016-07-01,"AA",19805,"AA","735",14100,"PHL","Philadelphia, PA","PA",12889,"LAS","Las Vegas, NV","NV","1615","1610",-5.00,0.00,38.00,8.00,"1837","1839",2.00,2.00,0.00,"",0.00,322.00,329.00,283.00,1.00,2176.00,,,,,,
2016,7,1,5,2016-07-01,"AA",19805,"AA","736",11057,"CLT","Charlotte, NC","NC",11618,"EWR","Newark, NJ","NJ","0025","0020",-5.00,0.00,13.00,5.00,"0210","0152",-18.00,0.00,0.00,"",0.00,105.00,92.00,74.00,1.00,529.00,,,,,,
2016,7,1,5,2016-07-01,"AA",19805,"AA","738",10721,"BOS","Boston, MA","MA",14100,"PHL","Philadelphia, PA","PA","1755","1833",38.00,38.00,31.00,4.00,"1931","2012",41.00,41.00,0.00,"",0.00,96.00,99.00,64.00,1.00,280.00,0.00,0.00,41.00,0.00,0.00,
2016,7,1,5,2016-07-01,"AA",19805,"AA","739",14100,"PHL","Philadelphia, PA","PA",10721,"BOS","Boston, MA","MA","1535","1535",0.00,0.00,51.00,7.00,"1656","1725",29.00,29.00,0.00,"",0.00,81.00,110.00,52.00,1.00,280.00,0.00,0.00,29.00,0.00,0.00,
2016,7,1,5,2016-07-01,"AA",19805,"AA","740",14843,"SJU","San Juan, PR","PR",14100,"PHL","Philadelphia, PA","PA","0815","0811",-4.00,0.00,20.00,7.00,"1233","1219",-14.00,0.00,0.00,"",0.00,258.00,248.00,221.00,1.00,1576.00,,,,,,
2016,7,1,5,2016-07-01,"AA",19805,"AA","741",14100,"PHL","Philadelphia, PA","PA",14843,"SJU","San Juan, PR","PR","1805","1831",26.00,26.00,43.00,6.00,"2234","2341",67.00,67.00,0.00,"",0.00,269.00,310.00,261.00,1.00,1576.00,26.00,0.00,41.00,0.00,0.00,
2016,7,1,5,2016-07-01,"AA",19805,"AA","742",13930,"ORD","Chicago, IL","IL",14100,"PHL","Philadelphia, PA","PA","1205","1209",4.00,4.00,16.00,5.00,"1513","1459",-14.00,0.00,0.00,"",0.00,128.00,110.00,89.00,1.00,678.00,,,,,,
2016,7,1,5,2016-07-01,"AA",19805,"AA","743",14100,"PHL","Philadelphia, PA","PA",13930,"ORD","Chicago, IL","IL","2030","2222",112.00,112.00,15.00,5.00,"2153","2331",98.00,98.00,0.00,"",0.00,143.00,129.00,109.00,1.00,678.00,3.00,0.00,0.00,0.00,95.00,
2016,7,1,5,2016-07-01,"AA",19805,"AA","744",12266,"IAH","Houston, TX","TX",11057,"CLT","Charlotte, NC","NC","1544","1540",-4.00,0.00,13.00,8.00,"1920","1904",-16.00,0.00,0.00,"",0.00,156.00,144.00,123.00,1.00,912.00,,,,,,
2016,7,1,5,2016-07-01,"AA",19805,"AA","745",11057,"CLT","Charlotte, NC","NC",12266,"IAH","Houston, TX","TX","2210","2229",19.00,19.00,20.00,7.00,"2340","2348",8.00,8.00,0.00,"",0.00,150.00,139.00,112.00,1.00,912.00,,,,,,
2016,7,1,5,2016-07-01,"AA",19805,"AA","746",13204,"MCO","Orlando, FL","FL",11057,"CLT","Charlotte, NC","NC","1714","1835",81.00,81.00,31.00,16.00,"1905","2044",99.00,99.00,0.00,"",0.00,111.00,129.00,82.00,1.00,468.00,0.00,21.00,18.00,0.00,60.00,
2016,7,1,5,2016-07-01,"AA",19805,"AA","747",11057,"CLT","Charlotte, NC","NC",13204,"MCO","Orlando, FL","FL","2015","2015",0.00,0.00,13.00,10.00,"2151","2144",-7.00,0.00,0.00,"",0.00,96.00,89.00,66.00,1.00,468.00,,,,,,
2016,7,1,5,2016-07-01,"AA",19805,"AA","747",13930,"ORD","Chicago, IL","IL",11057,"CLT","Charlotte, NC","NC","1550","1545",-5.00,0.00,15.00,10.00,"1846","1825",-21.00,0.00,0.00,"",0.00,116.00,100.00,75.00,1.00,599.00,,,,,,
2016,7,1,5,2016-07-01,"AA",19805,"AA","748",12889,"LAS","Las Vegas, NV","NV",11057,"CLT","Charlotte, NC","NC","0800","0854",54.00,54.00,8.00,10.00,"1519","1551",32.00,32.00,0.00,"",0.00,259.00,237.00,219.00,1.00,1916.00,32.00,0.00,0.00,0.00,0.00,
2016,7,1,5,2016-07-01,"AA",19805,"AA","749",11057,"CLT","Charlotte, NC","NC",12889,"LAS","Las Vegas, NV","NV","1820","1824",4.00,4.00,14.00,14.00,"2001","2003",2.00,2.00,0.00,"",0.00,281.00,279.00,251.00,1.00,1916.00,,,,,,
2016,7,1,5,2016-07-01,"AA",19805,"AA","754",14679,"SAN","San Diego, CA","CA",14100,"PHL","Philadelphia, PA","PA","0845","0945",60.00,60.00,19.00,5.00,"1658","1738",40.00,40.00,0.00,"",0.00,313.00,293.00,269.00,1.00,2370.00,0.00,0.00,40.00,0.00,0.00,
2016,7,1,5,2016-07-01,"AA",19805,"AA","755",14100,"PHL","Philadelphia, PA","PA",14679,"SAN","San Diego, CA","CA","1815","1819",4.00,4.00,41.00,3.00,"2057","2124",27.00,27.00,0.00,"",0.00,342.00,365.00,321.00,1.00,2370.00,4.00,0.00,23.00,0.00,0.00,
2016,7,1,5,2016-07-01,"AA",19805,"AA","756",11057,"CLT","Charlotte, NC","NC",15016,"STL","St. Louis, MO","MO","1430","1428",-2.00,0.00,9.00,3.00,"1525","1507",-18.00,0.00,0.00,"",0.00,115.00,99.00,87.00,1.00,575.00,,,,,,
2016,7,1,5,2016-07-01,"AA",19805,"AA","756",11433,"DTW","Detroit, MI","MI",11057,"CLT","Charlotte, NC","NC","1150","1150",0.00,0.00,13.00,7.00,"1336","1325",-11.00,0.00,0.00,"",0.00,106.00,95.00,75.00,1.00,500.00,,,,,,
2016,7,1,5,2016-07-01,"AA",19805,"AA","758",14771,"SFO","San Francisco, CA","CA",14100,"PHL","Philadelphia, PA","PA","0630","0627",-3.00,0.00,14.00,14.00,"1453","1441",-12.00,0.00,0.00,"",0.00,323.00,314.00,286.00,1.00,2521.00,,,,,,
2016,7,1,5,2016-07-01,"AA",19805,"AA","759",14100,"PHL","Philadelphia, PA","PA",14771,"SFO","San Francisco, CA","CA","1800","1755",-5.00,0.00,30.00,6.00,"2106","2119",13.00,13.00,0.00,"",0.00,366.00,384.00,348.00,1.00,2521.00,,,,,,
2016,7,1,5,2016-07-01,"AA",19805,"AA","760",11057,"CLT","Charlotte, NC","NC",10397,"ATL","Atlanta, GA","GA","2030","",,,,,"2145","",,,1.00,"A",0.00,75.00,,,1.00,226.00,,,,,,
2016,7,1,5,2016-07-01,"AA",19805,"AA","760",13303,"MIA","Miami, FL","FL",11057,"CLT","Charlotte, NC","NC","1710","1859",109.00,109.00,16.00,10.00,"1923","2106",103.00,103.00,0.00,"",0.00,133.00,127.00,101.00,1.00,650.00,103.00,0.00,0.00,0.00,0.00,
2016,7,1,5,2016-07-01,"AA",19805,"AA","760",14107,"PHX","Phoenix, AZ","AZ",13303,"MIA","Miami, FL","FL","0839","0929",50.00,50.00,17.00,50.00,"1606","1811",125.00,125.00,0.00,"",0.00,267.00,342.00,275.00,1.00,1972.00,0.00,0.00,75.00,0.00,50.00,
2016,7,1,5,2016-07-01,"AA",19805,"AA","761",11298,"DFW","Dallas/Fort Worth, TX","TX",14107,"PHX","Phoenix, AZ","AZ","0715","0813",58.00,58.00,17.00,5.00,"0740","0834",54.00,54.00,0.00,"",0.00,145.00,141.00,119.00,1.00,868.00,54.00,0.00,0.00,0.00,0.00,
2016,7,1,5,2016-07-01,"AA",19805,"AA","763",14100,"PHL","Philadelphia, PA","PA",14747,"SEA","Seattle, WA","WA","0735","0732",-3.00,0.00,20.00,27.00,"1027","1040",13.00,13.00,0.00,"",0.00,352.00,368.00,321.00,1.00,2378.00,,,,,,
2016,7,1,5,2016-07-01,"AA",19805,"AA","765",11057,"CLT","Charlotte, NC","NC",15016,"STL","St. Louis, MO","MO","1815","1813",-2.00,0.00,19.00,4.00,"1916","1905",-11.00,0.00,0.00,"",0.00,121.00,112.00,89.00,1.00,575.00,,,,,,
2016,7,1,5,2016-07-01,"AA",19805,"AA","765",12266,"IAH","Houston, TX","TX",11057,"CLT","Charlotte, NC","NC","1339","1335",-4.00,0.00,13.00,15.00,"1715","1705",-10.00,0.00,0.00,"",0.00,156.00,150.00,122.00,1.00,912.00,,,,,,
2016,7,1,5,2016-07-01,"AA",19805,"AA","765",15016,"STL","St. Louis, MO","MO",14107,"PHX","Phoenix, AZ","AZ","2040","2030",-10.00,0.00,9.00,5.00,"2151","2135",-16.00,0.00,0.00,"",0.00,191.00,185.00,171.00,1.00,1262.00,,,,,,
2016,7,1,5,2016-07-01,"AA",19805,"AA","766",14747,"SEA","Seattle, WA","WA",14100,"PHL","Philadelphia, PA","PA","1125","1146",21.00,21.00,20.00,6.00,"1937","1936",-1.00,0.00,0.00,"",0.00,312.00,290.00,264.00,1.00,2378.00,,,,,,
2016,7,1,5,2016-07-01,"AA",19805,"AA","767",14107,"PHX","Phoenix, AZ","AZ",11057,"CLT","Charlotte, NC","NC","1005","1013",8.00,8.00,20.00,9.00,"1715","1710",-5.00,0.00,0.00,"",0.00,250.00,237.00,208.00,1.00,1773.00,,,,,,
2016,7,1,5,2016-07-01,"AA",19805,"AA","768",13204,"MCO","Orlando, FL","FL",14100,"PHL","Philadelphia, PA","PA","1530","1643",73.00,73.00,27.00,4.00,"1804","1907",63.00,63.00,0.00,"",0.00,154.00,144.00,113.00,1.00,861.00,0.00,56.00,0.00,0.00,7.00,
2016,7,1,5,2016-07-01,"AA",19805,"AA","769",14100,"PHL","Philadelphia, PA","PA",13204,"MCO","Orlando, FL","FL","1600","1605",5.00,5.00,77.00,20.00,"1836","1951",75.00,75.00,0.00,"",0.00,156.00,226.00,129.00,1.00,861.00,0.00,5.00,70.00,0.00,0.00,
2016,7,1,5,2016-07-01,"AA",19805,"AA","770",13204,"MCO","Orlando, FL","FL",11057,"CLT","Charlotte, NC","NC","0830","0824",-6.00,0.00,22.00,13.00,"1013","1019",6.00,6.00,0.00,"",0.00,103.00,115.00,80.00,1.00,468.00,,,,,,
2016,7,1,5,2016-07-01,"AA",19805,"AA","771",14100,"PHL","Philadelphia, PA","PA",14843,"SJU","San Juan, PR","PR","0950","0953",3.00,3.00,36.00,7.00,"1352","1357",5.00,5.00,0.00,"",0.00,242.00,244.00,201.00,1.00,1576.00,,,,,,
2016,7,1,5,2016-07-01,"AA",19805,"AA","772",14843,"SJU","San Juan, PR","PR",14100,"PHL","Philadelphia, PA","PA","1450","1452",2.00,2.00,14.00,7.00,"1851","1856",5.00,5.00,0.00,"",0.00,241.00,244.00,223.00,1.00,1576.00,,,,,,
2016,7,1,5,2016-07-01,"AA",19805,"AA","773",14100,"PHL","Philadelphia, PA","PA",14843,"SJU","San Juan, PR","PR","1155","1154",-1.00,0.00,31.00,5.00,"1616","1640",24.00,24.00,0.00,"",0.00,261.00,286.00,250.00,1.00,1576.00,0.00,0.00,24.00,0.00,0.00,
2016,7,1,5,2016-07-01,"AA",19805,"AA","774",14771,"SFO","San Francisco, CA","CA",14100,"PHL","Philadelphia, PA","PA","1330","1322",-8.00,0.00,35.00,4.00,"2152","2139",-13.00,0.00,0.00,"",0.00,322.00,317.00,278.00,1.00,2521.00,,,,,,
2016,7,1,5,2016-07-01,"AA",19805,"AA","775",12892,"LAX","Los Angeles, CA","CA",14492,"RDU","Raleigh/Durham, NC","NC","0955","1003",8.00,8.00,30.00,2.00,"1800","1811",11.00,11.00,0.00,"",0.00,305.00,308.00,276.00,1.00,2238.00,,,,,,
2016,7,1,5,2016-07-01,"AA",19805,"AA","776",14107,"PHX","Phoenix, AZ","AZ",14100,"PHL","Philadelphia, PA","PA","1215","1238",23.00,23.00,15.00,5.00,"1950","1956",6.00,6.00,0.00,"",0.00,275.00,258.00,238.00,1.00,2075.00,,,,,,
2016,7,1,5,2016-07-01,"AA",19805,"AA","777",14100,"PHL","Philadelphia, PA","PA",14107,"PHX","Phoenix, AZ","AZ","1555","1723",88.00,88.00,40.00,4.00,"1758","1928",90.00,90.00,0.00,"",0.00,303.00,305.00,261.00,1.00,2075.00,88.00,0.00,2.00,0.00,0.00,
2016,7,1,5,2016-07-01,"AA",19805,"AA","781",14100,"PHL","Philadelphia, PA","PA",12892,"LAX","Los Angeles, CA","CA","0745","0743",-2.00,0.00,19.00,33.00,"1033","1043",10.00,10.00,0.00,"",0.00,348.00,360.00,308.00,1.00,2402.00,,,,,,
2016,7,1,5,2016-07-01,"AA",19805,"AA","782",14027,"PBI","West Palm Beach/Palm Beach, FL","FL",14100,"PHL","Philadelphia, PA","PA","0600","",,,,,"0837","",,,1.00,"A",0.00,157.00,,,1.00,951.00,,,,,,
2016,7,1,5,2016-07-01,"AA",19805,"AA","783",10529,"BDL","Hartford, CT","CT",11057,"CLT","Charlotte, NC","NC","0815","0810",-5.00,0.00,14.00,10.00,"1032","1031",-1.00,0.00,0.00,"",0.00,137.00,141.00,117.00,1.00,644.00,,,,,,
2016,7,1,5,2016-07-01,"AA",19805,"AA","783",11057,"CLT","Charlotte, NC","NC",14843,"SJU","San Juan, PR","PR","1145","1315",90.00,90.00,18.00,11.00,"1537","1705",88.00,88.00,0.00,"",0.00,232.00,230.00,201.00,1.00,1475.00,0.00,0.00,0.00,0.00,88.00,
2016,7,1,5,2016-07-01,"AA",19805,"AA","784",14100,"PHL","Philadelphia, PA","PA",12889,"LAS","Las Vegas, NV","NV","1900","2033",93.00,93.00,25.00,11.00,"2116","2304",108.00,108.00,0.00,"",0.00,316.00,331.00,295.00,1.00,2176.00,31.00,0.00,15.00,0.00,62.00,
2016,7,1,5,2016-07-01,"AA",19805,"AA","785",14100,"PHL","Philadelphia, PA","PA",12892,"LAX","Los Angeles, CA","CA","1800","1900",60.00,60.00,39.00,17.00,"2057","2207",70.00,70.00,0.00,"",0.00,357.00,367.00,311.00,1.00,2402.00,56.00,0.00,10.00,0.00,4.00,
2016,7,1,5,2016-07-01,"AA",19805,"AA","786",10397,"ATL","Atlanta, GA","GA",11057,"CLT","Charlotte, NC","NC","1535","1553",18.00,18.00,23.00,10.00,"1702","1710",8.00,8.00,0.00,"",0.00,87.00,77.00,44.00,1.00,226.00,,,,,,
2016,7,1,5,2016-07-01,"AA",19805,"AA","787",11057,"CLT","Charlotte, NC","NC",10397,"ATL","Atlanta, GA","GA","1750","1749",-1.00,0.00,15.00,8.00,"1907","1853",-14.00,0.00,0.00,"",0.00,77.00,64.00,41.00,1.00,226.00,,,,,,
2016,7,1,5,2016-07-01,"AA",19805,"AA","789",14492,"RDU","Raleigh/Durham, NC","NC",12892,"LAX","Los Angeles, CA","CA","1905","1918",13.00,13.00,11.00,55.00,"2140","2215",35.00,35.00,0.00,"",0.00,335.00,357.00,291.00,1.00,2238.00,13.00,0.00,22.00,0.00,0.00,
2016,7,1,5,2016-07-01,"AA",19805,"AA","792",13487,"MSP","Minneapolis, MN","MN",14100,"PHL","Philadelphia, PA","PA","1830","1847",17.00,17.00,15.00,13.00,"2208","2210",2.00,2.00,0.00,"",0.00,158.00,143.00,115.00,1.00,980.00,,,,,,
2016,7,1,5,2016-07-01,"AA",19805,"AA","792",14100,"PHL","Philadelphia, PA","PA",13487,"MSP","Minneapolis, MN","MN","1555","1556",1.00,1.00,38.00,6.00,"1750","1816",26.00,26.00,0.00,"",0.00,175.00,200.00,156.00,1.00,980.00,1.00,0.00,25.00,0.00,0.00,
2016,7,1,5,2016-07-01,"AA",19805,"AA","793",10721,"BOS","Boston, MA","MA",11057,"CLT","Charlotte, NC","NC","1721","1727",6.00,6.00,44.00,8.00,"1950","2044",54.00,54.00,0.00,"",0.00,149.00,197.00,145.00,1.00,728.00,6.00,0.00,48.00,0.00,0.00,
2016,7,1,5,2016-07-01,"AA",19805,"AA","793",11057,"CLT","Charlotte, NC","NC",15016,"STL","St. Louis, MO","MO","2035","2115",40.00,40.00,25.00,4.00,"2133","2214",41.00,41.00,0.00,"",0.00,118.00,119.00,90.00,1.00,575.00,0.00,0.00,1.00,0.00,40.00,
2016,7,1,5,2016-07-01,"AA",19805,"AA","797",14100,"PHL","Philadelphia, PA","PA",12892,"LAX","Los Angeles, CA","CA","1355","1358",3.00,3.00,122.00,40.00,"1637","1851",134.00,134.00,0.00,"",0.00,342.00,473.00,311.00,1.00,2402.00,3.00,0.00,131.00,0.00,0.00,
2016,7,1,5,2016-07-01,"AA",19805,"AA","798",13303,"MIA","Miami, FL","FL",14100,"PHL","Philadelphia, PA","PA","1408","1427",19.00,19.00,20.00,4.00,"1650","1726",36.00,36.00,0.00,"",0.00,162.00,179.00,155.00,1.00,1013.00,0.00,0.00,36.00,0.00,0.00,
2016,7,1,5,2016-07-01,"AA",19805,"AA","799",14100,"PHL","Philadelphia, PA","PA",13303,"MIA","Miami, FL","FL","1745","1842",57.00,57.00,44.00,24.00,"2037","2217",100.00,100.00,0.00,"",0.00,172.00,215.00,147.00,1.00,1013.00,19.00,0.00,43.00,0.00,38.00,
2016,7,1,5,2016-07-01,"AA",19805,"AA","803",14107,"PHX","Phoenix, AZ","AZ",11423,"DSM","Des Moines, IA","IA","1848","1843",-5.00,0.00,14.00,4.00,"2334","2317",-17.00,0.00,0.00,"",0.00,166.00,154.00,136.00,1.00,1150.00,,,,,,
2016,7,1,5,2016-07-01,"AA",19805,"AA","807",14100,"PHL","Philadelphia, PA","PA",14679,"SAN","San Diego, CA","CA","1605","1603",-2.00,0.00,47.00,5.00,"1844","1907",23.00,23.00,0.00,"",0.00,339.00,364.00,312.00,1.00,2370.00,0.00,0.00,23.00,0.00,0.00,
2016,7,1,5,2016-07-01,"AA",19805,"AA","808",15024,"STT","Charlotte Amalie, VI","VI",11057,"CLT","Charlotte, NC","NC","1635","1645",10.00,10.00,13.00,20.00,"2028","2040",12.00,12.00,0.00,"",0.00,233.00,235.00,202.00,1.00,1520.00,,,,,,
2016,7,1,5,2016-07-01,"AA",19805,"AA","809",12889,"LAS","Las Vegas, NV","NV",14100,"PHL","Philadelphia, PA","PA","0100","0105",5.00,5.00,18.00,6.00,"0842","0846",4.00,4.00,0.00,"",0.00,282.00,281.00,257.00,1.00,2176.00,,,,,,
2016,7,1,5,2016-07-01,"AA",19805,"AA","810",14100,"PHL","Philadelphia, PA","PA",12889,"LAS","Las Vegas, NV","NV","2125","2121",-4.00,0.00,42.00,10.00,"2339","0010",31.00,31.00,0.00,"",0.00,314.00,349.00,297.00,1.00,2176.00,0.00,0.00,31.00,0.00,0.00,
2016,7,1,5,2016-07-01,"AA",19805,"AA","813",11057,"CLT","Charlotte, NC","NC",10721,"BOS","Boston, MA","MA","0030","0025",-5.00,0.00,14.00,4.00,"0236","0216",-20.00,0.00,0.00,"",0.00,126.00,111.00,93.00,1.00,728.00,,,,,,
2016,7,1,5,2016-07-01,"AA",19805,"AA","814",15304,"TPA","Tampa, FL","FL",14100,"PHL","Philadelphia, PA","PA","1340","1405",25.00,25.00,10.00,4.00,"1612","1626",14.00,14.00,0.00,"",0.00,152.00,141.00,127.00,1.00,920.00,,,,,,
2016,7,1,5,2016-07-01,"AA",19805,"AA","820",11057,"CLT","Charlotte, NC","NC",14100,"PHL","Philadelphia, PA","PA","0038","0034",-4.00,0.00,12.00,7.00,"0212","0158",-14.00,0.00,0.00,"",0.00,94.00,84.00,65.00,1.00,449.00,,,,,,
2016,7,1,5,2016-07-01,"AA",19805,"AA","821",11433,"DTW","Detroit, MI","MI",11057,"CLT","Charlotte, NC","NC","0820","0819",-1.00,0.00,18.00,6.00,"1009","0957",-12.00,0.00,0.00,"",0.00,109.00,98.00,74.00,1.00,500.00,,,,,,
2016,7,1,5,2016-07-01,"AA",19805,"AA","823",11278,"DCA","Washington, DC","VA",11057,"CLT","Charlotte, NC","NC","0659","0653",-6.00,0.00,33.00,5.00,"0830","0832",2.00,2.00,0.00,"",0.00,91.00,99.00,61.00,1.00,331.00,,,,,,
2016,7,1,5,2016-07-01,"AA",19805,"AA","824",10721,"BOS","Boston, MA","MA",14100,"PHL","Philadelphia, PA","PA","0800","0753",-7.00,0.00,17.00,6.00,"0930","0920",-10.00,0.00,0.00,"",0.00,90.00,87.00,64.00,1.00,280.00,,,,,,
2016,7,1,5,2016-07-01,"AA",19805,"AA","826",14100,"PHL","Philadelphia, PA","PA",14869,"SLC","Salt Lake City, UT","UT","1759","2022",143.00,143.00,24.00,3.00,"2056","2313",137.00,137.00,0.00,"",0.00,297.00,291.00,264.00,1.00,1927.00,137.00,0.00,0.00,0.00,0.00,
2016,7,1,5,2016-07-01,"AA",19805,"AA","829",11057,"CLT","Charlotte, NC","NC",14492,"RDU","Raleigh/Durham, NC","NC","2235","2316",41.00,41.00,14.00,4.00,"2329","0005",36.00,36.00,0.00,"",0.00,54.00,49.00,31.00,1.00,130.00,36.00,0.00,0.00,0.00,0.00,
2016,7,1,5,2016-07-01,"AA",19805,"AA","829",14747,"SEA","Seattle, WA","WA",11057,"CLT","Charlotte, NC","NC","1320","1418",58.00,58.00,19.00,7.00,"2127","2156",29.00,29.00,0.00,"",0.00,307.00,278.00,252.00,1.00,2279.00,0.00,0.00,0.00,0.00,29.00,
2016,7,1,5,2016-07-01,"AA",19805,"AA","830",11057,"CLT","Charlotte, NC","NC",14100,"PHL","Philadelphia, PA","PA","1730","1940",130.00,130.00,13.00,5.00,"1907","2129",142.00,142.00,0.00,"",0.00,97.00,109.00,91.00,1.00,449.00,63.00,0.00,12.00,0.00,67.00,
2016,7,1,5,2016-07-01,"AA",19805,"AA","832",14771,"SFO","San Francisco, CA","CA",14100,"PHL","Philadelphia, PA","PA","0030","0028",-2.00,0.00,18.00,6.00,"0847","0836",-11.00,0.00,0.00,"",0.00,317.00,308.00,284.00,1.00,2521.00,,,,,,
2016,7,1,5,2016-07-01,"AA",19805,"AA","833",11057,"CLT","Charlotte, NC","NC",15024,"STT","Charlotte Amalie, VI","VI","1150","1144",-6.00,0.00,32.00,6.00,"1539","1602",23.00,23.00,0.00,"",0.00,229.00,258.00,220.00,1.00,1520.00,0.00,0.00,23.00,0.00,0.00,
2016,7,1,5,2016-07-01,"AA",19805,"AA","834",14100,"PHL","Philadelphia, PA","PA",15304,"TPA","Tampa, FL","FL","1805","1821",16.00,16.00,36.00,5.00,"2050","2111",21.00,21.00,0.00,"",0.00,165.00,170.00,129.00,1.00,920.00,16.00,0.00,5.00,0.00,0.00,
2016,7,1,5,2016-07-01,"AA",19805,"AA","838",11057,"CLT","Charlotte, NC","NC",14492,"RDU","Raleigh/Durham, NC","NC","0030","0021",-9.00,0.00,15.00,5.00,"0119","0111",-8.00,0.00,0.00,"",0.00,49.00,50.00,30.00,1.00,130.00,,,,,,
2016,7,1,5,2016-07-01,"AA",19805,"AA","839",14100,"PHL","Philadelphia, PA","PA",13204,"MCO","Orlando, FL","FL","2055","2052",-3.00,0.00,36.00,9.00,"2327","2334",7.00,7.00,0.00,"",0.00,152.00,162.00,117.00,1.00,861.00,,,,,,
2016,7,1,5,2016-07-01,"AA",19805,"AA","840",14492,"RDU","Raleigh/Durham, NC","NC",11057,"CLT","Charlotte, NC","NC","0705","1227",322.00,322.00,24.00,3.00,"0808","1322",314.00,314.00,0.00,"",0.00,63.00,55.00,28.00,1.00,130.00,314.00,0.00,0.00,0.00,0.00,
2016,7,1,5,2016-07-01,"AA",19805,"AA","847",11057,"CLT","Charlotte, NC","NC",14122,"PIT","Pittsburgh, PA","PA","0025","0019",-6.00,0.00,12.00,5.00,"0143","0129",-14.00,0.00,0.00,"",0.00,78.00,70.00,53.00,1.00,366.00,,,,,,
2016,7,1,5,2016-07-01,"AA",19805,"AA","848",13931,"ORF","Norfolk, VA","VA",11057,"CLT","Charlotte, NC","NC","1109","1104",-5.00,0.00,21.00,8.00,"1227","1227",0.00,0.00,0.00,"",0.00,78.00,83.00,54.00,1.00,290.00,,,,,,
2016,7,1,5,2016-07-01,"AA",19805,"AA","849",10397,"ATL","Atlanta, GA","GA",14100,"PHL","Philadelphia, PA","PA","1945","1939",-6.00,0.00,26.00,2.00,"2150","2158",8.00,8.00,0.00,"",0.00,125.00,139.00,111.00,1.00,666.00,,,,,,
2016,7,1,5,2016-07-01,"AA",19805,"AA","850",11057,"CLT","Charlotte, NC","NC",10693,"BNA","Nashville, TN","TN","1140","1136",-4.00,0.00,23.00,6.00,"1208","1202",-6.00,0.00,0.00,"",0.00,88.00,86.00,57.00,1.00,328.00,,,,,,
2016,7,1,5,2016-07-01,"AA",19805,"AA","850",14683,"SAT","San Antonio, TX","TX",11057,"CLT","Charlotte, NC","NC","0650","0712",22.00,22.00,15.00,8.00,"1039","1052",13.00,13.00,0.00,"",0.00,169.00,160.00,137.00,1.00,1095.00,,,,,,
2016,7,1,5,2016-07-01,"AA",19805,"AA","851",14100,"PHL","Philadelphia, PA","PA",11292,"DEN","Denver, CO","CO","1800","1938",98.00,98.00,23.00,25.00,"2017","2218",121.00,121.00,0.00,"",0.00,257.00,280.00,232.00,1.00,1558.00,86.00,0.00,23.00,0.00,12.00,
2016,7,1,5,2016-07-01,"AA",19805,"AA","852",11057,"CLT","Charlotte, NC","NC",10792,"BUF","Buffalo, NY","NY","1629","1624",-5.00,0.00,19.00,3.00,"1815","1803",-12.00,0.00,0.00,"",0.00,106.00,99.00,77.00,1.00,546.00,,,,,,
2016,7,1,5,2016-07-01,"AA",19805,"AA","853",11057,"CLT","Charlotte, NC","NC",13930,"ORD","Chicago, IL","IL","1305","1302",-3.00,0.00,15.00,15.00,"1409","1407",-2.00,0.00,0.00,"",0.00,124.00,125.00,95.00,1.00,599.00,,,,,,
2016,7,1,5,2016-07-01,"AA",19805,"AA","853",13204,"MCO","Orlando, FL","FL",11057,"CLT","Charlotte, NC","NC","1020","",,,,,"1202","",,,1.00,"A",0.00,102.00,,,1.00,468.00,,,,,,
2016,7,1,5,2016-07-01,"AA",19805,"AA","853",13930,"ORD","Chicago, IL","IL",14107,"PHX","Phoenix, AZ","AZ","1530","1525",-5.00,0.00,19.00,3.00,"1711","1700",-11.00,0.00,0.00,"",0.00,221.00,215.00,193.00,1.00,1440.00,,,,,,
2016,7,1,5,2016-07-01,"AA",19805,"AA","856",11057,"CLT","Charlotte, NC","NC",11278,"DCA","Washington, DC","VA","1944","2025",41.00,41.00,16.00,8.00,"2103","2147",44.00,44.00,0.00,"",0.00,79.00,82.00,58.00,1.00,331.00,23.00,0.00,3.00,0.00,18.00,
2016,7,1,5,2016-07-01,"AA",19805,"AA","858",10792,"BUF","Buffalo, NY","NY",11057,"CLT","Charlotte, NC","NC","0825","0822",-3.00,0.00,11.00,10.00,"1018","1005",-13.00,0.00,0.00,"",0.00,113.00,103.00,82.00,1.00,546.00,,,,,,
2016,7,1,5,2016-07-01,"AA",19805,"AA","862",11278,"DCA","Washington, DC","VA",13204,"MCO","Orlando, FL","FL","0759","0754",-5.00,0.00,20.00,10.00,"1018","1006",-12.00,0.00,0.00,"",0.00,139.00,132.00,102.00,1.00,759.00,,,,,,
2016,7,1,5,2016-07-01,"AA",19805,"AA","862",13204,"MCO","Orlando, FL","FL",11278,"DCA","Washington, DC","VA","1105","1101",-4.00,0.00,14.00,7.00,"1313","1309",-4.00,0.00,0.00,"",0.00,128.00,128.00,107.00,1.00,759.00,,,,,,
2016,7,1,5,2016-07-01,"AA",19805,"AA","867",14027,"PBI","West Palm Beach/Palm Beach, FL","FL",11057,"CLT","Charlotte, NC","NC","0815","0810",-5.00,0.00,9.00,11.00,"1010","0958",-12.00,0.00,0.00,"",0.00,115.00,108.00,88.00,1.00,590.00,,,,,,
2016,7,1,5,2016-07-01,"AA",19805,"AA","873",11057,"CLT","Charlotte, NC","NC",10397,"ATL","Atlanta, GA","GA","1324","1322",-2.00,0.00,20.00,7.00,"1444","1428",-16.00,0.00,0.00,"",0.00,80.00,66.00,39.00,1.00,226.00,,,,,,
2016,7,1,5,2016-07-01,"AA",19805,"AA","873",11298,"DFW","Dallas/Fort Worth, TX","TX",11057,"CLT","Charlotte, NC","NC","0850","0846",-4.00,0.00,14.00,16.00,"1229","1215",-14.00,0.00,0.00,"",0.00,159.00,149.00,119.00,1.00,936.00,,,,,,
2016,7,1,5,2016-07-01,"AA",19805,"AA","875",14100,"PHL","Philadelphia, PA","PA",11057,"CLT","Charlotte, NC","NC","0815","0809",-6.00,0.00,50.00,16.00,"1005","1039",34.00,34.00,0.00,"",0.00,110.00,150.00,84.00,1.00,449.00,0.00,0.00,34.00,0.00,0.00,
2016,7,1,5,2016-07-01,"AA",19805,"AA","876",15096,"SYR","Syracuse, NY","NY",11057,"CLT","Charlotte, NC","NC","0800","0755",-5.00,0.00,11.00,15.00,"1006","0955",-11.00,0.00,0.00,"",0.00,126.00,120.00,94.00,1.00,603.00,,,,,,
2016,7,1,5,2016-07-01,"AA",19805,"AA","879",13487,"MSP","Minneapolis, MN","MN",11057,"CLT","Charlotte, NC","NC","0646","0649",3.00,3.00,20.00,9.00,"1020","1014",-6.00,0.00,0.00,"",0.00,154.00,145.00,116.00,1.00,930.00,,,,,,
2016,7,1,5,2016-07-01,"AA",19805,"AA","883",14100,"PHL","Philadelphia, PA","PA",11057,"CLT","Charlotte, NC","NC","0630","0626",-4.00,0.00,19.00,8.00,"0812","0806",-6.00,0.00,0.00,"",0.00,102.00,100.00,73.00,1.00,449.00,,,,,,
2016,7,1,5,2016-07-01,"AA",19805,"AA","885",12953,"LGA","New York, NY","NY",11057,"CLT","Charlotte, NC","NC","0759","0759",0.00,0.00,26.00,11.00,"1000","1003",3.00,3.00,0.00,"",0.00,121.00,124.00,87.00,1.00,544.00,,,,,,
2016,7,1,5,2016-07-01,"AA",19805,"AA","887",12478,"JFK","New York, NY","NY",11057,"CLT","Charlotte, NC","NC","1030","1051",21.00,21.00,15.00,5.00,"1227","1232",5.00,5.00,0.00,"",0.00,117.00,101.00,81.00,1.00,541.00,,,,,,
2016,7,1,5,2016-07-01,"AA",19805,"AA","889",11298,"DFW","Dallas/Fort Worth, TX","TX",14107,"PHX","Phoenix, AZ","AZ","2233","0007",94.00,94.00,29.00,5.00,"2256","0035",99.00,99.00,0.00,"",0.00,143.00,148.00,114.00,1.00,868.00,24.00,0.00,5.00,0.00,70.00,
2016,7,1,5,2016-07-01,"AA",19805,"AA","890",11057,"CLT","Charlotte, NC","NC",11298,"DFW","Dallas/Fort Worth, TX","TX","2210","2241",31.00,31.00,15.00,8.00,"2350","0009",19.00,19.00,0.00,"",0.00,160.00,148.00,125.00,1.00,936.00,19.00,0.00,0.00,0.00,0.00,
2016,7,1,5,2016-07-01,"AA",19805,"AA","890",13204,"MCO","Orlando, FL","FL",11057,"CLT","Charlotte, NC","NC","1920","2009",49.00,49.00,15.00,17.00,"2108","2153",45.00,45.00,0.00,"",0.00,108.00,104.00,72.00,1.00,468.00,0.00,0.00,0.00,0.00,45.00,
2016,7,1,5,2016-07-01,"AA",19805,"AA","891",10721,"BOS","Boston, MA","MA",11057,"CLT","Charlotte, NC","NC","1105","1103",-2.00,0.00,24.00,9.00,"1326","1330",4.00,4.00,0.00,"",0.00,141.00,147.00,114.00,1.00,728.00,,,,,,
2016,7,1,5,2016-07-01,"AA",19805,"AA","891",11057,"CLT","Charlotte, NC","NC",11298,"DFW","Dallas/Fort Worth, TX","TX","1425","1429",4.00,4.00,14.00,5.00,"1604","1554",-10.00,0.00,0.00,"",0.00,159.00,145.00,126.00,1.00,936.00,,,,,,
2016,7,1,5,2016-07-01,"AA",19805,"AA","892",14100,"PHL","Philadelphia, PA","PA",11057,"CLT","Charlotte, NC","NC","1905","1914",9.00,9.00,40.00,8.00,"2056","2109",13.00,13.00,0.00,"",0.00,111.00,115.00,67.00,1.00,449.00,,,,,,
2016,7,1,5,2016-07-01,"AA",19805,"AA","893",12266,"IAH","Houston, TX","TX",11057,"CLT","Charlotte, NC","NC","0515","0510",-5.00,0.00,16.00,4.00,"0841","0825",-16.00,0.00,0.00,"",0.00,146.00,135.00,115.00,1.00,912.00,,,,,,
2016,7,1,5,2016-07-01,"AA",19805,"AA","896",14107,"PHX","Phoenix, AZ","AZ",11423,"DSM","Des Moines, IA","IA","0848","0855",7.00,7.00,37.00,2.00,"1339","1350",11.00,11.00,0.00,"",0.00,171.00,175.00,136.00,1.00,1150.00,,,,,,
2016,7,1,5,2016-07-01,"AA",19805,"AA","897",11057,"CLT","Charlotte, NC","NC",13495,"MSY","New Orleans, LA","LA","0039","0030",-9.00,0.00,11.00,3.00,"0127","0109",-18.00,0.00,0.00,"",0.00,108.00,99.00,85.00,1.00,651.00,,,,,,
2016,7,1,5,2016-07-01,"AA",19805,"AA","898",14771,"SFO","San Francisco, CA","CA",11057,"CLT","Charlotte, NC","NC","2215","2212",-3.00,0.00,19.00,6.00,"0608","0550",-18.00,0.00,0.00,"",0.00,293.00,278.00,253.00,1.00,2296.00,,,,,,
2016,7,1,5,2016-07-01,"AA",19805,"AA","1650",10721,"BOS","Boston, MA","MA",11298,"DFW","Dallas/Fort Worth, TX","TX","1953","2041",48.00,48.00,25.00,11.00,"2259","2358",59.00,59.00,0.00,"",0.00,246.00,257.00,221.00,1.00,1562.00,0.00,0.00,11.00,0.00,48.00,
2016,7,1,5,2016-07-01,"AA",19805,"AA","1650",11298,"DFW","Dallas/Fort Worth, TX","TX",10721,"BOS","Boston, MA","MA","2359","0048",49.00,49.00,12.00,8.00,"0440","0514",34.00,34.00,0.00,"",0.00,221.00,206.00,186.00,1.00,1562.00,3.00,0.00,0.00,0.00,31.00,
2016,7,1,5,2016-07-01,"AA",19805,"AA","1651",11057,"CLT","Charlotte, NC","NC",11298,"DFW","Dallas/Fort Worth, TX","TX","2045","2041",-4.00,0.00,24.00,15.00,"2225","2233",8.00,8.00,0.00,"",0.00,160.00,172.00,133.00,1.00,936.00,,,,,,
2016,7,1,5,2016-07-01,"AA",19805,"AA","1651",11298,"DFW","Dallas/Fort Worth, TX","TX",11057,"CLT","Charlotte, NC","NC","2340","2343",3.00,3.00,17.00,8.00,"0314","0306",-8.00,0.00,0.00,"",0.00,154.00,143.00,118.00,1.00,936.00,,,,,,
2016,7,1,5,2016-07-01,"AA",19805,"AA","1652",10397,"ATL","Atlanta, GA","GA",13303,"MIA","Miami, FL","FL","1700","1657",-3.00,0.00,15.00,13.00,"1902","1856",-6.00,0.00,0.00,"",0.00,122.00,119.00,91.00,1.00,594.00,,,,,,
2016,7,1,5,2016-07-01,"AA",19805,"AA","1652",11042,"CLE","Cleveland, OH","OH",11057,"CLT","Charlotte, NC","NC","1205","1156",-9.00,0.00,10.00,15.00,"1338","1325",-13.00,0.00,0.00,"",0.00,93.00,89.00,64.00,1.00,430.00,,,,,,
2016,7,1,5,2016-07-01,"AA",19805,"AA","1652",11057,"CLT","Charlotte, NC","NC",10397,"ATL","Atlanta, GA","GA","1445","1445",0.00,0.00,14.00,7.00,"1602","1545",-17.00,0.00,0.00,"",0.00,77.00,60.00,39.00,1.00,226.00,,,,,,
2016,7,1,5,2016-07-01,"AA",19805,"AA","1652",13303,"MIA","Miami, FL","FL",14869,"SLC","Salt Lake City, UT","UT","2006","2216",130.00,130.00,37.00,3.00,"2315","0127",132.00,132.00,0.00,"",0.00,309.00,311.00,271.00,1.00,2088.00,130.00,0.00,2.00,0.00,0.00,
2016,7,1,5,2016-07-01,"AA",19805,"AA","1653",11057,"CLT","Charlotte, NC","NC",13198,"MCI","Kansas City, MO","MO","1610","1619",9.00,9.00,18.00,9.00,"1736","1744",8.00,8.00,0.00,"",0.00,146.00,145.00,118.00,1.00,808.00,,,,,,
2016,7,1,5,2016-07-01,"AA",19805,"AA","1654",11057,"CLT","Charlotte, NC","NC",10529,"BDL","Hartford, CT","CT","0730","0728",-2.00,0.00,17.00,5.00,"0927","0914",-13.00,0.00,0.00,"",0.00,117.00,106.00,84.00,1.00,644.00,,,,,,
2016,7,1,5,2016-07-01,"AA",19805,"AA","1654",14524,"RIC","Richmond, VA","VA",11057,"CLT","Charlotte, NC","NC","0516","0509",-7.00,0.00,11.00,5.00,"0629","0613",-16.00,0.00,0.00,"",0.00,73.00,64.00,48.00,1.00,257.00,,,,,,
2016,7,1,5,2016-07-01,"AA",19805,"AA","1655",14100,"PHL","Philadelphia, PA","PA",10721,"BOS","Boston, MA","MA","0800","0757",-3.00,0.00,35.00,7.00,"0928","0939",11.00,11.00,0.00,"",0.00,88.00,102.00,60.00,1.00,280.00,,,,,,
2016,7,1,5,2016-07-01,"AA",19805,"AA","1656",10693,"BNA","Nashville, TN","TN",12892,"LAX","Los Angeles, CA","CA","1631","1646",15.00,15.00,13.00,42.00,"1855","1938",43.00,43.00,0.00,"",0.00,264.00,292.00,237.00,1.00,1797.00,10.00,0.00,28.00,0.00,5.00,
2016,7,1,5,2016-07-01,"AA",19805,"AA","1657",14100,"PHL","Philadelphia, PA","PA",10721,"BOS","Boston, MA","MA","0950","0948",-2.00,0.00,40.00,7.00,"1125","1130",5.00,5.00,0.00,"",0.00,95.00,102.00,55.00,1.00,280.00,,,,,,
2016,7,1,5,2016-07-01,"AA",19805,"AA","1658",11057,"CLT","Charlotte, NC","NC",14635,"RSW","Fort Myers, FL","FL","0030","0020",-10.00,0.00,12.00,3.00,"0216","0156",-20.00,0.00,0.00,"",0.00,106.00,96.00,81.00,1.00,600.00,,,,,,
2016,7,1,5,2016-07-01,"AA",19805,"AA","1659",14100,"PHL","Philadelphia, PA","PA",10721,"BOS","Boston, MA","MA","1120","1114",-6.00,0.00,43.00,5.00,"1243","1249",6.00,6.00,0.00,"",0.00,83.00,95.00,47.00,1.00,280.00,,,,,,
2016,7,1,5,2016-07-01,"AA",19805,"AA","1660",10721,"BOS","Boston, MA","MA",14100,"PHL","Philadelphia, PA","PA","0700","0653",-7.00,0.00,20.00,10.00,"0837","0833",-4.00,0.00,0.00,"",0.00,97.00,100.00,70.00,1.00,280.00,,,,,,
2016,7,1,5,2016-07-01,"AA",19805,"AA","1661",14100,"PHL","Philadelphia, PA","PA",10721,"BOS","Boston, MA","MA","1215","1218",3.00,3.00,29.00,16.00,"1330","1353",23.00,23.00,0.00,"",0.00,75.00,95.00,50.00,1.00,280.00,3.00,0.00,20.00,0.00,0.00,
2016,7,1,5,2016-07-01,"AA",19805,"AA","1661",15304,"TPA","Tampa, FL","FL",14100,"PHL","Philadelphia, PA","PA","0800","0757",-3.00,0.00,10.00,9.00,"1030","1016",-14.00,0.00,0.00,"",0.00,150.00,139.00,120.00,1.00,920.00,,,,,,
2016,7,1,5,2016-07-01,"AA",19805,"AA","1662",10721,"BOS","Boston, MA","MA",14100,"PHL","Philadelphia, PA","PA","0900","0851",-9.00,0.00,19.00,13.00,"1030","1026",-4.00,0.00,0.00,"",0.00,90.00,95.00,63.00,1.00,280.00,,,,,,
2016,7,1,5,2016-07-01,"AA",19805,"AA","1663",14100,"PHL","Philadelphia, PA","PA",10721,"BOS","Boston, MA","MA","1400","1400",0.00,0.00,20.00,4.00,"1522","1516",-6.00,0.00,0.00,"",0.00,82.00,76.00,52.00,1.00,280.00,,,,,,
2016,7,1,5,2016-07-01,"AA",19805,"AA","1664",10721,"BOS","Boston, MA","MA",14100,"PHL","Philadelphia, PA","PA","1100","1058",-2.00,0.00,18.00,6.00,"1232","1253",21.00,21.00,0.00,"",0.00,92.00,115.00,91.00,1.00,280.00,0.00,0.00,21.00,0.00,0.00,
2016,7,1,5,2016-07-01,"AA",19805,"AA","1665",11057,"CLT","Charlotte, NC","NC",10397,"ATL","Atlanta, GA","GA","0025","0021",-4.00,0.00,13.00,7.00,"0135","0123",-12.00,0.00,0.00,"",0.00,70.00,62.00,42.00,1.00,226.00,,,,,,
2016,7,1,5,2016-07-01,"AA",19805,"AA","1668",10721,"BOS","Boston, MA","MA",14100,"PHL","Philadelphia, PA","PA","1215","1208",-7.00,0.00,26.00,5.00,"1343","1337",-6.00,0.00,0.00,"",0.00,88.00,89.00,58.00,1.00,280.00,,,,,,
2016,7,1,5,2016-07-01,"AA",19805,"AA","1670",10721,"BOS","Boston, MA","MA",14100,"PHL","Philadelphia, PA","PA","1325","1322",-3.00,0.00,30.00,2.00,"1504","1459",-5.00,0.00,0.00,"",0.00,99.00,97.00,65.00,1.00,280.00,,,,,,
2016,7,1,5,2016-07-01,"AA",19805,"AA","1671",14100,"PHL","Philadelphia, PA","PA",10721,"BOS","Boston, MA","MA","2015","2022",7.00,7.00,33.00,6.00,"2133","2206",33.00,33.00,0.00,"",0.00,78.00,104.00,65.00,1.00,280.00,7.00,0.00,26.00,0.00,0.00,
2016,7,1,5,2016-07-01,"AA",19805,"AA","1672",10721,"BOS","Boston, MA","MA",14100,"PHL","Philadelphia, PA","PA","1500","1459",-1.00,0.00,23.00,5.00,"1641","1635",-6.00,0.00,0.00,"",0.00,101.00,96.00,68.00,1.00,280.00,,,,,,
2016,7,1,5,2016-07-01,"AA",19805,"AA","1673",13204,"MCO","Orlando, FL","FL",14100,"PHL","Philadelphia, PA","PA","1724","1746",22.00,22.00,19.00,5.00,"1955","2001",6.00,6.00,0.00,"",0.00,151.00,135.00,111.00,1.00,861.00,,,,,,
2016,7,1,5,2016-07-01,"AA",19805,"AA","1673",14100,"PHL","Philadelphia, PA","PA",10721,"BOS","Boston, MA","MA","2115","2126",11.00,11.00,45.00,12.00,"2241","2320",39.00,39.00,0.00,"",0.00,86.00,114.00,57.00,1.00,280.00,11.00,0.00,28.00,0.00,0.00,
2016,7,1,5,2016-07-01,"AA",19805,"AA","1674",12889,"LAS","Las Vegas, NV","NV",13303,"MIA","Miami, FL","FL","2200","2223",23.00,23.00,22.00,7.00,"0541","0602",21.00,21.00,0.00,"",0.00,281.00,279.00,250.00,1.00,2174.00,21.00,0.00,0.00,0.00,0.00,
2016,7,1,5,2016-07-01,"AA",19805,"AA","1675",14100,"PHL","Philadelphia, PA","PA",10721,"BOS","Boston, MA","MA","2250","2245",-5.00,0.00,30.00,5.00,"0005","0017",12.00,12.00,0.00,"",0.00,75.00,92.00,57.00,1.00,280.00,,,,,,
2016,7,1,5,2016-07-01,"AA",19805,"AA","1676",13204,"MCO","Orlando, FL","FL",14107,"PHX","Phoenix, AZ","AZ","2035","2033",-2.00,0.00,14.00,4.00,"2150","2145",-5.00,0.00,0.00,"",0.00,255.00,252.00,234.00,1.00,1849.00,,,,,,
2016,7,1,5,2016-07-01,"AA",19805,"AA","1677",11057,"CLT","Charlotte, NC","NC",14122,"PIT","Pittsburgh, PA","PA","0945","0946",1.00,1.00,16.00,3.00,"1116","1100",-16.00,0.00,0.00,"",0.00,91.00,74.00,55.00,1.00,366.00,,,,,,
2016,7,1,5,2016-07-01,"AA",19805,"AA","1677",15016,"STL","St. Louis, MO","MO",11057,"CLT","Charlotte, NC","NC","0600","0558",-2.00,0.00,18.00,7.00,"0853","0847",-6.00,0.00,0.00,"",0.00,113.00,109.00,84.00,1.00,575.00,,,,,,
2016,7,1,5,2016-07-01,"AA",19805,"AA","1679",10721,"BOS","Boston, MA","MA",14100,"PHL","Philadelphia, PA","PA","2000","2021",21.00,21.00,13.00,4.00,"2131","2150",19.00,19.00,0.00,"",0.00,91.00,89.00,72.00,1.00,280.00,0.00,0.00,19.00,0.00,0.00,
2016,7,1,5,2016-07-01,"AA",19805,"AA","1680",14100,"PHL","Philadelphia, PA","PA",14027,"PBI","West Palm Beach/Palm Beach, FL","FL","1815","1821",6.00,6.00,42.00,4.00,"2111","2132",21.00,21.00,0.00,"",0.00,176.00,191.00,145.00,1.00,951.00,5.00,0.00,15.00,0.00,1.00,
2016,7,1,5,2016-07-01,"AA",19805,"AA","1681",10821,"BWI","Baltimore, MD","MD",11057,"CLT","Charlotte, NC","NC","1905","1904",-1.00,0.00,64.00,7.00,"2036","2111",35.00,35.00,0.00,"",0.00,91.00,127.00,56.00,1.00,361.00,0.00,0.00,35.00,0.00,0.00,
2016,7,1,5,2016-07-01,"AA",19805,"AA","1682",13198,"MCI","Kansas City, MO","MO",14100,"PHL","Philadelphia, PA","PA","0645","0654",9.00,9.00,14.00,8.00,"1027","1020",-7.00,0.00,0.00,"",0.00,162.00,146.00,124.00,1.00,1038.00,,,,,,
2016,7,1,5,2016-07-01,"AA",19805,"AA","1684",11298,"DFW","Dallas/Fort Worth, TX","TX",13204,"MCO","Orlando, FL","FL","1100","1239",99.00,99.00,14.00,8.00,"1441","1615",94.00,94.00,0.00,"",0.00,161.00,156.00,134.00,1.00,985.00,94.00,0.00,0.00,0.00,0.00,
2016,7,1,5,2016-07-01,"AA",19805,"AA","1684",14100,"PHL","Philadelphia, PA","PA",11298,"DFW","Dallas/Fort Worth, TX","TX","0723","0720",-3.00,0.00,13.00,14.00,"0950","0943",-7.00,0.00,0.00,"",0.00,207.00,203.00,176.00,1.00,1303.00,,,,,,
2016,7,1,5,2016-07-01,"AA",19805,"AA","1686",14100,"PHL","Philadelphia, PA","PA",13487,"MSP","Minneapolis, MN","MN","1120","1114",-6.00,0.00,42.00,4.00,"1309","1327",18.00,18.00,0.00,"",0.00,169.00,193.00,147.00,1.00,980.00,0.00,0.00,18.00,0.00,0.00,
2016,7,1,5,2016-07-01,"AA",19805,"AA","1688",11298,"DFW","Dallas/Fort Worth, TX","TX",13204,"MCO","Orlando, FL","FL","1840","1959",79.00,79.00,11.00,6.00,"2222","2321",59.00,59.00,0.00,"",0.00,162.00,142.00,125.00,1.00,985.00,8.00,0.00,0.00,0.00,51.00,
2016,7,1,5,2016-07-01,"AA",19805,"AA","1688",13204,"MCO","Orlando, FL","FL",11298,"DFW","Dallas/Fort Worth, TX","TX","1540","1717",97.00,97.00,14.00,10.00,"1724","1853",89.00,89.00,0.00,"",0.00,164.00,156.00,132.00,1.00,985.00,0.00,11.00,0.00,0.00,78.00,
2016,7,1,5,2016-07-01,"AA",19805,"AA","1689",14100,"PHL","Philadelphia, PA","PA",14492,"RDU","Raleigh/Durham, NC","NC","1135","1137",2.00,2.00,44.00,2.00,"1259","1322",23.00,23.00,0.00,"",0.00,84.00,105.00,59.00,1.00,337.00,0.00,0.00,21.00,0.00,2.00,
2016,7,1,5,2016-07-01,"AA",19805,"AA","1689",14492,"RDU","Raleigh/Durham, NC","NC",14100,"PHL","Philadelphia, PA","PA","1339","1408",29.00,29.00,20.00,2.00,"1505","1530",25.00,25.00,0.00,"",0.00,86.00,82.00,60.00,1.00,337.00,5.00,0.00,0.00,0.00,20.00,
2016,7,1,5,2016-07-01,"AA",19805,"AA","1690",11057,"CLT","Charlotte, NC","NC",10792,"BUF","Buffalo, NY","NY","0010","0016",6.00,6.00,12.00,4.00,"0147","0149",2.00,2.00,0.00,"",0.00,97.00,93.00,77.00,1.00,546.00,,,,,,
2016,7,1,5,2016-07-01,"AA",19805,"AA","1691",14100,"PHL","Philadelphia, PA","PA",13198,"MCI","Kansas City, MO","MO","2015","2009",-6.00,0.00,27.00,8.00,"2203","2208",5.00,5.00,0.00,"",0.00,168.00,179.00,144.00,1.00,1038.00,,,,,,
2016,7,1,5,2016-07-01,"AA",19805,"AA","1692",11057,"CLT","Charlotte, NC","NC",10529,"BDL","Hartford, CT","CT","2025","2104",39.00,39.00,50.00,4.00,"2222","2336",74.00,74.00,0.00,"",0.00,117.00,152.00,98.00,1.00,644.00,39.00,0.00,35.00,0.00,0.00,
2016,7,1,5,2016-07-01,"AA",19805,"AA","1692",11697,"FLL","Fort Lauderdale, FL","FL",11057,"CLT","Charlotte, NC","NC","1710","1801",51.00,51.00,20.00,11.00,"1911","2007",56.00,56.00,0.00,"",0.00,121.00,126.00,95.00,1.00,632.00,0.00,0.00,5.00,0.00,51.00,
2016,7,1,5,2016-07-01,"AA",19805,"AA","1693",11298,"DFW","Dallas/Fort Worth, TX","TX",12889,"LAS","Las Vegas, NV","NV","1905","1925",20.00,20.00,18.00,9.00,"1955","2011",16.00,16.00,0.00,"",0.00,170.00,166.00,139.00,1.00,1055.00,7.00,0.00,0.00,0.00,9.00,
2016,7,1,5,2016-07-01,"AA",19805,"AA","1694",13303,"MIA","Miami, FL","FL",11292,"DEN","Denver, CO","CO","1125","1143",18.00,18.00,20.00,37.00,"1341","1426",45.00,45.00,0.00,"",0.00,256.00,283.00,226.00,1.00,1709.00,18.00,0.00,27.00,0.00,0.00,
2016,7,1,5,2016-07-01,"AA",19805,"AA","1698",12266,"IAH","Houston, TX","TX",14100,"PHL","Philadelphia, PA","PA","1745","1916",91.00,91.00,16.00,4.00,"2206","2319",73.00,73.00,0.00,"",0.00,201.00,183.00,163.00,1.00,1325.00,2.00,0.00,0.00,0.00,71.00,
2016,7,1,5,2016-07-01,"AA",19805,"AA","1698",14100,"PHL","Philadelphia, PA","PA",12266,"IAH","Houston, TX","TX","1430","1431",1.00,1.00,113.00,10.00,"1656","1834",98.00,98.00,0.00,"",0.00,206.00,303.00,180.00,1.00,1325.00,1.00,0.00,97.00,0.00,0.00,
2016,7,22,5,2016-07-22,"AA",19805,"AA","2571",10299,"ANC","Anchorage, AK","AK",11298,"DFW","Dallas/Fort Worth, TX","TX","2042","2039",-3.00,0.00,12.00,6.00,"0600","0531",-29.00,0.00,0.00,"",0.00,378.00,352.00,334.00,1.00,3043.00,,,,,,
2016,7,23,6,2016-07-23,"AA",19805,"AA","2571",10299,"ANC","Anchorage, AK","AK",11298,"DFW","Dallas/Fort Worth, TX","TX","2042","2042",0.00,0.00,13.00,8.00,"0600","0547",-13.00,0.00,0.00,"",0.00,378.00,365.00,344.00,1.00,3043.00,,,,,,
2016,7,24,7,2016-07-24,"AA",19805,"AA","2571",10299,"ANC","Anchorage, AK","AK",11298,"DFW","Dallas/Fort Worth, TX","TX","2042","2048",6.00,6.00,10.00,4.00,"0600","0557",-3.00,0.00,0.00,"",0.00,378.00,369.00,355.00,1.00,3043.00,,,,,,
2016,7,25,1,2016-07-25,"AA",19805,"AA","2571",10299,"ANC","Anchorage, AK","AK",11298,"DFW","Dallas/Fort Worth, TX","TX","2042","2042",0.00,0.00,19.00,9.00,"0600","0557",-3.00,0.00,0.00,"",0.00,378.00,375.00,347.00,1.00,3043.00,,,,,,
2016,7,26,2,2016-07-26,"AA",19805,"AA","2571",10299,"ANC","Anchorage, AK","AK",11298,"DFW","Dallas/Fort Worth, TX","TX","2042","2042",0.00,0.00,10.00,8.00,"0600","0547",-13.00,0.00,0.00,"",0.00,378.00,365.00,347.00,1.00,3043.00,,,,,,
2016,7,27,3,2016-07-27,"AA",19805,"AA","2571",10299,"ANC","Anchorage, AK","AK",11298,"DFW","Dallas/Fort Worth, TX","TX","2042","2151",69.00,69.00,11.00,10.00,"0600","0654",54.00,54.00,0.00,"",0.00,378.00,363.00,342.00,1.00,3043.00,27.00,0.00,0.00,0.00,27.00,
2016,7,28,4,2016-07-28,"AA",19805,"AA","2571",10299,"ANC","Anchorage, AK","AK",11298,"DFW","Dallas/Fort Worth, TX","TX","2042","2044",2.00,2.00,21.00,4.00,"0600","0549",-11.00,0.00,0.00,"",0.00,378.00,365.00,340.00,1.00,3043.00,,,,,,
2016,7,29,5,2016-07-29,"AA",19805,"AA","2571",10299,"ANC","Anchorage, AK","AK",11298,"DFW","Dallas/Fort Worth, TX","TX","2042","2042",0.00,0.00,15.00,9.00,"0600","0600",0.00,0.00,0.00,"",0.00,378.00,378.00,354.00,1.00,3043.00,,,,,,
2016,7,30,6,2016-07-30,"AA",19805,"AA","2571",10299,"ANC","Anchorage, AK","AK",11298,"DFW","Dallas/Fort Worth, TX","TX","2042","2046",4.00,4.00,12.00,6.00,"0600","0555",-5.00,0.00,0.00,"",0.00,378.00,369.00,351.00,1.00,3043.00,,,,,,
2016,7,31,7,2016-07-31,"AA",19805,"AA","2571",10299,"ANC","Anchorage, AK","AK",11298,"DFW","Dallas/Fort Worth, TX","TX","2042","2138",56.00,56.00,18.00,5.00,"0600","0647",47.00,47.00,0.00,"",0.00,378.00,369.00,346.00,1.00,3043.00,0.00,0.00,0.00,0.00,47.00,
2016,7,1,5,2016-07-01,"AA",19805,"AA","2571",11298,"DFW","Dallas/Fort Worth, TX","TX",10299,"ANC","Anchorage, AK","AK","1515","1510",-5.00,0.00,13.00,4.00,"1900","1850",-10.00,0.00,0.00,"",0.00,405.00,400.00,383.00,1.00,3043.00,,,,,,
2016,7,2,6,2016-07-02,"AA",19805,"AA","2571",11298,"DFW","Dallas/Fort Worth, TX","TX",10299,"ANC","Anchorage, AK","AK","1515","1519",4.00,4.00,14.00,3.00,"1900","1858",-2.00,0.00,0.00,"",0.00,405.00,399.00,382.00,1.00,3043.00,,,,,,
2016,7,3,7,2016-07-03,"AA",19805,"AA","2571",11298,"DFW","Dallas/Fort Worth, TX","TX",10299,"ANC","Anchorage, AK","AK","1515","1515",0.00,0.00,19.00,4.00,"1900","1852",-8.00,0.00,0.00,"",0.00,405.00,397.00,374.00,1.00,3043.00,,,,,,
2016,7,4,1,2016-07-04,"AA",19805,"AA","2571",11298,"DFW","Dallas/Fort Worth, TX","TX",10299,"ANC","Anchorage, AK","AK","1515","1513",-2.00,0.00,12.00,4.00,"1900","1838",-22.00,0.00,0.00,"",0.00,405.00,385.00,369.00,1.00,3043.00,,,,,,
2016,7,5,2,2016-07-05,"AA",19805,"AA","2571",11298,"DFW","Dallas/Fort Worth, TX","TX",10299,"ANC","Anchorage, AK","AK","1515","1656",101.00,101.00,12.00,5.00,"1900","2035",95.00,95.00,0.00,"",0.00,405.00,399.00,382.00,1.00,3043.00,0.00,0.00,0.00,0.00,95.00,
2016,7,6,3,2016-07-06,"AA",19805,"AA","2571",11298,"DFW","Dallas/Fort Worth, TX","TX",10299,"ANC","Anchorage, AK","AK","1515","1550",35.00,35.00,11.00,4.00,"1900","1932",32.00,32.00,0.00,"",0.00,405.00,402.00,387.00,1.00,3043.00,32.00,0.00,0.00,0.00,0.00,
2016,7,7,4,2016-07-07,"AA",19805,"AA","2571",11298,"DFW","Dallas/Fort Worth, TX","TX",10299,"ANC","Anchorage, AK","AK","1515","1524",9.00,9.00,13.00,4.00,"1900","1901",1.00,1.00,0.00,"",0.00,405.00,397.00,380.00,1.00,3043.00,,,,,,
2016,7,8,5,2016-07-08,"AA",19805,"AA","2571",11298,"DFW","Dallas/Fort Worth, TX","TX",10299,"ANC","Anchorage, AK","AK","1515","1517",2.00,2.00,13.00,3.00,"1900","1848",-12.00,0.00,0.00,"",0.00,405.00,391.00,375.00,1.00,3043.00,,,,,,
2016,7,9,6,2016-07-09,"AA",19805,"AA","2571",11298,"DFW","Dallas/Fort Worth, TX","TX",10299,"ANC","Anchorage, AK","AK","1515","1516",1.00,1.00,14.00,5.00,"1900","1853",-7.00,0.00,0.00,"",0.00,405.00,397.00,378.00,1.00,3043.00,,,,,,
2016,7,10,7,2016-07-10,"AA",19805,"AA","2571",11298,"DFW","Dallas/Fort Worth, TX","TX",10299,"ANC","Anchorage, AK","AK","1515","1628",73.00,73.00,23.00,3.00,"1900","1951",51.00,51.00,0.00,"",0.00,405.00,383.00,357.00,1.00,3043.00,0.00,0.00,0.00,0.00,51.00,
2016,7,11,1,2016-07-11,"AA",19805,"AA","2571",11298,"DFW","Dallas/Fort Worth, TX","TX",10299,"ANC","Anchorage, AK","AK","1515","1514",-1.00,0.00,14.00,4.00,"1900","1840",-20.00,0.00,0.00,"",0.00,405.00,386.00,368.00,1.00,3043.00,,,,,,
2016,7,12,2,2016-07-12,"AA",19805,"AA","2571",11298,"DFW","Dallas/Fort Worth, TX","TX",10299,"ANC","Anchorage, AK","AK","1515","1657",102.00,102.00,16.00,3.00,"1900","2015",75.00,75.00,0.00,"",0.00,405.00,378.00,359.00,1.00,3043.00,0.00,0.00,0.00,0.00,75.00,
2016,7,13,3,2016-07-13,"AA",19805,"AA","2571",11298,"DFW","Dallas/Fort Worth, TX","TX",10299,"ANC","Anchorage, AK","AK","1515","1516",1.00,1.00,17.00,4.00,"1900","1855",-5.00,0.00,0.00,"",0.00,405.00,399.00,378.00,1.00,3043.00,,,,,,
2016,7,14,4,2016-07-14,"AA",19805,"AA","2571",11298,"DFW","Dallas/Fort Worth, TX","TX",10299,"ANC","Anchorage, AK","AK","1515","1512",-3.00,0.00,13.00,7.00,"1900","1847",-13.00,0.00,0.00,"",0.00,405.00,395.00,375.00,1.00,3043.00,,,,,,
2016,7,15,5,2016-07-15,"AA",19805,"AA","2571",11298,"DFW","Dallas/Fort Worth, TX","TX",10299,"ANC","Anchorage, AK","AK","1515","1535",20.00,20.00,11.00,5.00,"1900","1917",17.00,17.00,0.00,"",0.00,405.00,402.00,386.00,1.00,3043.00,17.00,0.00,0.00,0.00,0.00,
2016,7,16,6,2016-07-16,"AA",19805,"AA","2571",11298,"DFW","Dallas/Fort Worth, TX","TX",10299,"ANC","Anchorage, AK","AK","1515","1514",-1.00,0.00,17.00,3.00,"1900","1840",-20.00,0.00,0.00,"",0.00,405.00,386.00,366.00,1.00,3043.00,,,,,,
2016,7,17,7,2016-07-17,"AA",19805,"AA","2571",11298,"DFW","Dallas/Fort Worth, TX","TX",10299,"ANC","Anchorage, AK","AK","1515","1603",48.00,48.00,14.00,3.00,"1900","1919",19.00,19.00,0.00,"",0.00,405.00,376.00,359.00,1.00,3043.00,19.00,0.00,0.00,0.00,0.00,
2016,7,18,1,2016-07-18,"AA",19805,"AA","2571",11298,"DFW","Dallas/Fort Worth, TX","TX",10299,"ANC","Anchorage, AK","AK","1515","1512",-3.00,0.00,13.00,3.00,"1900","1843",-17.00,0.00,0.00,"",0.00,405.00,391.00,375.00,1.00,3043.00,,,,,,
2016,7,19,2,2016-07-19,"AA",19805,"AA","2571",11298,"DFW","Dallas/Fort Worth, TX","TX",10299,"ANC","Anchorage, AK","AK","1515","1639",84.00,84.00,16.00,4.00,"1900","2012",72.00,72.00,0.00,"",0.00,405.00,393.00,373.00,1.00,3043.00,0.00,0.00,0.00,0.00,72.00,
2016,7,20,3,2016-07-20,"AA",19805,"AA","2571",11298,"DFW","Dallas/Fort Worth, TX","TX",10299,"ANC","Anchorage, AK","AK","1515","1514",-1.00,0.00,15.00,5.00,"1900","1855",-5.00,0.00,0.00,"",0.00,405.00,401.00,381.00,1.00,3043.00,,,,,,
2016,7,21,4,2016-07-21,"AA",19805,"AA","2571",11298,"DFW","Dallas/Fort Worth, TX","TX",10299,"ANC","Anchorage, AK","AK","1515","1520",5.00,5.00,12.00,5.00,"1900","1857",-3.00,0.00,0.00,"",0.00,405.00,397.00,380.00,1.00,3043.00,,,,,,
2016,7,22,5,2016-07-22,"AA",19805,"AA","2571",11298,"DFW","Dallas/Fort Worth, TX","TX",10299,"ANC","Anchorage, AK","AK","1515","1555",40.00,40.00,10.00,3.00,"1900","1934",34.00,34.00,0.00,"",0.00,405.00,399.00,386.00,1.00,3043.00,34.00,0.00,0.00,0.00,0.00,
2016,7,23,6,2016-07-23,"AA",19805,"AA","2571",11298,"DFW","Dallas/Fort Worth, TX","TX",10299,"ANC","Anchorage, AK","AK","1515","1511",-4.00,0.00,11.00,4.00,"1900","1852",-8.00,0.00,0.00,"",0.00,405.00,401.00,386.00,1.00,3043.00,,,,,,
2016,7,24,7,2016-07-24,"AA",19805,"AA","2571",11298,"DFW","Dallas/Fort Worth, TX","TX",10299,"ANC","Anchorage, AK","AK","1515","1516",1.00,1.00,11.00,4.00,"1900","1853",-7.00,0.00,0.00,"",0.00,405.00,397.00,382.00,1.00,3043.00,,,,,,
2016,7,25,1,2016-07-25,"AA",19805,"AA","2571",11298,"DFW","Dallas/Fort Worth, TX","TX",10299,"ANC","Anchorage, AK","AK","1515","1513",-2.00,0.00,13.00,7.00,"1900","1852",-8.00,0.00,0.00,"",0.00,405.00,399.00,379.00,1.00,3043.00,,,,,,
2016,7,26,2,2016-07-26,"AA",19805,"AA","2571",11298,"DFW","Dallas/Fort Worth, TX","TX",10299,"ANC","Anchorage, AK","AK","1515","1527",12.00,12.00,15.00,4.00,"1900","1911",11.00,11.00,0.00,"",0.00,405.00,404.00,385.00,1.00,3043.00,,,,,,
2016,7,27,3,2016-07-27,"AA",19805,"AA","2571",11298,"DFW","Dallas/Fort Worth, TX","TX",10299,"ANC","Anchorage, AK","AK","1515","1617",62.00,62.00,36.00,3.00,"1900","2011",71.00,71.00,0.00,"",0.00,405.00,414.00,375.00,1.00,3043.00,18.00,44.00,9.00,0.00,0.00,
2016,7,28,4,2016-07-28,"AA",19805,"AA","2571",11298,"DFW","Dallas/Fort Worth, TX","TX",10299,"ANC","Anchorage, AK","AK","1515","1513",-2.00,0.00,17.00,8.00,"1900","1912",12.00,12.00,0.00,"",0.00,405.00,419.00,394.00,1.00,3043.00,,,,,,
2016,7,29,5,2016-07-29,"AA",19805,"AA","2571",11298,"DFW","Dallas/Fort Worth, TX","TX",10299,"ANC","Anchorage, AK","AK","1515","1520",5.00,5.00,16.00,5.00,"1900","1909",9.00,9.00,0.00,"",0.00,405.00,409.00,388.00,1.00,3043.00,,,,,,
2016,7,30,6,2016-07-30,"AA",19805,"AA","2571",11298,"DFW","Dallas/Fort Worth, TX","TX",10299,"ANC","Anchorage, AK","AK","1515","1522",7.00,7.00,15.00,5.00,"1900","1905",5.00,5.00,0.00,"",0.00,405.00,403.00,383.00,1.00,3043.00,,,,,,
2016,7,31,7,2016-07-31,"AA",19805,"AA","2571",11298,"DFW","Dallas/Fort Worth, TX","TX",10299,"ANC","Anchorage, AK","AK","1515","1659",104.00,104.00,21.00,4.00,"1900","2039",99.00,99.00,0.00,"",0.00,405.00,400.00,375.00,1.00,3043.00,11.00,0.00,0.00,0.00,88.00,
2016,7,1,5,2016-07-01,"AA",19805,"AA","2572",14908,"SNA","Santa Ana, CA","CA",11298,"DFW","Dallas/Fort Worth, TX","TX","1730","1730",0.00,0.00,15.00,15.00,"2223","2227",4.00,4.00,0.00,"",0.00,173.00,177.00,147.00,1.00,1205.00,,,,,,
2016,7,4,1,2016-07-04,"AA",19805,"AA","2572",14908,"SNA","Santa Ana, CA","CA",11298,"DFW","Dallas/Fort Worth, TX","TX","1730","1717",-13.00,0.00,15.00,10.00,"2223","2208",-15.00,0.00,0.00,"",0.00,173.00,171.00,146.00,1.00,1205.00,,,,,,
2016,7,5,2,2016-07-05,"AA",19805,"AA","2572",14908,"SNA","Santa Ana, CA","CA",11298,"DFW","Dallas/Fort Worth, TX","TX","1730","1725",-5.00,0.00,11.00,6.00,"2223","2201",-22.00,0.00,0.00,"",0.00,173.00,156.00,139.00,1.00,1205.00,,,,,,
2016,7,6,3,2016-07-06,"AA",19805,"AA","2572",14908,"SNA","Santa Ana, CA","CA",11298,"DFW","Dallas/Fort Worth, TX","TX","1730","1726",-4.00,0.00,13.00,14.00,"2223","2219",-4.00,0.00,0.00,"",0.00,173.00,173.00,146.00,1.00,1205.00,,,,,,
2016,7,7,4,2016-07-07,"AA",19805,"AA","2572",14908,"SNA","Santa Ana, CA","CA",11298,"DFW","Dallas/Fort Worth, TX","TX","1730","1724",-6.00,0.00,15.00,5.00,"2223","2209",-14.00,0.00,0.00,"",0.00,173.00,165.00,145.00,1.00,1205.00,,,,,,
2016,7,8,5,2016-07-08,"AA",19805,"AA","2572",14908,"SNA","Santa Ana, CA","CA",11298,"DFW","Dallas/Fort Worth, TX","TX","1730","1721",-9.00,0.00,13.00,8.00,"2223","2210",-13.00,0.00,0.00,"",0.00,173.00,169.00,148.00,1.00,1205.00,,,,,,
2016,7,10,7,2016-07-10,"AA",19805,"AA","2572",14908,"SNA","Santa Ana, CA","CA",11298,"DFW","Dallas/Fort Worth, TX","TX","1730","1729",-1.00,0.00,10.00,10.00,"2223","2213",-10.00,0.00,0.00,"",0.00,173.00,164.00,144.00,1.00,1205.00,,,,,,
2016,7,11,1,2016-07-11,"AA",19805,"AA","2572",14908,"SNA","Santa Ana, CA","CA",11298,"DFW","Dallas/Fort Worth, TX","TX","1730","1730",0.00,0.00,10.00,10.00,"2223","2213",-10.00,0.00,0.00,"",0.00,173.00,163.00,143.00,1.00,1205.00,,,,,,
2016,7,12,2,2016-07-12,"AA",19805,"AA","2572",14908,"SNA","Santa Ana, CA","CA",11298,"DFW","Dallas/Fort Worth, TX","TX","1730","1720",-10.00,0.00,9.00,8.00,"2223","2207",-16.00,0.00,0.00,"",0.00,173.00,167.00,150.00,1.00,1205.00,,,,,,
2016,7,13,3,2016-07-13,"AA",19805,"AA","2572",14908,"SNA","Santa Ana, CA","CA",11298,"DFW","Dallas/Fort Worth, TX","TX","1730","1724",-6.00,0.00,10.00,8.00,"2223","2208",-15.00,0.00,0.00,"",0.00,173.00,164.00,146.00,1.00,1205.00,,,,,,
2016,7,14,4,2016-07-14,"AA",19805,"AA","2572",14908,"SNA","Santa Ana, CA","CA",11298,"DFW","Dallas/Fort Worth, TX","TX","1730","1724",-6.00,0.00,8.00,10.00,"2223","2221",-2.00,0.00,0.00,"",0.00,173.00,177.00,159.00,1.00,1205.00,,,,,,
2016,7,15,5,2016-07-15,"AA",19805,"AA","2572",14908,"SNA","Santa Ana, CA","CA",11298,"DFW","Dallas/Fort Worth, TX","TX","1730","1723",-7.00,0.00,13.00,9.00,"2223","2218",-5.00,0.00,0.00,"",0.00,173.00,175.00,153.00,1.00,1205.00,,,,,,
2016,7,17,7,2016-07-17,"AA",19805,"AA","2572",14908,"SNA","Santa Ana, CA","CA",11298,"DFW","Dallas/Fort Worth, TX","TX","1730","1740",10.00,10.00,21.00,7.00,"2223","2240",17.00,17.00,0.00,"",0.00,173.00,180.00,152.00,1.00,1205.00,0.00,0.00,7.00,0.00,10.00,
2016,7,18,1,2016-07-18,"AA",19805,"AA","2572",14908,"SNA","Santa Ana, CA","CA",11298,"DFW","Dallas/Fort Worth, TX","TX","1730","1722",-8.00,0.00,13.00,12.00,"2223","2230",7.00,7.00,0.00,"",0.00,173.00,188.00,163.00,1.00,1205.00,,,,,,
2016,7,19,2,2016-07-19,"AA",19805,"AA","2572",14908,"SNA","Santa Ana, CA","CA",11298,"DFW","Dallas/Fort Worth, TX","TX","1730","1722",-8.00,0.00,9.00,5.00,"2223","2215",-8.00,0.00,0.00,"",0.00,173.00,173.00,159.00,1.00,1205.00,,,,,,
2016,7,20,3,2016-07-20,"AA",19805,"AA","2572",14908,"SNA","Santa Ana, CA","CA",11298,"DFW","Dallas/Fort Worth, TX","TX","1730","1723",-7.00,0.00,12.00,10.00,"2223","2229",6.00,6.00,0.00,"",0.00,173.00,186.00,164.00,1.00,1205.00,,,,,,
2016,7,21,4,2016-07-21,"AA",19805,"AA","2572",14908,"SNA","Santa Ana, CA","CA",11298,"DFW","Dallas/Fort Worth, TX","TX","1730","1723",-7.00,0.00,18.00,11.00,"2223","2242",19.00,19.00,0.00,"",0.00,173.00,199.00,170.00,1.00,1205.00,0.00,0.00,19.00,0.00,0.00,
2016,7,22,5,2016-07-22,"AA",19805,"AA","2572",14908,"SNA","Santa Ana, CA","CA",11298,"DFW","Dallas/Fort Worth, TX","TX","1730","1719",-11.00,0.00,12.00,25.00,"2223","2234",11.00,11.00,0.00,"",0.00,173.00,195.00,158.00,1.00,1205.00,,,,,,
2016,7,24,7,2016-07-24,"AA",19805,"AA","2572",14908,"SNA","Santa Ana, CA","CA",11298,"DFW","Dallas/Fort Worth, TX","TX","1730","1725",-5.00,0.00,13.00,10.00,"2223","2227",4.00,4.00,0.00,"",0.00,173.00,182.00,159.00,1.00,1205.00,,,,,,
2016,7,25,1,2016-07-25,"AA",19805,"AA","2572",14908,"SNA","Santa Ana, CA","CA",11298,"DFW","Dallas/Fort Worth, TX","TX","1730","1721",-9.00,0.00,12.00,22.00,"2223","2232",9.00,9.00,0.00,"",0.00,173.00,191.00,157.00,1.00,1205.00,,,,,,
2016,7,26,2,2016-07-26,"AA",19805,"AA","2572",14908,"SNA","Santa Ana, CA","CA",11298,"DFW","Dallas/Fort Worth, TX","TX","1730","1727",-3.00,0.00,16.00,8.00,"2223","2225",2.00,2.00,0.00,"",0.00,173.00,178.00,154.00,1.00,1205.00,,,,,,
2016,7,27,3,2016-07-27,"AA",19805,"AA","2572",14908,"SNA","Santa Ana, CA","CA",11298,"DFW","Dallas/Fort Worth, TX","TX","1730","1722",-8.00,0.00,10.00,19.00,"2223","2222",-1.00,0.00,0.00,"",0.00,173.00,180.00,151.00,1.00,1205.00,,,,,,
2016,7,28,4,2016-07-28,"AA",19805,"AA","2572",14908,"SNA","Santa Ana, CA","CA",11298,"DFW","Dallas/Fort Worth, TX","TX","1730","1825",55.00,55.00,9.00,8.00,"2223","2312",49.00,49.00,0.00,"",0.00,173.00,167.00,150.00,1.00,1205.00,0.00,0.00,0.00,0.00,49.00,
2016,7,29,5,2016-07-29,"AA",19805,"AA","2572",14908,"SNA","Santa Ana, CA","CA",11298,"DFW","Dallas/Fort Worth, TX","TX","1730","1832",62.00,62.00,8.00,10.00,"2223","2324",61.00,61.00,0.00,"",0.00,173.00,172.00,154.00,1.00,1205.00,61.00,0.00,0.00,0.00,0.00,
2016,7,31,7,2016-07-31,"AA",19805,"AA","2572",14908,"SNA","Santa Ana, CA","CA",11298,"DFW","Dallas/Fort Worth, TX","TX","1730","1730",0.00,0.00,11.00,14.00,"2223","2226",3.00,3.00,0.00,"",0.00,173.00,176.00,151.00,1.00,1205.00,,,,,,
2016,7,24,7,2016-07-24,"AA",19805,"AA","2573",11298,"DFW","Dallas/Fort Worth, TX","TX",13303,"MIA","Miami, FL","FL","2340","2343",3.00,3.00,17.00,6.00,"0334","0328",-6.00,0.00,0.00,"",0.00,174.00,165.00,142.00,1.00,1121.00,,,,,,
2016,7,1,5,2016-07-01,"AA",19805,"AA","2573",11298,"DFW","Dallas/Fort Worth, TX","TX",13930,"ORD","Chicago, IL","IL","2340","2343",3.00,3.00,11.00,6.00,"0204","0145",-19.00,0.00,0.00,"",0.00,144.00,122.00,105.00,1.00,802.00,,,,,,
2016,7,1,5,2016-07-01,"AA",19805,"AA","2574",13930,"ORD","Chicago, IL","IL",11433,"DTW","Detroit, MI","MI","1850","1921",31.00,31.00,19.00,3.00,"2112","2133",21.00,21.00,0.00,"",0.00,82.00,72.00,50.00,1.00,235.00,21.00,0.00,0.00,0.00,0.00,
2016,7,2,6,2016-07-02,"AA",19805,"AA","2574",13930,"ORD","Chicago, IL","IL",11433,"DTW","Detroit, MI","MI","1900","1902",2.00,2.00,12.00,10.00,"2121","2110",-11.00,0.00,0.00,"",0.00,81.00,68.00,46.00,1.00,235.00,,,,,,
2016,7,3,7,2016-07-03,"AA",19805,"AA","2574",13930,"ORD","Chicago, IL","IL",11433,"DTW","Detroit, MI","MI","1850","1850",0.00,0.00,18.00,9.00,"2112","2101",-11.00,0.00,0.00,"",0.00,82.00,71.00,44.00,1.00,235.00,,,,,,
2016,7,4,1,2016-07-04,"AA",19805,"AA","2574",13930,"ORD","Chicago, IL","IL",11433,"DTW","Detroit, MI","MI","1850","1847",-3.00,0.00,25.00,5.00,"2112","2103",-9.00,0.00,0.00,"",0.00,82.00,76.00,46.00,1.00,235.00,,,,,,
2016,7,5,2,2016-07-05,"AA",19805,"AA","2574",13930,"ORD","Chicago, IL","IL",11433,"DTW","Detroit, MI","MI","1850","1901",11.00,11.00,17.00,14.00,"2112","2118",6.00,6.00,0.00,"",0.00,82.00,77.00,46.00,1.00,235.00,,,,,,
2016,7,6,3,2016-07-06,"AA",19805,"AA","2574",13930,"ORD","Chicago, IL","IL",11433,"DTW","Detroit, MI","MI","1850","1904",14.00,14.00,27.00,5.00,"2112","2121",9.00,9.00,0.00,"",0.00,82.00,77.00,45.00,1.00,235.00,,,,,,
2016,7,7,4,2016-07-07,"AA",19805,"AA","2574",13930,"ORD","Chicago, IL","IL",11433,"DTW","Detroit, MI","MI","1850","1907",17.00,17.00,16.00,6.00,"2112","2114",2.00,2.00,0.00,"",0.00,82.00,67.00,45.00,1.00,235.00,,,,,,
2016,7,8,5,2016-07-08,"AA",19805,"AA","2574",13930,"ORD","Chicago, IL","IL",11433,"DTW","Detroit, MI","MI","1850","1936",46.00,46.00,28.00,14.00,"2112","2201",49.00,49.00,0.00,"",0.00,82.00,85.00,43.00,1.00,235.00,0.00,0.00,49.00,0.00,0.00,
2016,7,9,6,2016-07-09,"AA",19805,"AA","2574",13930,"ORD","Chicago, IL","IL",11433,"DTW","Detroit, MI","MI","1900","1903",3.00,3.00,40.00,7.00,"2121","2138",17.00,17.00,0.00,"",0.00,81.00,95.00,48.00,1.00,235.00,3.00,0.00,14.00,0.00,0.00,
2016,7,10,7,2016-07-10,"AA",19805,"AA","2574",13930,"ORD","Chicago, IL","IL",11433,"DTW","Detroit, MI","MI","1850","1846",-4.00,0.00,19.00,9.00,"2112","2059",-13.00,0.00,0.00,"",0.00,82.00,73.00,45.00,1.00,235.00,,,,,,
2016,7,11,1,2016-07-11,"AA",19805,"AA","2574",13930,"ORD","Chicago, IL","IL",11433,"DTW","Detroit, MI","MI","1850","1939",49.00,49.00,25.00,5.00,"2112","2157",45.00,45.00,0.00,"",0.00,82.00,78.00,48.00,1.00,235.00,24.00,0.00,0.00,0.00,21.00,
2016,7,12,2,2016-07-12,"AA",19805,"AA","2574",13930,"ORD","Chicago, IL","IL",11433,"DTW","Detroit, MI","MI","1850","1948",58.00,58.00,19.00,8.00,"2112","2228",76.00,76.00,0.00,"",0.00,82.00,100.00,73.00,1.00,235.00,0.00,0.00,76.00,0.00,0.00,
2016,7,13,3,2016-07-13,"AA",19805,"AA","2574",13930,"ORD","Chicago, IL","IL",11433,"DTW","Detroit, MI","MI","1850","",,,,,"2112","",,,1.00,"B",0.00,82.00,,,1.00,235.00,,,,,,
2016,7,14,4,2016-07-14,"AA",19805,"AA","2574",13930,"ORD","Chicago, IL","IL",11433,"DTW","Detroit, MI","MI","1850","1920",30.00,30.00,32.00,8.00,"2112","2144",32.00,32.00,0.00,"",0.00,82.00,84.00,44.00,1.00,235.00,0.00,0.00,2.00,0.00,30.00,
2016,7,15,5,2016-07-15,"AA",19805,"AA","2574",13930,"ORD","Chicago, IL","IL",11433,"DTW","Detroit, MI","MI","1850","1851",1.00,1.00,15.00,8.00,"2112","2104",-8.00,0.00,0.00,"",0.00,82.00,73.00,50.00,1.00,235.00,,,,,,
2016,7,16,6,2016-07-16,"AA",19805,"AA","2574",13930,"ORD","Chicago, IL","IL",11433,"DTW","Detroit, MI","MI","1900","1857",-3.00,0.00,23.00,13.00,"2121","2114",-7.00,0.00,0.00,"",0.00,81.00,77.00,41.00,1.00,235.00,,,,,,
2016,7,17,7,2016-07-17,"AA",19805,"AA","2574",13930,"ORD","Chicago, IL","IL",11433,"DTW","Detroit, MI","MI","1850","1847",-3.00,0.00,12.00,11.00,"2112","2105",-7.00,0.00,0.00,"",0.00,82.00,78.00,55.00,1.00,235.00,,,,,,
2016,7,18,1,2016-07-18,"AA",19805,"AA","2574",13930,"ORD","Chicago, IL","IL",11433,"DTW","Detroit, MI","MI","1850","1948",58.00,58.00,16.00,5.00,"2112","2156",44.00,44.00,0.00,"",0.00,82.00,68.00,47.00,1.00,235.00,2.00,0.00,0.00,0.00,42.00,
2016,7,19,2,2016-07-19,"AA",19805,"AA","2574",13930,"ORD","Chicago, IL","IL",11433,"DTW","Detroit, MI","MI","1850","1959",69.00,69.00,10.00,6.00,"2112","2150",38.00,38.00,0.00,"",0.00,82.00,51.00,35.00,1.00,235.00,17.00,0.00,0.00,0.00,21.00,
2016,7,20,3,2016-07-20,"AA",19805,"AA","2574",13930,"ORD","Chicago, IL","IL",11433,"DTW","Detroit, MI","MI","1850","1843",-7.00,0.00,37.00,10.00,"2112","2117",5.00,5.00,0.00,"",0.00,82.00,94.00,47.00,1.00,235.00,,,,,,
2016,7,21,4,2016-07-21,"AA",19805,"AA","2574",13930,"ORD","Chicago, IL","IL",11433,"DTW","Detroit, MI","MI","1850","1918",28.00,28.00,36.00,12.00,"2112","2153",41.00,41.00,0.00,"",0.00,82.00,95.00,47.00,1.00,235.00,19.00,0.00,13.00,0.00,9.00,
2016,7,22,5,2016-07-22,"AA",19805,"AA","2574",13930,"ORD","Chicago, IL","IL",11433,"DTW","Detroit, MI","MI","1850","2004",74.00,74.00,25.00,14.00,"2112","2230",78.00,78.00,0.00,"",0.00,82.00,86.00,47.00,1.00,235.00,18.00,0.00,4.00,0.00,56.00,
2016,7,23,6,2016-07-23,"AA",19805,"AA","2574",13930,"ORD","Chicago, IL","IL",11433,"DTW","Detroit, MI","MI","1900","2123",143.00,143.00,67.00,19.00,"2121","0033",192.00,192.00,0.00,"",0.00,81.00,130.00,44.00,1.00,235.00,43.00,100.00,49.00,0.00,0.00,
2016,7,24,7,2016-07-24,"AA",19805,"AA","2574",13930,"ORD","Chicago, IL","IL",11433,"DTW","Detroit, MI","MI","1850","",,,,,"2112","",,,1.00,"B",0.00,82.00,,,1.00,235.00,,,,,,
2016,7,25,1,2016-07-25,"AA",19805,"AA","2574",13930,"ORD","Chicago, IL","IL",11433,"DTW","Detroit, MI","MI","1850","1846",-4.00,0.00,16.00,12.00,"2112","2101",-11.00,0.00,0.00,"",0.00,82.00,75.00,47.00,1.00,235.00,,,,,,
2016,7,26,2,2016-07-26,"AA",19805,"AA","2574",13930,"ORD","Chicago, IL","IL",11433,"DTW","Detroit, MI","MI","1850","1853",3.00,3.00,18.00,10.00,"2112","2107",-5.00,0.00,0.00,"",0.00,82.00,74.00,46.00,1.00,235.00,,,,,,
2016,7,27,3,2016-07-27,"AA",19805,"AA","2574",13930,"ORD","Chicago, IL","IL",11433,"DTW","Detroit, MI","MI","1850","1845",-5.00,0.00,37.00,9.00,"2112","2116",4.00,4.00,0.00,"",0.00,82.00,91.00,45.00,1.00,235.00,,,,,,
2016,7,28,4,2016-07-28,"AA",19805,"AA","2574",13930,"ORD","Chicago, IL","IL",11433,"DTW","Detroit, MI","MI","1850","",,,,,"2112","",,,1.00,"B",0.00,82.00,,,1.00,235.00,,,,,,
2016,7,29,5,2016-07-29,"AA",19805,"AA","2574",13930,"ORD","Chicago, IL","IL",11433,"DTW","Detroit, MI","MI","1850","2054",124.00,124.00,26.00,5.00,"2112","2314",122.00,122.00,0.00,"",0.00,82.00,80.00,49.00,1.00,235.00,102.00,0.00,0.00,0.00,20.00,
2016,7,30,6,2016-07-30,"AA",19805,"AA","2574",13930,"ORD","Chicago, IL","IL",11433,"DTW","Detroit, MI","MI","1900","2106",126.00,126.00,14.00,10.00,"2121","2308",107.00,107.00,0.00,"",0.00,81.00,62.00,38.00,1.00,235.00,63.00,0.00,0.00,0.00,44.00,
2016,7,31,7,2016-07-31,"AA",19805,"AA","2574",13930,"ORD","Chicago, IL","IL",11433,"DTW","Detroit, MI","MI","1850","1903",13.00,13.00,18.00,17.00,"2112","2130",18.00,18.00,0.00,"",0.00,82.00,87.00,52.00,1.00,235.00,8.00,0.00,5.00,0.00,5.00,
2016,7,1,5,2016-07-01,"AA",19805,"AA","2575",10423,"AUS","Austin, TX","TX",13930,"ORD","Chicago, IL","IL","0800","0752",-8.00,0.00,12.00,9.00,"1046","1025",-21.00,0.00,0.00,"",0.00,166.00,153.00,132.00,1.00,977.00,,,,,,
2016,7,5,2,2016-07-05,"AA",19805,"AA","2575",10423,"AUS","Austin, TX","TX",13930,"ORD","Chicago, IL","IL","0800","0755",-5.00,0.00,11.00,10.00,"1046","1029",-17.00,0.00,0.00,"",0.00,166.00,154.00,133.00,1.00,977.00,,,,,,
2016,7,6,3,2016-07-06,"AA",19805,"AA","2575",10423,"AUS","Austin, TX","TX",13930,"ORD","Chicago, IL","IL","0800","0753",-7.00,0.00,29.00,10.00,"1046","1101",15.00,15.00,0.00,"",0.00,166.00,188.00,149.00,1.00,977.00,0.00,0.00,15.00,0.00,0.00,
2016,7,7,4,2016-07-07,"AA",19805,"AA","2575",10423,"AUS","Austin, TX","TX",13930,"ORD","Chicago, IL","IL","0800","0805",5.00,5.00,12.00,8.00,"1046","1107",21.00,21.00,0.00,"",0.00,166.00,182.00,162.00,1.00,977.00,5.00,0.00,16.00,0.00,0.00,
2016,7,8,5,2016-07-08,"AA",19805,"AA","2575",10423,"AUS","Austin, TX","TX",13930,"ORD","Chicago, IL","IL","0800","0752",-8.00,0.00,13.00,8.00,"1046","1021",-25.00,0.00,0.00,"",0.00,166.00,149.00,128.00,1.00,977.00,,,,,,
2016,7,9,6,2016-07-09,"AA",19805,"AA","2575",10423,"AUS","Austin, TX","TX",13930,"ORD","Chicago, IL","IL","0800","0755",-5.00,0.00,9.00,11.00,"1046","1022",-24.00,0.00,0.00,"",0.00,166.00,147.00,127.00,1.00,977.00,,,,,,
2016,7,10,7,2016-07-10,"AA",19805,"AA","2575",10423,"AUS","Austin, TX","TX",13930,"ORD","Chicago, IL","IL","0800","0856",56.00,56.00,14.00,7.00,"1046","1131",45.00,45.00,0.00,"",0.00,166.00,155.00,134.00,1.00,977.00,45.00,0.00,0.00,0.00,0.00,
2016,7,11,1,2016-07-11,"AA",19805,"AA","2575",10423,"AUS","Austin, TX","TX",13930,"ORD","Chicago, IL","IL","0800","0811",11.00,11.00,11.00,10.00,"1046","1046",0.00,0.00,0.00,"",0.00,166.00,155.00,134.00,1.00,977.00,,,,,,
2016,7,12,2,2016-07-12,"AA",19805,"AA","2575",10423,"AUS","Austin, TX","TX",13930,"ORD","Chicago, IL","IL","0800","0752",-8.00,0.00,9.00,13.00,"1046","1038",-8.00,0.00,0.00,"",0.00,166.00,166.00,144.00,1.00,977.00,,,,,,
2016,7,13,3,2016-07-13,"AA",19805,"AA","2575",10423,"AUS","Austin, TX","TX",13930,"ORD","Chicago, IL","IL","0800","0759",-1.00,0.00,12.00,13.00,"1046","1033",-13.00,0.00,0.00,"",0.00,166.00,154.00,129.00,1.00,977.00,,,,,,
2016,7,14,4,2016-07-14,"AA",19805,"AA","2575",10423,"AUS","Austin, TX","TX",13930,"ORD","Chicago, IL","IL","0800","",,,,,"1046","",,,1.00,"B",0.00,166.00,,,1.00,977.00,,,,,,
2016,7,15,5,2016-07-15,"AA",19805,"AA","2575",10423,"AUS","Austin, TX","TX",13930,"ORD","Chicago, IL","IL","0800","0759",-1.00,0.00,14.00,13.00,"1046","1033",-13.00,0.00,0.00,"",0.00,166.00,154.00,127.00,1.00,977.00,,,,,,
2016,7,16,6,2016-07-16,"AA",19805,"AA","2575",10423,"AUS","Austin, TX","TX",13930,"ORD","Chicago, IL","IL","0800","0913",73.00,73.00,19.00,5.00,"1046","1147",61.00,61.00,0.00,"",0.00,166.00,154.00,130.00,1.00,977.00,61.00,0.00,0.00,0.00,0.00,
2016,7,17,7,2016-07-17,"AA",19805,"AA","2575",10423,"AUS","Austin, TX","TX",13930,"ORD","Chicago, IL","IL","0800","0758",-2.00,0.00,15.00,9.00,"1046","1040",-6.00,0.00,0.00,"",0.00,166.00,162.00,138.00,1.00,977.00,,,,,,
2016,7,18,1,2016-07-18,"AA",19805,"AA","2575",10423,"AUS","Austin, TX","TX",13930,"ORD","Chicago, IL","IL","0800","0756",-4.00,0.00,13.00,12.00,"1046","1053",7.00,7.00,0.00,"",0.00,166.00,177.00,152.00,1.00,977.00,,,,,,
2016,7,19,2,2016-07-19,"AA",19805,"AA","2575",10423,"AUS","Austin, TX","TX",13930,"ORD","Chicago, IL","IL","0800","0814",14.00,14.00,11.00,10.00,"1046","1048",2.00,2.00,0.00,"",0.00,166.00,154.00,133.00,1.00,977.00,,,,,,
2016,7,20,3,2016-07-20,"AA",19805,"AA","2575",10423,"AUS","Austin, TX","TX",13930,"ORD","Chicago, IL","IL","0800","0758",-2.00,0.00,11.00,8.00,"1046","1109",23.00,23.00,0.00,"",0.00,166.00,191.00,172.00,1.00,977.00,0.00,0.00,23.00,0.00,0.00,
2016,7,21,4,2016-07-21,"AA",19805,"AA","2575",10423,"AUS","Austin, TX","TX",13930,"ORD","Chicago, IL","IL","0800","0755",-5.00,0.00,12.00,7.00,"1046","1032",-14.00,0.00,0.00,"",0.00,166.00,157.00,138.00,1.00,977.00,,,,,,
2016,7,22,5,2016-07-22,"AA",19805,"AA","2575",10423,"AUS","Austin, TX","TX",13930,"ORD","Chicago, IL","IL","0800","",,,,,"1046","",,,1.00,"A",0.00,166.00,,,1.00,977.00,,,,,,
2016,7,23,6,2016-07-23,"AA",19805,"AA","2575",10423,"AUS","Austin, TX","TX",13930,"ORD","Chicago, IL","IL","0800","0800",0.00,0.00,14.00,13.00,"1046","1037",-9.00,0.00,0.00,"",0.00,166.00,157.00,130.00,1.00,977.00,,,,,,
2016,7,24,7,2016-07-24,"AA",19805,"AA","2575",10423,"AUS","Austin, TX","TX",13930,"ORD","Chicago, IL","IL","0800","0753",-7.00,0.00,12.00,30.00,"1046","1048",2.00,2.00,0.00,"",0.00,166.00,175.00,133.00,1.00,977.00,,,,,,
2016,7,25,1,2016-07-25,"AA",19805,"AA","2575",10423,"AUS","Austin, TX","TX",13930,"ORD","Chicago, IL","IL","0800","0755",-5.00,0.00,12.00,11.00,"1046","1051",5.00,5.00,0.00,"",0.00,166.00,176.00,153.00,1.00,977.00,,,,,,
2016,7,26,2,2016-07-26,"AA",19805,"AA","2575",10423,"AUS","Austin, TX","TX",13930,"ORD","Chicago, IL","IL","0800","0800",0.00,0.00,11.00,14.00,"1046","1038",-8.00,0.00,0.00,"",0.00,166.00,158.00,133.00,1.00,977.00,,,,,,
2016,7,27,3,2016-07-27,"AA",19805,"AA","2575",10423,"AUS","Austin, TX","TX",13930,"ORD","Chicago, IL","IL","0800","0903",63.00,63.00,18.00,10.00,"1046","1143",57.00,57.00,0.00,"",0.00,166.00,160.00,132.00,1.00,977.00,0.00,57.00,0.00,0.00,0.00,
2016,7,28,4,2016-07-28,"AA",19805,"AA","2575",10423,"AUS","Austin, TX","TX",13930,"ORD","Chicago, IL","IL","0800","0828",28.00,28.00,10.00,11.00,"1046","1056",10.00,10.00,0.00,"",0.00,166.00,148.00,127.00,1.00,977.00,,,,,,
2016,7,29,5,2016-07-29,"AA",19805,"AA","2575",10423,"AUS","Austin, TX","TX",13930,"ORD","Chicago, IL","IL","0800","0830",30.00,30.00,31.00,11.00,"1046","1127",41.00,41.00,0.00,"",0.00,166.00,177.00,135.00,1.00,977.00,30.00,0.00,11.00,0.00,0.00,
2016,7,30,6,2016-07-30,"AA",19805,"AA","2575",10423,"AUS","Austin, TX","TX",13930,"ORD","Chicago, IL","IL","0800","0804",4.00,4.00,14.00,12.00,"1046","1041",-5.00,0.00,0.00,"",0.00,166.00,157.00,131.00,1.00,977.00,,,,,,
2016,7,31,7,2016-07-31,"AA",19805,"AA","2575",10423,"AUS","Austin, TX","TX",13930,"ORD","Chicago, IL","IL","0800","0833",33.00,33.00,11.00,7.00,"1046","1110",24.00,24.00,0.00,"",0.00,166.00,157.00,139.00,1.00,977.00,24.00,0.00,0.00,0.00,0.00,
2016,7,1,5,2016-07-01,"AA",19805,"AA","2576",12892,"LAX","Los Angeles, CA","CA",13930,"ORD","Chicago, IL","IL","1700","1733",33.00,33.00,24.00,7.00,"2314","2329",15.00,15.00,0.00,"",0.00,254.00,236.00,205.00,1.00,1744.00,0.00,0.00,12.00,0.00,3.00,
2016,7,4,1,2016-07-04,"AA",19805,"AA","2576",12892,"LAX","Los Angeles, CA","CA",13930,"ORD","Chicago, IL","IL","1700","1721",21.00,21.00,25.00,7.00,"2314","2324",10.00,10.00,0.00,"",0.00,254.00,243.00,211.00,1.00,1744.00,,,,,,
2016,7,5,2,2016-07-05,"AA",19805,"AA","2576",12892,"LAX","Los Angeles, CA","CA",13930,"ORD","Chicago, IL","IL","1645","1928",163.00,163.00,23.00,6.00,"2256","0127",151.00,151.00,0.00,"",0.00,251.00,239.00,210.00,1.00,1744.00,10.00,0.00,0.00,0.00,141.00,
2016,7,6,3,2016-07-06,"AA",19805,"AA","2576",12892,"LAX","Los Angeles, CA","CA",13930,"ORD","Chicago, IL","IL","1645","1643",-2.00,0.00,14.00,8.00,"2256","2235",-21.00,0.00,0.00,"",0.00,251.00,232.00,210.00,1.00,1744.00,,,,,,
2016,7,7,4,2016-07-07,"AA",19805,"AA","2576",12892,"LAX","Los Angeles, CA","CA",13930,"ORD","Chicago, IL","IL","1645","1637",-8.00,0.00,13.00,13.00,"2256","2228",-28.00,0.00,0.00,"",0.00,251.00,231.00,205.00,1.00,1744.00,,,,,,
2016,7,8,5,2016-07-08,"AA",19805,"AA","2576",12892,"LAX","Los Angeles, CA","CA",13930,"ORD","Chicago, IL","IL","1645","1637",-8.00,0.00,27.00,15.00,"2256","2305",9.00,9.00,0.00,"",0.00,251.00,268.00,226.00,1.00,1744.00,,,,,,
2016,7,9,6,2016-07-09,"AA",19805,"AA","2576",12892,"LAX","Los Angeles, CA","CA",13930,"ORD","Chicago, IL","IL","1652","1711",19.00,19.00,31.00,4.00,"2305","2318",13.00,13.00,0.00,"",0.00,253.00,247.00,212.00,1.00,1744.00,,,,,,
2016,7,10,7,2016-07-10,"AA",19805,"AA","2576",12892,"LAX","Los Angeles, CA","CA",13930,"ORD","Chicago, IL","IL","1645","1649",4.00,4.00,17.00,12.00,"2256","2236",-20.00,0.00,0.00,"",0.00,251.00,227.00,198.00,1.00,1744.00,,,,,,
2016,7,11,1,2016-07-11,"AA",19805,"AA","2576",12892,"LAX","Los Angeles, CA","CA",13930,"ORD","Chicago, IL","IL","1645","1640",-5.00,0.00,19.00,10.00,"2256","2242",-14.00,0.00,0.00,"",0.00,251.00,242.00,213.00,1.00,1744.00,,,,,,
2016,7,12,2,2016-07-12,"AA",19805,"AA","2576",12892,"LAX","Los Angeles, CA","CA",13930,"ORD","Chicago, IL","IL","1645","1641",-4.00,0.00,12.00,8.00,"2256","2223",-33.00,0.00,0.00,"",0.00,251.00,222.00,202.00,1.00,1744.00,,,,,,
2016,7,13,3,2016-07-13,"AA",19805,"AA","2576",12892,"LAX","Los Angeles, CA","CA",13930,"ORD","Chicago, IL","IL","1645","1644",-1.00,0.00,21.00,13.00,"2256","2241",-15.00,0.00,0.00,"",0.00,251.00,237.00,203.00,1.00,1744.00,,,,,,
2016,7,14,4,2016-07-14,"AA",19805,"AA","2576",12892,"LAX","Los Angeles, CA","CA",13930,"ORD","Chicago, IL","IL","1645","1643",-2.00,0.00,12.00,8.00,"2256","2227",-29.00,0.00,0.00,"",0.00,251.00,224.00,204.00,1.00,1744.00,,,,,,
2016,7,15,5,2016-07-15,"AA",19805,"AA","2576",12892,"LAX","Los Angeles, CA","CA",13930,"ORD","Chicago, IL","IL","1645","1649",4.00,4.00,22.00,22.00,"2256","2302",6.00,6.00,0.00,"",0.00,251.00,253.00,209.00,1.00,1744.00,,,,,,
2016,7,16,6,2016-07-16,"AA",19805,"AA","2576",12892,"LAX","Los Angeles, CA","CA",13930,"ORD","Chicago, IL","IL","1652","1829",97.00,97.00,22.00,6.00,"2305","0023",78.00,78.00,0.00,"",0.00,253.00,234.00,206.00,1.00,1744.00,0.00,0.00,0.00,0.00,78.00,
2016,7,17,7,2016-07-17,"AA",19805,"AA","2576",12892,"LAX","Los Angeles, CA","CA",13930,"ORD","Chicago, IL","IL","1645","1635",-10.00,0.00,24.00,8.00,"2256","2229",-27.00,0.00,0.00,"",0.00,251.00,234.00,202.00,1.00,1744.00,,,,,,
2016,7,18,1,2016-07-18,"AA",19805,"AA","2576",12892,"LAX","Los Angeles, CA","CA",13930,"ORD","Chicago, IL","IL","1645","1652",7.00,7.00,19.00,6.00,"2256","2259",3.00,3.00,0.00,"",0.00,251.00,247.00,222.00,1.00,1744.00,,,,,,
2016,7,19,2,2016-07-19,"AA",19805,"AA","2576",12892,"LAX","Los Angeles, CA","CA",13930,"ORD","Chicago, IL","IL","1645","1719",34.00,34.00,20.00,7.00,"2256","2316",20.00,20.00,0.00,"",0.00,251.00,237.00,210.00,1.00,1744.00,15.00,0.00,0.00,0.00,5.00,
2016,7,20,3,2016-07-20,"AA",19805,"AA","2576",12892,"LAX","Los Angeles, CA","CA",13930,"ORD","Chicago, IL","IL","1645","1643",-2.00,0.00,13.00,8.00,"2256","2243",-13.00,0.00,0.00,"",0.00,251.00,240.00,219.00,1.00,1744.00,,,,,,
2016,7,21,4,2016-07-21,"AA",19805,"AA","2576",12892,"LAX","Los Angeles, CA","CA",13930,"ORD","Chicago, IL","IL","1645","1646",1.00,1.00,17.00,21.00,"2256","0005",69.00,69.00,0.00,"",0.00,251.00,319.00,281.00,1.00,1744.00,1.00,0.00,68.00,0.00,0.00,
2016,7,22,5,2016-07-22,"AA",19805,"AA","2576",12892,"LAX","Los Angeles, CA","CA",13930,"ORD","Chicago, IL","IL","1645","1713",28.00,28.00,20.00,11.00,"2256","2329",33.00,33.00,0.00,"",0.00,251.00,256.00,225.00,1.00,1744.00,28.00,0.00,5.00,0.00,0.00,
2016,7,23,6,2016-07-23,"AA",19805,"AA","2576",12892,"LAX","Los Angeles, CA","CA",13930,"ORD","Chicago, IL","IL","1652","1652",0.00,0.00,27.00,44.00,"2305","0037",92.00,92.00,0.00,"",0.00,253.00,345.00,274.00,1.00,1744.00,0.00,0.00,92.00,0.00,0.00,
2016,7,24,7,2016-07-24,"AA",19805,"AA","2576",12892,"LAX","Los Angeles, CA","CA",13930,"ORD","Chicago, IL","IL","1645","1645",0.00,0.00,19.00,27.00,"2256","2306",10.00,10.00,0.00,"",0.00,251.00,261.00,215.00,1.00,1744.00,,,,,,
2016,7,25,1,2016-07-25,"AA",19805,"AA","2576",12892,"LAX","Los Angeles, CA","CA",13930,"ORD","Chicago, IL","IL","1645","1647",2.00,2.00,20.00,8.00,"2256","2236",-20.00,0.00,0.00,"",0.00,251.00,229.00,201.00,1.00,1744.00,,,,,,
2016,7,26,2,2016-07-26,"AA",19805,"AA","2576",12892,"LAX","Los Angeles, CA","CA",13930,"ORD","Chicago, IL","IL","1645","1643",-2.00,0.00,19.00,6.00,"2256","2234",-22.00,0.00,0.00,"",0.00,251.00,231.00,206.00,1.00,1744.00,,,,,,
2016,7,27,3,2016-07-27,"AA",19805,"AA","2576",12892,"LAX","Los Angeles, CA","CA",13930,"ORD","Chicago, IL","IL","1645","1700",15.00,15.00,14.00,7.00,"2256","2243",-13.00,0.00,0.00,"",0.00,251.00,223.00,202.00,1.00,1744.00,,,,,,
2016,7,28,4,2016-07-28,"AA",19805,"AA","2576",12892,"LAX","Los Angeles, CA","CA",13930,"ORD","Chicago, IL","IL","1645","1800",75.00,75.00,17.00,10.00,"2256","2354",58.00,58.00,0.00,"",0.00,251.00,234.00,207.00,1.00,1744.00,0.00,0.00,29.00,0.00,29.00,
2016,7,29,5,2016-07-29,"AA",19805,"AA","2576",12892,"LAX","Los Angeles, CA","CA",13930,"ORD","Chicago, IL","IL","1645","1650",5.00,5.00,20.00,57.00,"2256","2341",45.00,45.00,0.00,"",0.00,251.00,291.00,214.00,1.00,1744.00,0.00,0.00,45.00,0.00,0.00,
2016,7,30,6,2016-07-30,"AA",19805,"AA","2576",12892,"LAX","Los Angeles, CA","CA",13930,"ORD","Chicago, IL","IL","1652","1732",40.00,40.00,29.00,8.00,"2305","2343",38.00,38.00,0.00,"",0.00,253.00,251.00,214.00,1.00,1744.00,4.00,0.00,0.00,0.00,34.00,
2016,7,31,7,2016-07-31,"AA",19805,"AA","2576",12892,"LAX","Los Angeles, CA","CA",13930,"ORD","Chicago, IL","IL","1645","1847",122.00,122.00,19.00,5.00,"2256","0046",110.00,110.00,0.00,"",0.00,251.00,239.00,215.00,1.00,1744.00,38.00,0.00,0.00,0.00,72.00,
2016,7,1,5,2016-07-01,"AA",19805,"AA","2577",13303,"MIA","Miami, FL","FL",15304,"TPA","Tampa, FL","FL","2153","2150",-3.00,0.00,30.00,4.00,"2259","2305",6.00,6.00,0.00,"",0.00,66.00,75.00,41.00,1.00,204.00,,,,,,
2016,7,2,6,2016-07-02,"AA",19805,"AA","2577",13303,"MIA","Miami, FL","FL",15304,"TPA","Tampa, FL","FL","2153","2251",58.00,58.00,11.00,3.00,"2259","2342",43.00,43.00,0.00,"",0.00,66.00,51.00,37.00,1.00,204.00,36.00,0.00,0.00,0.00,7.00,
2016,7,3,7,2016-07-03,"AA",19805,"AA","2577",13303,"MIA","Miami, FL","FL",15304,"TPA","Tampa, FL","FL","2153","2151",-2.00,0.00,34.00,3.00,"2259","2307",8.00,8.00,0.00,"",0.00,66.00,76.00,39.00,1.00,204.00,,,,,,
2016,7,4,1,2016-07-04,"AA",19805,"AA","2577",13303,"MIA","Miami, FL","FL",15304,"TPA","Tampa, FL","FL","2153","2148",-5.00,0.00,19.00,9.00,"2259","2252",-7.00,0.00,0.00,"",0.00,66.00,64.00,36.00,1.00,204.00,,,,,,
2016,7,5,2,2016-07-05,"AA",19805,"AA","2577",13303,"MIA","Miami, FL","FL",15304,"TPA","Tampa, FL","FL","2153","2148",-5.00,0.00,18.00,3.00,"2259","2244",-15.00,0.00,0.00,"",0.00,66.00,56.00,35.00,1.00,204.00,,,,,,
2016,7,6,3,2016-07-06,"AA",19805,"AA","2577",13303,"MIA","Miami, FL","FL",15304,"TPA","Tampa, FL","FL","2153","2159",6.00,6.00,27.00,4.00,"2259","2307",8.00,8.00,0.00,"",0.00,66.00,68.00,37.00,1.00,204.00,,,,,,
2016,7,7,4,2016-07-07,"AA",19805,"AA","2577",13303,"MIA","Miami, FL","FL",15304,"TPA","Tampa, FL","FL","2153","2219",26.00,26.00,20.00,9.00,"2259","2328",29.00,29.00,0.00,"",0.00,66.00,69.00,40.00,1.00,204.00,0.00,0.00,3.00,0.00,26.00,
2016,7,8,5,2016-07-08,"AA",19805,"AA","2577",13303,"MIA","Miami, FL","FL",15304,"TPA","Tampa, FL","FL","2153","2335",102.00,102.00,14.00,14.00,"2259","0039",100.00,100.00,0.00,"",0.00,66.00,64.00,36.00,1.00,204.00,0.00,0.00,0.00,0.00,100.00,
2016,7,9,6,2016-07-09,"AA",19805,"AA","2577",13303,"MIA","Miami, FL","FL",15304,"TPA","Tampa, FL","FL","2153","2158",5.00,5.00,15.00,4.00,"2259","2254",-5.00,0.00,0.00,"",0.00,66.00,56.00,37.00,1.00,204.00,,,,,,
2016,7,10,7,2016-07-10,"AA",19805,"AA","2577",13303,"MIA","Miami, FL","FL",15304,"TPA","Tampa, FL","FL","2153","2149",-4.00,0.00,17.00,4.00,"2259","2247",-12.00,0.00,0.00,"",0.00,66.00,58.00,37.00,1.00,204.00,,,,,,
2016,7,11,1,2016-07-11,"AA",19805,"AA","2577",13303,"MIA","Miami, FL","FL",15304,"TPA","Tampa, FL","FL","2153","2242",49.00,49.00,15.00,4.00,"2259","2338",39.00,39.00,0.00,"",0.00,66.00,56.00,37.00,1.00,204.00,39.00,0.00,0.00,0.00,0.00,
2016,7,12,2,2016-07-12,"AA",19805,"AA","2577",13303,"MIA","Miami, FL","FL",15304,"TPA","Tampa, FL","FL","2153","2153",0.00,0.00,15.00,7.00,"2259","2254",-5.00,0.00,0.00,"",0.00,66.00,61.00,39.00,1.00,204.00,,,,,,
2016,7,13,3,2016-07-13,"AA",19805,"AA","2577",13303,"MIA","Miami, FL","FL",15304,"TPA","Tampa, FL","FL","2153","2337",104.00,104.00,13.00,3.00,"2259","0032",93.00,93.00,0.00,"",0.00,66.00,55.00,39.00,1.00,204.00,75.00,18.00,0.00,0.00,0.00,
2016,7,14,4,2016-07-14,"AA",19805,"AA","2577",13303,"MIA","Miami, FL","FL",15304,"TPA","Tampa, FL","FL","2153","2208",15.00,15.00,13.00,4.00,"2259","2305",6.00,6.00,0.00,"",0.00,66.00,57.00,40.00,1.00,204.00,,,,,,
2016,7,15,5,2016-07-15,"AA",19805,"AA","2577",13303,"MIA","Miami, FL","FL",15304,"TPA","Tampa, FL","FL","2153","2255",62.00,62.00,13.00,3.00,"2259","2350",51.00,51.00,0.00,"",0.00,66.00,55.00,39.00,1.00,204.00,0.00,0.00,0.00,0.00,51.00,
2016,7,16,6,2016-07-16,"AA",19805,"AA","2577",13303,"MIA","Miami, FL","FL",15304,"TPA","Tampa, FL","FL","2153","2207",14.00,14.00,14.00,4.00,"2259","2301",2.00,2.00,0.00,"",0.00,66.00,54.00,36.00,1.00,204.00,,,,,,
2016,7,17,7,2016-07-17,"AA",19805,"AA","2577",13303,"MIA","Miami, FL","FL",15304,"TPA","Tampa, FL","FL","2153","2152",-1.00,0.00,27.00,4.00,"2259","2301",2.00,2.00,0.00,"",0.00,66.00,69.00,38.00,1.00,204.00,,,,,,
2016,7,18,1,2016-07-18,"AA",19805,"AA","2577",13303,"MIA","Miami, FL","FL",15304,"TPA","Tampa, FL","FL","2153","2203",10.00,10.00,21.00,4.00,"2259","2305",6.00,6.00,0.00,"",0.00,66.00,62.00,37.00,1.00,204.00,,,,,,
2016,7,19,2,2016-07-19,"AA",19805,"AA","2577",13303,"MIA","Miami, FL","FL",15304,"TPA","Tampa, FL","FL","2153","2148",-5.00,0.00,16.00,3.00,"2259","2247",-12.00,0.00,0.00,"",0.00,66.00,59.00,40.00,1.00,204.00,,,,,,
2016,7,20,3,2016-07-20,"AA",19805,"AA","2577",13303,"MIA","Miami, FL","FL",15304,"TPA","Tampa, FL","FL","2153","2153",0.00,0.00,18.00,4.00,"2259","2251",-8.00,0.00,0.00,"",0.00,66.00,58.00,36.00,1.00,204.00,,,,,,
2016,7,21,4,2016-07-21,"AA",19805,"AA","2577",13303,"MIA","Miami, FL","FL",15304,"TPA","Tampa, FL","FL","2153","2148",-5.00,0.00,12.00,5.00,"2259","2242",-17.00,0.00,0.00,"",0.00,66.00,54.00,37.00,1.00,204.00,,,,,,
2016,7,22,5,2016-07-22,"AA",19805,"AA","2577",13303,"MIA","Miami, FL","FL",15304,"TPA","Tampa, FL","FL","2153","2147",-6.00,0.00,41.00,4.00,"2259","2312",13.00,13.00,0.00,"",0.00,66.00,85.00,40.00,1.00,204.00,,,,,,
2016,7,31,7,2016-07-31,"AA",19805,"AA","2658",11298,"DFW","Dallas/Fort Worth, TX","TX",11057,"CLT","Charlotte, NC","NC","1530","1531",1.00,1.00,12.00,11.00,"1908","1854",-14.00,0.00,0.00,"",0.00,158.00,143.00,120.00,1.00,936.00,,,,,,
2016,7,5,2,2016-07-05,"AA",19805,"AA","2659",12478,"JFK","New York, NY","NY",12889,"LAS","Las Vegas, NV","NV","2125","2126",1.00,1.00,14.00,6.00,"0011","2346",-25.00,0.00,0.00,"",0.00,346.00,320.00,300.00,1.00,2248.00,,,,,,
2016,7,6,3,2016-07-06,"AA",19805,"AA","2659",12478,"JFK","New York, NY","NY",12889,"LAS","Las Vegas, NV","NV","2125","2145",20.00,20.00,31.00,12.00,"0011","0023",12.00,12.00,0.00,"",0.00,346.00,338.00,295.00,1.00,2248.00,,,,,,
2016,7,7,4,2016-07-07,"AA",19805,"AA","2659",12478,"JFK","New York, NY","NY",12889,"LAS","Las Vegas, NV","NV","2125","2213",48.00,48.00,20.00,15.00,"0011","0055",44.00,44.00,0.00,"",0.00,346.00,342.00,307.00,1.00,2248.00,11.00,0.00,0.00,0.00,33.00,
2016,7,8,5,2016-07-08,"AA",19805,"AA","2659",12478,"JFK","New York, NY","NY",12889,"LAS","Las Vegas, NV","NV","2125","2240",75.00,75.00,62.00,9.00,"0011","0145",94.00,94.00,0.00,"",0.00,346.00,365.00,294.00,1.00,2248.00,10.00,0.00,19.00,0.00,65.00,
2016,7,9,6,2016-07-09,"AA",19805,"AA","2659",12478,"JFK","New York, NY","NY",12889,"LAS","Las Vegas, NV","NV","2125","2135",10.00,10.00,144.00,9.00,"0011","0213",122.00,122.00,0.00,"",0.00,346.00,458.00,305.00,1.00,2248.00,0.00,0.00,112.00,0.00,10.00,
2016,7,10,7,2016-07-10,"AA",19805,"AA","2659",12478,"JFK","New York, NY","NY",12889,"LAS","Las Vegas, NV","NV","2125","2130",5.00,5.00,32.00,6.00,"0011","2352",-19.00,0.00,0.00,"",0.00,346.00,322.00,284.00,1.00,2248.00,,,,,,
2016,7,11,1,2016-07-11,"AA",19805,"AA","2659",12478,"JFK","New York, NY","NY",12889,"LAS","Las Vegas, NV","NV","2125","2122",-3.00,0.00,39.00,7.00,"0011","2358",-13.00,0.00,0.00,"",0.00,346.00,336.00,290.00,1.00,2248.00,,,,,,
2016,7,12,2,2016-07-12,"AA",19805,"AA","2659",12478,"JFK","New York, NY","NY",12889,"LAS","Las Vegas, NV","NV","2125","2146",21.00,21.00,34.00,6.00,"0011","0023",12.00,12.00,0.00,"",0.00,346.00,337.00,297.00,1.00,2248.00,,,,,,
2016,7,13,3,2016-07-13,"AA",19805,"AA","2659",12478,"JFK","New York, NY","NY",12889,"LAS","Las Vegas, NV","NV","2125","2223",58.00,58.00,39.00,7.00,"0011","0104",53.00,53.00,0.00,"",0.00,346.00,341.00,295.00,1.00,2248.00,0.00,0.00,0.00,0.00,53.00,
2016,7,14,4,2016-07-14,"AA",19805,"AA","2659",12478,"JFK","New York, NY","NY",12889,"LAS","Las Vegas, NV","NV","2125","2154",29.00,29.00,31.00,9.00,"0011","0037",26.00,26.00,0.00,"",0.00,346.00,343.00,303.00,1.00,2248.00,0.00,0.00,0.00,0.00,26.00,
2016,7,15,5,2016-07-15,"AA",19805,"AA","2659",12478,"JFK","New York, NY","NY",12889,"LAS","Las Vegas, NV","NV","2125","2124",-1.00,0.00,37.00,6.00,"0011","0014",3.00,3.00,0.00,"",0.00,346.00,350.00,307.00,1.00,2248.00,,,,,,
2016,7,16,6,2016-07-16,"AA",19805,"AA","2659",12478,"JFK","New York, NY","NY",12889,"LAS","Las Vegas, NV","NV","2125","2141",16.00,16.00,30.00,7.00,"0011","0029",18.00,18.00,0.00,"",0.00,346.00,348.00,311.00,1.00,2248.00,16.00,0.00,2.00,0.00,0.00,
2016,7,17,7,2016-07-17,"AA",19805,"AA","2659",12478,"JFK","New York, NY","NY",12889,"LAS","Las Vegas, NV","NV","2125","2254",89.00,89.00,33.00,11.00,"0011","0143",92.00,92.00,0.00,"",0.00,346.00,349.00,305.00,1.00,2248.00,0.00,0.00,3.00,0.00,89.00,
2016,7,18,1,2016-07-18,"AA",19805,"AA","2659",12478,"JFK","New York, NY","NY",12889,"LAS","Las Vegas, NV","NV","2125","2307",102.00,102.00,23.00,9.00,"0011","0126",75.00,75.00,0.00,"",0.00,346.00,319.00,287.00,1.00,2248.00,0.00,0.00,1.00,0.00,74.00,
2016,7,19,2,2016-07-19,"AA",19805,"AA","2659",12478,"JFK","New York, NY","NY",12889,"LAS","Las Vegas, NV","NV","2125","2142",17.00,17.00,19.00,8.00,"0011","2357",-14.00,0.00,0.00,"",0.00,346.00,315.00,288.00,1.00,2248.00,,,,,,
2016,7,20,3,2016-07-20,"AA",19805,"AA","2659",12478,"JFK","New York, NY","NY",12889,"LAS","Las Vegas, NV","NV","2125","2132",7.00,7.00,20.00,6.00,"0011","2342",-29.00,0.00,0.00,"",0.00,346.00,310.00,284.00,1.00,2248.00,,,,,,
2016,7,21,4,2016-07-21,"AA",19805,"AA","2659",12478,"JFK","New York, NY","NY",12889,"LAS","Las Vegas, NV","NV","2125","2136",11.00,11.00,36.00,20.00,"0011","0007",-4.00,0.00,0.00,"",0.00,346.00,331.00,275.00,1.00,2248.00,,,,,,
2016,7,22,5,2016-07-22,"AA",19805,"AA","2659",12478,"JFK","New York, NY","NY",12889,"LAS","Las Vegas, NV","NV","2125","2158",33.00,33.00,17.00,12.00,"0011","0013",2.00,2.00,0.00,"",0.00,346.00,315.00,286.00,1.00,2248.00,,,,,,
2016,7,23,6,2016-07-23,"AA",19805,"AA","2659",12478,"JFK","New York, NY","NY",12889,"LAS","Las Vegas, NV","NV","2125","2124",-1.00,0.00,36.00,7.00,"0011","2351",-20.00,0.00,0.00,"",0.00,346.00,327.00,284.00,1.00,2248.00,,,,,,
2016,7,24,7,2016-07-24,"AA",19805,"AA","2659",12478,"JFK","New York, NY","NY",12889,"LAS","Las Vegas, NV","NV","2125","2201",36.00,36.00,43.00,28.00,"0011","0101",50.00,50.00,0.00,"",0.00,346.00,360.00,289.00,1.00,2248.00,23.00,0.00,14.00,0.00,13.00,
2016,7,25,1,2016-07-25,"AA",19805,"AA","2659",12478,"JFK","New York, NY","NY",12889,"LAS","Las Vegas, NV","NV","2125","0006",161.00,161.00,53.00,8.00,"0011","0300",169.00,169.00,0.00,"",0.00,346.00,354.00,293.00,1.00,2248.00,0.00,31.00,8.00,0.00,130.00,
2016,7,26,2,2016-07-26,"AA",19805,"AA","2659",12478,"JFK","New York, NY","NY",12889,"LAS","Las Vegas, NV","NV","2125","2125",0.00,0.00,12.00,6.00,"0011","2340",-31.00,0.00,0.00,"",0.00,346.00,315.00,297.00,1.00,2248.00,,,,,,
2016,7,27,3,2016-07-27,"AA",19805,"AA","2659",12478,"JFK","New York, NY","NY",12889,"LAS","Las Vegas, NV","NV","2125","2124",-1.00,0.00,26.00,7.00,"0011","0002",-9.00,0.00,0.00,"",0.00,346.00,338.00,305.00,1.00,2248.00,,,,,,
2016,7,28,4,2016-07-28,"AA",19805,"AA","2659",12478,"JFK","New York, NY","NY",12889,"LAS","Las Vegas, NV","NV","2125","0045",200.00,200.00,24.00,9.00,"0011","0322",191.00,191.00,0.00,"",0.00,346.00,337.00,304.00,1.00,2248.00,150.00,0.00,0.00,0.00,41.00,
2016,7,29,5,2016-07-29,"AA",19805,"AA","2659",12478,"JFK","New York, NY","NY",12889,"LAS","Las Vegas, NV","NV","2125","2214",49.00,49.00,38.00,37.00,"0011","0122",71.00,71.00,0.00,"",0.00,346.00,368.00,293.00,1.00,2248.00,10.00,0.00,22.00,0.00,39.00,
2016,7,30,6,2016-07-30,"AA",19805,"AA","2659",12478,"JFK","New York, NY","NY",12889,"LAS","Las Vegas, NV","NV","2125","2206",41.00,41.00,21.00,12.00,"0011","0038",27.00,27.00,0.00,"",0.00,346.00,332.00,299.00,1.00,2248.00,0.00,0.00,27.00,0.00,0.00,
2016,7,31,7,2016-07-31,"AA",19805,"AA","2659",12478,"JFK","New York, NY","NY",12889,"LAS","Las Vegas, NV","NV","2125","2159",34.00,34.00,46.00,17.00,"0011","0101",50.00,50.00,0.00,"",0.00,346.00,362.00,299.00,1.00,2248.00,0.00,0.00,16.00,26.00,8.00,
2016,7,1,5,2016-07-01,"AA",19805,"AA","2659",13930,"ORD","Chicago, IL","IL",11298,"DFW","Dallas/Fort Worth, TX","TX","2125","2228",63.00,63.00,18.00,5.00,"2348","0043",55.00,55.00,0.00,"",0.00,143.00,135.00,112.00,1.00,802.00,4.00,0.00,0.00,0.00,51.00,
2016,7,1,5,2016-07-01,"AA",19805,"AA","2660",11278,"DCA","Washington, DC","VA",11298,"DFW","Dallas/Fort Worth, TX","TX","2155","2209",14.00,14.00,10.00,6.00,"2359","2358",-1.00,0.00,0.00,"",0.00,184.00,169.00,153.00,1.00,1192.00,,,,,,
2016,7,24,7,2016-07-24,"AA",19805,"AA","2660",14057,"PDX","Portland, OR","OR",11298,"DFW","Dallas/Fort Worth, TX","TX","1700","1759",59.00,59.00,19.00,7.00,"2246","2342",56.00,56.00,0.00,"",0.00,226.00,223.00,197.00,1.00,1616.00,0.00,0.00,0.00,0.00,56.00,
2016,7,1,5,2016-07-01,"AA",19805,"AA","2661",11298,"DFW","Dallas/Fort Worth, TX","TX",10397,"ATL","Atlanta, GA","GA","0718","0715",-3.00,0.00,15.00,11.00,"1029","1026",-3.00,0.00,0.00,"",0.00,131.00,131.00,105.00,1.00,731.00,,,,,,
2016,7,2,6,2016-07-02,"AA",19805,"AA","2661",11298,"DFW","Dallas/Fort Worth, TX","TX",10397,"ATL","Atlanta, GA","GA","0718","0721",3.00,3.00,15.00,5.00,"1029","1025",-4.00,0.00,0.00,"",0.00,131.00,124.00,104.00,1.00,731.00,,,,,,
2016,7,5,2,2016-07-05,"AA",19805,"AA","2661",11298,"DFW","Dallas/Fort Worth, TX","TX",10397,"ATL","Atlanta, GA","GA","0715","0713",-2.00,0.00,11.00,17.00,"1026","1024",-2.00,0.00,0.00,"",0.00,131.00,131.00,103.00,1.00,731.00,,,,,,
2016,7,6,3,2016-07-06,"AA",19805,"AA","2661",11298,"DFW","Dallas/Fort Worth, TX","TX",10397,"ATL","Atlanta, GA","GA","0715","0713",-2.00,0.00,15.00,5.00,"1026","1018",-8.00,0.00,0.00,"",0.00,131.00,125.00,105.00,1.00,731.00,,,,,,
2016,7,7,4,2016-07-07,"AA",19805,"AA","2661",11298,"DFW","Dallas/Fort Worth, TX","TX",10397,"ATL","Atlanta, GA","GA","0715","0711",-4.00,0.00,14.00,5.00,"1026","1016",-10.00,0.00,0.00,"",0.00,131.00,125.00,106.00,1.00,731.00,,,,,,
2016,7,8,5,2016-07-08,"AA",19805,"AA","2661",11298,"DFW","Dallas/Fort Worth, TX","TX",10397,"ATL","Atlanta, GA","GA","0715","0713",-2.00,0.00,14.00,11.00,"1026","1020",-6.00,0.00,0.00,"",0.00,131.00,127.00,102.00,1.00,731.00,,,,,,
2016,7,9,6,2016-07-09,"AA",19805,"AA","2661",11298,"DFW","Dallas/Fort Worth, TX","TX",10397,"ATL","Atlanta, GA","GA","0715","0709",-6.00,0.00,18.00,9.00,"1026","1017",-9.00,0.00,0.00,"",0.00,131.00,128.00,101.00,1.00,731.00,,,,,,
2016,7,10,7,2016-07-10,"AA",19805,"AA","2661",11298,"DFW","Dallas/Fort Worth, TX","TX",10397,"ATL","Atlanta, GA","GA","0715","0712",-3.00,0.00,18.00,16.00,"1026","1027",1.00,1.00,0.00,"",0.00,131.00,135.00,101.00,1.00,731.00,,,,,,
2016,7,11,1,2016-07-11,"AA",19805,"AA","2661",11298,"DFW","Dallas/Fort Worth, TX","TX",10397,"ATL","Atlanta, GA","GA","0715","0714",-1.00,0.00,13.00,9.00,"1026","1018",-8.00,0.00,0.00,"",0.00,131.00,124.00,102.00,1.00,731.00,,,,,,
2016,7,12,2,2016-07-12,"AA",19805,"AA","2661",11298,"DFW","Dallas/Fort Worth, TX","TX",10397,"ATL","Atlanta, GA","GA","0715","0709",-6.00,0.00,17.00,5.00,"1026","1015",-11.00,0.00,0.00,"",0.00,131.00,126.00,104.00,1.00,731.00,,,,,,
2016,7,13,3,2016-07-13,"AA",19805,"AA","2661",11298,"DFW","Dallas/Fort Worth, TX","TX",10397,"ATL","Atlanta, GA","GA","0715","0708",-7.00,0.00,20.00,8.00,"1026","1019",-7.00,0.00,0.00,"",0.00,131.00,131.00,103.00,1.00,731.00,,,,,,
2016,7,14,4,2016-07-14,"AA",19805,"AA","2661",11298,"DFW","Dallas/Fort Worth, TX","TX",10397,"ATL","Atlanta, GA","GA","0715","0712",-3.00,0.00,16.00,18.00,"1026","1030",4.00,4.00,0.00,"",0.00,131.00,138.00,104.00,1.00,731.00,,,,,,
2016,7,15,5,2016-07-15,"AA",19805,"AA","2661",11298,"DFW","Dallas/Fort Worth, TX","TX",10397,"ATL","Atlanta, GA","GA","0715","0714",-1.00,0.00,16.00,10.00,"1026","1020",-6.00,0.00,0.00,"",0.00,131.00,126.00,100.00,1.00,731.00,,,,,,
2016,7,16,6,2016-07-16,"AA",19805,"AA","2661",11298,"DFW","Dallas/Fort Worth, TX","TX",10397,"ATL","Atlanta, GA","GA","0715","0713",-2.00,0.00,14.00,20.00,"1026","1028",2.00,2.00,0.00,"",0.00,131.00,135.00,101.00,1.00,731.00,,,,,,
2016,7,17,7,2016-07-17,"AA",19805,"AA","2661",11298,"DFW","Dallas/Fort Worth, TX","TX",10397,"ATL","Atlanta, GA","GA","0715","0713",-2.00,0.00,23.00,15.00,"1026","1030",4.00,4.00,0.00,"",0.00,131.00,137.00,99.00,1.00,731.00,,,,,,
2016,7,18,1,2016-07-18,"AA",19805,"AA","2661",11298,"DFW","Dallas/Fort Worth, TX","TX",10397,"ATL","Atlanta, GA","GA","0715","0722",7.00,7.00,20.00,5.00,"1026","1030",4.00,4.00,0.00,"",0.00,131.00,128.00,103.00,1.00,731.00,,,,,,
2016,7,19,2,2016-07-19,"AA",19805,"AA","2661",11298,"DFW","Dallas/Fort Worth, TX","TX",10397,"ATL","Atlanta, GA","GA","0715","0708",-7.00,0.00,20.00,5.00,"1026","1014",-12.00,0.00,0.00,"",0.00,131.00,126.00,101.00,1.00,731.00,,,,,,
2016,7,20,3,2016-07-20,"AA",19805,"AA","2661",11298,"DFW","Dallas/Fort Worth, TX","TX",10397,"ATL","Atlanta, GA","GA","0715","0709",-6.00,0.00,18.00,8.00,"1026","1016",-10.00,0.00,0.00,"",0.00,131.00,127.00,101.00,1.00,731.00,,,,,,
2016,7,21,4,2016-07-21,"AA",19805,"AA","2661",11298,"DFW","Dallas/Fort Worth, TX","TX",10397,"ATL","Atlanta, GA","GA","0715","0723",8.00,8.00,14.00,9.00,"1026","1028",2.00,2.00,0.00,"",0.00,131.00,125.00,102.00,1.00,731.00,,,,,,
2016,7,22,5,2016-07-22,"AA",19805,"AA","2661",11298,"DFW","Dallas/Fort Worth, TX","TX",10397,"ATL","Atlanta, GA","GA","0715","0847",92.00,92.00,14.00,14.00,"1026","1154",88.00,88.00,0.00,"",0.00,131.00,127.00,99.00,1.00,731.00,88.00,0.00,0.00,0.00,0.00,
2016,7,23,6,2016-07-23,"AA",19805,"AA","2661",11298,"DFW","Dallas/Fort Worth, TX","TX",10397,"ATL","Atlanta, GA","GA","0715","0711",-4.00,0.00,15.00,9.00,"1026","1014",-12.00,0.00,0.00,"",0.00,131.00,123.00,99.00,1.00,731.00,,,,,,
2016,7,24,7,2016-07-24,"AA",19805,"AA","2661",11298,"DFW","Dallas/Fort Worth, TX","TX",10397,"ATL","Atlanta, GA","GA","0715","0729",14.00,14.00,11.00,5.00,"1026","1026",0.00,0.00,0.00,"",0.00,131.00,117.00,101.00,1.00,731.00,,,,,,
2016,7,25,1,2016-07-25,"AA",19805,"AA","2661",11298,"DFW","Dallas/Fort Worth, TX","TX",10397,"ATL","Atlanta, GA","GA","0715","0712",-3.00,0.00,15.00,9.00,"1026","1024",-2.00,0.00,0.00,"",0.00,131.00,132.00,108.00,1.00,731.00,,,,,,
2016,7,26,2,2016-07-26,"AA",19805,"AA","2661",11298,"DFW","Dallas/Fort Worth, TX","TX",10397,"ATL","Atlanta, GA","GA","0715","0713",-2.00,0.00,13.00,5.00,"1026","1021",-5.00,0.00,0.00,"",0.00,131.00,128.00,110.00,1.00,731.00,,,,,,
2016,7,27,3,2016-07-27,"AA",19805,"AA","2661",11298,"DFW","Dallas/Fort Worth, TX","TX",10397,"ATL","Atlanta, GA","GA","0715","0716",1.00,1.00,16.00,7.00,"1026","1030",4.00,4.00,0.00,"",0.00,131.00,134.00,111.00,1.00,731.00,,,,,,
2016,7,28,4,2016-07-28,"AA",19805,"AA","2661",11298,"DFW","Dallas/Fort Worth, TX","TX",10397,"ATL","Atlanta, GA","GA","0715","0715",0.00,0.00,28.00,4.00,"1026","1032",6.00,6.00,0.00,"",0.00,131.00,137.00,105.00,1.00,731.00,,,,,,
2016,7,29,5,2016-07-29,"AA",19805,"AA","2661",11298,"DFW","Dallas/Fort Worth, TX","TX",10397,"ATL","Atlanta, GA","GA","0715","0710",-5.00,0.00,18.00,8.00,"1026","1015",-11.00,0.00,0.00,"",0.00,131.00,125.00,99.00,1.00,731.00,,,,,,
2016,7,30,6,2016-07-30,"AA",19805,"AA","2661",11298,"DFW","Dallas/Fort Worth, TX","TX",10397,"ATL","Atlanta, GA","GA","0715","0707",-8.00,0.00,15.00,12.00,"1026","1012",-14.00,0.00,0.00,"",0.00,131.00,125.00,98.00,1.00,731.00,,,,,,
2016,7,31,7,2016-07-31,"AA",19805,"AA","2661",11298,"DFW","Dallas/Fort Worth, TX","TX",10397,"ATL","Atlanta, GA","GA","0715","0712",-3.00,0.00,10.00,6.00,"1026","1008",-18.00,0.00,0.00,"",0.00,131.00,116.00,100.00,1.00,731.00,,,,,,
2016,7,1,5,2016-07-01,"AA",19805,"AA","2662",13303,"MIA","Miami, FL","FL",11278,"DCA","Washington, DC","VA","1854","1955",61.00,61.00,15.00,6.00,"2127","2230",63.00,63.00,0.00,"",0.00,153.00,155.00,134.00,1.00,919.00,0.00,7.00,2.00,0.00,54.00,
2016,7,2,6,2016-07-02,"AA",19805,"AA","2662",13303,"MIA","Miami, FL","FL",11278,"DCA","Washington, DC","VA","1900","2007",67.00,67.00,12.00,3.00,"2133","2221",48.00,48.00,0.00,"",0.00,153.00,134.00,119.00,1.00,919.00,44.00,0.00,0.00,0.00,4.00,
2016,7,3,7,2016-07-03,"AA",19805,"AA","2662",13303,"MIA","Miami, FL","FL",11278,"DCA","Washington, DC","VA","1854","1854",0.00,0.00,15.00,6.00,"2127","2121",-6.00,0.00,0.00,"",0.00,153.00,147.00,126.00,1.00,919.00,,,,,,
2016,7,4,1,2016-07-04,"AA",19805,"AA","2662",13303,"MIA","Miami, FL","FL",11278,"DCA","Washington, DC","VA","1854","1856",2.00,2.00,21.00,6.00,"2127","2150",23.00,23.00,0.00,"",0.00,153.00,174.00,147.00,1.00,919.00,2.00,0.00,21.00,0.00,0.00,
2016,7,5,2,2016-07-05,"AA",19805,"AA","2662",13303,"MIA","Miami, FL","FL",11278,"DCA","Washington, DC","VA","1853","1852",-1.00,0.00,11.00,15.00,"2126","2130",4.00,4.00,0.00,"",0.00,153.00,158.00,132.00,1.00,919.00,,,,,,
2016,7,6,3,2016-07-06,"AA",19805,"AA","2662",13303,"MIA","Miami, FL","FL",11278,"DCA","Washington, DC","VA","1853","1847",-6.00,0.00,15.00,4.00,"2126","2100",-26.00,0.00,0.00,"",0.00,153.00,133.00,114.00,1.00,919.00,,,,,,
2016,7,7,4,2016-07-07,"AA",19805,"AA","2662",13303,"MIA","Miami, FL","FL",11278,"DCA","Washington, DC","VA","1853","1847",-6.00,0.00,15.00,4.00,"2126","2103",-23.00,0.00,0.00,"",0.00,153.00,136.00,117.00,1.00,919.00,,,,,,
2016,7,8,5,2016-07-08,"AA",19805,"AA","2662",13303,"MIA","Miami, FL","FL",11278,"DCA","Washington, DC","VA","1853","1850",-3.00,0.00,12.00,27.00,"2126","2134",8.00,8.00,0.00,"",0.00,153.00,164.00,125.00,1.00,919.00,,,,,,
2016,7,9,6,2016-07-09,"AA",19805,"AA","2662",13303,"MIA","Miami, FL","FL",11278,"DCA","Washington, DC","VA","1853","1847",-6.00,0.00,18.00,8.00,"2126","2112",-14.00,0.00,0.00,"",0.00,153.00,145.00,119.00,1.00,919.00,,,,,,
2016,7,10,7,2016-07-10,"AA",19805,"AA","2662",13303,"MIA","Miami, FL","FL",11278,"DCA","Washington, DC","VA","1853","1845",-8.00,0.00,20.00,4.00,"2126","2112",-14.00,0.00,0.00,"",0.00,153.00,147.00,123.00,1.00,919.00,,,,,,
2016,7,11,1,2016-07-11,"AA",19805,"AA","2662",13303,"MIA","Miami, FL","FL",11278,"DCA","Washington, DC","VA","1853","1850",-3.00,0.00,12.00,4.00,"2126","2110",-16.00,0.00,0.00,"",0.00,153.00,140.00,124.00,1.00,919.00,,,,,,
2016,7,12,2,2016-07-12,"AA",19805,"AA","2662",13303,"MIA","Miami, FL","FL",11278,"DCA","Washington, DC","VA","1853","2005",72.00,72.00,37.00,12.00,"2126","2313",107.00,107.00,0.00,"",0.00,153.00,188.00,139.00,1.00,919.00,65.00,0.00,35.00,0.00,7.00,
2016,7,13,3,2016-07-13,"AA",19805,"AA","2662",13303,"MIA","Miami, FL","FL",11278,"DCA","Washington, DC","VA","1853","1948",55.00,55.00,14.00,13.00,"2126","2218",52.00,52.00,0.00,"",0.00,153.00,150.00,123.00,1.00,919.00,0.00,0.00,0.00,0.00,52.00,
2016,7,14,4,2016-07-14,"AA",19805,"AA","2662",13303,"MIA","Miami, FL","FL",11278,"DCA","Washington, DC","VA","1853","1846",-7.00,0.00,21.00,21.00,"2126","2131",5.00,5.00,0.00,"",0.00,153.00,165.00,123.00,1.00,919.00,,,,,,
2016,7,15,5,2016-07-15,"AA",19805,"AA","2662",13303,"MIA","Miami, FL","FL",11278,"DCA","Washington, DC","VA","1853","1851",-2.00,0.00,17.00,5.00,"2126","2138",12.00,12.00,0.00,"",0.00,153.00,167.00,145.00,1.00,919.00,,,,,,
2016,7,16,6,2016-07-16,"AA",19805,"AA","2662",13303,"MIA","Miami, FL","FL",11278,"DCA","Washington, DC","VA","1853","1848",-5.00,0.00,22.00,30.00,"2126","2158",32.00,32.00,0.00,"",0.00,153.00,190.00,138.00,1.00,919.00,0.00,0.00,32.00,0.00,0.00,
2016,7,17,7,2016-07-17,"AA",19805,"AA","2662",13303,"MIA","Miami, FL","FL",11278,"DCA","Washington, DC","VA","1853","1848",-5.00,0.00,13.00,5.00,"2126","2113",-13.00,0.00,0.00,"",0.00,153.00,145.00,127.00,1.00,919.00,,,,,,
2016,7,18,1,2016-07-18,"AA",19805,"AA","2662",13303,"MIA","Miami, FL","FL",11278,"DCA","Washington, DC","VA","1853","1919",26.00,26.00,12.00,68.00,"2126","2257",91.00,91.00,0.00,"",0.00,153.00,218.00,138.00,1.00,919.00,0.00,0.00,91.00,0.00,0.00,
2016,7,19,2,2016-07-19,"AA",19805,"AA","2662",13303,"MIA","Miami, FL","FL",11278,"DCA","Washington, DC","VA","1853","1851",-2.00,0.00,12.00,5.00,"2126","2118",-8.00,0.00,0.00,"",0.00,153.00,147.00,130.00,1.00,919.00,,,,,,
2016,7,20,3,2016-07-20,"AA",19805,"AA","2662",13303,"MIA","Miami, FL","FL",11278,"DCA","Washington, DC","VA","1853","1848",-5.00,0.00,13.00,4.00,"2126","2111",-15.00,0.00,0.00,"",0.00,153.00,143.00,126.00,1.00,919.00,,,,,,
2016,7,21,4,2016-07-21,"AA",19805,"AA","2662",13303,"MIA","Miami, FL","FL",11278,"DCA","Washington, DC","VA","1853","1942",49.00,49.00,20.00,9.00,"2126","2222",56.00,56.00,0.00,"",0.00,153.00,160.00,131.00,1.00,919.00,0.00,0.00,7.00,0.00,49.00,
2016,7,22,5,2016-07-22,"AA",19805,"AA","2662",13303,"MIA","Miami, FL","FL",11278,"DCA","Washington, DC","VA","1853","1908",15.00,15.00,15.00,6.00,"2126","2142",16.00,16.00,0.00,"",0.00,153.00,154.00,133.00,1.00,919.00,15.00,0.00,1.00,0.00,0.00,
2016,7,23,6,2016-07-23,"AA",19805,"AA","2662",13303,"MIA","Miami, FL","FL",11278,"DCA","Washington, DC","VA","1853","1849",-4.00,0.00,17.00,6.00,"2126","2122",-4.00,0.00,0.00,"",0.00,153.00,153.00,130.00,1.00,919.00,,,,,,
2016,7,24,7,2016-07-24,"AA",19805,"AA","2662",13303,"MIA","Miami, FL","FL",11278,"DCA","Washington, DC","VA","1853","1852",-1.00,0.00,11.00,33.00,"2126","2146",20.00,20.00,0.00,"",0.00,153.00,174.00,130.00,1.00,919.00,0.00,0.00,20.00,0.00,0.00,
2016,7,25,1,2016-07-25,"AA",19805,"AA","2662",13303,"MIA","Miami, FL","FL",11278,"DCA","Washington, DC","VA","1853","1854",1.00,1.00,17.00,12.00,"2126","2129",3.00,3.00,0.00,"",0.00,153.00,155.00,126.00,1.00,919.00,,,,,,
2016,7,26,2,2016-07-26,"AA",19805,"AA","2662",13303,"MIA","Miami, FL","FL",11278,"DCA","Washington, DC","VA","1853","1916",23.00,23.00,14.00,10.00,"2126","2147",21.00,21.00,0.00,"",0.00,153.00,151.00,127.00,1.00,919.00,15.00,0.00,0.00,0.00,6.00,
2016,7,27,3,2016-07-27,"AA",19805,"AA","2662",13303,"MIA","Miami, FL","FL",11278,"DCA","Washington, DC","VA","1853","1854",1.00,1.00,9.00,5.00,"2126","2121",-5.00,0.00,0.00,"",0.00,153.00,147.00,133.00,1.00,919.00,,,,,,
2016,7,28,4,2016-07-28,"AA",19805,"AA","2662",13303,"MIA","Miami, FL","FL",11278,"DCA","Washington, DC","VA","1853","1909",16.00,16.00,17.00,39.00,"2126","2238",72.00,72.00,0.00,"",0.00,153.00,209.00,153.00,1.00,919.00,0.00,0.00,60.00,0.00,12.00,
2016,7,29,5,2016-07-29,"AA",19805,"AA","2662",13303,"MIA","Miami, FL","FL",11278,"DCA","Washington, DC","VA","1853","2036",103.00,103.00,18.00,6.00,"2126","2307",101.00,101.00,0.00,"",0.00,153.00,151.00,127.00,1.00,919.00,60.00,0.00,0.00,0.00,41.00,
2016,7,30,6,2016-07-30,"AA",19805,"AA","2662",13303,"MIA","Miami, FL","FL",11278,"DCA","Washington, DC","VA","1853","1941",48.00,48.00,29.00,4.00,"2126","2242",76.00,76.00,0.00,"",0.00,153.00,181.00,148.00,1.00,919.00,0.00,0.00,69.00,0.00,7.00,
2016,7,31,7,2016-07-31,"AA",19805,"AA","2662",13303,"MIA","Miami, FL","FL",11278,"DCA","Washington, DC","VA","1853","2030",97.00,97.00,18.00,9.00,"2126","2326",120.00,120.00,0.00,"",0.00,153.00,176.00,149.00,1.00,919.00,97.00,0.00,23.00,0.00,0.00,
2016,7,1,5,2016-07-01,"AA",19805,"AA","2663",10423,"AUS","Austin, TX","TX",12892,"LAX","Los Angeles, CA","CA","1445","1440",-5.00,0.00,19.00,8.00,"1554","1558",4.00,4.00,0.00,"",0.00,189.00,198.00,171.00,1.00,1242.00,,,,,,
2016,7,3,7,2016-07-03,"AA",19805,"AA","2663",10423,"AUS","Austin, TX","TX",12892,"LAX","Los Angeles, CA","CA","1445","1440",-5.00,0.00,10.00,6.00,"1554","1538",-16.00,0.00,0.00,"",0.00,189.00,178.00,162.00,1.00,1242.00,,,,,,
2016,7,4,1,2016-07-04,"AA",19805,"AA","2663",10423,"AUS","Austin, TX","TX",12892,"LAX","Los Angeles, CA","CA","1445","1437",-8.00,0.00,10.00,4.00,"1554","1535",-19.00,0.00,0.00,"",0.00,189.00,178.00,164.00,1.00,1242.00,,,,,,
2016,7,5,2,2016-07-05,"AA",19805,"AA","2663",10423,"AUS","Austin, TX","TX",12892,"LAX","Los Angeles, CA","CA","1445","1447",2.00,2.00,10.00,8.00,"1554","1548",-6.00,0.00,0.00,"",0.00,189.00,181.00,163.00,1.00,1242.00,,,,,,
2016,7,6,3,2016-07-06,"AA",19805,"AA","2663",10423,"AUS","Austin, TX","TX",12892,"LAX","Los Angeles, CA","CA","1445","1440",-5.00,0.00,11.00,8.00,"1554","1546",-8.00,0.00,0.00,"",0.00,189.00,186.00,167.00,1.00,1242.00,,,,,,
2016,7,7,4,2016-07-07,"AA",19805,"AA","2663",10423,"AUS","Austin, TX","TX",12892,"LAX","Los Angeles, CA","CA","1445","1456",11.00,11.00,29.00,12.00,"1554","1633",39.00,39.00,0.00,"",0.00,189.00,217.00,176.00,1.00,1242.00,11.00,0.00,28.00,0.00,0.00,
2016,7,8,5,2016-07-08,"AA",19805,"AA","2663",10423,"AUS","Austin, TX","TX",12892,"LAX","Los Angeles, CA","CA","1445","1438",-7.00,0.00,10.00,17.00,"1554","1544",-10.00,0.00,0.00,"",0.00,189.00,186.00,159.00,1.00,1242.00,,,,,,
2016,7,10,7,2016-07-10,"AA",19805,"AA","2663",10423,"AUS","Austin, TX","TX",12892,"LAX","Los Angeles, CA","CA","1445","1442",-3.00,0.00,15.00,7.00,"1554","1545",-9.00,0.00,0.00,"",0.00,189.00,183.00,161.00,1.00,1242.00,,,,,,
2016,7,11,1,2016-07-11,"AA",19805,"AA","2663",10423,"AUS","Austin, TX","TX",12892,"LAX","Los Angeles, CA","CA","1445","1440",-5.00,0.00,9.00,5.00,"1554","1535",-19.00,0.00,0.00,"",0.00,189.00,175.00,161.00,1.00,1242.00,,,,,,
2016,7,12,2,2016-07-12,"AA",19805,"AA","2663",10423,"AUS","Austin, TX","TX",12892,"LAX","Los Angeles, CA","CA","1445","1620",95.00,95.00,20.00,12.00,"1554","1728",94.00,94.00,0.00,"",0.00,189.00,188.00,156.00,1.00,1242.00,12.00,0.00,0.00,0.00,82.00,
2016,7,13,3,2016-07-13,"AA",19805,"AA","2663",10423,"AUS","Austin, TX","TX",12892,"LAX","Los Angeles, CA","CA","1445","1439",-6.00,0.00,13.00,8.00,"1554","1537",-17.00,0.00,0.00,"",0.00,189.00,178.00,157.00,1.00,1242.00,,,,,,
2016,7,14,4,2016-07-14,"AA",19805,"AA","2663",10423,"AUS","Austin, TX","TX",12892,"LAX","Los Angeles, CA","CA","1445","1751",186.00,186.00,9.00,9.00,"1554","1850",176.00,176.00,0.00,"",0.00,189.00,179.00,161.00,1.00,1242.00,1.00,0.00,0.00,0.00,175.00,
2016,7,15,5,2016-07-15,"AA",19805,"AA","2663",10423,"AUS","Austin, TX","TX",12892,"LAX","Los Angeles, CA","CA","1445","1440",-5.00,0.00,10.00,9.00,"1554","1540",-14.00,0.00,0.00,"",0.00,189.00,180.00,161.00,1.00,1242.00,,,,,,
2016,7,17,7,2016-07-17,"AA",19805,"AA","2663",10423,"AUS","Austin, TX","TX",12892,"LAX","Los Angeles, CA","CA","1445","1439",-6.00,0.00,16.00,10.00,"1554","1546",-8.00,0.00,0.00,"",0.00,189.00,187.00,161.00,1.00,1242.00,,,,,,
2016,7,18,1,2016-07-18,"AA",19805,"AA","2663",10423,"AUS","Austin, TX","TX",12892,"LAX","Los Angeles, CA","CA","1445","1439",-6.00,0.00,10.00,5.00,"1554","1527",-27.00,0.00,0.00,"",0.00,189.00,168.00,153.00,1.00,1242.00,,,,,,
2016,7,19,2,2016-07-19,"AA",19805,"AA","2663",10423,"AUS","Austin, TX","TX",12892,"LAX","Los Angeles, CA","CA","1445","1437",-8.00,0.00,20.00,10.00,"1554","1603",9.00,9.00,0.00,"",0.00,189.00,206.00,176.00,1.00,1242.00,,,,,,
2016,7,20,3,2016-07-20,"AA",19805,"AA","2663",10423,"AUS","Austin, TX","TX",12892,"LAX","Los Angeles, CA","CA","1445","1443",-2.00,0.00,12.00,21.00,"1554","1554",0.00,0.00,0.00,"",0.00,189.00,191.00,158.00,1.00,1242.00,,,,,,
2016,7,21,4,2016-07-21,"AA",19805,"AA","2663",10423,"AUS","Austin, TX","TX",12892,"LAX","Los Angeles, CA","CA","1445","1448",3.00,3.00,9.00,5.00,"1554","1538",-16.00,0.00,0.00,"",0.00,189.00,170.00,156.00,1.00,1242.00,,,,,,
2016,7,22,5,2016-07-22,"AA",19805,"AA","2663",10423,"AUS","Austin, TX","TX",12892,"LAX","Los Angeles, CA","CA","1445","1459",14.00,14.00,22.00,9.00,"1554","1604",10.00,10.00,0.00,"",0.00,189.00,185.00,154.00,1.00,1242.00,,,,,,
2016,7,24,7,2016-07-24,"AA",19805,"AA","2663",10423,"AUS","Austin, TX","TX",12892,"LAX","Los Angeles, CA","CA","1445","1444",-1.00,0.00,10.00,6.00,"1554","1538",-16.00,0.00,0.00,"",0.00,189.00,174.00,158.00,1.00,1242.00,,,,,,
2016,7,25,1,2016-07-25,"AA",19805,"AA","2663",10423,"AUS","Austin, TX","TX",12892,"LAX","Los Angeles, CA","CA","1445","1441",-4.00,0.00,8.00,13.00,"1554","1541",-13.00,0.00,0.00,"",0.00,189.00,180.00,159.00,1.00,1242.00,,,,,,
2016,7,26,2,2016-07-26,"AA",19805,"AA","2663",10423,"AUS","Austin, TX","TX",12892,"LAX","Los Angeles, CA","CA","1445","1443",-2.00,0.00,14.00,12.00,"1554","1556",2.00,2.00,0.00,"",0.00,189.00,193.00,167.00,1.00,1242.00,,,,,,
2016,7,27,3,2016-07-27,"AA",19805,"AA","2663",10423,"AUS","Austin, TX","TX",12892,"LAX","Los Angeles, CA","CA","1445","1453",8.00,8.00,9.00,11.00,"1554","1558",4.00,4.00,0.00,"",0.00,189.00,185.00,165.00,1.00,1242.00,,,,,,
2016,7,28,4,2016-07-28,"AA",19805,"AA","2663",10423,"AUS","Austin, TX","TX",12892,"LAX","Los Angeles, CA","CA","1445","1438",-7.00,0.00,23.00,9.00,"1554","1552",-2.00,0.00,0.00,"",0.00,189.00,194.00,162.00,1.00,1242.00,,,,,,
2016,7,29,5,2016-07-29,"AA",19805,"AA","2663",10423,"AUS","Austin, TX","TX",12892,"LAX","Los Angeles, CA","CA","1445","1455",10.00,10.00,12.00,7.00,"1554","1555",1.00,1.00,0.00,"",0.00,189.00,180.00,161.00,1.00,1242.00,,,,,,
2016,7,31,7,2016-07-31,"AA",19805,"AA","2663",10423,"AUS","Austin, TX","TX",12892,"LAX","Los Angeles, CA","CA","1445","1448",3.00,3.00,9.00,11.00,"1554","1550",-4.00,0.00,0.00,"",0.00,189.00,182.00,162.00,1.00,1242.00,,,,,,
2016,7,1,5,2016-07-01,"AA",19805,"AA","2663",12892,"LAX","Los Angeles, CA","CA",10423,"AUS","Austin, TX","TX","0825","0822",-3.00,0.00,36.00,6.00,"1336","1345",9.00,9.00,0.00,"",0.00,191.00,203.00,161.00,1.00,1242.00,,,,,,
2016,7,3,7,2016-07-03,"AA",19805,"AA","2663",12892,"LAX","Los Angeles, CA","CA",10423,"AUS","Austin, TX","TX","0825","0819",-6.00,0.00,22.00,4.00,"1336","1318",-18.00,0.00,0.00,"",0.00,191.00,179.00,153.00,1.00,1242.00,,,,,,
2016,7,4,1,2016-07-04,"AA",19805,"AA","2663",12892,"LAX","Los Angeles, CA","CA",10423,"AUS","Austin, TX","TX","0825","0821",-4.00,0.00,18.00,9.00,"1336","1322",-14.00,0.00,0.00,"",0.00,191.00,181.00,154.00,1.00,1242.00,,,,,,
2016,7,5,2,2016-07-05,"AA",19805,"AA","2663",12892,"LAX","Los Angeles, CA","CA",10423,"AUS","Austin, TX","TX","0825","0844",19.00,19.00,29.00,6.00,"1336","1346",10.00,10.00,0.00,"",0.00,191.00,182.00,147.00,1.00,1242.00,,,,,,
2016,7,6,3,2016-07-06,"AA",19805,"AA","2663",12892,"LAX","Los Angeles, CA","CA",10423,"AUS","Austin, TX","TX","0825","0825",0.00,0.00,34.00,6.00,"1336","1334",-2.00,0.00,0.00,"",0.00,191.00,189.00,149.00,1.00,1242.00,,,,,,
2016,7,7,4,2016-07-07,"AA",19805,"AA","2663",12892,"LAX","Los Angeles, CA","CA",10423,"AUS","Austin, TX","TX","0825","0823",-2.00,0.00,25.00,4.00,"1336","1326",-10.00,0.00,0.00,"",0.00,191.00,183.00,154.00,1.00,1242.00,,,,,,
2016,7,8,5,2016-07-08,"AA",19805,"AA","2663",12892,"LAX","Los Angeles, CA","CA",10423,"AUS","Austin, TX","TX","0825","0818",-7.00,0.00,15.00,5.00,"1336","1309",-27.00,0.00,0.00,"",0.00,191.00,171.00,151.00,1.00,1242.00,,,,,,
2016,7,10,7,2016-07-10,"AA",19805,"AA","2663",12892,"LAX","Los Angeles, CA","CA",10423,"AUS","Austin, TX","TX","0825","0818",-7.00,0.00,20.00,5.00,"1336","1318",-18.00,0.00,0.00,"",0.00,191.00,180.00,155.00,1.00,1242.00,,,,,,
2016,7,11,1,2016-07-11,"AA",19805,"AA","2663",12892,"LAX","Los Angeles, CA","CA",10423,"AUS","Austin, TX","TX","0825","0821",-4.00,0.00,20.00,6.00,"1336","1321",-15.00,0.00,0.00,"",0.00,191.00,180.00,154.00,1.00,1242.00,,,,,,
2016,7,12,2,2016-07-12,"AA",19805,"AA","2663",12892,"LAX","Los Angeles, CA","CA",10423,"AUS","Austin, TX","TX","0825","1034",129.00,129.00,14.00,6.00,"1336","1528",112.00,112.00,0.00,"",0.00,191.00,174.00,154.00,1.00,1242.00,49.00,0.00,0.00,0.00,63.00,
2016,7,13,3,2016-07-13,"AA",19805,"AA","2663",12892,"LAX","Los Angeles, CA","CA",10423,"AUS","Austin, TX","TX","0825","0820",-5.00,0.00,24.00,7.00,"1336","1322",-14.00,0.00,0.00,"",0.00,191.00,182.00,151.00,1.00,1242.00,,,,,,
2016,7,14,4,2016-07-14,"AA",19805,"AA","2663",12892,"LAX","Los Angeles, CA","CA",10423,"AUS","Austin, TX","TX","0825","1151",206.00,206.00,32.00,6.00,"1336","1710",214.00,214.00,0.00,"",0.00,191.00,199.00,161.00,1.00,1242.00,163.00,0.00,8.00,0.00,43.00,
2016,7,15,5,2016-07-15,"AA",19805,"AA","2663",12892,"LAX","Los Angeles, CA","CA",10423,"AUS","Austin, TX","TX","0825","0848",23.00,23.00,17.00,6.00,"1336","1348",12.00,12.00,0.00,"",0.00,191.00,180.00,157.00,1.00,1242.00,,,,,,
2016,7,17,7,2016-07-17,"AA",19805,"AA","2663",12892,"LAX","Los Angeles, CA","CA",10423,"AUS","Austin, TX","TX","0825","0822",-3.00,0.00,27.00,6.00,"1336","1332",-4.00,0.00,0.00,"",0.00,191.00,190.00,157.00,1.00,1242.00,,,,,,
2016,7,18,1,2016-07-18,"AA",19805,"AA","2663",12892,"LAX","Los Angeles, CA","CA",10423,"AUS","Austin, TX","TX","0825","0819",-6.00,0.00,14.00,7.00,"1336","1318",-18.00,0.00,0.00,"",0.00,191.00,179.00,158.00,1.00,1242.00,,,,,,
2016,7,19,2,2016-07-19,"AA",19805,"AA","2663",12892,"LAX","Los Angeles, CA","CA",10423,"AUS","Austin, TX","TX","0825","0822",-3.00,0.00,17.00,6.00,"1336","1321",-15.00,0.00,0.00,"",0.00,191.00,179.00,156.00,1.00,1242.00,,,,,,
2016,7,20,3,2016-07-20,"AA",19805,"AA","2663",12892,"LAX","Los Angeles, CA","CA",10423,"AUS","Austin, TX","TX","0825","0823",-2.00,0.00,17.00,6.00,"1336","1322",-14.00,0.00,0.00,"",0.00,191.00,179.00,156.00,1.00,1242.00,,,,,,
2016,7,21,4,2016-07-21,"AA",19805,"AA","2663",12892,"LAX","Los Angeles, CA","CA",10423,"AUS","Austin, TX","TX","0825","0820",-5.00,0.00,24.00,8.00,"1336","1341",5.00,5.00,0.00,"",0.00,191.00,201.00,169.00,1.00,1242.00,,,,,,
2016,7,22,5,2016-07-22,"AA",19805,"AA","2663",12892,"LAX","Los Angeles, CA","CA",10423,"AUS","Austin, TX","TX","0825","0828",3.00,3.00,46.00,6.00,"1336","1403",27.00,27.00,0.00,"",0.00,191.00,215.00,163.00,1.00,1242.00,3.00,0.00,24.00,0.00,0.00,
2016,7,24,7,2016-07-24,"AA",19805,"AA","2663",12892,"LAX","Los Angeles, CA","CA",10423,"AUS","Austin, TX","TX","0825","0832",7.00,7.00,18.00,5.00,"1336","1335",-1.00,0.00,0.00,"",0.00,191.00,183.00,160.00,1.00,1242.00,,,,,,
2016,7,25,1,2016-07-25,"AA",19805,"AA","2663",12892,"LAX","Los Angeles, CA","CA",10423,"AUS","Austin, TX","TX","0825","0820",-5.00,0.00,23.00,7.00,"1336","1326",-10.00,0.00,0.00,"",0.00,191.00,186.00,156.00,1.00,1242.00,,,,,,
2016,7,26,2,2016-07-26,"AA",19805,"AA","2663",12892,"LAX","Los Angeles, CA","CA",10423,"AUS","Austin, TX","TX","0825","0824",-1.00,0.00,32.00,7.00,"1336","1341",5.00,5.00,0.00,"",0.00,191.00,197.00,158.00,1.00,1242.00,,,,,,
2016,7,27,3,2016-07-27,"AA",19805,"AA","2663",12892,"LAX","Los Angeles, CA","CA",10423,"AUS","Austin, TX","TX","0825","0817",-8.00,0.00,17.00,4.00,"1336","1313",-23.00,0.00,0.00,"",0.00,191.00,176.00,155.00,1.00,1242.00,,,,,,
2016,7,28,4,2016-07-28,"AA",19805,"AA","2663",12892,"LAX","Los Angeles, CA","CA",10423,"AUS","Austin, TX","TX","0825","0835",10.00,10.00,26.00,5.00,"1336","1344",8.00,8.00,0.00,"",0.00,191.00,189.00,158.00,1.00,1242.00,,,,,,
2016,7,29,5,2016-07-29,"AA",19805,"AA","2663",12892,"LAX","Los Angeles, CA","CA",10423,"AUS","Austin, TX","TX","0825","0859",34.00,34.00,18.00,10.00,"1336","1404",28.00,28.00,0.00,"",0.00,191.00,185.00,157.00,1.00,1242.00,28.00,0.00,0.00,0.00,0.00,
2016,7,31,7,2016-07-31,"AA",19805,"AA","2663",12892,"LAX","Los Angeles, CA","CA",10423,"AUS","Austin, TX","TX","0825","0820",-5.00,0.00,15.00,6.00,"1336","1318",-18.00,0.00,0.00,"",0.00,191.00,178.00,157.00,1.00,1242.00,,,,,,
2016,7,1,5,2016-07-01,"AA",19805,"AA","2664",12892,"LAX","Los Angeles, CA","CA",10423,"AUS","Austin, TX","TX","1230","1421",111.00,111.00,32.00,5.00,"1735","1930",115.00,115.00,0.00,"",0.00,185.00,189.00,152.00,1.00,1242.00,2.00,0.00,4.00,0.00,109.00,
2016,7,2,6,2016-07-02,"AA",19805,"AA","2664",12892,"LAX","Los Angeles, CA","CA",10423,"AUS","Austin, TX","TX","1230","1222",-8.00,0.00,17.00,6.00,"1735","1714",-21.00,0.00,0.00,"",0.00,185.00,172.00,149.00,1.00,1242.00,,,,,,
2016,7,3,7,2016-07-03,"AA",19805,"AA","2664",12892,"LAX","Los Angeles, CA","CA",10423,"AUS","Austin, TX","TX","1230","1228",-2.00,0.00,10.00,20.00,"1735","1727",-8.00,0.00,0.00,"",0.00,185.00,179.00,149.00,1.00,1242.00,,,,,,
2016,7,4,1,2016-07-04,"AA",19805,"AA","2664",12892,"LAX","Los Angeles, CA","CA",10423,"AUS","Austin, TX","TX","1230","1228",-2.00,0.00,14.00,15.00,"1735","1730",-5.00,0.00,0.00,"",0.00,185.00,182.00,153.00,1.00,1242.00,,,,,,
2016,7,5,2,2016-07-05,"AA",19805,"AA","2664",12892,"LAX","Los Angeles, CA","CA",10423,"AUS","Austin, TX","TX","1230","1232",2.00,2.00,14.00,16.00,"1735","1729",-6.00,0.00,0.00,"",0.00,185.00,177.00,147.00,1.00,1242.00,,,,,,
2016,7,6,3,2016-07-06,"AA",19805,"AA","2664",12892,"LAX","Los Angeles, CA","CA",10423,"AUS","Austin, TX","TX","1230","1234",4.00,4.00,17.00,9.00,"1735","1730",-5.00,0.00,0.00,"",0.00,185.00,176.00,150.00,1.00,1242.00,,,,,,
2016,7,7,4,2016-07-07,"AA",19805,"AA","2664",12892,"LAX","Los Angeles, CA","CA",10423,"AUS","Austin, TX","TX","1230","1224",-6.00,0.00,22.00,17.00,"1735","1736",1.00,1.00,0.00,"",0.00,185.00,192.00,153.00,1.00,1242.00,,,,,,
2016,7,8,5,2016-07-08,"AA",19805,"AA","2664",12892,"LAX","Los Angeles, CA","CA",10423,"AUS","Austin, TX","TX","1230","1222",-8.00,0.00,25.00,29.00,"1735","1745",10.00,10.00,0.00,"",0.00,185.00,203.00,149.00,1.00,1242.00,,,,,,
2016,7,9,6,2016-07-09,"AA",19805,"AA","2664",12892,"LAX","Los Angeles, CA","CA",10423,"AUS","Austin, TX","TX","1245","1410",85.00,85.00,19.00,7.00,"1750","1906",76.00,76.00,0.00,"",0.00,185.00,176.00,150.00,1.00,1242.00,13.00,0.00,0.00,0.00,63.00,
2016,7,10,7,2016-07-10,"AA",19805,"AA","2664",12892,"LAX","Los Angeles, CA","CA",10423,"AUS","Austin, TX","TX","1230","1230",0.00,0.00,16.00,10.00,"1735","1726",-9.00,0.00,0.00,"",0.00,185.00,176.00,150.00,1.00,1242.00,,,,,,
2016,7,11,1,2016-07-11,"AA",19805,"AA","2664",12892,"LAX","Los Angeles, CA","CA",10423,"AUS","Austin, TX","TX","1230","1231",1.00,1.00,12.00,11.00,"1735","1725",-10.00,0.00,0.00,"",0.00,185.00,174.00,151.00,1.00,1242.00,,,,,,
2016,7,12,2,2016-07-12,"AA",19805,"AA","2664",12892,"LAX","Los Angeles, CA","CA",10423,"AUS","Austin, TX","TX","1230","1228",-2.00,0.00,14.00,20.00,"1735","1735",0.00,0.00,0.00,"",0.00,185.00,187.00,153.00,1.00,1242.00,,,,,,
2016,7,13,3,2016-07-13,"AA",19805,"AA","2664",12892,"LAX","Los Angeles, CA","CA",10423,"AUS","Austin, TX","TX","1230","1221",-9.00,0.00,15.00,43.00,"1735","1754",19.00,19.00,0.00,"",0.00,185.00,213.00,155.00,1.00,1242.00,0.00,0.00,19.00,0.00,0.00,
2016,7,14,4,2016-07-14,"AA",19805,"AA","2664",12892,"LAX","Los Angeles, CA","CA",10423,"AUS","Austin, TX","TX","1230","1222",-8.00,0.00,28.00,12.00,"1735","1741",6.00,6.00,0.00,"",0.00,185.00,199.00,159.00,1.00,1242.00,,,,,,
2016,7,15,5,2016-07-15,"AA",19805,"AA","2664",12892,"LAX","Los Angeles, CA","CA",10423,"AUS","Austin, TX","TX","1230","1408",98.00,98.00,26.00,16.00,"1735","1932",117.00,117.00,0.00,"",0.00,185.00,204.00,162.00,1.00,1242.00,0.00,0.00,19.00,0.00,98.00,
2016,7,16,6,2016-07-16,"AA",19805,"AA","2664",12892,"LAX","Los Angeles, CA","CA",10423,"AUS","Austin, TX","TX","1245","1248",3.00,3.00,42.00,7.00,"1750","1811",21.00,21.00,0.00,"",0.00,185.00,203.00,154.00,1.00,1242.00,3.00,0.00,18.00,0.00,0.00,
2016,7,17,7,2016-07-17,"AA",19805,"AA","2664",12892,"LAX","Los Angeles, CA","CA",10423,"AUS","Austin, TX","TX","1230","1228",-2.00,0.00,27.00,6.00,"1735","1740",5.00,5.00,0.00,"",0.00,185.00,192.00,159.00,1.00,1242.00,,,,,,
2016,7,18,1,2016-07-18,"AA",19805,"AA","2664",12892,"LAX","Los Angeles, CA","CA",10423,"AUS","Austin, TX","TX","1230","1224",-6.00,0.00,21.00,4.00,"1735","1730",-5.00,0.00,0.00,"",0.00,185.00,186.00,161.00,1.00,1242.00,,,,,,
2016,7,19,2,2016-07-19,"AA",19805,"AA","2664",12892,"LAX","Los Angeles, CA","CA",10423,"AUS","Austin, TX","TX","1230","1224",-6.00,0.00,19.00,10.00,"1735","1733",-2.00,0.00,0.00,"",0.00,185.00,189.00,160.00,1.00,1242.00,,,,,,
2016,7,20,3,2016-07-20,"AA",19805,"AA","2664",12892,"LAX","Los Angeles, CA","CA",10423,"AUS","Austin, TX","TX","1230","1238",8.00,8.00,18.00,6.00,"1735","1743",8.00,8.00,0.00,"",0.00,185.00,185.00,161.00,1.00,1242.00,,,,,,
2016,7,21,4,2016-07-21,"AA",19805,"AA","2664",12892,"LAX","Los Angeles, CA","CA",10423,"AUS","Austin, TX","TX","1230","1222",-8.00,0.00,25.00,9.00,"1735","1742",7.00,7.00,0.00,"",0.00,185.00,200.00,166.00,1.00,1242.00,,,,,,
2016,7,22,5,2016-07-22,"AA",19805,"AA","2664",12892,"LAX","Los Angeles, CA","CA",10423,"AUS","Austin, TX","TX","1230","1226",-4.00,0.00,20.00,9.00,"1735","1737",2.00,2.00,0.00,"",0.00,185.00,191.00,162.00,1.00,1242.00,,,,,,
2016,7,23,6,2016-07-23,"AA",19805,"AA","2664",12892,"LAX","Los Angeles, CA","CA",10423,"AUS","Austin, TX","TX","1245","1250",5.00,5.00,24.00,5.00,"1750","1757",7.00,7.00,0.00,"",0.00,185.00,187.00,158.00,1.00,1242.00,,,,,,
2016,7,24,7,2016-07-24,"AA",19805,"AA","2664",12892,"LAX","Los Angeles, CA","CA",10423,"AUS","Austin, TX","TX","1230","1225",-5.00,0.00,17.00,6.00,"1735","1726",-9.00,0.00,0.00,"",0.00,185.00,181.00,158.00,1.00,1242.00,,,,,,
2016,7,25,1,2016-07-25,"AA",19805,"AA","2664",12892,"LAX","Los Angeles, CA","CA",10423,"AUS","Austin, TX","TX","1230","1226",-4.00,0.00,23.00,5.00,"1735","1731",-4.00,0.00,0.00,"",0.00,185.00,185.00,157.00,1.00,1242.00,,,,,,
2016,7,26,2,2016-07-26,"AA",19805,"AA","2664",12892,"LAX","Los Angeles, CA","CA",10423,"AUS","Austin, TX","TX","1230","1227",-3.00,0.00,14.00,6.00,"1735","1728",-7.00,0.00,0.00,"",0.00,185.00,181.00,161.00,1.00,1242.00,,,,,,
2016,7,27,3,2016-07-27,"AA",19805,"AA","2664",12892,"LAX","Los Angeles, CA","CA",10423,"AUS","Austin, TX","TX","1230","1223",-7.00,0.00,18.00,16.00,"1735","1735",0.00,0.00,0.00,"",0.00,185.00,192.00,158.00,1.00,1242.00,,,,,,
2016,7,28,4,2016-07-28,"AA",19805,"AA","2664",12892,"LAX","Los Angeles, CA","CA",10423,"AUS","Austin, TX","TX","1230","1223",-7.00,0.00,16.00,16.00,"1735","1731",-4.00,0.00,0.00,"",0.00,185.00,188.00,156.00,1.00,1242.00,,,,,,
2016,7,29,5,2016-07-29,"AA",19805,"AA","2664",12892,"LAX","Los Angeles, CA","CA",10423,"AUS","Austin, TX","TX","1230","1240",10.00,10.00,58.00,10.00,"1735","1825",50.00,50.00,0.00,"",0.00,185.00,225.00,157.00,1.00,1242.00,10.00,0.00,40.00,0.00,0.00,
2016,7,30,6,2016-07-30,"AA",19805,"AA","2664",12892,"LAX","Los Angeles, CA","CA",10423,"AUS","Austin, TX","TX","1245","1301",16.00,16.00,19.00,7.00,"1750","1801",11.00,11.00,0.00,"",0.00,185.00,180.00,154.00,1.00,1242.00,,,,,,
2016,7,31,7,2016-07-31,"AA",19805,"AA","2664",12892,"LAX","Los Angeles, CA","CA",10423,"AUS","Austin, TX","TX","1230","1401",91.00,91.00,15.00,5.00,"1735","1857",82.00,82.00,0.00,"",0.00,185.00,176.00,156.00,1.00,1242.00,0.00,0.00,5.00,0.00,77.00,
2016,7,1,5,2016-07-01,"AA",19805,"AA","2665",11298,"DFW","Dallas/Fort Worth, TX","TX",15370,"TUL","Tulsa, OK","OK","1445","1509",24.00,24.00,19.00,2.00,"1551","1614",23.00,23.00,0.00,"",0.00,66.00,65.00,44.00,1.00,237.00,4.00,0.00,0.00,0.00,19.00,
2016,7,2,6,2016-07-02,"AA",19805,"AA","2665",11298,"DFW","Dallas/Fort Worth, TX","TX",15370,"TUL","Tulsa, OK","OK","1451","1451",0.00,0.00,11.00,4.00,"1557","1546",-11.00,0.00,0.00,"",0.00,66.00,55.00,40.00,1.00,237.00,,,,,,
2016,7,3,7,2016-07-03,"AA",19805,"AA","2665",11298,"DFW","Dallas/Fort Worth, TX","TX",15370,"TUL","Tulsa, OK","OK","1445","1437",-8.00,0.00,14.00,2.00,"1551","1534",-17.00,0.00,0.00,"",0.00,66.00,57.00,41.00,1.00,237.00,,,,,,
2016,7,4,1,2016-07-04,"AA",19805,"AA","2665",11298,"DFW","Dallas/Fort Worth, TX","TX",15370,"TUL","Tulsa, OK","OK","1445","1511",26.00,26.00,9.00,5.00,"1551","1609",18.00,18.00,0.00,"",0.00,66.00,58.00,44.00,1.00,237.00,0.00,0.00,0.00,0.00,18.00,
2016,7,5,2,2016-07-05,"AA",19805,"AA","2665",11298,"DFW","Dallas/Fort Worth, TX","TX",15370,"TUL","Tulsa, OK","OK","1443","1442",-1.00,0.00,15.00,4.00,"1549","1545",-4.00,0.00,0.00,"",0.00,66.00,63.00,44.00,1.00,237.00,,,,,,
2016,7,6,3,2016-07-06,"AA",19805,"AA","2665",11298,"DFW","Dallas/Fort Worth, TX","TX",15370,"TUL","Tulsa, OK","OK","1443","1437",-6.00,0.00,10.00,4.00,"1549","1531",-18.00,0.00,0.00,"",0.00,66.00,54.00,40.00,1.00,237.00,,,,,,
2016,7,7,4,2016-07-07,"AA",19805,"AA","2665",11298,"DFW","Dallas/Fort Worth, TX","TX",15370,"TUL","Tulsa, OK","OK","1443","1436",-7.00,0.00,13.00,3.00,"1549","1535",-14.00,0.00,0.00,"",0.00,66.00,59.00,43.00,1.00,237.00,,,,,,
2016,7,8,5,2016-07-08,"AA",19805,"AA","2665",11298,"DFW","Dallas/Fort Worth, TX","TX",15370,"TUL","Tulsa, OK","OK","1443","1456",13.00,13.00,13.00,3.00,"1549","1554",5.00,5.00,0.00,"",0.00,66.00,58.00,42.00,1.00,237.00,,,,,,
2016,7,9,6,2016-07-09,"AA",19805,"AA","2665",11298,"DFW","Dallas/Fort Worth, TX","TX",15370,"TUL","Tulsa, OK","OK","1448","1443",-5.00,0.00,21.00,4.00,"1554","1600",6.00,6.00,0.00,"",0.00,66.00,77.00,52.00,1.00,237.00,,,,,,
2016,7,10,7,2016-07-10,"AA",19805,"AA","2665",11298,"DFW","Dallas/Fort Worth, TX","TX",15370,"TUL","Tulsa, OK","OK","1443","1503",20.00,20.00,18.00,2.00,"1549","1607",18.00,18.00,0.00,"",0.00,66.00,64.00,44.00,1.00,237.00,3.00,0.00,0.00,0.00,15.00,
2016,7,11,1,2016-07-11,"AA",19805,"AA","2665",11298,"DFW","Dallas/Fort Worth, TX","TX",15370,"TUL","Tulsa, OK","OK","1443","1442",-1.00,0.00,16.00,4.00,"1549","1548",-1.00,0.00,0.00,"",0.00,66.00,66.00,46.00,1.00,237.00,,,,,,
2016,7,12,2,2016-07-12,"AA",19805,"AA","2665",11298,"DFW","Dallas/Fort Worth, TX","TX",15370,"TUL","Tulsa, OK","OK","1443","1438",-5.00,0.00,34.00,3.00,"1549","1600",11.00,11.00,0.00,"",0.00,66.00,82.00,45.00,1.00,237.00,,,,,,
2016,7,13,3,2016-07-13,"AA",19805,"AA","2665",11298,"DFW","Dallas/Fort Worth, TX","TX",15370,"TUL","Tulsa, OK","OK","1443","1458",15.00,15.00,16.00,2.00,"1549","1559",10.00,10.00,0.00,"",0.00,66.00,61.00,43.00,1.00,237.00,,,,,,
2016,7,14,4,2016-07-14,"AA",19805,"AA","2665",11298,"DFW","Dallas/Fort Worth, TX","TX",15370,"TUL","Tulsa, OK","OK","1443","1442",-1.00,0.00,13.00,5.00,"1549","1545",-4.00,0.00,0.00,"",0.00,66.00,63.00,45.00,1.00,237.00,,,,,,
2016,7,15,5,2016-07-15,"AA",19805,"AA","2665",11298,"DFW","Dallas/Fort Worth, TX","TX",15370,"TUL","Tulsa, OK","OK","1443","1642",119.00,119.00,12.00,2.00,"1549","1739",110.00,110.00,0.00,"",0.00,66.00,57.00,43.00,1.00,237.00,110.00,0.00,0.00,0.00,0.00,
2016,7,16,6,2016-07-16,"AA",19805,"AA","2665",11298,"DFW","Dallas/Fort Worth, TX","TX",15370,"TUL","Tulsa, OK","OK","1448","1446",-2.00,0.00,10.00,3.00,"1554","1541",-13.00,0.00,0.00,"",0.00,66.00,55.00,42.00,1.00,237.00,,,,,,
2016,7,17,7,2016-07-17,"AA",19805,"AA","2665",11298,"DFW","Dallas/Fort Worth, TX","TX",15370,"TUL","Tulsa, OK","OK","1443","1439",-4.00,0.00,12.00,2.00,"1549","1534",-15.00,0.00,0.00,"",0.00,66.00,55.00,41.00,1.00,237.00,,,,,,
2016,7,18,1,2016-07-18,"AA",19805,"AA","2665",11298,"DFW","Dallas/Fort Worth, TX","TX",15370,"TUL","Tulsa, OK","OK","1443","1441",-2.00,0.00,12.00,3.00,"1549","1540",-9.00,0.00,0.00,"",0.00,66.00,59.00,44.00,1.00,237.00,,,,,,
2016,7,19,2,2016-07-19,"AA",19805,"AA","2665",11298,"DFW","Dallas/Fort Worth, TX","TX",15370,"TUL","Tulsa, OK","OK","1443","1446",3.00,3.00,13.00,3.00,"1549","1549",0.00,0.00,0.00,"",0.00,66.00,63.00,47.00,1.00,237.00,,,,,,
2016,7,20,3,2016-07-20,"AA",19805,"AA","2665",11298,"DFW","Dallas/Fort Worth, TX","TX",15370,"TUL","Tulsa, OK","OK","1443","1440",-3.00,0.00,14.00,3.00,"1549","1541",-8.00,0.00,0.00,"",0.00,66.00,61.00,44.00,1.00,237.00,,,,,,
2016,7,21,4,2016-07-21,"AA",19805,"AA","2665",11298,"DFW","Dallas/Fort Worth, TX","TX",15370,"TUL","Tulsa, OK","OK","1443","1438",-5.00,0.00,15.00,3.00,"1549","1540",-9.00,0.00,0.00,"",0.00,66.00,62.00,44.00,1.00,237.00,,,,,,
2016,7,22,5,2016-07-22,"AA",19805,"AA","2665",11298,"DFW","Dallas/Fort Worth, TX","TX",15370,"TUL","Tulsa, OK","OK","1443","1438",-5.00,0.00,10.00,4.00,"1549","1534",-15.00,0.00,0.00,"",0.00,66.00,56.00,42.00,1.00,237.00,,,,,,
2016,7,23,6,2016-07-23,"AA",19805,"AA","2665",11298,"DFW","Dallas/Fort Worth, TX","TX",15370,"TUL","Tulsa, OK","OK","1448","1456",8.00,8.00,15.00,3.00,"1554","1559",5.00,5.00,0.00,"",0.00,66.00,63.00,45.00,1.00,237.00,,,,,,
2016,7,24,7,2016-07-24,"AA",19805,"AA","2665",11298,"DFW","Dallas/Fort Worth, TX","TX",15370,"TUL","Tulsa, OK","OK","1443","1642",119.00,119.00,11.00,5.00,"1549","1739",110.00,110.00,0.00,"",0.00,66.00,57.00,41.00,1.00,237.00,13.00,0.00,0.00,0.00,97.00,
2016,7,25,1,2016-07-25,"AA",19805,"AA","2665",11298,"DFW","Dallas/Fort Worth, TX","TX",15370,"TUL","Tulsa, OK","OK","1443","1457",14.00,14.00,14.00,3.00,"1549","1600",11.00,11.00,0.00,"",0.00,66.00,63.00,46.00,1.00,237.00,,,,,,
2016,7,26,2,2016-07-26,"AA",19805,"AA","2665",11298,"DFW","Dallas/Fort Worth, TX","TX",15370,"TUL","Tulsa, OK","OK","1443","1504",21.00,21.00,17.00,27.00,"1549","1631",42.00,42.00,0.00,"",0.00,66.00,87.00,43.00,1.00,237.00,21.00,0.00,21.00,0.00,0.00,
2016,7,27,3,2016-07-27,"AA",19805,"AA","2665",11298,"DFW","Dallas/Fort Worth, TX","TX",15370,"TUL","Tulsa, OK","OK","1443","1646",123.00,123.00,55.00,5.00,"1549","1827",158.00,158.00,0.00,"",0.00,66.00,101.00,41.00,1.00,237.00,0.00,118.00,35.00,0.00,5.00,
2016,7,28,4,2016-07-28,"AA",19805,"AA","2665",11298,"DFW","Dallas/Fort Worth, TX","TX",15370,"TUL","Tulsa, OK","OK","1443","1444",1.00,1.00,15.00,3.00,"1549","1546",-3.00,0.00,0.00,"",0.00,66.00,62.00,44.00,1.00,237.00,,,,,,
2016,7,29,5,2016-07-29,"AA",19805,"AA","2665",11298,"DFW","Dallas/Fort Worth, TX","TX",15370,"TUL","Tulsa, OK","OK","1443","1453",10.00,10.00,15.00,6.00,"1549","1555",6.00,6.00,0.00,"",0.00,66.00,62.00,41.00,1.00,237.00,,,,,,
2016,7,30,6,2016-07-30,"AA",19805,"AA","2665",11298,"DFW","Dallas/Fort Worth, TX","TX",15370,"TUL","Tulsa, OK","OK","1448","1635",107.00,107.00,12.00,4.00,"1554","1733",99.00,99.00,0.00,"",0.00,66.00,58.00,42.00,1.00,237.00,15.00,0.00,0.00,0.00,84.00,
2016,7,31,7,2016-07-31,"AA",19805,"AA","2665",11298,"DFW","Dallas/Fort Worth, TX","TX",15370,"TUL","Tulsa, OK","OK","1443","1438",-5.00,0.00,11.00,3.00,"1549","1536",-13.00,0.00,0.00,"",0.00,66.00,58.00,44.00,1.00,237.00,,,,,,
2016,7,1,5,2016-07-01,"AA",19805,"AA","2665",15370,"TUL","Tulsa, OK","OK",11298,"DFW","Dallas/Fort Worth, TX","TX","1636","1653",17.00,17.00,13.00,6.00,"1747","1750",3.00,3.00,0.00,"",0.00,71.00,57.00,38.00,1.00,237.00,,,,,,
2016,7,3,7,2016-07-03,"AA",19805,"AA","2665",15370,"TUL","Tulsa, OK","OK",11298,"DFW","Dallas/Fort Worth, TX","TX","1636","1627",-9.00,0.00,14.00,23.00,"1747","1745",-2.00,0.00,0.00,"",0.00,71.00,78.00,41.00,1.00,237.00,,,,,,
2016,7,4,1,2016-07-04,"AA",19805,"AA","2665",15370,"TUL","Tulsa, OK","OK",11298,"DFW","Dallas/Fort Worth, TX","TX","1636","1641",5.00,5.00,14.00,7.00,"1747","1744",-3.00,0.00,0.00,"",0.00,71.00,63.00,42.00,1.00,237.00,,,,,,
2016,7,5,2,2016-07-05,"AA",19805,"AA","2665",15370,"TUL","Tulsa, OK","OK",11298,"DFW","Dallas/Fort Worth, TX","TX","1634","1629",-5.00,0.00,10.00,18.00,"1745","1739",-6.00,0.00,0.00,"",0.00,71.00,70.00,42.00,1.00,237.00,,,,,,
2016,7,6,3,2016-07-06,"AA",19805,"AA","2665",15370,"TUL","Tulsa, OK","OK",11298,"DFW","Dallas/Fort Worth, TX","TX","1634","1626",-8.00,0.00,15.00,14.00,"1745","1735",-10.00,0.00,0.00,"",0.00,71.00,69.00,40.00,1.00,237.00,,,,,,
2016,7,7,4,2016-07-07,"AA",19805,"AA","2665",15370,"TUL","Tulsa, OK","OK",11298,"DFW","Dallas/Fort Worth, TX","TX","1634","1626",-8.00,0.00,14.00,11.00,"1745","1730",-15.00,0.00,0.00,"",0.00,71.00,64.00,39.00,1.00,237.00,,,,,,
2016,7,8,5,2016-07-08,"AA",19805,"AA","2665",15370,"TUL","Tulsa, OK","OK",11298,"DFW","Dallas/Fort Worth, TX","TX","1634","1639",5.00,5.00,12.00,9.00,"1745","1741",-4.00,0.00,0.00,"",0.00,71.00,62.00,41.00,1.00,237.00,,,,,,
2016,7,10,7,2016-07-10,"AA",19805,"AA","2665",15370,"TUL","Tulsa, OK","OK",11298,"DFW","Dallas/Fort Worth, TX","TX","1634","1649",15.00,15.00,13.00,9.00,"1745","1758",13.00,13.00,0.00,"",0.00,71.00,69.00,47.00,1.00,237.00,,,,,,
2016,7,11,1,2016-07-11,"AA",19805,"AA","2665",15370,"TUL","Tulsa, OK","OK",11298,"DFW","Dallas/Fort Worth, TX","TX","1634","1635",1.00,1.00,27.00,12.00,"1745","1759",14.00,14.00,0.00,"",0.00,71.00,84.00,45.00,1.00,237.00,,,,,,
2016,7,12,2,2016-07-12,"AA",19805,"AA","2665",15370,"TUL","Tulsa, OK","OK",11298,"DFW","Dallas/Fort Worth, TX","TX","1634","1639",5.00,5.00,27.00,11.00,"1745","1756",11.00,11.00,0.00,"",0.00,71.00,77.00,39.00,1.00,237.00,,,,,,
2016,7,13,3,2016-07-13,"AA",19805,"AA","2665",15370,"TUL","Tulsa, OK","OK",11298,"DFW","Dallas/Fort Worth, TX","TX","1634","1643",9.00,9.00,27.00,10.00,"1745","1801",16.00,16.00,0.00,"",0.00,71.00,78.00,41.00,1.00,237.00,0.00,0.00,7.00,0.00,9.00,
2016,7,14,4,2016-07-14,"AA",19805,"AA","2665",15370,"TUL","Tulsa, OK","OK",11298,"DFW","Dallas/Fort Worth, TX","TX","1634","1648",14.00,14.00,16.00,12.00,"1745","1804",19.00,19.00,0.00,"",0.00,71.00,76.00,48.00,1.00,237.00,0.00,14.00,5.00,0.00,0.00,
2016,7,15,5,2016-07-15,"AA",19805,"AA","2665",15370,"TUL","Tulsa, OK","OK",11298,"DFW","Dallas/Fort Worth, TX","TX","1634","1639",5.00,5.00,18.00,11.00,"1745","1755",10.00,10.00,0.00,"",0.00,71.00,76.00,47.00,1.00,237.00,,,,,,
2016,7,17,7,2016-07-17,"AA",19805,"AA","2665",15370,"TUL","Tulsa, OK","OK",11298,"DFW","Dallas/Fort Worth, TX","TX","1634","1637",3.00,3.00,24.00,4.00,"1745","1745",0.00,0.00,0.00,"",0.00,71.00,68.00,40.00,1.00,237.00,,,,,,
2016,7,18,1,2016-07-18,"AA",19805,"AA","2665",15370,"TUL","Tulsa, OK","OK",11298,"DFW","Dallas/Fort Worth, TX","TX","1634","1723",49.00,49.00,14.00,8.00,"1745","1826",41.00,41.00,0.00,"",0.00,71.00,63.00,41.00,1.00,237.00,41.00,0.00,0.00,0.00,0.00,
2016,7,19,2,2016-07-19,"AA",19805,"AA","2665",15370,"TUL","Tulsa, OK","OK",11298,"DFW","Dallas/Fort Worth, TX","TX","1634","1630",-4.00,0.00,36.00,14.00,"1745","1811",26.00,26.00,0.00,"",0.00,71.00,101.00,51.00,1.00,237.00,0.00,0.00,26.00,0.00,0.00,
2016,7,20,3,2016-07-20,"AA",19805,"AA","2665",15370,"TUL","Tulsa, OK","OK",11298,"DFW","Dallas/Fort Worth, TX","TX","1634","1641",7.00,7.00,14.00,12.00,"1745","1747",2.00,2.00,0.00,"",0.00,71.00,66.00,40.00,1.00,237.00,,,,,,
2016,7,21,4,2016-07-21,"AA",19805,"AA","2665",15370,"TUL","Tulsa, OK","OK",11298,"DFW","Dallas/Fort Worth, TX","TX","1634","1632",-2.00,0.00,27.00,4.00,"1745","1744",-1.00,0.00,0.00,"",0.00,71.00,72.00,41.00,1.00,237.00,,,,,,
2016,7,22,5,2016-07-22,"AA",19805,"AA","2665",15370,"TUL","Tulsa, OK","OK",11298,"DFW","Dallas/Fort Worth, TX","TX","1634","1648",14.00,14.00,19.00,7.00,"1745","1755",10.00,10.00,0.00,"",0.00,71.00,67.00,41.00,1.00,237.00,,,,,,
2016,7,24,7,2016-07-24,"AA",19805,"AA","2665",15370,"TUL","Tulsa, OK","OK",11298,"DFW","Dallas/Fort Worth, TX","TX","1634","1819",105.00,105.00,8.00,13.00,"1745","1919",94.00,94.00,0.00,"",0.00,71.00,60.00,39.00,1.00,237.00,0.00,0.00,0.00,0.00,94.00,
2016,7,25,1,2016-07-25,"AA",19805,"AA","2665",15370,"TUL","Tulsa, OK","OK",11298,"DFW","Dallas/Fort Worth, TX","TX","1634","1642",8.00,8.00,22.00,11.00,"1745","1843",58.00,58.00,0.00,"",0.00,71.00,121.00,88.00,1.00,237.00,0.00,0.00,50.00,0.00,8.00,
2016,7,26,2,2016-07-26,"AA",19805,"AA","2665",15370,"TUL","Tulsa, OK","OK",11298,"DFW","Dallas/Fort Worth, TX","TX","1634","1710",36.00,36.00,51.00,11.00,"1745","1942",117.00,117.00,0.00,"",0.00,71.00,152.00,90.00,1.00,237.00,0.00,0.00,81.00,0.00,36.00,
2016,7,27,3,2016-07-27,"AA",19805,"AA","2665",15370,"TUL","Tulsa, OK","OK",11298,"DFW","Dallas/Fort Worth, TX","TX","1634","1910",156.00,156.00,12.00,18.00,"1745","2021",156.00,156.00,0.00,"",0.00,71.00,71.00,41.00,1.00,237.00,0.00,0.00,0.00,0.00,156.00,
2016,7,28,4,2016-07-28,"AA",19805,"AA","2665",15370,"TUL","Tulsa, OK","OK",11298,"DFW","Dallas/Fort Worth, TX","TX","1634","1639",5.00,5.00,21.00,16.00,"1745","1806",21.00,21.00,0.00,"",0.00,71.00,87.00,50.00,1.00,237.00,5.00,0.00,16.00,0.00,0.00,
2016,7,29,5,2016-07-29,"AA",19805,"AA","2665",15370,"TUL","Tulsa, OK","OK",11298,"DFW","Dallas/Fort Worth, TX","TX","1634","1715",41.00,41.00,13.00,35.00,"1745","1845",60.00,60.00,0.00,"",0.00,71.00,90.00,42.00,1.00,237.00,41.00,0.00,19.00,0.00,0.00,
2016,7,31,7,2016-07-31,"AA",19805,"AA","2665",15370,"TUL","Tulsa, OK","OK",11298,"DFW","Dallas/Fort Worth, TX","TX","1634","1624",-10.00,0.00,13.00,5.00,"1745","1724",-21.00,0.00,0.00,"",0.00,71.00,60.00,42.00,1.00,237.00,,,,,,
2016,7,1,5,2016-07-01,"AA",19805,"AA","2666",11298,"DFW","Dallas/Fort Worth, TX","TX",11638,"FAT","Fresno, CA","CA","2155","2149",-6.00,0.00,14.00,5.00,"2310","2259",-11.00,0.00,0.00,"",0.00,195.00,190.00,171.00,1.00,1313.00,,,,,,
2016,7,24,7,2016-07-24,"AA",19805,"AA","2666",14683,"SAT","San Antonio, TX","TX",11298,"DFW","Dallas/Fort Worth, TX","TX","2130","2126",-4.00,0.00,9.00,8.00,"2243","2227",-16.00,0.00,0.00,"",0.00,73.00,61.00,44.00,1.00,247.00,,,,,,
2016,7,24,7,2016-07-24,"AA",19805,"AA","2667",11298,"DFW","Dallas/Fort Worth, TX","TX",13198,"MCI","Kansas City, MO","MO","2340","2332",-8.00,0.00,12.00,6.00,"0114","0055",-19.00,0.00,0.00,"",0.00,94.00,83.00,65.00,1.00,460.00,,,,,,
2016,7,1,5,2016-07-01,"AA",19805,"AA","2667",14100,"PHL","Philadelphia, PA","PA",11298,"DFW","Dallas/Fort Worth, TX","TX","2300","2338",38.00,38.00,16.00,5.00,"0125","0148",23.00,23.00,0.00,"",0.00,205.00,190.00,169.00,1.00,1303.00,0.00,0.00,0.00,0.00,23.00,
2016,7,1,5,2016-07-01,"AA",19805,"AA","2668",11267,"DAY","Dayton, OH","OH",11298,"DFW","Dallas/Fort Worth, TX","TX","1630","1641",11.00,11.00,13.00,14.00,"1800","1806",6.00,6.00,0.00,"",0.00,150.00,145.00,118.00,1.00,861.00,,,,,,
2016,7,3,7,2016-07-03,"AA",19805,"AA","2668",11267,"DAY","Dayton, OH","OH",11298,"DFW","Dallas/Fort Worth, TX","TX","1630","1622",-8.00,0.00,16.00,4.00,"1800","1750",-10.00,0.00,0.00,"",0.00,150.00,148.00,128.00,1.00,861.00,,,,,,
2016,7,4,1,2016-07-04,"AA",19805,"AA","2668",11267,"DAY","Dayton, OH","OH",11298,"DFW","Dallas/Fort Worth, TX","TX","1630","1631",1.00,1.00,13.00,12.00,"1800","1757",-3.00,0.00,0.00,"",0.00,150.00,146.00,121.00,1.00,861.00,,,,,,
2016,7,5,2,2016-07-05,"AA",19805,"AA","2668",11267,"DAY","Dayton, OH","OH",11298,"DFW","Dallas/Fort Worth, TX","TX","1625","1619",-6.00,0.00,13.00,14.00,"1755","1743",-12.00,0.00,0.00,"",0.00,150.00,144.00,117.00,1.00,861.00,,,,,,
2016,7,6,3,2016-07-06,"AA",19805,"AA","2668",11267,"DAY","Dayton, OH","OH",11298,"DFW","Dallas/Fort Worth, TX","TX","1625","1622",-3.00,0.00,9.00,12.00,"1755","1751",-4.00,0.00,0.00,"",0.00,150.00,149.00,128.00,1.00,861.00,,,,,,
2016,7,7,4,2016-07-07,"AA",19805,"AA","2668",11267,"DAY","Dayton, OH","OH",11298,"DFW","Dallas/Fort Worth, TX","TX","1625","1620",-5.00,0.00,14.00,59.00,"1755","1830",35.00,35.00,0.00,"",0.00,150.00,190.00,117.00,1.00,861.00,0.00,0.00,35.00,0.00,0.00,
2016,7,8,5,2016-07-08,"AA",19805,"AA","2668",11267,"DAY","Dayton, OH","OH",11298,"DFW","Dallas/Fort Worth, TX","TX","1625","1654",29.00,29.00,12.00,12.00,"1755","1816",21.00,21.00,0.00,"",0.00,150.00,142.00,118.00,1.00,861.00,0.00,0.00,0.00,0.00,21.00,
2016,7,10,7,2016-07-10,"AA",19805,"AA","2668",11267,"DAY","Dayton, OH","OH",11298,"DFW","Dallas/Fort Worth, TX","TX","1625","1619",-6.00,0.00,11.00,13.00,"1755","1739",-16.00,0.00,0.00,"",0.00,150.00,140.00,116.00,1.00,861.00,,,,,,
2016,7,11,1,2016-07-11,"AA",19805,"AA","2668",11267,"DAY","Dayton, OH","OH",11298,"DFW","Dallas/Fort Worth, TX","TX","1625","1617",-8.00,0.00,9.00,12.00,"1755","1734",-21.00,0.00,0.00,"",0.00,150.00,137.00,116.00,1.00,861.00,,,,,,
2016,7,12,2,2016-07-12,"AA",19805,"AA","2668",11267,"DAY","Dayton, OH","OH",11298,"DFW","Dallas/Fort Worth, TX","TX","1625","1618",-7.00,0.00,13.00,24.00,"1755","1749",-6.00,0.00,0.00,"",0.00,150.00,151.00,114.00,1.00,861.00,,,,,,
2016,7,13,3,2016-07-13,"AA",19805,"AA","2668",11267,"DAY","Dayton, OH","OH",11298,"DFW","Dallas/Fort Worth, TX","TX","1625","1622",-3.00,0.00,11.00,13.00,"1755","1745",-10.00,0.00,0.00,"",0.00,150.00,143.00,119.00,1.00,861.00,,,,,,
2016,7,14,4,2016-07-14,"AA",19805,"AA","2668",11267,"DAY","Dayton, OH","OH",11298,"DFW","Dallas/Fort Worth, TX","TX","1625","1036",1091.00,1091.00,9.00,19.00,"1755","1236",1121.00,1121.00,0.00,"",0.00,150.00,180.00,152.00,1.00,861.00,847.00,0.00,116.00,0.00,158.00,
2016,7,15,5,2016-07-15,"AA",19805,"AA","2668",11267,"DAY","Dayton, OH","OH",11298,"DFW","Dallas/Fort Worth, TX","TX","1625","1743",78.00,78.00,11.00,5.00,"1755","1909",74.00,74.00,0.00,"",0.00,150.00,146.00,130.00,1.00,861.00,0.00,0.00,0.00,0.00,74.00,
2016,7,17,7,2016-07-17,"AA",19805,"AA","2668",11267,"DAY","Dayton, OH","OH",11298,"DFW","Dallas/Fort Worth, TX","TX","1625","1615",-10.00,0.00,10.00,4.00,"1755","1722",-33.00,0.00,0.00,"",0.00,150.00,127.00,113.00,1.00,861.00,,,,,,
2016,7,18,1,2016-07-18,"AA",19805,"AA","2668",11267,"DAY","Dayton, OH","OH",11298,"DFW","Dallas/Fort Worth, TX","TX","1625","1624",-1.00,0.00,15.00,11.00,"1755","1742",-13.00,0.00,0.00,"",0.00,150.00,138.00,112.00,1.00,861.00,,,,,,
2016,7,19,2,2016-07-19,"AA",19805,"AA","2668",11267,"DAY","Dayton, OH","OH",11298,"DFW","Dallas/Fort Worth, TX","TX","1625","1619",-6.00,0.00,11.00,6.00,"1755","1728",-27.00,0.00,0.00,"",0.00,150.00,129.00,112.00,1.00,861.00,,,,,,
2016,7,20,3,2016-07-20,"AA",19805,"AA","2668",11267,"DAY","Dayton, OH","OH",11298,"DFW","Dallas/Fort Worth, TX","TX","1625","1616",-9.00,0.00,13.00,11.00,"1755","1731",-24.00,0.00,0.00,"",0.00,150.00,135.00,111.00,1.00,861.00,,,,,,
2016,7,21,4,2016-07-21,"AA",19805,"AA","2668",11267,"DAY","Dayton, OH","OH",11298,"DFW","Dallas/Fort Worth, TX","TX","1625","1620",-5.00,0.00,9.00,7.00,"1755","1728",-27.00,0.00,0.00,"",0.00,150.00,128.00,112.00,1.00,861.00,,,,,,
2016,7,22,5,2016-07-22,"AA",19805,"AA","2668",11267,"DAY","Dayton, OH","OH",11298,"DFW","Dallas/Fort Worth, TX","TX","1625","1652",27.00,27.00,14.00,8.00,"1755","1806",11.00,11.00,0.00,"",0.00,150.00,134.00,112.00,1.00,861.00,,,,,,
2016,7,24,7,2016-07-24,"AA",19805,"AA","2668",11267,"DAY","Dayton, OH","OH",11298,"DFW","Dallas/Fort Worth, TX","TX","1625","1625",0.00,0.00,11.00,10.00,"1755","1739",-16.00,0.00,0.00,"",0.00,150.00,134.00,113.00,1.00,861.00,,,,,,
2016,7,25,1,2016-07-25,"AA",19805,"AA","2668",11267,"DAY","Dayton, OH","OH",11298,"DFW","Dallas/Fort Worth, TX","TX","1625","1639",14.00,14.00,33.00,11.00,"1755","1903",68.00,68.00,0.00,"",0.00,150.00,204.00,160.00,1.00,861.00,5.00,0.00,54.00,0.00,9.00,
2016,7,26,2,2016-07-26,"AA",19805,"AA","2668",11267,"DAY","Dayton, OH","OH",11298,"DFW","Dallas/Fort Worth, TX","TX","1625","1641",16.00,16.00,16.00,9.00,"1755","1846",51.00,51.00,0.00,"",0.00,150.00,185.00,160.00,1.00,861.00,0.00,16.00,35.00,0.00,0.00,
2016,7,27,3,2016-07-27,"AA",19805,"AA","2668",11267,"DAY","Dayton, OH","OH",11298,"DFW","Dallas/Fort Worth, TX","TX","1625","1719",54.00,54.00,16.00,6.00,"1755","1913",78.00,78.00,0.00,"",0.00,150.00,174.00,152.00,1.00,861.00,0.00,0.00,78.00,0.00,0.00,
2016,7,28,4,2016-07-28,"AA",19805,"AA","2668",11267,"DAY","Dayton, OH","OH",11298,"DFW","Dallas/Fort Worth, TX","TX","1625","1726",61.00,61.00,13.00,15.00,"1755","1857",62.00,62.00,0.00,"",0.00,150.00,151.00,123.00,1.00,861.00,7.00,0.00,1.00,0.00,54.00,
2016,7,29,5,2016-07-29,"AA",19805,"AA","2668",11267,"DAY","Dayton, OH","OH",11298,"DFW","Dallas/Fort Worth, TX","TX","1625","1623",-2.00,0.00,11.00,6.00,"1755","1745",-10.00,0.00,0.00,"",0.00,150.00,142.00,125.00,1.00,861.00,,,,,,
2016,7,31,7,2016-07-31,"AA",19805,"AA","2668",11267,"DAY","Dayton, OH","OH",11298,"DFW","Dallas/Fort Worth, TX","TX","1625","1624",-1.00,0.00,11.00,14.00,"1755","1747",-8.00,0.00,0.00,"",0.00,150.00,143.00,118.00,1.00,861.00,,,,,,
2016,7,1,5,2016-07-01,"AA",19805,"AA","2668",11298,"DFW","Dallas/Fort Worth, TX","TX",11267,"DAY","Dayton, OH","OH","1225","1221",-4.00,0.00,12.00,5.00,"1545","1531",-14.00,0.00,0.00,"",0.00,140.00,130.00,113.00,1.00,861.00,,,,,,
2016,7,3,7,2016-07-03,"AA",19805,"AA","2668",11298,"DFW","Dallas/Fort Worth, TX","TX",11267,"DAY","Dayton, OH","OH","1225","1224",-1.00,0.00,14.00,6.00,"1545","1534",-11.00,0.00,0.00,"",0.00,140.00,130.00,110.00,1.00,861.00,,,,,,
2016,7,4,1,2016-07-04,"AA",19805,"AA","2668",11298,"DFW","Dallas/Fort Worth, TX","TX",11267,"DAY","Dayton, OH","OH","1225","1237",12.00,12.00,25.00,3.00,"1545","1553",8.00,8.00,0.00,"",0.00,140.00,136.00,108.00,1.00,861.00,,,,,,
2016,7,5,2,2016-07-05,"AA",19805,"AA","2668",11298,"DFW","Dallas/Fort Worth, TX","TX",11267,"DAY","Dayton, OH","OH","1225","1222",-3.00,0.00,14.00,4.00,"1545","1528",-17.00,0.00,0.00,"",0.00,140.00,126.00,108.00,1.00,861.00,,,,,,
2016,7,6,3,2016-07-06,"AA",19805,"AA","2668",11298,"DFW","Dallas/Fort Worth, TX","TX",11267,"DAY","Dayton, OH","OH","1225","1231",6.00,6.00,10.00,5.00,"1545","1542",-3.00,0.00,0.00,"",0.00,140.00,131.00,116.00,1.00,861.00,,,,,,
2016,7,7,4,2016-07-07,"AA",19805,"AA","2668",11298,"DFW","Dallas/Fort Worth, TX","TX",11267,"DAY","Dayton, OH","OH","1225","1223",-2.00,0.00,14.00,5.00,"1545","1536",-9.00,0.00,0.00,"",0.00,140.00,133.00,114.00,1.00,861.00,,,,,,
2016,7,8,5,2016-07-08,"AA",19805,"AA","2668",11298,"DFW","Dallas/Fort Worth, TX","TX",11267,"DAY","Dayton, OH","OH","1225","1309",44.00,44.00,12.00,4.00,"1545","1616",31.00,31.00,0.00,"",0.00,140.00,127.00,111.00,1.00,861.00,0.00,0.00,0.00,0.00,31.00,
2016,7,10,7,2016-07-10,"AA",19805,"AA","2668",11298,"DFW","Dallas/Fort Worth, TX","TX",11267,"DAY","Dayton, OH","OH","1225","1220",-5.00,0.00,11.00,4.00,"1545","1523",-22.00,0.00,0.00,"",0.00,140.00,123.00,108.00,1.00,861.00,,,,,,
2016,7,11,1,2016-07-11,"AA",19805,"AA","2668",11298,"DFW","Dallas/Fort Worth, TX","TX",11267,"DAY","Dayton, OH","OH","1225","1217",-8.00,0.00,10.00,10.00,"1545","1525",-20.00,0.00,0.00,"",0.00,140.00,128.00,108.00,1.00,861.00,,,,,,
2016,7,12,2,2016-07-12,"AA",19805,"AA","2668",11298,"DFW","Dallas/Fort Worth, TX","TX",11267,"DAY","Dayton, OH","OH","1225","1222",-3.00,0.00,9.00,4.00,"1545","1530",-15.00,0.00,0.00,"",0.00,140.00,128.00,115.00,1.00,861.00,,,,,,
2016,7,13,3,2016-07-13,"AA",19805,"AA","2668",11298,"DFW","Dallas/Fort Worth, TX","TX",11267,"DAY","Dayton, OH","OH","1225","1221",-4.00,0.00,11.00,9.00,"1545","1530",-15.00,0.00,0.00,"",0.00,140.00,129.00,109.00,1.00,861.00,,,,,,
2016,7,14,4,2016-07-14,"AA",19805,"AA","2668",11298,"DFW","Dallas/Fort Worth, TX","TX",11267,"DAY","Dayton, OH","OH","1225","1457",152.00,152.00,18.00,9.00,"1545","1823",158.00,158.00,0.00,"",0.00,140.00,146.00,119.00,1.00,861.00,63.00,0.00,6.00,0.00,89.00,
2016,7,15,5,2016-07-15,"AA",19805,"AA","2668",11298,"DFW","Dallas/Fort Worth, TX","TX",11267,"DAY","Dayton, OH","OH","1225","1356",91.00,91.00,13.00,5.00,"1545","1704",79.00,79.00,0.00,"",0.00,140.00,128.00,110.00,1.00,861.00,55.00,0.00,0.00,0.00,24.00,
2016,7,17,7,2016-07-17,"AA",19805,"AA","2668",11298,"DFW","Dallas/Fort Worth, TX","TX",11267,"DAY","Dayton, OH","OH","1225","1221",-4.00,0.00,16.00,4.00,"1545","1531",-14.00,0.00,0.00,"",0.00,140.00,130.00,110.00,1.00,861.00,,,,,,
2016,7,18,1,2016-07-18,"AA",19805,"AA","2668",11298,"DFW","Dallas/Fort Worth, TX","TX",11267,"DAY","Dayton, OH","OH","1225","1218",-7.00,0.00,16.00,5.00,"1545","1531",-14.00,0.00,0.00,"",0.00,140.00,133.00,112.00,1.00,861.00,,,,,,
2016,7,19,2,2016-07-19,"AA",19805,"AA","2668",11298,"DFW","Dallas/Fort Worth, TX","TX",11267,"DAY","Dayton, OH","OH","1225","1220",-5.00,0.00,16.00,4.00,"1545","1530",-15.00,0.00,0.00,"",0.00,140.00,130.00,110.00,1.00,861.00,,,,,,
2016,7,20,3,2016-07-20,"AA",19805,"AA","2668",11298,"DFW","Dallas/Fort Worth, TX","TX",11267,"DAY","Dayton, OH","OH","1225","1221",-4.00,0.00,12.00,5.00,"1545","1532",-13.00,0.00,0.00,"",0.00,140.00,131.00,114.00,1.00,861.00,,,,,,
2016,7,21,4,2016-07-21,"AA",19805,"AA","2668",11298,"DFW","Dallas/Fort Worth, TX","TX",11267,"DAY","Dayton, OH","OH","1225","1226",1.00,1.00,15.00,4.00,"1545","1541",-4.00,0.00,0.00,"",0.00,140.00,135.00,116.00,1.00,861.00,,,,,,
2016,7,22,5,2016-07-22,"AA",19805,"AA","2668",11298,"DFW","Dallas/Fort Worth, TX","TX",11267,"DAY","Dayton, OH","OH","1225","1243",18.00,18.00,19.00,4.00,"1545","1603",18.00,18.00,0.00,"",0.00,140.00,140.00,117.00,1.00,861.00,9.00,0.00,0.00,0.00,9.00,
2016,7,24,7,2016-07-24,"AA",19805,"AA","2668",11298,"DFW","Dallas/Fort Worth, TX","TX",11267,"DAY","Dayton, OH","OH","1225","1237",12.00,12.00,13.00,5.00,"1545","1548",3.00,3.00,0.00,"",0.00,140.00,131.00,113.00,1.00,861.00,,,,,,
2016,7,25,1,2016-07-25,"AA",19805,"AA","2668",11298,"DFW","Dallas/Fort Worth, TX","TX",11267,"DAY","Dayton, OH","OH","1225","1235",10.00,10.00,18.00,6.00,"1545","1554",9.00,9.00,0.00,"",0.00,140.00,139.00,115.00,1.00,861.00,,,,,,
2016,7,26,2,2016-07-26,"AA",19805,"AA","2668",11298,"DFW","Dallas/Fort Worth, TX","TX",11267,"DAY","Dayton, OH","OH","1225","1220",-5.00,0.00,11.00,5.00,"1545","1534",-11.00,0.00,0.00,"",0.00,140.00,134.00,118.00,1.00,861.00,,,,,,
2016,7,27,3,2016-07-27,"AA",19805,"AA","2668",11298,"DFW","Dallas/Fort Worth, TX","TX",11267,"DAY","Dayton, OH","OH","1225","1218",-7.00,0.00,15.00,3.00,"1545","1532",-13.00,0.00,0.00,"",0.00,140.00,134.00,116.00,1.00,861.00,,,,,,
2016,7,28,4,2016-07-28,"AA",19805,"AA","2668",11298,"DFW","Dallas/Fort Worth, TX","TX",11267,"DAY","Dayton, OH","OH","1225","1329",64.00,64.00,14.00,5.00,"1545","1639",54.00,54.00,0.00,"",0.00,140.00,130.00,111.00,1.00,861.00,0.00,0.00,0.00,0.00,54.00,
2016,7,29,5,2016-07-29,"AA",19805,"AA","2668",11298,"DFW","Dallas/Fort Worth, TX","TX",11267,"DAY","Dayton, OH","OH","1225","1220",-5.00,0.00,13.00,4.00,"1545","1527",-18.00,0.00,0.00,"",0.00,140.00,127.00,110.00,1.00,861.00,,,,,,
2016,7,31,7,2016-07-31,"AA",19805,"AA","2668",11298,"DFW","Dallas/Fort Worth, TX","TX",11267,"DAY","Dayton, OH","OH","1225","1230",5.00,5.00,10.00,7.00,"1545","1542",-3.00,0.00,0.00,"",0.00,140.00,132.00,115.00,1.00,861.00,,,,,,
2016,7,24,7,2016-07-24,"AA",19805,"AA","2669",11109,"COS","Colorado Springs, CO","CO",11298,"DFW","Dallas/Fort Worth, TX","TX","2000","2000",0.00,0.00,14.00,10.00,"2250","2244",-6.00,0.00,0.00,"",0.00,110.00,104.00,80.00,1.00,592.00,,,,,,
2016,7,1,5,2016-07-01,"AA",19805,"AA","2669",11298,"DFW","Dallas/Fort Worth, TX","TX",13303,"MIA","Miami, FL","FL","2340","0059",79.00,79.00,17.00,9.00,"0334","0445",71.00,71.00,0.00,"",0.00,174.00,166.00,140.00,1.00,1121.00,0.00,0.00,0.00,0.00,71.00,
2016,7,1,5,2016-07-01,"AA",19805,"AA","2670",12892,"LAX","Los Angeles, CA","CA",12264,"IAD","Washington, DC","VA","0948","1002",14.00,14.00,31.00,6.00,"1755","1804",9.00,9.00,0.00,"",0.00,307.00,302.00,265.00,1.00,2288.00,,,,,,
2016,7,2,6,2016-07-02,"AA",19805,"AA","2670",12892,"LAX","Los Angeles, CA","CA",12264,"IAD","Washington, DC","VA","0948","0949",1.00,1.00,17.00,7.00,"1755","1744",-11.00,0.00,0.00,"",0.00,307.00,295.00,271.00,1.00,2288.00,,,,,,
2016,7,3,7,2016-07-03,"AA",19805,"AA","2670",12892,"LAX","Los Angeles, CA","CA",12264,"IAD","Washington, DC","VA","0948","0949",1.00,1.00,17.00,7.00,"1755","1733",-22.00,0.00,0.00,"",0.00,307.00,284.00,260.00,1.00,2288.00,,,,,,
2016,7,4,1,2016-07-04,"AA",19805,"AA","2670",12892,"LAX","Los Angeles, CA","CA",12264,"IAD","Washington, DC","VA","0948","0947",-1.00,0.00,15.00,14.00,"1755","1734",-21.00,0.00,0.00,"",0.00,307.00,287.00,258.00,1.00,2288.00,,,,,,
2016,7,5,2,2016-07-05,"AA",19805,"AA","2670",12892,"LAX","Los Angeles, CA","CA",12264,"IAD","Washington, DC","VA","0950","1026",36.00,36.00,34.00,4.00,"1757","1823",26.00,26.00,0.00,"",0.00,307.00,297.00,259.00,1.00,2288.00,4.00,0.00,0.00,0.00,22.00,
2016,7,6,3,2016-07-06,"AA",19805,"AA","2670",12892,"LAX","Los Angeles, CA","CA",12264,"IAD","Washington, DC","VA","0950","0948",-2.00,0.00,26.00,3.00,"1757","1800",3.00,3.00,0.00,"",0.00,307.00,312.00,283.00,1.00,2288.00,,,,,,
2016,7,7,4,2016-07-07,"AA",19805,"AA","2670",12892,"LAX","Los Angeles, CA","CA",12264,"IAD","Washington, DC","VA","0950","0946",-4.00,0.00,29.00,7.00,"1757","1755",-2.00,0.00,0.00,"",0.00,307.00,309.00,273.00,1.00,2288.00,,,,,,
2016,7,8,5,2016-07-08,"AA",19805,"AA","2670",12892,"LAX","Los Angeles, CA","CA",12264,"IAD","Washington, DC","VA","0950","0947",-3.00,0.00,26.00,7.00,"1757","1741",-16.00,0.00,0.00,"",0.00,307.00,294.00,261.00,1.00,2288.00,,,,,,
2016,7,9,6,2016-07-09,"AA",19805,"AA","2670",12892,"LAX","Los Angeles, CA","CA",12264,"IAD","Washington, DC","VA","0950","0953",3.00,3.00,24.00,4.00,"1757","1752",-5.00,0.00,0.00,"",0.00,307.00,299.00,271.00,1.00,2288.00,,,,,,
2016,7,10,7,2016-07-10,"AA",19805,"AA","2670",12892,"LAX","Los Angeles, CA","CA",12264,"IAD","Washington, DC","VA","0950","0950",0.00,0.00,22.00,5.00,"1757","1751",-6.00,0.00,0.00,"",0.00,307.00,301.00,274.00,1.00,2288.00,,,,,,
2016,7,11,1,2016-07-11,"AA",19805,"AA","2670",12892,"LAX","Los Angeles, CA","CA",12264,"IAD","Washington, DC","VA","0950","0945",-5.00,0.00,18.00,5.00,"1757","1742",-15.00,0.00,0.00,"",0.00,307.00,297.00,274.00,1.00,2288.00,,,,,,
2016,7,12,2,2016-07-12,"AA",19805,"AA","2670",12892,"LAX","Los Angeles, CA","CA",12264,"IAD","Washington, DC","VA","0950","0942",-8.00,0.00,36.00,5.00,"1757","1744",-13.00,0.00,0.00,"",0.00,307.00,302.00,261.00,1.00,2288.00,,,,,,
2016,7,13,3,2016-07-13,"AA",19805,"AA","2670",12892,"LAX","Los Angeles, CA","CA",12264,"IAD","Washington, DC","VA","0950","0946",-4.00,0.00,39.00,5.00,"1757","1842",45.00,45.00,0.00,"",0.00,307.00,356.00,312.00,1.00,2288.00,0.00,0.00,45.00,0.00,0.00,
2016,7,14,4,2016-07-14,"AA",19805,"AA","2670",12892,"LAX","Los Angeles, CA","CA",12264,"IAD","Washington, DC","VA","0950","0950",0.00,0.00,40.00,5.00,"1757","1759",2.00,2.00,0.00,"",0.00,307.00,309.00,264.00,1.00,2288.00,,,,,,
2016,7,15,5,2016-07-15,"AA",19805,"AA","2670",12892,"LAX","Los Angeles, CA","CA",12264,"IAD","Washington, DC","VA","0950","1006",16.00,16.00,24.00,6.00,"1757","1811",14.00,14.00,0.00,"",0.00,307.00,305.00,275.00,1.00,2288.00,,,,,,
2016,7,16,6,2016-07-16,"AA",19805,"AA","2670",12892,"LAX","Los Angeles, CA","CA",12264,"IAD","Washington, DC","VA","0950","0948",-2.00,0.00,26.00,5.00,"1757","1739",-18.00,0.00,0.00,"",0.00,307.00,291.00,260.00,1.00,2288.00,,,,,,
2016,7,17,7,2016-07-17,"AA",19805,"AA","2670",12892,"LAX","Los Angeles, CA","CA",12264,"IAD","Washington, DC","VA","0950","1024",34.00,34.00,16.00,5.00,"1757","1817",20.00,20.00,0.00,"",0.00,307.00,293.00,272.00,1.00,2288.00,9.00,0.00,0.00,0.00,11.00,
2016,7,18,1,2016-07-18,"AA",19805,"AA","2670",12892,"LAX","Los Angeles, CA","CA",12264,"IAD","Washington, DC","VA","0950","1053",63.00,63.00,16.00,3.00,"1757","1921",84.00,84.00,0.00,"",0.00,307.00,328.00,309.00,1.00,2288.00,0.00,0.00,84.00,0.00,0.00,
2016,7,19,2,2016-07-19,"AA",19805,"AA","2670",12892,"LAX","Los Angeles, CA","CA",12264,"IAD","Washington, DC","VA","0950","1017",27.00,27.00,33.00,5.00,"1757","1832",35.00,35.00,0.00,"",0.00,307.00,315.00,277.00,1.00,2288.00,0.00,0.00,8.00,0.00,27.00,
2016,7,20,3,2016-07-20,"AA",19805,"AA","2670",12892,"LAX","Los Angeles, CA","CA",12264,"IAD","Washington, DC","VA","0950","1001",11.00,11.00,21.00,4.00,"1757","1807",10.00,10.00,0.00,"",0.00,307.00,306.00,281.00,1.00,2288.00,,,,,,
2016,7,21,4,2016-07-21,"AA",19805,"AA","2670",12892,"LAX","Los Angeles, CA","CA",12264,"IAD","Washington, DC","VA","0950","1014",24.00,24.00,14.00,6.00,"1757","1810",13.00,13.00,0.00,"",0.00,307.00,296.00,276.00,1.00,2288.00,,,,,,
2016,7,22,5,2016-07-22,"AA",19805,"AA","2670",12892,"LAX","Los Angeles, CA","CA",12264,"IAD","Washington, DC","VA","0950","1007",17.00,17.00,33.00,5.00,"1757","1833",36.00,36.00,0.00,"",0.00,307.00,326.00,288.00,1.00,2288.00,0.00,0.00,19.00,0.00,17.00,
2016,7,23,6,2016-07-23,"AA",19805,"AA","2670",12892,"LAX","Los Angeles, CA","CA",12264,"IAD","Washington, DC","VA","0950","1002",12.00,12.00,19.00,5.00,"1757","1759",2.00,2.00,0.00,"",0.00,307.00,297.00,273.00,1.00,2288.00,,,,,,
2016,7,24,7,2016-07-24,"AA",19805,"AA","2670",12892,"LAX","Los Angeles, CA","CA",12264,"IAD","Washington, DC","VA","0950","0959",9.00,9.00,26.00,5.00,"1757","1811",14.00,14.00,0.00,"",0.00,307.00,312.00,281.00,1.00,2288.00,,,,,,
2016,7,25,1,2016-07-25,"AA",19805,"AA","2670",12892,"LAX","Los Angeles, CA","CA",12264,"IAD","Washington, DC","VA","0950","0948",-2.00,0.00,26.00,7.00,"1757","1740",-17.00,0.00,0.00,"",0.00,307.00,292.00,259.00,1.00,2288.00,,,,,,
2016,7,26,2,2016-07-26,"AA",19805,"AA","2670",12892,"LAX","Los Angeles, CA","CA",12264,"IAD","Washington, DC","VA","0950","1000",10.00,10.00,33.00,6.00,"1757","1805",8.00,8.00,0.00,"",0.00,307.00,305.00,266.00,1.00,2288.00,,,,,,
2016,7,27,3,2016-07-27,"AA",19805,"AA","2670",12892,"LAX","Los Angeles, CA","CA",12264,"IAD","Washington, DC","VA","0950","0947",-3.00,0.00,18.00,6.00,"1757","1745",-12.00,0.00,0.00,"",0.00,307.00,298.00,274.00,1.00,2288.00,,,,,,
2016,7,28,4,2016-07-28,"AA",19805,"AA","2670",12892,"LAX","Los Angeles, CA","CA",12264,"IAD","Washington, DC","VA","0950","1051",61.00,61.00,13.00,5.00,"1757","1856",59.00,59.00,0.00,"",0.00,307.00,305.00,287.00,1.00,2288.00,0.00,0.00,59.00,0.00,0.00,
2016,7,29,5,2016-07-29,"AA",19805,"AA","2670",12892,"LAX","Los Angeles, CA","CA",12264,"IAD","Washington, DC","VA","0950","1249",179.00,179.00,22.00,6.00,"1757","2049",172.00,172.00,0.00,"",0.00,307.00,300.00,272.00,1.00,2288.00,120.00,0.00,0.00,0.00,52.00,
2016,7,30,6,2016-07-30,"AA",19805,"AA","2670",12892,"LAX","Los Angeles, CA","CA",12264,"IAD","Washington, DC","VA","0950","1020",30.00,30.00,27.00,13.00,"1757","1837",40.00,40.00,0.00,"",0.00,307.00,317.00,277.00,1.00,2288.00,0.00,0.00,40.00,0.00,0.00,
2016,7,31,7,2016-07-31,"AA",19805,"AA","2670",12892,"LAX","Los Angeles, CA","CA",12264,"IAD","Washington, DC","VA","0950","0948",-2.00,0.00,16.00,7.00,"1757","1759",2.00,2.00,0.00,"",0.00,307.00,311.00,288.00,1.00,2288.00,,,,,,
2016,7,1,5,2016-07-01,"AA",19805,"AA","2671",13930,"ORD","Chicago, IL","IL",14831,"SJC","San Jose, CA","CA","0730","0936",126.00,126.00,14.00,3.00,"0958","1204",126.00,126.00,0.00,"",0.00,268.00,268.00,251.00,1.00,1829.00,126.00,0.00,0.00,0.00,0.00,
2016,7,2,6,2016-07-02,"AA",19805,"AA","2671",13930,"ORD","Chicago, IL","IL",14831,"SJC","San Jose, CA","CA","0730","0726",-4.00,0.00,18.00,8.00,"0958","1015",17.00,17.00,0.00,"",0.00,268.00,289.00,263.00,1.00,1829.00,0.00,0.00,17.00,0.00,0.00,
2016,7,3,7,2016-07-03,"AA",19805,"AA","2671",13930,"ORD","Chicago, IL","IL",14831,"SJC","San Jose, CA","CA","0730","0822",52.00,52.00,16.00,4.00,"0958","1050",52.00,52.00,0.00,"",0.00,268.00,268.00,248.00,1.00,1829.00,52.00,0.00,0.00,0.00,0.00,
2016,7,4,1,2016-07-04,"AA",19805,"AA","2671",13930,"ORD","Chicago, IL","IL",14831,"SJC","San Jose, CA","CA","0730","0724",-6.00,0.00,16.00,5.00,"0958","0951",-7.00,0.00,0.00,"",0.00,268.00,267.00,246.00,1.00,1829.00,,,,,,
2016,7,5,2,2016-07-05,"AA",19805,"AA","2671",13930,"ORD","Chicago, IL","IL",14831,"SJC","San Jose, CA","CA","0740","0744",4.00,4.00,11.00,8.00,"1007","1015",8.00,8.00,0.00,"",0.00,267.00,271.00,252.00,1.00,1829.00,,,,,,
2016,7,6,3,2016-07-06,"AA",19805,"AA","2671",13930,"ORD","Chicago, IL","IL",14831,"SJC","San Jose, CA","CA","0740","0858",78.00,78.00,13.00,2.00,"1007","1119",72.00,72.00,0.00,"",0.00,267.00,261.00,246.00,1.00,1829.00,72.00,0.00,0.00,0.00,0.00,
2016,7,7,4,2016-07-07,"AA",19805,"AA","2671",13930,"ORD","Chicago, IL","IL",14831,"SJC","San Jose, CA","CA","0740","0734",-6.00,0.00,50.00,4.00,"1007","1026",19.00,19.00,0.00,"",0.00,267.00,292.00,238.00,1.00,1829.00,0.00,0.00,19.00,0.00,0.00,
2016,7,8,5,2016-07-08,"AA",19805,"AA","2671",13930,"ORD","Chicago, IL","IL",14831,"SJC","San Jose, CA","CA","0740","0738",-2.00,0.00,22.00,6.00,"1007","1016",9.00,9.00,0.00,"",0.00,267.00,278.00,250.00,1.00,1829.00,,,,,,
2016,7,9,6,2016-07-09,"AA",19805,"AA","2671",13930,"ORD","Chicago, IL","IL",14831,"SJC","San Jose, CA","CA","0740","0732",-8.00,0.00,13.00,4.00,"1007","0954",-13.00,0.00,0.00,"",0.00,267.00,262.00,245.00,1.00,1829.00,,,,,,
2016,7,10,7,2016-07-10,"AA",19805,"AA","2671",13930,"ORD","Chicago, IL","IL",14831,"SJC","San Jose, CA","CA","0740","0738",-2.00,0.00,11.00,5.00,"1007","0958",-9.00,0.00,0.00,"",0.00,267.00,260.00,244.00,1.00,1829.00,,,,,,
2016,7,11,1,2016-07-11,"AA",19805,"AA","2671",13930,"ORD","Chicago, IL","IL",14831,"SJC","San Jose, CA","CA","0740","0738",-2.00,0.00,16.00,7.00,"1007","1002",-5.00,0.00,0.00,"",0.00,267.00,264.00,241.00,1.00,1829.00,,,,,,
2016,7,12,2,2016-07-12,"AA",19805,"AA","2671",13930,"ORD","Chicago, IL","IL",14831,"SJC","San Jose, CA","CA","0740","0737",-3.00,0.00,13.00,3.00,"1007","1005",-2.00,0.00,0.00,"",0.00,267.00,268.00,252.00,1.00,1829.00,,,,,,
2016,7,13,3,2016-07-13,"AA",19805,"AA","2671",13930,"ORD","Chicago, IL","IL",14831,"SJC","San Jose, CA","CA","0740","0733",-7.00,0.00,12.00,3.00,"1007","1004",-3.00,0.00,0.00,"",0.00,267.00,271.00,256.00,1.00,1829.00,,,,,,
2016,7,14,4,2016-07-14,"AA",19805,"AA","2671",13930,"ORD","Chicago, IL","IL",14831,"SJC","San Jose, CA","CA","0740","0740",0.00,0.00,13.00,6.00,"1007","1015",8.00,8.00,0.00,"",0.00,267.00,275.00,256.00,1.00,1829.00,,,,,,
2016,7,15,5,2016-07-15,"AA",19805,"AA","2671",13930,"ORD","Chicago, IL","IL",14831,"SJC","San Jose, CA","CA","0740","0734",-6.00,0.00,17.00,7.00,"1007","1019",12.00,12.00,0.00,"",0.00,267.00,285.00,261.00,1.00,1829.00,,,,,,
2016,7,16,6,2016-07-16,"AA",19805,"AA","2671",13930,"ORD","Chicago, IL","IL",14831,"SJC","San Jose, CA","CA","0740","0731",-9.00,0.00,14.00,6.00,"1007","1002",-5.00,0.00,0.00,"",0.00,267.00,271.00,251.00,1.00,1829.00,,,,,,
2016,7,17,7,2016-07-17,"AA",19805,"AA","2671",13930,"ORD","Chicago, IL","IL",14831,"SJC","San Jose, CA","CA","0740","0735",-5.00,0.00,12.00,6.00,"1007","1011",4.00,4.00,0.00,"",0.00,267.00,276.00,258.00,1.00,1829.00,,,,,,
2016,7,18,1,2016-07-18,"AA",19805,"AA","2671",13930,"ORD","Chicago, IL","IL",14831,"SJC","San Jose, CA","CA","0740","0738",-2.00,0.00,27.00,4.00,"1007","1018",11.00,11.00,0.00,"",0.00,267.00,280.00,249.00,1.00,1829.00,,,,,,
2016,7,19,2,2016-07-19,"AA",19805,"AA","2671",13930,"ORD","Chicago, IL","IL",14831,"SJC","San Jose, CA","CA","0740","0748",8.00,8.00,13.00,4.00,"1007","1011",4.00,4.00,0.00,"",0.00,267.00,263.00,246.00,1.00,1829.00,,,,,,
2016,7,20,3,2016-07-20,"AA",19805,"AA","2671",13930,"ORD","Chicago, IL","IL",14831,"SJC","San Jose, CA","CA","0740","0734",-6.00,0.00,32.00,5.00,"1007","1019",12.00,12.00,0.00,"",0.00,267.00,285.00,248.00,1.00,1829.00,,,,,,
2016,7,21,4,2016-07-21,"AA",19805,"AA","2671",13930,"ORD","Chicago, IL","IL",14831,"SJC","San Jose, CA","CA","0740","0737",-3.00,0.00,13.00,3.00,"1007","0947",-20.00,0.00,0.00,"",0.00,267.00,250.00,234.00,1.00,1829.00,,,,,,
2016,7,22,5,2016-07-22,"AA",19805,"AA","2671",13930,"ORD","Chicago, IL","IL",14831,"SJC","San Jose, CA","CA","0740","0737",-3.00,0.00,8.00,4.00,"1007","0949",-18.00,0.00,0.00,"",0.00,267.00,252.00,240.00,1.00,1829.00,,,,,,
2016,7,23,6,2016-07-23,"AA",19805,"AA","2671",13930,"ORD","Chicago, IL","IL",14831,"SJC","San Jose, CA","CA","0740","0740",0.00,0.00,10.00,3.00,"1007","0955",-12.00,0.00,0.00,"",0.00,267.00,255.00,242.00,1.00,1829.00,,,,,,
2016,7,24,7,2016-07-24,"AA",19805,"AA","2671",13930,"ORD","Chicago, IL","IL",14831,"SJC","San Jose, CA","CA","0740","0737",-3.00,0.00,12.00,3.00,"1007","1001",-6.00,0.00,0.00,"",0.00,267.00,264.00,249.00,1.00,1829.00,,,,,,
2016,7,25,1,2016-07-25,"AA",19805,"AA","2671",13930,"ORD","Chicago, IL","IL",14831,"SJC","San Jose, CA","CA","0740","0746",6.00,6.00,11.00,5.00,"1007","1011",4.00,4.00,0.00,"",0.00,267.00,265.00,249.00,1.00,1829.00,,,,,,
2016,7,26,2,2016-07-26,"AA",19805,"AA","2671",13930,"ORD","Chicago, IL","IL",14831,"SJC","San Jose, CA","CA","0740","0737",-3.00,0.00,15.00,6.00,"1007","1004",-3.00,0.00,0.00,"",0.00,267.00,267.00,246.00,1.00,1829.00,,,,,,
2016,7,27,3,2016-07-27,"AA",19805,"AA","2671",13930,"ORD","Chicago, IL","IL",14831,"SJC","San Jose, CA","CA","0740","0735",-5.00,0.00,13.00,4.00,"1007","0946",-21.00,0.00,0.00,"",0.00,267.00,251.00,234.00,1.00,1829.00,,,,,,
2016,7,28,4,2016-07-28,"AA",19805,"AA","2671",13930,"ORD","Chicago, IL","IL",14831,"SJC","San Jose, CA","CA","0740","0745",5.00,5.00,21.00,3.00,"1007","1006",-1.00,0.00,0.00,"",0.00,267.00,261.00,237.00,1.00,1829.00,,,,,,
2016,7,29,5,2016-07-29,"AA",19805,"AA","2671",13930,"ORD","Chicago, IL","IL",14831,"SJC","San Jose, CA","CA","0740","0758",18.00,18.00,24.00,3.00,"1007","1029",22.00,22.00,0.00,"",0.00,267.00,271.00,244.00,1.00,1829.00,18.00,0.00,4.00,0.00,0.00,
2016,7,30,6,2016-07-30,"AA",19805,"AA","2671",13930,"ORD","Chicago, IL","IL",14831,"SJC","San Jose, CA","CA","0740","0743",3.00,3.00,16.00,4.00,"1007","1006",-1.00,0.00,0.00,"",0.00,267.00,263.00,243.00,1.00,1829.00,,,,,,
2016,7,31,7,2016-07-31,"AA",19805,"AA","2671",13930,"ORD","Chicago, IL","IL",14831,"SJC","San Jose, CA","CA","0740","0737",-3.00,0.00,13.00,4.00,"1007","0958",-9.00,0.00,0.00,"",0.00,267.00,261.00,244.00,1.00,1829.00,,,,,,
2016,7,1,5,2016-07-01,"AA",19805,"AA","2671",14831,"SJC","San Jose, CA","CA",13930,"ORD","Chicago, IL","IL","1115","1306",111.00,111.00,14.00,12.00,"1738","1913",95.00,95.00,0.00,"",0.00,263.00,247.00,221.00,1.00,1829.00,15.00,0.00,0.00,0.00,80.00,
2016,7,2,6,2016-07-02,"AA",19805,"AA","2671",14831,"SJC","San Jose, CA","CA",13930,"ORD","Chicago, IL","IL","1115","1111",-4.00,0.00,10.00,19.00,"1738","1721",-17.00,0.00,0.00,"",0.00,263.00,250.00,221.00,1.00,1829.00,,,,,,
2016,7,3,7,2016-07-03,"AA",19805,"AA","2671",14831,"SJC","San Jose, CA","CA",13930,"ORD","Chicago, IL","IL","1115","1133",18.00,18.00,15.00,17.00,"1738","1748",10.00,10.00,0.00,"",0.00,263.00,255.00,223.00,1.00,1829.00,,,,,,
2016,7,4,1,2016-07-04,"AA",19805,"AA","2671",14831,"SJC","San Jose, CA","CA",13930,"ORD","Chicago, IL","IL","1115","1110",-5.00,0.00,15.00,13.00,"1738","1725",-13.00,0.00,0.00,"",0.00,263.00,255.00,227.00,1.00,1829.00,,,,,,
2016,7,5,2,2016-07-05,"AA",19805,"AA","2671",14831,"SJC","San Jose, CA","CA",13930,"ORD","Chicago, IL","IL","1115","1111",-4.00,0.00,12.00,22.00,"1738","1719",-19.00,0.00,0.00,"",0.00,263.00,248.00,214.00,1.00,1829.00,,,,,,
2016,7,6,3,2016-07-06,"AA",19805,"AA","2671",14831,"SJC","San Jose, CA","CA",13930,"ORD","Chicago, IL","IL","1115","1202",47.00,47.00,12.00,42.00,"1738","1832",54.00,54.00,0.00,"",0.00,263.00,270.00,216.00,1.00,1829.00,0.00,0.00,7.00,0.00,47.00,
2016,7,7,4,2016-07-07,"AA",19805,"AA","2671",14831,"SJC","San Jose, CA","CA",13930,"ORD","Chicago, IL","IL","1115","1112",-3.00,0.00,14.00,18.00,"1738","1722",-16.00,0.00,0.00,"",0.00,263.00,250.00,218.00,1.00,1829.00,,,,,,
2016,7,8,5,2016-07-08,"AA",19805,"AA","2671",14831,"SJC","San Jose, CA","CA",13930,"ORD","Chicago, IL","IL","1115","1111",-4.00,0.00,12.00,12.00,"1738","1709",-29.00,0.00,0.00,"",0.00,263.00,238.00,214.00,1.00,1829.00,,,,,,
2016,7,9,6,2016-07-09,"AA",19805,"AA","2671",14831,"SJC","San Jose, CA","CA",13930,"ORD","Chicago, IL","IL","1122","1112",-10.00,0.00,11.00,16.00,"1745","1712",-33.00,0.00,0.00,"",0.00,263.00,240.00,213.00,1.00,1829.00,,,,,,
2016,7,10,7,2016-07-10,"AA",19805,"AA","2671",14831,"SJC","San Jose, CA","CA",13930,"ORD","Chicago, IL","IL","1115","1110",-5.00,0.00,12.00,13.00,"1738","1703",-35.00,0.00,0.00,"",0.00,263.00,233.00,208.00,1.00,1829.00,,,,,,
2016,7,11,1,2016-07-11,"AA",19805,"AA","2671",14831,"SJC","San Jose, CA","CA",13930,"ORD","Chicago, IL","IL","1115","1146",31.00,31.00,10.00,14.00,"1738","1735",-3.00,0.00,0.00,"",0.00,263.00,229.00,205.00,1.00,1829.00,,,,,,
2016,7,12,2,2016-07-12,"AA",19805,"AA","2671",14831,"SJC","San Jose, CA","CA",13930,"ORD","Chicago, IL","IL","1115","1114",-1.00,0.00,14.00,24.00,"1738","1724",-14.00,0.00,0.00,"",0.00,263.00,250.00,212.00,1.00,1829.00,,,,,,
2016,7,13,3,2016-07-13,"AA",19805,"AA","2671",14831,"SJC","San Jose, CA","CA",13930,"ORD","Chicago, IL","IL","1115","1151",36.00,36.00,18.00,17.00,"1738","1853",75.00,75.00,0.00,"",0.00,263.00,302.00,267.00,1.00,1829.00,0.00,0.00,75.00,0.00,0.00,
2016,7,14,4,2016-07-14,"AA",19805,"AA","2671",14831,"SJC","San Jose, CA","CA",13930,"ORD","Chicago, IL","IL","1115","1130",15.00,15.00,13.00,20.00,"1738","1740",2.00,2.00,0.00,"",0.00,263.00,250.00,217.00,1.00,1829.00,,,,,,
2016,7,15,5,2016-07-15,"AA",19805,"AA","2671",14831,"SJC","San Jose, CA","CA",13930,"ORD","Chicago, IL","IL","1115","1114",-1.00,0.00,10.00,15.00,"1738","1715",-23.00,0.00,0.00,"",0.00,263.00,241.00,216.00,1.00,1829.00,,,,,,
2016,7,16,6,2016-07-16,"AA",19805,"AA","2671",14831,"SJC","San Jose, CA","CA",13930,"ORD","Chicago, IL","IL","1122","1124",2.00,2.00,12.00,12.00,"1745","1712",-33.00,0.00,0.00,"",0.00,263.00,228.00,204.00,1.00,1829.00,,,,,,
2016,7,17,7,2016-07-17,"AA",19805,"AA","2671",14831,"SJC","San Jose, CA","CA",13930,"ORD","Chicago, IL","IL","1115","1109",-6.00,0.00,10.00,9.00,"1738","1653",-45.00,0.00,0.00,"",0.00,263.00,224.00,205.00,1.00,1829.00,,,,,,
2016,7,18,1,2016-07-18,"AA",19805,"AA","2671",14831,"SJC","San Jose, CA","CA",13930,"ORD","Chicago, IL","IL","1115","1113",-2.00,0.00,13.00,17.00,"1738","1714",-24.00,0.00,0.00,"",0.00,263.00,241.00,211.00,1.00,1829.00,,,,,,
2016,7,19,2,2016-07-19,"AA",19805,"AA","2671",14831,"SJC","San Jose, CA","CA",13930,"ORD","Chicago, IL","IL","1115","1112",-3.00,0.00,11.00,18.00,"1738","1716",-22.00,0.00,0.00,"",0.00,263.00,244.00,215.00,1.00,1829.00,,,,,,
2016,7,20,3,2016-07-20,"AA",19805,"AA","2671",14831,"SJC","San Jose, CA","CA",13930,"ORD","Chicago, IL","IL","1115","1110",-5.00,0.00,13.00,16.00,"1738","1724",-14.00,0.00,0.00,"",0.00,263.00,254.00,225.00,1.00,1829.00,,,,,,
2016,7,21,4,2016-07-21,"AA",19805,"AA","2671",14831,"SJC","San Jose, CA","CA",13930,"ORD","Chicago, IL","IL","1115","1136",21.00,21.00,17.00,43.00,"1738","1813",35.00,35.00,0.00,"",0.00,263.00,277.00,217.00,1.00,1829.00,0.00,0.00,35.00,0.00,0.00,
2016,7,22,5,2016-07-22,"AA",19805,"AA","2671",14831,"SJC","San Jose, CA","CA",13930,"ORD","Chicago, IL","IL","1115","1116",1.00,1.00,14.00,17.00,"1738","1731",-7.00,0.00,0.00,"",0.00,263.00,255.00,224.00,1.00,1829.00,,,,,,
2016,7,23,6,2016-07-23,"AA",19805,"AA","2671",14831,"SJC","San Jose, CA","CA",13930,"ORD","Chicago, IL","IL","1122","1423",181.00,181.00,21.00,162.00,"1745","2306",321.00,321.00,0.00,"",0.00,263.00,403.00,220.00,1.00,1829.00,0.00,0.00,140.00,0.00,181.00,
2016,7,24,7,2016-07-24,"AA",19805,"AA","2671",14831,"SJC","San Jose, CA","CA",13930,"ORD","Chicago, IL","IL","1115","1111",-4.00,0.00,14.00,9.00,"1738","1708",-30.00,0.00,0.00,"",0.00,263.00,237.00,214.00,1.00,1829.00,,,,,,
2016,7,25,1,2016-07-25,"AA",19805,"AA","2671",14831,"SJC","San Jose, CA","CA",13930,"ORD","Chicago, IL","IL","1115","1115",0.00,0.00,15.00,17.00,"1738","1721",-17.00,0.00,0.00,"",0.00,263.00,246.00,214.00,1.00,1829.00,,,,,,
2016,7,26,2,2016-07-26,"AA",19805,"AA","2671",14831,"SJC","San Jose, CA","CA",13930,"ORD","Chicago, IL","IL","1115","1106",-9.00,0.00,17.00,19.00,"1738","1717",-21.00,0.00,0.00,"",0.00,263.00,251.00,215.00,1.00,1829.00,,,,,,
2016,7,27,3,2016-07-27,"AA",19805,"AA","2671",14831,"SJC","San Jose, CA","CA",13930,"ORD","Chicago, IL","IL","1115","1110",-5.00,0.00,13.00,31.00,"1738","1726",-12.00,0.00,0.00,"",0.00,263.00,256.00,212.00,1.00,1829.00,,,,,,
2016,7,28,4,2016-07-28,"AA",19805,"AA","2671",14831,"SJC","San Jose, CA","CA",13930,"ORD","Chicago, IL","IL","1115","1114",-1.00,0.00,12.00,34.00,"1738","1810",32.00,32.00,0.00,"",0.00,263.00,296.00,250.00,1.00,1829.00,0.00,0.00,32.00,0.00,0.00,
2016,7,29,5,2016-07-29,"AA",19805,"AA","2671",14831,"SJC","San Jose, CA","CA",13930,"ORD","Chicago, IL","IL","1115","1140",25.00,25.00,87.00,15.00,"1738","1911",93.00,93.00,0.00,"",0.00,263.00,331.00,229.00,1.00,1829.00,0.00,0.00,93.00,0.00,0.00,
2016,7,30,6,2016-07-30,"AA",19805,"AA","2671",14831,"SJC","San Jose, CA","CA",13930,"ORD","Chicago, IL","IL","1122","1115",-7.00,0.00,12.00,15.00,"1745","1724",-21.00,0.00,0.00,"",0.00,263.00,249.00,222.00,1.00,1829.00,,,,,,
2016,7,31,7,2016-07-31,"AA",19805,"AA","2671",14831,"SJC","San Jose, CA","CA",13930,"ORD","Chicago, IL","IL","1115","1111",-4.00,0.00,11.00,11.00,"1738","1713",-25.00,0.00,0.00,"",0.00,263.00,242.00,220.00,1.00,1829.00,,,,,,
2016,7,1,5,2016-07-01,"AA",19805,"AA","2672",14893,"SMF","Sacramento, CA","CA",13930,"ORD","Chicago, IL","IL","2355","0120",85.00,85.00,13.00,21.00,"0602","0714",72.00,72.00,0.00,"",0.00,247.00,234.00,200.00,1.00,1781.00,5.00,0.00,0.00,0.00,67.00,
2016,7,4,1,2016-07-04,"AA",19805,"AA","2672",14893,"SMF","Sacramento, CA","CA",13930,"ORD","Chicago, IL","IL","2355","2345",-10.00,0.00,11.00,9.00,"0602","0531",-31.00,0.00,0.00,"",0.00,247.00,226.00,206.00,1.00,1781.00,,,,,,
2016,7,5,2,2016-07-05,"AA",19805,"AA","2672",14893,"SMF","Sacramento, CA","CA",13930,"ORD","Chicago, IL","IL","2355","2353",-2.00,0.00,13.00,8.00,"0602","0540",-22.00,0.00,0.00,"",0.00,247.00,227.00,206.00,1.00,1781.00,,,,,,
2016,7,6,3,2016-07-06,"AA",19805,"AA","2672",14893,"SMF","Sacramento, CA","CA",13930,"ORD","Chicago, IL","IL","2355","0040",45.00,45.00,12.00,11.00,"0602","0655",53.00,53.00,0.00,"",0.00,247.00,255.00,232.00,1.00,1781.00,3.00,0.00,8.00,0.00,42.00,
2016,7,7,4,2016-07-07,"AA",19805,"AA","2672",14893,"SMF","Sacramento, CA","CA",13930,"ORD","Chicago, IL","IL","2355","2357",2.00,2.00,11.00,4.00,"0602","0542",-20.00,0.00,0.00,"",0.00,247.00,225.00,210.00,1.00,1781.00,,,,,,
2016,7,8,5,2016-07-08,"AA",19805,"AA","2672",14893,"SMF","Sacramento, CA","CA",13930,"ORD","Chicago, IL","IL","2355","2351",-4.00,0.00,18.00,7.00,"0602","0539",-23.00,0.00,0.00,"",0.00,247.00,228.00,203.00,1.00,1781.00,,,,,,
2016,7,9,6,2016-07-09,"AA",19805,"AA","2672",14893,"SMF","Sacramento, CA","CA",13930,"ORD","Chicago, IL","IL","2355","2351",-4.00,0.00,15.00,6.00,"0602","0536",-26.00,0.00,0.00,"",0.00,247.00,225.00,204.00,1.00,1781.00,,,,,,
2016,7,10,7,2016-07-10,"AA",19805,"AA","2672",14893,"SMF","Sacramento, CA","CA",13930,"ORD","Chicago, IL","IL","2355","2345",-10.00,0.00,11.00,6.00,"0602","0520",-42.00,0.00,0.00,"",0.00,247.00,215.00,198.00,1.00,1781.00,,,,,,
2016,7,11,1,2016-07-11,"AA",19805,"AA","2672",14893,"SMF","Sacramento, CA","CA",13930,"ORD","Chicago, IL","IL","2355","0102",67.00,67.00,9.00,6.00,"0602","0643",41.00,41.00,0.00,"",0.00,247.00,221.00,206.00,1.00,1781.00,41.00,0.00,0.00,0.00,0.00,
2016,7,12,2,2016-07-12,"AA",19805,"AA","2672",14893,"SMF","Sacramento, CA","CA",13930,"ORD","Chicago, IL","IL","2355","0041",46.00,46.00,13.00,11.00,"0602","0621",19.00,19.00,0.00,"",0.00,247.00,220.00,196.00,1.00,1781.00,0.00,0.00,0.00,0.00,19.00,
2016,7,13,3,2016-07-13,"AA",19805,"AA","2672",14893,"SMF","Sacramento, CA","CA",13930,"ORD","Chicago, IL","IL","2355","0246",171.00,171.00,12.00,17.00,"0602","0830",148.00,148.00,0.00,"",0.00,247.00,224.00,195.00,1.00,1781.00,1.00,0.00,0.00,0.00,147.00,
2016,7,14,4,2016-07-14,"AA",19805,"AA","2672",14893,"SMF","Sacramento, CA","CA",13930,"ORD","Chicago, IL","IL","2355","0056",61.00,61.00,13.00,8.00,"0602","0632",30.00,30.00,0.00,"",0.00,247.00,216.00,195.00,1.00,1781.00,1.00,0.00,0.00,0.00,29.00,
2016,7,15,5,2016-07-15,"AA",19805,"AA","2672",14893,"SMF","Sacramento, CA","CA",13930,"ORD","Chicago, IL","IL","2355","2357",2.00,2.00,11.00,6.00,"0602","0528",-34.00,0.00,0.00,"",0.00,247.00,211.00,194.00,1.00,1781.00,,,,,,
2016,7,16,6,2016-07-16,"AA",19805,"AA","2672",14893,"SMF","Sacramento, CA","CA",13930,"ORD","Chicago, IL","IL","2355","2351",-4.00,0.00,13.00,7.00,"0602","0540",-22.00,0.00,0.00,"",0.00,247.00,229.00,209.00,1.00,1781.00,,,,,,
2016,7,17,7,2016-07-17,"AA",19805,"AA","2672",14893,"SMF","Sacramento, CA","CA",13930,"ORD","Chicago, IL","IL","2355","0036",41.00,41.00,15.00,7.00,"0602","0614",12.00,12.00,0.00,"",0.00,247.00,218.00,196.00,1.00,1781.00,,,,,,
2016,7,18,1,2016-07-18,"AA",19805,"AA","2672",14893,"SMF","Sacramento, CA","CA",13930,"ORD","Chicago, IL","IL","2355","2358",3.00,3.00,25.00,6.00,"0602","0547",-15.00,0.00,0.00,"",0.00,247.00,229.00,198.00,1.00,1781.00,,,,,,
2016,7,19,2,2016-07-19,"AA",19805,"AA","2672",14893,"SMF","Sacramento, CA","CA",13930,"ORD","Chicago, IL","IL","2355","0020",25.00,25.00,11.00,7.00,"0602","0601",-1.00,0.00,0.00,"",0.00,247.00,221.00,203.00,1.00,1781.00,,,,,,
2016,7,20,3,2016-07-20,"AA",19805,"AA","2672",14893,"SMF","Sacramento, CA","CA",13930,"ORD","Chicago, IL","IL","2355","2355",0.00,0.00,14.00,7.00,"0602","0546",-16.00,0.00,0.00,"",0.00,247.00,231.00,210.00,1.00,1781.00,,,,,,
2016,7,21,4,2016-07-21,"AA",19805,"AA","2672",14893,"SMF","Sacramento, CA","CA",13930,"ORD","Chicago, IL","IL","2355","0145",110.00,110.00,12.00,11.00,"0602","0734",92.00,92.00,0.00,"",0.00,247.00,229.00,206.00,1.00,1781.00,0.00,0.00,0.00,0.00,92.00,
2016,7,22,5,2016-07-22,"AA",19805,"AA","2672",14893,"SMF","Sacramento, CA","CA",13930,"ORD","Chicago, IL","IL","2355","0040",45.00,45.00,10.00,6.00,"0602","0647",45.00,45.00,0.00,"",0.00,247.00,247.00,231.00,1.00,1781.00,24.00,0.00,0.00,0.00,21.00,
2016,7,23,6,2016-07-23,"AA",19805,"AA","2672",14893,"SMF","Sacramento, CA","CA",13930,"ORD","Chicago, IL","IL","2355","0218",143.00,143.00,14.00,11.00,"0602","0757",115.00,115.00,0.00,"",0.00,247.00,219.00,194.00,1.00,1781.00,0.00,0.00,0.00,0.00,115.00,
2016,7,24,7,2016-07-24,"AA",19805,"AA","2672",14893,"SMF","Sacramento, CA","CA",13930,"ORD","Chicago, IL","IL","2355","0121",86.00,86.00,12.00,9.00,"0602","0702",60.00,60.00,0.00,"",0.00,247.00,221.00,200.00,1.00,1781.00,3.00,0.00,0.00,0.00,57.00,
2016,7,25,1,2016-07-25,"AA",19805,"AA","2672",14893,"SMF","Sacramento, CA","CA",13930,"ORD","Chicago, IL","IL","2355","0105",70.00,70.00,13.00,15.00,"0602","0654",52.00,52.00,0.00,"",0.00,247.00,229.00,201.00,1.00,1781.00,0.00,0.00,0.00,0.00,52.00,
2016,7,26,2,2016-07-26,"AA",19805,"AA","2672",14893,"SMF","Sacramento, CA","CA",13930,"ORD","Chicago, IL","IL","2355","0057",62.00,62.00,76.00,12.00,"0602","0756",114.00,114.00,0.00,"",0.00,247.00,299.00,211.00,1.00,1781.00,6.00,0.00,52.00,0.00,56.00,
2016,7,27,3,2016-07-27,"AA",19805,"AA","2672",14893,"SMF","Sacramento, CA","CA",13930,"ORD","Chicago, IL","IL","2355","0013",18.00,18.00,14.00,10.00,"0602","0608",6.00,6.00,0.00,"",0.00,247.00,235.00,211.00,1.00,1781.00,,,,,,
2016,7,28,4,2016-07-28,"AA",19805,"AA","2672",14893,"SMF","Sacramento, CA","CA",13930,"ORD","Chicago, IL","IL","2355","0104",69.00,69.00,9.00,9.00,"0602","0651",49.00,49.00,0.00,"",0.00,247.00,227.00,209.00,1.00,1781.00,0.00,0.00,0.00,0.00,49.00,
2016,7,29,5,2016-07-29,"AA",19805,"AA","2672",14893,"SMF","Sacramento, CA","CA",13930,"ORD","Chicago, IL","IL","2355","2352",-3.00,0.00,14.00,6.00,"0602","0544",-18.00,0.00,0.00,"",0.00,247.00,232.00,212.00,1.00,1781.00,,,,,,
2016,7,30,6,2016-07-30,"AA",19805,"AA","2672",14893,"SMF","Sacramento, CA","CA",13930,"ORD","Chicago, IL","IL","2355","2357",2.00,2.00,13.00,6.00,"0602","0538",-24.00,0.00,0.00,"",0.00,247.00,221.00,202.00,1.00,1781.00,,,,,,
2016,7,31,7,2016-07-31,"AA",19805,"AA","2672",14893,"SMF","Sacramento, CA","CA",13930,"ORD","Chicago, IL","IL","2355","0022",27.00,27.00,15.00,15.00,"0602","0743",,,0.00,"",1.00,247.00,,,1.00,1781.00,,,,,,
2016,7,1,5,2016-07-01,"AA",19805,"AA","2673",13930,"ORD","Chicago, IL","IL",14893,"SMF","Sacramento, CA","CA","1149","1204",15.00,15.00,11.00,4.00,"1423","1418",-5.00,0.00,0.00,"",0.00,274.00,254.00,239.00,1.00,1781.00,,,,,,
2016,7,2,6,2016-07-02,"AA",19805,"AA","2673",13930,"ORD","Chicago, IL","IL",14893,"SMF","Sacramento, CA","CA","1149","1145",-4.00,0.00,14.00,12.00,"1423","1406",-17.00,0.00,0.00,"",0.00,274.00,261.00,235.00,1.00,1781.00,,,,,,
2016,7,3,7,2016-07-03,"AA",19805,"AA","2673",13930,"ORD","Chicago, IL","IL",14893,"SMF","Sacramento, CA","CA","1149","1147",-2.00,0.00,13.00,4.00,"1423","1356",-27.00,0.00,0.00,"",0.00,274.00,249.00,232.00,1.00,1781.00,,,,,,
2016,7,4,1,2016-07-04,"AA",19805,"AA","2673",13930,"ORD","Chicago, IL","IL",14893,"SMF","Sacramento, CA","CA","1149","1141",-8.00,0.00,13.00,4.00,"1423","1356",-27.00,0.00,0.00,"",0.00,274.00,255.00,238.00,1.00,1781.00,,,,,,
2016,7,5,2,2016-07-05,"AA",19805,"AA","2673",13930,"ORD","Chicago, IL","IL",14893,"SMF","Sacramento, CA","CA","1025","1018",-7.00,0.00,31.00,14.00,"1258","1303",5.00,5.00,0.00,"",0.00,273.00,285.00,240.00,1.00,1781.00,,,,,,
2016,7,6,3,2016-07-06,"AA",19805,"AA","2673",13930,"ORD","Chicago, IL","IL",14893,"SMF","Sacramento, CA","CA","1025","1032",7.00,7.00,47.00,5.00,"1258","1330",32.00,32.00,0.00,"",0.00,273.00,298.00,246.00,1.00,1781.00,0.00,0.00,25.00,0.00,7.00,
2016,7,7,4,2016-07-07,"AA",19805,"AA","2673",13930,"ORD","Chicago, IL","IL",14893,"SMF","Sacramento, CA","CA","1025","1045",20.00,20.00,19.00,8.00,"1258","1316",18.00,18.00,0.00,"",0.00,273.00,271.00,244.00,1.00,1781.00,18.00,0.00,0.00,0.00,0.00,
2016,7,8,5,2016-07-08,"AA",19805,"AA","2673",13930,"ORD","Chicago, IL","IL",14893,"SMF","Sacramento, CA","CA","1025","1021",-4.00,0.00,14.00,16.00,"1258","1257",-1.00,0.00,0.00,"",0.00,273.00,276.00,246.00,1.00,1781.00,,,,,,
2016,7,9,6,2016-07-09,"AA",19805,"AA","2673",13930,"ORD","Chicago, IL","IL",14893,"SMF","Sacramento, CA","CA","1025","1026",1.00,1.00,13.00,5.00,"1258","1240",-18.00,0.00,0.00,"",0.00,273.00,254.00,236.00,1.00,1781.00,,,,,,
2016,7,10,7,2016-07-10,"AA",19805,"AA","2673",13930,"ORD","Chicago, IL","IL",14893,"SMF","Sacramento, CA","CA","1135","1155",20.00,20.00,12.00,6.00,"1406","1416",10.00,10.00,0.00,"",0.00,271.00,261.00,243.00,1.00,1781.00,,,,,,
2016,7,11,1,2016-07-11,"AA",19805,"AA","2673",13930,"ORD","Chicago, IL","IL",14893,"SMF","Sacramento, CA","CA","1025","1020",-5.00,0.00,12.00,15.00,"1258","1259",1.00,1.00,0.00,"",0.00,273.00,279.00,252.00,1.00,1781.00,,,,,,
2016,7,12,2,2016-07-12,"AA",19805,"AA","2673",13930,"ORD","Chicago, IL","IL",14893,"SMF","Sacramento, CA","CA","1025","1116",51.00,51.00,9.00,6.00,"1258","1339",41.00,41.00,0.00,"",0.00,273.00,263.00,248.00,1.00,1781.00,0.00,0.00,0.00,0.00,41.00,
2016,7,13,3,2016-07-13,"AA",19805,"AA","2673",13930,"ORD","Chicago, IL","IL",14893,"SMF","Sacramento, CA","CA","1025","1022",-3.00,0.00,14.00,21.00,"1258","1312",14.00,14.00,0.00,"",0.00,273.00,290.00,255.00,1.00,1781.00,,,,,,
2016,7,14,4,2016-07-14,"AA",19805,"AA","2673",13930,"ORD","Chicago, IL","IL",14893,"SMF","Sacramento, CA","CA","1025","1018",-7.00,0.00,14.00,11.00,"1258","1300",2.00,2.00,0.00,"",0.00,273.00,282.00,257.00,1.00,1781.00,,,,,,
2016,7,15,5,2016-07-15,"AA",19805,"AA","2673",13930,"ORD","Chicago, IL","IL",14893,"SMF","Sacramento, CA","CA","1025","1021",-4.00,0.00,18.00,5.00,"1258","1301",3.00,3.00,0.00,"",0.00,273.00,280.00,257.00,1.00,1781.00,,,,,,
2016,7,16,6,2016-07-16,"AA",19805,"AA","2673",13930,"ORD","Chicago, IL","IL",14893,"SMF","Sacramento, CA","CA","1025","1023",-2.00,0.00,10.00,19.00,"1258","1258",0.00,0.00,0.00,"",0.00,273.00,275.00,246.00,1.00,1781.00,,,,,,
2016,7,17,7,2016-07-17,"AA",19805,"AA","2673",13930,"ORD","Chicago, IL","IL",14893,"SMF","Sacramento, CA","CA","1135","1212",37.00,37.00,27.00,5.00,"1406","1458",52.00,52.00,0.00,"",0.00,271.00,286.00,254.00,1.00,1781.00,16.00,0.00,15.00,0.00,21.00,
2016,7,18,1,2016-07-18,"AA",19805,"AA","2673",13930,"ORD","Chicago, IL","IL",14893,"SMF","Sacramento, CA","CA","1025","1031",6.00,6.00,17.00,5.00,"1258","1258",0.00,0.00,0.00,"",0.00,273.00,267.00,245.00,1.00,1781.00,,,,,,
2016,7,19,2,2016-07-19,"AA",19805,"AA","2673",13930,"ORD","Chicago, IL","IL",14893,"SMF","Sacramento, CA","CA","1025","1024",-1.00,0.00,23.00,17.00,"1258","1259",1.00,1.00,0.00,"",0.00,273.00,275.00,235.00,1.00,1781.00,,,,,,
2016,7,20,3,2016-07-20,"AA",19805,"AA","2673",13930,"ORD","Chicago, IL","IL",14893,"SMF","Sacramento, CA","CA","1025","1019",-6.00,0.00,46.00,7.00,"1258","1329",31.00,31.00,0.00,"",0.00,273.00,310.00,257.00,1.00,1781.00,0.00,0.00,31.00,0.00,0.00,
2016,7,21,4,2016-07-21,"AA",19805,"AA","2673",13930,"ORD","Chicago, IL","IL",14893,"SMF","Sacramento, CA","CA","1025","1025",0.00,0.00,19.00,28.00,"1258","1301",3.00,3.00,0.00,"",0.00,273.00,276.00,229.00,1.00,1781.00,,,,,,
2016,7,22,5,2016-07-22,"AA",19805,"AA","2673",13930,"ORD","Chicago, IL","IL",14893,"SMF","Sacramento, CA","CA","1025","1045",20.00,20.00,22.00,8.00,"1258","1306",8.00,8.00,0.00,"",0.00,273.00,261.00,231.00,1.00,1781.00,,,,,,
2016,7,23,6,2016-07-23,"AA",19805,"AA","2673",13930,"ORD","Chicago, IL","IL",14893,"SMF","Sacramento, CA","CA","1025","1101",36.00,36.00,16.00,5.00,"1258","1319",21.00,21.00,0.00,"",0.00,273.00,258.00,237.00,1.00,1781.00,21.00,0.00,0.00,0.00,0.00,
2016,7,24,7,2016-07-24,"AA",19805,"AA","2673",13930,"ORD","Chicago, IL","IL",14893,"SMF","Sacramento, CA","CA","1135","1133",-2.00,0.00,11.00,5.00,"1406","1354",-12.00,0.00,0.00,"",0.00,271.00,261.00,245.00,1.00,1781.00,,,,,,
2016,7,25,1,2016-07-25,"AA",19805,"AA","2673",13930,"ORD","Chicago, IL","IL",14893,"SMF","Sacramento, CA","CA","1025","1034",9.00,9.00,14.00,17.00,"1258","1303",5.00,5.00,0.00,"",0.00,273.00,269.00,238.00,1.00,1781.00,,,,,,
2016,7,26,2,2016-07-26,"AA",19805,"AA","2673",13930,"ORD","Chicago, IL","IL",14893,"SMF","Sacramento, CA","CA","1025","1022",-3.00,0.00,16.00,16.00,"1258","1254",-4.00,0.00,0.00,"",0.00,273.00,272.00,240.00,1.00,1781.00,,,,,,
2016,7,27,3,2016-07-27,"AA",19805,"AA","2673",13930,"ORD","Chicago, IL","IL",14893,"SMF","Sacramento, CA","CA","1025","1026",1.00,1.00,15.00,19.00,"1258","1300",2.00,2.00,0.00,"",0.00,273.00,274.00,240.00,1.00,1781.00,,,,,,
2016,7,28,4,2016-07-28,"AA",19805,"AA","2673",13930,"ORD","Chicago, IL","IL",14893,"SMF","Sacramento, CA","CA","1025","1021",-4.00,0.00,20.00,23.00,"1258","1303",5.00,5.00,0.00,"",0.00,273.00,282.00,239.00,1.00,1781.00,,,,,,
2016,7,29,5,2016-07-29,"AA",19805,"AA","2673",13930,"ORD","Chicago, IL","IL",14893,"SMF","Sacramento, CA","CA","1025","1029",4.00,4.00,12.00,20.00,"1258","1258",0.00,0.00,0.00,"",0.00,273.00,269.00,237.00,1.00,1781.00,,,,,,
2016,7,30,6,2016-07-30,"AA",19805,"AA","2673",13930,"ORD","Chicago, IL","IL",14893,"SMF","Sacramento, CA","CA","1025","1019",-6.00,0.00,37.00,9.00,"1258","1256",-2.00,0.00,0.00,"",0.00,273.00,277.00,231.00,1.00,1781.00,,,,,,
2016,7,31,7,2016-07-31,"AA",19805,"AA","2673",13930,"ORD","Chicago, IL","IL",14893,"SMF","Sacramento, CA","CA","1135","1145",10.00,10.00,12.00,4.00,"1406","1357",-9.00,0.00,0.00,"",0.00,271.00,252.00,236.00,1.00,1781.00,,,,,,
2016,7,1,5,2016-07-01,"AA",19805,"AA","2673",14893,"SMF","Sacramento, CA","CA",13930,"ORD","Chicago, IL","IL","1505","1505",0.00,0.00,10.00,17.00,"2112","2057",-15.00,0.00,0.00,"",0.00,247.00,232.00,205.00,1.00,1781.00,,,,,,
2016,7,2,6,2016-07-02,"AA",19805,"AA","2673",14893,"SMF","Sacramento, CA","CA",13930,"ORD","Chicago, IL","IL","1505","1457",-8.00,0.00,8.00,15.00,"2112","2045",-27.00,0.00,0.00,"",0.00,247.00,228.00,205.00,1.00,1781.00,,,,,,
2016,7,3,7,2016-07-03,"AA",19805,"AA","2673",14893,"SMF","Sacramento, CA","CA",13930,"ORD","Chicago, IL","IL","1505","1500",-5.00,0.00,9.00,11.00,"2112","2048",-24.00,0.00,0.00,"",0.00,247.00,228.00,208.00,1.00,1781.00,,,,,,
2016,7,4,1,2016-07-04,"AA",19805,"AA","2673",14893,"SMF","Sacramento, CA","CA",13930,"ORD","Chicago, IL","IL","1505","1458",-7.00,0.00,15.00,9.00,"2112","2050",-22.00,0.00,0.00,"",0.00,247.00,232.00,208.00,1.00,1781.00,,,,,,
2016,7,5,2,2016-07-05,"AA",19805,"AA","2673",14893,"SMF","Sacramento, CA","CA",13930,"ORD","Chicago, IL","IL","1430","1445",15.00,15.00,9.00,13.00,"2037","2032",-5.00,0.00,0.00,"",0.00,247.00,227.00,205.00,1.00,1781.00,,,,,,
2016,7,6,3,2016-07-06,"AA",19805,"AA","2673",14893,"SMF","Sacramento, CA","CA",13930,"ORD","Chicago, IL","IL","1430","1428",-2.00,0.00,11.00,15.00,"2037","2027",-10.00,0.00,0.00,"",0.00,247.00,239.00,213.00,1.00,1781.00,,,,,,
2016,7,7,4,2016-07-07,"AA",19805,"AA","2673",14893,"SMF","Sacramento, CA","CA",13930,"ORD","Chicago, IL","IL","1430","1436",6.00,6.00,17.00,14.00,"2037","2035",-2.00,0.00,0.00,"",0.00,247.00,239.00,208.00,1.00,1781.00,,,,,,
2016,7,8,5,2016-07-08,"AA",19805,"AA","2673",14893,"SMF","Sacramento, CA","CA",13930,"ORD","Chicago, IL","IL","1430","1422",-8.00,0.00,10.00,14.00,"2037","2009",-28.00,0.00,0.00,"",0.00,247.00,227.00,203.00,1.00,1781.00,,,,,,
2016,7,9,6,2016-07-09,"AA",19805,"AA","2673",14893,"SMF","Sacramento, CA","CA",13930,"ORD","Chicago, IL","IL","1430","1419",-11.00,0.00,10.00,34.00,"2037","2028",-9.00,0.00,0.00,"",0.00,247.00,249.00,205.00,1.00,1781.00,,,,,,
2016,7,10,7,2016-07-10,"AA",19805,"AA","2673",14893,"SMF","Sacramento, CA","CA",13930,"ORD","Chicago, IL","IL","1450","1503",13.00,13.00,13.00,23.00,"2057","2059",2.00,2.00,0.00,"",0.00,247.00,236.00,200.00,1.00,1781.00,,,,,,
2016,7,11,1,2016-07-11,"AA",19805,"AA","2673",14893,"SMF","Sacramento, CA","CA",13930,"ORD","Chicago, IL","IL","1430","1418",-12.00,0.00,11.00,14.00,"2037","2010",-27.00,0.00,0.00,"",0.00,247.00,232.00,207.00,1.00,1781.00,,,,,,
2016,7,12,2,2016-07-12,"AA",19805,"AA","2673",14893,"SMF","Sacramento, CA","CA",13930,"ORD","Chicago, IL","IL","1430","2119",409.00,409.00,16.00,8.00,"2037","0252",375.00,375.00,0.00,"",0.00,247.00,213.00,189.00,1.00,1781.00,118.00,0.00,0.00,0.00,257.00,
2016,7,13,3,2016-07-13,"AA",19805,"AA","2673",14893,"SMF","Sacramento, CA","CA",13930,"ORD","Chicago, IL","IL","1430","1421",-9.00,0.00,51.00,11.00,"2037","2043",6.00,6.00,0.00,"",0.00,247.00,262.00,200.00,1.00,1781.00,,,,,,
2016,7,14,4,2016-07-14,"AA",19805,"AA","2673",14893,"SMF","Sacramento, CA","CA",13930,"ORD","Chicago, IL","IL","1430","1424",-6.00,0.00,13.00,13.00,"2037","2015",-22.00,0.00,0.00,"",0.00,247.00,231.00,205.00,1.00,1781.00,,,,,,
2016,7,15,5,2016-07-15,"AA",19805,"AA","2673",14893,"SMF","Sacramento, CA","CA",13930,"ORD","Chicago, IL","IL","1430","1502",32.00,32.00,10.00,18.00,"2037","2050",13.00,13.00,0.00,"",0.00,247.00,228.00,200.00,1.00,1781.00,,,,,,
2016,7,16,6,2016-07-16,"AA",19805,"AA","2673",14893,"SMF","Sacramento, CA","CA",13930,"ORD","Chicago, IL","IL","1430","1426",-4.00,0.00,13.00,15.00,"2037","2016",-21.00,0.00,0.00,"",0.00,247.00,230.00,202.00,1.00,1781.00,,,,,,
2016,7,17,7,2016-07-17,"AA",19805,"AA","2673",14893,"SMF","Sacramento, CA","CA",13930,"ORD","Chicago, IL","IL","1450","1540",50.00,50.00,11.00,18.00,"2057","2132",35.00,35.00,0.00,"",0.00,247.00,232.00,203.00,1.00,1781.00,1.00,0.00,0.00,0.00,34.00,
2016,7,18,1,2016-07-18,"AA",19805,"AA","2673",14893,"SMF","Sacramento, CA","CA",13930,"ORD","Chicago, IL","IL","1430","1535",65.00,65.00,12.00,32.00,"2037","2136",59.00,59.00,0.00,"",0.00,247.00,241.00,197.00,1.00,1781.00,59.00,0.00,0.00,0.00,0.00,
2016,7,19,2,2016-07-19,"AA",19805,"AA","2673",14893,"SMF","Sacramento, CA","CA",13930,"ORD","Chicago, IL","IL","1430","1424",-6.00,0.00,10.00,43.00,"2037","2044",7.00,7.00,0.00,"",0.00,247.00,260.00,207.00,1.00,1781.00,,,,,,
2016,7,20,3,2016-07-20,"AA",19805,"AA","2673",14893,"SMF","Sacramento, CA","CA",13930,"ORD","Chicago, IL","IL","1430","1418",-12.00,0.00,13.00,19.00,"2037","2022",-15.00,0.00,0.00,"",0.00,247.00,244.00,212.00,1.00,1781.00,,,,,,
2016,7,21,4,2016-07-21,"AA",19805,"AA","2673",14893,"SMF","Sacramento, CA","CA",13930,"ORD","Chicago, IL","IL","1430","1432",2.00,2.00,12.00,23.00,"2037","1044",,,0.00,"",1.00,247.00,,,1.00,1781.00,,,,,,
2016,7,22,5,2016-07-22,"AA",19805,"AA","2673",14893,"SMF","Sacramento, CA","CA",13930,"ORD","Chicago, IL","IL","1430","1419",-11.00,0.00,17.00,15.00,"2037","2024",-13.00,0.00,0.00,"",0.00,247.00,245.00,213.00,1.00,1781.00,,,,,,
2016,7,23,6,2016-07-23,"AA",19805,"AA","2673",14893,"SMF","Sacramento, CA","CA",13930,"ORD","Chicago, IL","IL","1430","1502",32.00,32.00,11.00,23.00,"2037","2118",41.00,41.00,0.00,"",0.00,247.00,256.00,222.00,1.00,1781.00,32.00,0.00,9.00,0.00,0.00,
2016,7,24,7,2016-07-24,"AA",19805,"AA","2673",14893,"SMF","Sacramento, CA","CA",13930,"ORD","Chicago, IL","IL","1450","1606",76.00,76.00,16.00,132.00,"2057","0041",224.00,224.00,0.00,"",0.00,247.00,395.00,247.00,1.00,1781.00,0.00,76.00,148.00,0.00,0.00,
2016,7,25,1,2016-07-25,"AA",19805,"AA","2673",14893,"SMF","Sacramento, CA","CA",13930,"ORD","Chicago, IL","IL","1430","1421",-9.00,0.00,10.00,18.00,"2037","2014",-23.00,0.00,0.00,"",0.00,247.00,233.00,205.00,1.00,1781.00,,,,,,
2016,7,26,2,2016-07-26,"AA",19805,"AA","2673",14893,"SMF","Sacramento, CA","CA",13930,"ORD","Chicago, IL","IL","1430","1438",8.00,8.00,8.00,38.00,"2037","2049",12.00,12.00,0.00,"",0.00,247.00,251.00,205.00,1.00,1781.00,,,,,,
2016,7,27,3,2016-07-27,"AA",19805,"AA","2673",14893,"SMF","Sacramento, CA","CA",13930,"ORD","Chicago, IL","IL","1430","1421",-9.00,0.00,10.00,20.00,"2037","2017",-20.00,0.00,0.00,"",0.00,247.00,236.00,206.00,1.00,1781.00,,,,,,
2016,7,28,4,2016-07-28,"AA",19805,"AA","2673",14893,"SMF","Sacramento, CA","CA",13930,"ORD","Chicago, IL","IL","1430","1541",71.00,71.00,12.00,39.00,"2037","2156",79.00,79.00,0.00,"",0.00,247.00,255.00,204.00,1.00,1781.00,0.00,0.00,79.00,0.00,0.00,
2016,7,29,5,2016-07-29,"AA",19805,"AA","2673",14893,"SMF","Sacramento, CA","CA",13930,"ORD","Chicago, IL","IL","1430","1553",83.00,83.00,34.00,83.00,"2037","2335",178.00,178.00,0.00,"",0.00,247.00,342.00,225.00,1.00,1781.00,0.00,83.00,95.00,0.00,0.00,
2016,7,30,6,2016-07-30,"AA",19805,"AA","2673",14893,"SMF","Sacramento, CA","CA",13930,"ORD","Chicago, IL","IL","1430","1456",26.00,26.00,8.00,14.00,"2037","2055",18.00,18.00,0.00,"",0.00,247.00,239.00,217.00,1.00,1781.00,18.00,0.00,0.00,0.00,0.00,
2016,7,31,7,2016-07-31,"AA",19805,"AA","2673",14893,"SMF","Sacramento, CA","CA",13930,"ORD","Chicago, IL","IL","1450","1453",3.00,3.00,13.00,34.00,"2057","2110",13.00,13.00,0.00,"",0.00,247.00,257.00,210.00,1.00,1781.00,,,,,,
2016,7,1,5,2016-07-01,"AA",19805,"AA","2674",13930,"ORD","Chicago, IL","IL",14747,"SEA","Seattle, WA","WA","1150","1150",0.00,0.00,14.00,13.00,"1419","1419",0.00,0.00,0.00,"",0.00,269.00,269.00,242.00,1.00,1721.00,,,,,,
2016,7,2,6,2016-07-02,"AA",19805,"AA","2674",13930,"ORD","Chicago, IL","IL",14747,"SEA","Seattle, WA","WA","1150","1148",-2.00,0.00,15.00,7.00,"1419","1407",-12.00,0.00,0.00,"",0.00,269.00,259.00,237.00,1.00,1721.00,,,,,,
2016,7,3,7,2016-07-03,"AA",19805,"AA","2674",13930,"ORD","Chicago, IL","IL",14747,"SEA","Seattle, WA","WA","1150","1148",-2.00,0.00,17.00,7.00,"1419","1407",-12.00,0.00,0.00,"",0.00,269.00,259.00,235.00,1.00,1721.00,,,,,,
2016,7,4,1,2016-07-04,"AA",19805,"AA","2674",13930,"ORD","Chicago, IL","IL",14747,"SEA","Seattle, WA","WA","1150","1145",-5.00,0.00,17.00,14.00,"1419","1425",6.00,6.00,0.00,"",0.00,269.00,280.00,249.00,1.00,1721.00,,,,,,
2016,7,5,2,2016-07-05,"AA",19805,"AA","2674",13930,"ORD","Chicago, IL","IL",14747,"SEA","Seattle, WA","WA","1150","1143",-7.00,0.00,10.00,11.00,"1419","1402",-17.00,0.00,0.00,"",0.00,269.00,259.00,238.00,1.00,1721.00,,,,,,
2016,7,6,3,2016-07-06,"AA",19805,"AA","2674",13930,"ORD","Chicago, IL","IL",14747,"SEA","Seattle, WA","WA","1150","1235",45.00,45.00,7.00,10.00,"1419","1445",26.00,26.00,0.00,"",0.00,269.00,250.00,233.00,1.00,1721.00,0.00,0.00,3.00,0.00,23.00,
2016,7,7,4,2016-07-07,"AA",19805,"AA","2674",13930,"ORD","Chicago, IL","IL",14747,"SEA","Seattle, WA","WA","1150","1216",26.00,26.00,11.00,8.00,"1419","1442",23.00,23.00,0.00,"",0.00,269.00,266.00,247.00,1.00,1721.00,23.00,0.00,0.00,0.00,0.00,
2016,7,8,5,2016-07-08,"AA",19805,"AA","2674",13930,"ORD","Chicago, IL","IL",14747,"SEA","Seattle, WA","WA","1150","1152",2.00,2.00,11.00,8.00,"1419","1417",-2.00,0.00,0.00,"",0.00,269.00,265.00,246.00,1.00,1721.00,,,,,,
2016,7,9,6,2016-07-09,"AA",19805,"AA","2674",13930,"ORD","Chicago, IL","IL",14747,"SEA","Seattle, WA","WA","1150","1147",-3.00,0.00,14.00,6.00,"1419","1402",-17.00,0.00,0.00,"",0.00,269.00,255.00,235.00,1.00,1721.00,,,,,,
2016,7,10,7,2016-07-10,"AA",19805,"AA","2674",13930,"ORD","Chicago, IL","IL",14747,"SEA","Seattle, WA","WA","1150","1219",29.00,29.00,14.00,7.00,"1419","1434",15.00,15.00,0.00,"",0.00,269.00,255.00,234.00,1.00,1721.00,15.00,0.00,0.00,0.00,0.00,
2016,7,11,1,2016-07-11,"AA",19805,"AA","2674",13930,"ORD","Chicago, IL","IL",14747,"SEA","Seattle, WA","WA","1150","1146",-4.00,0.00,13.00,16.00,"1419","1402",-17.00,0.00,0.00,"",0.00,269.00,256.00,227.00,1.00,1721.00,,,,,,
2016,7,12,2,2016-07-12,"AA",19805,"AA","2674",13930,"ORD","Chicago, IL","IL",14747,"SEA","Seattle, WA","WA","1150","1152",2.00,2.00,8.00,11.00,"1419","1409",-10.00,0.00,0.00,"",0.00,269.00,257.00,238.00,1.00,1721.00,,,,,,
2016,7,13,3,2016-07-13,"AA",19805,"AA","2674",13930,"ORD","Chicago, IL","IL",14747,"SEA","Seattle, WA","WA","1150","1148",-2.00,0.00,10.00,8.00,"1419","1359",-20.00,0.00,0.00,"",0.00,269.00,251.00,233.00,1.00,1721.00,,,,,,
2016,7,14,4,2016-07-14,"AA",19805,"AA","2674",13930,"ORD","Chicago, IL","IL",14747,"SEA","Seattle, WA","WA","1150","1148",-2.00,0.00,14.00,9.00,"1419","1413",-6.00,0.00,0.00,"",0.00,269.00,265.00,242.00,1.00,1721.00,,,,,,
2016,7,15,5,2016-07-15,"AA",19805,"AA","2674",13930,"ORD","Chicago, IL","IL",14747,"SEA","Seattle, WA","WA","1150","1147",-3.00,0.00,16.00,9.00,"1419","1419",0.00,0.00,0.00,"",0.00,269.00,272.00,247.00,1.00,1721.00,,,,,,
2016,7,16,6,2016-07-16,"AA",19805,"AA","2674",13930,"ORD","Chicago, IL","IL",14747,"SEA","Seattle, WA","WA","1150","1306",76.00,76.00,13.00,7.00,"1419","1529",70.00,70.00,0.00,"",0.00,269.00,263.00,243.00,1.00,1721.00,0.00,0.00,27.00,0.00,43.00,
2016,7,17,7,2016-07-17,"AA",19805,"AA","2674",13930,"ORD","Chicago, IL","IL",14747,"SEA","Seattle, WA","WA","1150","1207",17.00,17.00,12.00,10.00,"1419","1433",14.00,14.00,0.00,"",0.00,269.00,266.00,244.00,1.00,1721.00,,,,,,
2016,7,18,1,2016-07-18,"AA",19805,"AA","2674",13930,"ORD","Chicago, IL","IL",14747,"SEA","Seattle, WA","WA","1150","1226",36.00,36.00,18.00,7.00,"1419","1459",40.00,40.00,0.00,"",0.00,269.00,273.00,248.00,1.00,1721.00,0.00,0.00,40.00,0.00,0.00,
2016,7,19,2,2016-07-19,"AA",19805,"AA","2674",13930,"ORD","Chicago, IL","IL",14747,"SEA","Seattle, WA","WA","1150","1157",7.00,7.00,15.00,8.00,"1419","1425",6.00,6.00,0.00,"",0.00,269.00,268.00,245.00,1.00,1721.00,,,,,,
2016,7,20,3,2016-07-20,"AA",19805,"AA","2674",13930,"ORD","Chicago, IL","IL",14747,"SEA","Seattle, WA","WA","1150","1214",24.00,24.00,18.00,11.00,"1419","1510",51.00,51.00,0.00,"",0.00,269.00,296.00,267.00,1.00,1721.00,24.00,0.00,27.00,0.00,0.00,
2016,7,21,4,2016-07-21,"AA",19805,"AA","2674",13930,"ORD","Chicago, IL","IL",14747,"SEA","Seattle, WA","WA","1150","1148",-2.00,0.00,10.00,9.00,"1419","1406",-13.00,0.00,0.00,"",0.00,269.00,258.00,239.00,1.00,1721.00,,,,,,
2016,7,22,5,2016-07-22,"AA",19805,"AA","2674",13930,"ORD","Chicago, IL","IL",14747,"SEA","Seattle, WA","WA","1150","1217",27.00,27.00,15.00,8.00,"1419","1434",15.00,15.00,0.00,"",0.00,269.00,257.00,234.00,1.00,1721.00,15.00,0.00,0.00,0.00,0.00,
2016,7,23,6,2016-07-23,"AA",19805,"AA","2674",13930,"ORD","Chicago, IL","IL",14747,"SEA","Seattle, WA","WA","1150","1207",17.00,17.00,12.00,8.00,"1419","1422",3.00,3.00,0.00,"",0.00,269.00,255.00,235.00,1.00,1721.00,,,,,,
2016,7,24,7,2016-07-24,"AA",19805,"AA","2674",13930,"ORD","Chicago, IL","IL",14747,"SEA","Seattle, WA","WA","1150","1231",41.00,41.00,31.00,8.00,"1419","1503",44.00,44.00,0.00,"",0.00,269.00,272.00,233.00,1.00,1721.00,41.00,0.00,3.00,0.00,0.00,
2016,7,25,1,2016-07-25,"AA",19805,"AA","2674",13930,"ORD","Chicago, IL","IL",14747,"SEA","Seattle, WA","WA","1150","1205",15.00,15.00,11.00,5.00,"1419","1409",-10.00,0.00,0.00,"",0.00,269.00,244.00,228.00,1.00,1721.00,,,,,,
2016,7,26,2,2016-07-26,"AA",19805,"AA","2674",13930,"ORD","Chicago, IL","IL",14747,"SEA","Seattle, WA","WA","1150","1257",67.00,67.00,11.00,10.00,"1419","1512",53.00,53.00,0.00,"",0.00,269.00,255.00,234.00,1.00,1721.00,44.00,0.00,0.00,0.00,9.00,
2016,7,27,3,2016-07-27,"AA",19805,"AA","2674",13930,"ORD","Chicago, IL","IL",14747,"SEA","Seattle, WA","WA","1150","1201",11.00,11.00,15.00,13.00,"1419","1427",8.00,8.00,0.00,"",0.00,269.00,266.00,238.00,1.00,1721.00,,,,,,
2016,7,28,4,2016-07-28,"AA",19805,"AA","2674",13930,"ORD","Chicago, IL","IL",14747,"SEA","Seattle, WA","WA","1150","1205",15.00,15.00,13.00,8.00,"1419","1423",4.00,4.00,0.00,"",0.00,269.00,258.00,237.00,1.00,1721.00,,,,,,
2016,7,29,5,2016-07-29,"AA",19805,"AA","2674",13930,"ORD","Chicago, IL","IL",14747,"SEA","Seattle, WA","WA","1150","1155",5.00,5.00,11.00,7.00,"1419","1419",0.00,0.00,0.00,"",0.00,269.00,264.00,246.00,1.00,1721.00,,,,,,
2016,7,30,6,2016-07-30,"AA",19805,"AA","2674",13930,"ORD","Chicago, IL","IL",14747,"SEA","Seattle, WA","WA","1150","1150",0.00,0.00,14.00,9.00,"1419","1411",-8.00,0.00,0.00,"",0.00,269.00,261.00,238.00,1.00,1721.00,,,,,,
2016,7,31,7,2016-07-31,"AA",19805,"AA","2674",13930,"ORD","Chicago, IL","IL",14747,"SEA","Seattle, WA","WA","1150","1147",-3.00,0.00,16.00,11.00,"1419","1414",-5.00,0.00,0.00,"",0.00,269.00,267.00,240.00,1.00,1721.00,,,,,,
2016,7,1,5,2016-07-01,"AA",19805,"AA","2674",14747,"SEA","Seattle, WA","WA",13930,"ORD","Chicago, IL","IL","1504","1520",16.00,16.00,14.00,13.00,"2103","2100",-3.00,0.00,0.00,"",0.00,239.00,220.00,193.00,1.00,1721.00,,,,,,
2016,7,2,6,2016-07-02,"AA",19805,"AA","2674",14747,"SEA","Seattle, WA","WA",13930,"ORD","Chicago, IL","IL","1504","1457",-7.00,0.00,16.00,15.00,"2103","2047",-16.00,0.00,0.00,"",0.00,239.00,230.00,199.00,1.00,1721.00,,,,,,
2016,7,3,7,2016-07-03,"AA",19805,"AA","2674",14747,"SEA","Seattle, WA","WA",13930,"ORD","Chicago, IL","IL","1504","1452",-12.00,0.00,24.00,17.00,"2103","2046",-17.00,0.00,0.00,"",0.00,239.00,234.00,193.00,1.00,1721.00,,,,,,
2016,7,4,1,2016-07-04,"AA",19805,"AA","2674",14747,"SEA","Seattle, WA","WA",13930,"ORD","Chicago, IL","IL","1504","1509",5.00,5.00,16.00,12.00,"2103","2047",-16.00,0.00,0.00,"",0.00,239.00,218.00,190.00,1.00,1721.00,,,,,,
2016,7,5,2,2016-07-05,"AA",19805,"AA","2674",14747,"SEA","Seattle, WA","WA",13930,"ORD","Chicago, IL","IL","1504","1504",0.00,0.00,16.00,17.00,"2103","2105",2.00,2.00,0.00,"",0.00,239.00,241.00,208.00,1.00,1721.00,,,,,,
2016,7,6,3,2016-07-06,"AA",19805,"AA","2674",14747,"SEA","Seattle, WA","WA",13930,"ORD","Chicago, IL","IL","1504","1526",22.00,22.00,12.00,13.00,"2103","2128",25.00,25.00,0.00,"",0.00,239.00,242.00,217.00,1.00,1721.00,0.00,0.00,3.00,0.00,22.00,
2016,7,7,4,2016-07-07,"AA",19805,"AA","2674",14747,"SEA","Seattle, WA","WA",13930,"ORD","Chicago, IL","IL","1504","1526",22.00,22.00,17.00,20.00,"2103","2114",11.00,11.00,0.00,"",0.00,239.00,228.00,191.00,1.00,1721.00,,,,,,
2016,7,8,5,2016-07-08,"AA",19805,"AA","2674",14747,"SEA","Seattle, WA","WA",13930,"ORD","Chicago, IL","IL","1504","1506",2.00,2.00,16.00,18.00,"2103","2101",-2.00,0.00,0.00,"",0.00,239.00,235.00,201.00,1.00,1721.00,,,,,,
2016,7,9,6,2016-07-09,"AA",19805,"AA","2674",14747,"SEA","Seattle, WA","WA",13930,"ORD","Chicago, IL","IL","1504","1539",35.00,35.00,16.00,25.00,"2103","2141",38.00,38.00,0.00,"",0.00,239.00,242.00,201.00,1.00,1721.00,0.00,0.00,3.00,0.00,35.00,
2016,7,10,7,2016-07-10,"AA",19805,"AA","2674",14747,"SEA","Seattle, WA","WA",13930,"ORD","Chicago, IL","IL","1504","1521",17.00,17.00,22.00,39.00,"2103","2147",44.00,44.00,0.00,"",0.00,239.00,266.00,205.00,1.00,1721.00,2.00,0.00,27.00,0.00,15.00,
2016,7,11,1,2016-07-11,"AA",19805,"AA","2674",14747,"SEA","Seattle, WA","WA",13930,"ORD","Chicago, IL","IL","1504","1503",-1.00,0.00,17.00,13.00,"2103","2106",3.00,3.00,0.00,"",0.00,239.00,243.00,213.00,1.00,1721.00,,,,,,
2016,7,12,2,2016-07-12,"AA",19805,"AA","2674",14747,"SEA","Seattle, WA","WA",13930,"ORD","Chicago, IL","IL","1504","1457",-7.00,0.00,26.00,13.00,"2103","2055",-8.00,0.00,0.00,"",0.00,239.00,238.00,199.00,1.00,1721.00,,,,,,
2016,7,13,3,2016-07-13,"AA",19805,"AA","2674",14747,"SEA","Seattle, WA","WA",13930,"ORD","Chicago, IL","IL","1504","1502",-2.00,0.00,39.00,21.00,"2103","2118",15.00,15.00,0.00,"",0.00,239.00,256.00,196.00,1.00,1721.00,0.00,0.00,15.00,0.00,0.00,
2016,7,14,4,2016-07-14,"AA",19805,"AA","2674",14747,"SEA","Seattle, WA","WA",13930,"ORD","Chicago, IL","IL","1504","1459",-5.00,0.00,25.00,21.00,"2103","2104",1.00,1.00,0.00,"",0.00,239.00,245.00,199.00,1.00,1721.00,,,,,,
2016,7,15,5,2016-07-15,"AA",19805,"AA","2674",14747,"SEA","Seattle, WA","WA",13930,"ORD","Chicago, IL","IL","1504","1503",-1.00,0.00,16.00,19.00,"2103","2053",-10.00,0.00,0.00,"",0.00,239.00,230.00,195.00,1.00,1721.00,,,,,,
2016,7,16,6,2016-07-16,"AA",19805,"AA","2674",14747,"SEA","Seattle, WA","WA",13930,"ORD","Chicago, IL","IL","1504","1616",72.00,72.00,13.00,7.00,"2103","2214",71.00,71.00,0.00,"",0.00,239.00,238.00,218.00,1.00,1721.00,2.00,0.00,0.00,0.00,69.00,
2016,7,17,7,2016-07-17,"AA",19805,"AA","2674",14747,"SEA","Seattle, WA","WA",13930,"ORD","Chicago, IL","IL","1504","1528",24.00,24.00,12.00,15.00,"2103","2115",12.00,12.00,0.00,"",0.00,239.00,227.00,200.00,1.00,1721.00,,,,,,
2016,7,18,1,2016-07-18,"AA",19805,"AA","2674",14747,"SEA","Seattle, WA","WA",13930,"ORD","Chicago, IL","IL","1504","1543",39.00,39.00,10.00,26.00,"2103","2124",21.00,21.00,0.00,"",0.00,239.00,221.00,185.00,1.00,1721.00,0.00,0.00,0.00,0.00,21.00,
2016,7,19,2,2016-07-19,"AA",19805,"AA","2674",14747,"SEA","Seattle, WA","WA",13930,"ORD","Chicago, IL","IL","1504","1510",6.00,6.00,17.00,22.00,"2103","2102",-1.00,0.00,0.00,"",0.00,239.00,232.00,193.00,1.00,1721.00,,,,,,
2016,7,20,3,2016-07-20,"AA",19805,"AA","2674",14747,"SEA","Seattle, WA","WA",13930,"ORD","Chicago, IL","IL","1504","1554",50.00,50.00,10.00,8.00,"2103","2126",23.00,23.00,0.00,"",0.00,239.00,212.00,194.00,1.00,1721.00,0.00,0.00,0.00,0.00,23.00,
2016,7,21,4,2016-07-21,"AA",19805,"AA","2674",14747,"SEA","Seattle, WA","WA",13930,"ORD","Chicago, IL","IL","1504","1530",26.00,26.00,18.00,19.00,"2103","2204",61.00,61.00,0.00,"",0.00,239.00,274.00,237.00,1.00,1721.00,0.00,26.00,35.00,0.00,0.00,
2016,7,22,5,2016-07-22,"AA",19805,"AA","2674",14747,"SEA","Seattle, WA","WA",13930,"ORD","Chicago, IL","IL","1504","1526",22.00,22.00,19.00,10.00,"2103","2119",16.00,16.00,0.00,"",0.00,239.00,233.00,204.00,1.00,1721.00,5.00,0.00,0.00,0.00,11.00,
2016,7,23,6,2016-07-23,"AA",19805,"AA","2674",14747,"SEA","Seattle, WA","WA",13930,"ORD","Chicago, IL","IL","1504","1510",6.00,6.00,17.00,115.00,"2103","2255",112.00,112.00,0.00,"",0.00,239.00,345.00,213.00,1.00,1721.00,3.00,0.00,106.00,0.00,3.00,
2016,7,24,7,2016-07-24,"AA",19805,"AA","2674",14747,"SEA","Seattle, WA","WA",13930,"ORD","Chicago, IL","IL","1504","1554",50.00,50.00,20.00,24.00,"2103","2233",90.00,90.00,0.00,"",0.00,239.00,279.00,235.00,1.00,1721.00,6.00,0.00,40.00,0.00,44.00,
2016,7,25,1,2016-07-25,"AA",19805,"AA","2674",14747,"SEA","Seattle, WA","WA",13930,"ORD","Chicago, IL","IL","1504","1456",-8.00,0.00,20.00,30.00,"2103","2107",4.00,4.00,0.00,"",0.00,239.00,251.00,201.00,1.00,1721.00,,,,,,
2016,7,26,2,2016-07-26,"AA",19805,"AA","2674",14747,"SEA","Seattle, WA","WA",13930,"ORD","Chicago, IL","IL","1504","1555",51.00,51.00,16.00,36.00,"2103","2205",62.00,62.00,0.00,"",0.00,239.00,250.00,198.00,1.00,1721.00,0.00,0.00,11.00,0.00,51.00,
2016,7,27,3,2016-07-27,"AA",19805,"AA","2674",14747,"SEA","Seattle, WA","WA",13930,"ORD","Chicago, IL","IL","1504","1520",16.00,16.00,15.00,31.00,"2103","2126",23.00,23.00,0.00,"",0.00,239.00,246.00,200.00,1.00,1721.00,8.00,0.00,7.00,0.00,8.00,
2016,7,28,4,2016-07-28,"AA",19805,"AA","2674",14747,"SEA","Seattle, WA","WA",13930,"ORD","Chicago, IL","IL","1504","1516",12.00,12.00,26.00,49.00,"2103","2151",48.00,48.00,0.00,"",0.00,239.00,275.00,200.00,1.00,1721.00,8.00,0.00,36.00,0.00,4.00,
2016,7,29,5,2016-07-29,"AA",19805,"AA","2674",14747,"SEA","Seattle, WA","WA",13930,"ORD","Chicago, IL","IL","1504","1642",98.00,98.00,18.00,34.00,"2103","2258",115.00,115.00,0.00,"",0.00,239.00,256.00,204.00,1.00,1721.00,0.00,98.00,17.00,0.00,0.00,
2016,7,30,6,2016-07-30,"AA",19805,"AA","2674",14747,"SEA","Seattle, WA","WA",13930,"ORD","Chicago, IL","IL","1504","1508",4.00,4.00,16.00,14.00,"2103","2056",-7.00,0.00,0.00,"",0.00,239.00,228.00,198.00,1.00,1721.00,,,,,,
2016,7,31,7,2016-07-31,"AA",19805,"AA","2674",14747,"SEA","Seattle, WA","WA",13930,"ORD","Chicago, IL","IL","1504","1504",0.00,0.00,15.00,18.00,"2103","2049",-14.00,0.00,0.00,"",0.00,239.00,225.00,192.00,1.00,1721.00,,,,,,
2016,7,1,5,2016-07-01,"AA",19805,"AA","2675",12478,"JFK","New York, NY","NY",10423,"AUS","Austin, TX","TX","1730","2024",174.00,174.00,62.00,5.00,"2039","2340",181.00,181.00,0.00,"",0.00,249.00,256.00,189.00,1.00,1521.00,0.00,108.00,7.00,0.00,66.00,
2016,7,2,6,2016-07-02,"AA",19805,"AA","2675",12478,"JFK","New York, NY","NY",10423,"AUS","Austin, TX","TX","1725","1800",35.00,35.00,37.00,7.00,"2034","2112",38.00,38.00,0.00,"",0.00,249.00,252.00,208.00,1.00,1521.00,17.00,0.00,3.00,0.00,18.00,
2016,7,3,7,2016-07-03,"AA",19805,"AA","2675",12478,"JFK","New York, NY","NY",10423,"AUS","Austin, TX","TX","1730","1850",80.00,80.00,31.00,8.00,"2039","2154",75.00,75.00,0.00,"",0.00,249.00,244.00,205.00,1.00,1521.00,75.00,0.00,0.00,0.00,0.00,
2016,7,4,1,2016-07-04,"AA",19805,"AA","2675",12478,"JFK","New York, NY","NY",10423,"AUS","Austin, TX","TX","1730","1811",41.00,41.00,39.00,7.00,"2039","2120",41.00,41.00,0.00,"",0.00,249.00,249.00,203.00,1.00,1521.00,36.00,0.00,0.00,0.00,5.00,
2016,7,5,2,2016-07-05,"AA",19805,"AA","2675",12478,"JFK","New York, NY","NY",10423,"AUS","Austin, TX","TX","1730","1726",-4.00,0.00,24.00,5.00,"2039","2016",-23.00,0.00,0.00,"",0.00,249.00,230.00,201.00,1.00,1521.00,,,,,,
2016,7,6,3,2016-07-06,"AA",19805,"AA","2675",12478,"JFK","New York, NY","NY",10423,"AUS","Austin, TX","TX","1730","1731",1.00,1.00,29.00,4.00,"2039","2027",-12.00,0.00,0.00,"",0.00,249.00,236.00,203.00,1.00,1521.00,,,,,,
2016,7,7,4,2016-07-07,"AA",19805,"AA","2675",12478,"JFK","New York, NY","NY",10423,"AUS","Austin, TX","TX","1730","1847",77.00,77.00,27.00,8.00,"2039","2140",61.00,61.00,0.00,"",0.00,249.00,233.00,198.00,1.00,1521.00,7.00,0.00,0.00,0.00,54.00,
2016,7,8,5,2016-07-08,"AA",19805,"AA","2675",12478,"JFK","New York, NY","NY",10423,"AUS","Austin, TX","TX","1730","1828",58.00,58.00,45.00,6.00,"2039","2149",70.00,70.00,0.00,"",0.00,249.00,261.00,210.00,1.00,1521.00,0.00,0.00,70.00,0.00,0.00,
2016,7,9,6,2016-07-09,"AA",19805,"AA","2675",12478,"JFK","New York, NY","NY",10423,"AUS","Austin, TX","TX","1730","1728",-2.00,0.00,70.00,18.00,"2039","2123",44.00,44.00,0.00,"",0.00,249.00,295.00,207.00,1.00,1521.00,0.00,0.00,44.00,0.00,0.00,
2016,7,10,7,2016-07-10,"AA",19805,"AA","2675",12478,"JFK","New York, NY","NY",10423,"AUS","Austin, TX","TX","1730","1740",10.00,10.00,22.00,6.00,"2039","2026",-13.00,0.00,0.00,"",0.00,249.00,226.00,198.00,1.00,1521.00,,,,,,
2016,7,11,1,2016-07-11,"AA",19805,"AA","2675",12478,"JFK","New York, NY","NY",10423,"AUS","Austin, TX","TX","1730","1734",4.00,4.00,30.00,5.00,"2039","2023",-16.00,0.00,0.00,"",0.00,249.00,229.00,194.00,1.00,1521.00,,,,,,
2016,7,12,2,2016-07-12,"AA",19805,"AA","2675",12478,"JFK","New York, NY","NY",10423,"AUS","Austin, TX","TX","1730","1735",5.00,5.00,27.00,10.00,"2039","2033",-6.00,0.00,0.00,"",0.00,249.00,238.00,201.00,1.00,1521.00,,,,,,
2016,7,13,3,2016-07-13,"AA",19805,"AA","2675",12478,"JFK","New York, NY","NY",10423,"AUS","Austin, TX","TX","1730","1806",36.00,36.00,36.00,6.00,"2039","2104",25.00,25.00,0.00,"",0.00,249.00,238.00,196.00,1.00,1521.00,1.00,0.00,0.00,0.00,24.00,
2016,7,14,4,2016-07-14,"AA",19805,"AA","2675",12478,"JFK","New York, NY","NY",10423,"AUS","Austin, TX","TX","1730","1811",41.00,41.00,33.00,6.00,"2039","2103",24.00,24.00,0.00,"",0.00,249.00,232.00,193.00,1.00,1521.00,0.00,24.00,0.00,0.00,0.00,
2016,7,15,5,2016-07-15,"AA",19805,"AA","2675",12478,"JFK","New York, NY","NY",10423,"AUS","Austin, TX","TX","1730","1749",19.00,19.00,25.00,6.00,"2039","2039",0.00,0.00,0.00,"",0.00,249.00,230.00,199.00,1.00,1521.00,,,,,,
2016,7,16,6,2016-07-16,"AA",19805,"AA","2675",12478,"JFK","New York, NY","NY",10423,"AUS","Austin, TX","TX","1730","1838",68.00,68.00,41.00,6.00,"2039","2202",83.00,83.00,0.00,"",0.00,249.00,264.00,217.00,1.00,1521.00,19.00,0.00,15.00,0.00,49.00,
2016,7,17,7,2016-07-17,"AA",19805,"AA","2675",12478,"JFK","New York, NY","NY",10423,"AUS","Austin, TX","TX","1730","1800",30.00,30.00,32.00,5.00,"2039","2048",9.00,9.00,0.00,"",0.00,249.00,228.00,191.00,1.00,1521.00,,,,,,
2016,7,18,1,2016-07-18,"AA",19805,"AA","2675",12478,"JFK","New York, NY","NY",10423,"AUS","Austin, TX","TX","1730","1849",79.00,79.00,51.00,8.00,"2039","2200",81.00,81.00,0.00,"",0.00,249.00,251.00,192.00,1.00,1521.00,0.00,0.00,81.00,0.00,0.00,
2016,7,19,2,2016-07-19,"AA",19805,"AA","2675",12478,"JFK","New York, NY","NY",10423,"AUS","Austin, TX","TX","1730","1729",-1.00,0.00,57.00,7.00,"2039","2046",7.00,7.00,0.00,"",0.00,249.00,257.00,193.00,1.00,1521.00,,,,,,
2016,7,20,3,2016-07-20,"AA",19805,"AA","2675",12478,"JFK","New York, NY","NY",10423,"AUS","Austin, TX","TX","1730","1747",17.00,17.00,30.00,9.00,"2039","2035",-4.00,0.00,0.00,"",0.00,249.00,228.00,189.00,1.00,1521.00,,,,,,
2016,7,21,4,2016-07-21,"AA",19805,"AA","2675",12478,"JFK","New York, NY","NY",10423,"AUS","Austin, TX","TX","1730","1816",46.00,46.00,40.00,5.00,"2039","2102",23.00,23.00,0.00,"",0.00,249.00,226.00,181.00,1.00,1521.00,9.00,0.00,0.00,0.00,14.00,
2016,7,22,5,2016-07-22,"AA",19805,"AA","2675",12478,"JFK","New York, NY","NY",10423,"AUS","Austin, TX","TX","1730","1726",-4.00,0.00,43.00,16.00,"2039","2040",1.00,1.00,0.00,"",0.00,249.00,254.00,195.00,1.00,1521.00,,,,,,
2016,7,23,6,2016-07-23,"AA",19805,"AA","2675",12478,"JFK","New York, NY","NY",10423,"AUS","Austin, TX","TX","1730","1728",-2.00,0.00,67.00,8.00,"2039","2110",31.00,31.00,0.00,"",0.00,249.00,282.00,207.00,1.00,1521.00,0.00,0.00,31.00,0.00,0.00,
2016,7,24,7,2016-07-24,"AA",19805,"AA","2675",12478,"JFK","New York, NY","NY",10423,"AUS","Austin, TX","TX","1730","1725",-5.00,0.00,38.00,8.00,"2039","2022",-17.00,0.00,0.00,"",0.00,249.00,237.00,191.00,1.00,1521.00,,,,,,
2016,7,25,1,2016-07-25,"AA",19805,"AA","2675",12478,"JFK","New York, NY","NY",10423,"AUS","Austin, TX","TX","1730","",,,,,"2039","",,,1.00,"C",0.00,249.00,,,1.00,1521.00,,,,,,
2016,7,26,2,2016-07-26,"AA",19805,"AA","2675",12478,"JFK","New York, NY","NY",10423,"AUS","Austin, TX","TX","1730","1729",-1.00,0.00,29.00,7.00,"2039","2030",-9.00,0.00,0.00,"",0.00,249.00,241.00,205.00,1.00,1521.00,,,,,,
2016,7,27,3,2016-07-27,"AA",19805,"AA","2675",12478,"JFK","New York, NY","NY",10423,"AUS","Austin, TX","TX","1730","1931",121.00,121.00,24.00,12.00,"2039","2227",108.00,108.00,0.00,"",0.00,249.00,236.00,200.00,1.00,1521.00,3.00,0.00,0.00,0.00,105.00,
2016,7,28,4,2016-07-28,"AA",19805,"AA","2675",12478,"JFK","New York, NY","NY",10423,"AUS","Austin, TX","TX","1730","1855",85.00,85.00,81.00,8.00,"2039","2247",128.00,128.00,0.00,"",0.00,249.00,292.00,203.00,1.00,1521.00,85.00,0.00,43.00,0.00,0.00,
2016,7,29,5,2016-07-29,"AA",19805,"AA","2675",12478,"JFK","New York, NY","NY",10423,"AUS","Austin, TX","TX","1730","1746",16.00,16.00,28.00,19.00,"2039","2105",26.00,26.00,0.00,"",0.00,249.00,259.00,212.00,1.00,1521.00,0.00,0.00,10.00,16.00,0.00,
2016,7,30,6,2016-07-30,"AA",19805,"AA","2675",12478,"JFK","New York, NY","NY",10423,"AUS","Austin, TX","TX","1730","2145",255.00,255.00,24.00,5.00,"2039","0031",232.00,232.00,0.00,"",0.00,249.00,226.00,197.00,1.00,1521.00,0.00,0.00,26.00,0.00,206.00,
2016,7,31,7,2016-07-31,"AA",19805,"AA","2675",12478,"JFK","New York, NY","NY",10423,"AUS","Austin, TX","TX","1730","2118",228.00,228.00,53.00,4.00,"2039","0033",234.00,234.00,0.00,"",0.00,249.00,255.00,198.00,1.00,1521.00,228.00,0.00,6.00,0.00,0.00,
2016,7,10,7,2016-07-10,"AA",19805,"AA","2676",11292,"DEN","Denver, CO","CO",14107,"PHX","Phoenix, AZ","AZ","0700","0653",-7.00,0.00,14.00,10.00,"0807","0746",-21.00,0.00,0.00,"",0.00,127.00,113.00,89.00,1.00,602.00,,,,,,
2016,7,17,7,2016-07-17,"AA",19805,"AA","2676",11292,"DEN","Denver, CO","CO",14107,"PHX","Phoenix, AZ","AZ","0700","0655",-5.00,0.00,14.00,4.00,"0807","0746",-21.00,0.00,0.00,"",0.00,127.00,111.00,93.00,1.00,602.00,,,,,,
2016,7,24,7,2016-07-24,"AA",19805,"AA","2676",11292,"DEN","Denver, CO","CO",14107,"PHX","Phoenix, AZ","AZ","0700","0707",7.00,7.00,12.00,4.00,"0807","0750",-17.00,0.00,0.00,"",0.00,127.00,103.00,87.00,1.00,602.00,,,,,,
2016,7,31,7,2016-07-31,"AA",19805,"AA","2676",11292,"DEN","Denver, CO","CO",14107,"PHX","Phoenix, AZ","AZ","0700","0657",-3.00,0.00,12.00,22.00,"0807","0754",-13.00,0.00,0.00,"",0.00,127.00,117.00,83.00,1.00,602.00,,,,,,
2016,7,1,5,2016-07-01,"AA",19805,"AA","2676",13303,"MIA","Miami, FL","FL",11298,"DFW","Dallas/Fort Worth, TX","TX","2349","2347",-2.00,0.00,12.00,4.00,"0152","0133",-19.00,0.00,0.00,"",0.00,183.00,166.00,150.00,1.00,1121.00,,,,,,
2016,7,1,5,2016-07-01,"AA",19805,"AA","2677",11298,"DFW","Dallas/Fort Worth, TX","TX",12889,"LAS","Las Vegas, NV","NV","2355","2353",-2.00,0.00,12.00,12.00,"0040","0113",33.00,33.00,0.00,"",0.00,165.00,200.00,176.00,1.00,1055.00,0.00,0.00,33.00,0.00,0.00,
2016,7,24,7,2016-07-24,"AA",19805,"AA","2677",11298,"DFW","Dallas/Fort Worth, TX","TX",13244,"MEM","Memphis, TN","TN","2345","2341",-4.00,0.00,12.00,3.00,"0111","0100",-11.00,0.00,0.00,"",0.00,86.00,79.00,64.00,1.00,431.00,,,,,,
2016,7,24,7,2016-07-24,"AA",19805,"AA","2677",13244,"MEM","Memphis, TN","TN",11298,"DFW","Dallas/Fort Worth, TX","TX","2105","2052",-13.00,0.00,11.00,6.00,"2242","2211",-31.00,0.00,0.00,"",0.00,97.00,79.00,62.00,1.00,431.00,,,,,,
2016,7,1,5,2016-07-01,"AA",19805,"AA","2678",11298,"DFW","Dallas/Fort Worth, TX","TX",13871,"OMA","Omaha, NE","NE","2340","0004",24.00,24.00,11.00,4.00,"0123","0141",18.00,18.00,0.00,"",0.00,103.00,97.00,82.00,1.00,583.00,17.00,0.00,0.00,0.00,1.00,
2016,7,4,1,2016-07-04,"AA",19805,"AA","2678",11298,"DFW","Dallas/Fort Worth, TX","TX",14771,"SFO","San Francisco, CA","CA","2205","2206",1.00,1.00,19.00,4.00,"2344","2349",5.00,5.00,0.00,"",0.00,219.00,223.00,200.00,1.00,1464.00,,,,,,
2016,7,5,2,2016-07-05,"AA",19805,"AA","2678",11298,"DFW","Dallas/Fort Worth, TX","TX",14771,"SFO","San Francisco, CA","CA","2205","2204",-1.00,0.00,15.00,4.00,"2344","2341",-3.00,0.00,0.00,"",0.00,219.00,217.00,198.00,1.00,1464.00,,,,,,
2016,7,6,3,2016-07-06,"AA",19805,"AA","2678",11298,"DFW","Dallas/Fort Worth, TX","TX",14771,"SFO","San Francisco, CA","CA","2205","2204",-1.00,0.00,15.00,6.00,"2344","2340",-4.00,0.00,0.00,"",0.00,219.00,216.00,195.00,1.00,1464.00,,,,,,
2016,7,7,4,2016-07-07,"AA",19805,"AA","2678",11298,"DFW","Dallas/Fort Worth, TX","TX",14771,"SFO","San Francisco, CA","CA","2205","2201",-4.00,0.00,26.00,10.00,"2344","2358",14.00,14.00,0.00,"",0.00,219.00,237.00,201.00,1.00,1464.00,,,,,,
2016,7,8,5,2016-07-08,"AA",19805,"AA","2678",11298,"DFW","Dallas/Fort Worth, TX","TX",14771,"SFO","San Francisco, CA","CA","2205","2200",-5.00,0.00,14.00,16.00,"2344","2355",11.00,11.00,0.00,"",0.00,219.00,235.00,205.00,1.00,1464.00,,,,,,
2016,7,9,6,2016-07-09,"AA",19805,"AA","2678",11298,"DFW","Dallas/Fort Worth, TX","TX",14771,"SFO","San Francisco, CA","CA","2205","2304",59.00,59.00,13.00,4.00,"2344","0041",57.00,57.00,0.00,"",0.00,219.00,217.00,200.00,1.00,1464.00,0.00,15.00,0.00,0.00,42.00,
2016,7,10,7,2016-07-10,"AA",19805,"AA","2678",11298,"DFW","Dallas/Fort Worth, TX","TX",14771,"SFO","San Francisco, CA","CA","2205","2206",1.00,1.00,11.00,8.00,"2344","2359",15.00,15.00,0.00,"",0.00,219.00,233.00,214.00,1.00,1464.00,1.00,0.00,14.00,0.00,0.00,
2016,7,11,1,2016-07-11,"AA",19805,"AA","2678",11298,"DFW","Dallas/Fort Worth, TX","TX",14771,"SFO","San Francisco, CA","CA","2205","2202",-3.00,0.00,13.00,8.00,"2344","2349",5.00,5.00,0.00,"",0.00,219.00,227.00,206.00,1.00,1464.00,,,,,,
2016,7,12,2,2016-07-12,"AA",19805,"AA","2678",11298,"DFW","Dallas/Fort Worth, TX","TX",14771,"SFO","San Francisco, CA","CA","2205","2231",26.00,26.00,11.00,35.00,"2344","0036",52.00,52.00,0.00,"",0.00,219.00,245.00,199.00,1.00,1464.00,26.00,0.00,26.00,0.00,0.00,
2016,7,13,3,2016-07-13,"AA",19805,"AA","2678",11298,"DFW","Dallas/Fort Worth, TX","TX",14771,"SFO","San Francisco, CA","CA","2205","2221",16.00,16.00,14.00,3.00,"2344","2352",8.00,8.00,0.00,"",0.00,219.00,211.00,194.00,1.00,1464.00,,,,,,
2016,7,14,4,2016-07-14,"AA",19805,"AA","2678",11298,"DFW","Dallas/Fort Worth, TX","TX",14771,"SFO","San Francisco, CA","CA","2205","2224",19.00,19.00,12.00,6.00,"2344","0007",23.00,23.00,0.00,"",0.00,219.00,223.00,205.00,1.00,1464.00,19.00,0.00,4.00,0.00,0.00,
2016,7,15,5,2016-07-15,"AA",19805,"AA","2678",11298,"DFW","Dallas/Fort Worth, TX","TX",14771,"SFO","San Francisco, CA","CA","2205","2249",44.00,44.00,13.00,18.00,"2344","0037",53.00,53.00,0.00,"",0.00,219.00,228.00,197.00,1.00,1464.00,25.00,0.00,9.00,0.00,19.00,
2016,7,16,6,2016-07-16,"AA",19805,"AA","2678",11298,"DFW","Dallas/Fort Worth, TX","TX",14771,"SFO","San Francisco, CA","CA","2205","2214",9.00,9.00,18.00,4.00,"2344","2351",7.00,7.00,0.00,"",0.00,219.00,217.00,195.00,1.00,1464.00,,,,,,
2016,7,17,7,2016-07-17,"AA",19805,"AA","2678",11298,"DFW","Dallas/Fort Worth, TX","TX",14771,"SFO","San Francisco, CA","CA","2205","2248",43.00,43.00,65.00,4.00,"2344","0108",84.00,84.00,0.00,"",0.00,219.00,260.00,191.00,1.00,1464.00,0.00,0.00,84.00,0.00,0.00,
2016,7,18,1,2016-07-18,"AA",19805,"AA","2678",11298,"DFW","Dallas/Fort Worth, TX","TX",14771,"SFO","San Francisco, CA","CA","2205","2203",-2.00,0.00,29.00,6.00,"2344","2340",-4.00,0.00,0.00,"",0.00,219.00,217.00,182.00,1.00,1464.00,,,,,,
2016,7,19,2,2016-07-19,"AA",19805,"AA","2678",11298,"DFW","Dallas/Fort Worth, TX","TX",14771,"SFO","San Francisco, CA","CA","2205","2316",71.00,71.00,13.00,4.00,"2344","0036",52.00,52.00,0.00,"",0.00,219.00,200.00,183.00,1.00,1464.00,52.00,0.00,0.00,0.00,0.00,
2016,7,20,3,2016-07-20,"AA",19805,"AA","2678",11298,"DFW","Dallas/Fort Worth, TX","TX",14771,"SFO","San Francisco, CA","CA","2205","2200",-5.00,0.00,13.00,5.00,"2344","2323",-21.00,0.00,0.00,"",0.00,219.00,203.00,185.00,1.00,1464.00,,,,,,
2016,7,21,4,2016-07-21,"AA",19805,"AA","2678",11298,"DFW","Dallas/Fort Worth, TX","TX",14771,"SFO","San Francisco, CA","CA","2205","2218",13.00,13.00,19.00,4.00,"2344","2346",2.00,2.00,0.00,"",0.00,219.00,208.00,185.00,1.00,1464.00,,,,,,
2016,7,22,5,2016-07-22,"AA",19805,"AA","2678",11298,"DFW","Dallas/Fort Worth, TX","TX",14771,"SFO","San Francisco, CA","CA","2205","2219",14.00,14.00,15.00,5.00,"2344","2350",6.00,6.00,0.00,"",0.00,219.00,211.00,191.00,1.00,1464.00,,,,,,
2016,7,23,6,2016-07-23,"AA",19805,"AA","2678",11298,"DFW","Dallas/Fort Worth, TX","TX",14771,"SFO","San Francisco, CA","CA","2205","2206",1.00,1.00,14.00,4.00,"2344","2332",-12.00,0.00,0.00,"",0.00,219.00,206.00,188.00,1.00,1464.00,,,,,,
2016,7,24,7,2016-07-24,"AA",19805,"AA","2678",11298,"DFW","Dallas/Fort Worth, TX","TX",14771,"SFO","San Francisco, CA","CA","2205","2204",-1.00,0.00,16.00,4.00,"2344","2333",-11.00,0.00,0.00,"",0.00,219.00,209.00,189.00,1.00,1464.00,,,,,,
2016,7,25,1,2016-07-25,"AA",19805,"AA","2678",11298,"DFW","Dallas/Fort Worth, TX","TX",14771,"SFO","San Francisco, CA","CA","2205","2243",38.00,38.00,15.00,5.00,"2344","0016",32.00,32.00,0.00,"",0.00,219.00,213.00,193.00,1.00,1464.00,0.00,19.00,0.00,0.00,13.00,
2016,7,26,2,2016-07-26,"AA",19805,"AA","2678",11298,"DFW","Dallas/Fort Worth, TX","TX",14771,"SFO","San Francisco, CA","CA","2205","2215",10.00,10.00,17.00,5.00,"2344","2348",4.00,4.00,0.00,"",0.00,219.00,213.00,191.00,1.00,1464.00,,,,,,
2016,7,27,3,2016-07-27,"AA",19805,"AA","2678",11298,"DFW","Dallas/Fort Worth, TX","TX",14771,"SFO","San Francisco, CA","CA","2205","2245",40.00,40.00,17.00,5.00,"2344","0019",35.00,35.00,0.00,"",0.00,219.00,214.00,192.00,1.00,1464.00,11.00,0.00,0.00,0.00,24.00,
2016,7,28,4,2016-07-28,"AA",19805,"AA","2678",11298,"DFW","Dallas/Fort Worth, TX","TX",14771,"SFO","San Francisco, CA","CA","2205","2353",108.00,108.00,13.00,36.00,"2344","0153",129.00,129.00,0.00,"",0.00,219.00,240.00,191.00,1.00,1464.00,47.00,0.00,21.00,0.00,61.00,
2016,7,29,5,2016-07-29,"AA",19805,"AA","2678",11298,"DFW","Dallas/Fort Worth, TX","TX",14771,"SFO","San Francisco, CA","CA","2205","2210",5.00,5.00,11.00,4.00,"2344","2352",8.00,8.00,0.00,"",0.00,219.00,222.00,207.00,1.00,1464.00,,,,,,
2016,7,30,6,2016-07-30,"AA",19805,"AA","2678",11298,"DFW","Dallas/Fort Worth, TX","TX",14771,"SFO","San Francisco, CA","CA","2205","2207",2.00,2.00,12.00,3.00,"2344","2338",-6.00,0.00,0.00,"",0.00,219.00,211.00,196.00,1.00,1464.00,,,,,,
2016,7,31,7,2016-07-31,"AA",19805,"AA","2678",11298,"DFW","Dallas/Fort Worth, TX","TX",14771,"SFO","San Francisco, CA","CA","2205","2224",19.00,19.00,15.00,4.00,"2344","2351",7.00,7.00,0.00,"",0.00,219.00,207.00,188.00,1.00,1464.00,,,,,,
2016,7,1,5,2016-07-01,"AA",19805,"AA","2679",13198,"MCI","Kansas City, MO","MO",11298,"DFW","Dallas/Fort Worth, TX","TX","2110","2130",20.00,20.00,18.00,4.00,"2250","2256",6.00,6.00,0.00,"",0.00,100.00,86.00,64.00,1.00,460.00,,,,,,
2016,7,5,2,2016-07-05,"AA",19805,"AA","2679",14771,"SFO","San Francisco, CA","CA",11298,"DFW","Dallas/Fort Worth, TX","TX","0045","0044",-1.00,0.00,13.00,15.00,"0603","0614",11.00,11.00,0.00,"",0.00,198.00,210.00,182.00,1.00,1464.00,,,,,,
2016,7,6,3,2016-07-06,"AA",19805,"AA","2679",14771,"SFO","San Francisco, CA","CA",11298,"DFW","Dallas/Fort Worth, TX","TX","0045","0058",13.00,13.00,15.00,5.00,"0603","0611",8.00,8.00,0.00,"",0.00,198.00,193.00,173.00,1.00,1464.00,,,,,,
2016,7,7,4,2016-07-07,"AA",19805,"AA","2679",14771,"SFO","San Francisco, CA","CA",11298,"DFW","Dallas/Fort Worth, TX","TX","0045","0045",0.00,0.00,13.00,12.00,"0603","0604",1.00,1.00,0.00,"",0.00,198.00,199.00,174.00,1.00,1464.00,,,,,,
2016,7,8,5,2016-07-08,"AA",19805,"AA","2679",14771,"SFO","San Francisco, CA","CA",11298,"DFW","Dallas/Fort Worth, TX","TX","0045","0040",-5.00,0.00,17.00,4.00,"0603","0550",-13.00,0.00,0.00,"",0.00,198.00,190.00,169.00,1.00,1464.00,,,,,,
2016,7,9,6,2016-07-09,"AA",19805,"AA","2679",14771,"SFO","San Francisco, CA","CA",11298,"DFW","Dallas/Fort Worth, TX","TX","0045","0042",-3.00,0.00,22.00,10.00,"0603","0611",8.00,8.00,0.00,"",0.00,198.00,209.00,177.00,1.00,1464.00,,,,,,
2016,7,10,7,2016-07-10,"AA",19805,"AA","2679",14771,"SFO","San Francisco, CA","CA",11298,"DFW","Dallas/Fort Worth, TX","TX","0045","0140",55.00,55.00,11.00,6.00,"0603","0636",33.00,33.00,0.00,"",0.00,198.00,176.00,159.00,1.00,1464.00,0.00,0.00,0.00,0.00,33.00,
2016,7,11,1,2016-07-11,"AA",19805,"AA","2679",14771,"SFO","San Francisco, CA","CA",11298,"DFW","Dallas/Fort Worth, TX","TX","0045","0055",10.00,10.00,13.00,11.00,"0603","0605",2.00,2.00,0.00,"",0.00,198.00,190.00,166.00,1.00,1464.00,,,,,,
2016,7,12,2,2016-07-12,"AA",19805,"AA","2679",14771,"SFO","San Francisco, CA","CA",11298,"DFW","Dallas/Fort Worth, TX","TX","0045","0122",37.00,37.00,15.00,4.00,"0603","0624",21.00,21.00,0.00,"",0.00,198.00,182.00,163.00,1.00,1464.00,0.00,0.00,0.00,0.00,21.00,
2016,7,13,3,2016-07-13,"AA",19805,"AA","2679",14771,"SFO","San Francisco, CA","CA",11298,"DFW","Dallas/Fort Worth, TX","TX","0045","0114",29.00,29.00,13.00,8.00,"0603","0621",18.00,18.00,0.00,"",0.00,198.00,187.00,166.00,1.00,1464.00,16.00,0.00,0.00,0.00,2.00,
2016,7,14,4,2016-07-14,"AA",19805,"AA","2679",14771,"SFO","San Francisco, CA","CA",11298,"DFW","Dallas/Fort Worth, TX","TX","0045","0052",7.00,7.00,12.00,10.00,"0603","0603",0.00,0.00,0.00,"",0.00,198.00,191.00,169.00,1.00,1464.00,,,,,,
2016,7,15,5,2016-07-15,"AA",19805,"AA","2679",14771,"SFO","San Francisco, CA","CA",11298,"DFW","Dallas/Fort Worth, TX","TX","0045","0110",25.00,25.00,15.00,4.00,"0603","0621",18.00,18.00,0.00,"",0.00,198.00,191.00,172.00,1.00,1464.00,0.00,0.00,0.00,0.00,18.00,
2016,7,16,6,2016-07-16,"AA",19805,"AA","2679",14771,"SFO","San Francisco, CA","CA",11298,"DFW","Dallas/Fort Worth, TX","TX","0045","0147",62.00,62.00,11.00,5.00,"0603","0657",54.00,54.00,0.00,"",0.00,198.00,190.00,174.00,1.00,1464.00,0.00,0.00,0.00,0.00,54.00,
2016,7,17,7,2016-07-17,"AA",19805,"AA","2679",14771,"SFO","San Francisco, CA","CA",11298,"DFW","Dallas/Fort Worth, TX","TX","0045","0053",8.00,8.00,15.00,12.00,"0603","0611",8.00,8.00,0.00,"",0.00,198.00,198.00,171.00,1.00,1464.00,,,,,,
2016,7,18,1,2016-07-18,"AA",19805,"AA","2679",14771,"SFO","San Francisco, CA","CA",11298,"DFW","Dallas/Fort Worth, TX","TX","0045","0202",77.00,77.00,14.00,17.00,"0603","0725",82.00,82.00,0.00,"",0.00,198.00,203.00,172.00,1.00,1464.00,0.00,0.00,5.00,0.00,77.00,
2016,7,19,2,2016-07-19,"AA",19805,"AA","2679",14771,"SFO","San Francisco, CA","CA",11298,"DFW","Dallas/Fort Worth, TX","TX","0045","0104",19.00,19.00,10.00,5.00,"0603","0615",12.00,12.00,0.00,"",0.00,198.00,191.00,176.00,1.00,1464.00,,,,,,
2016,7,20,3,2016-07-20,"AA",19805,"AA","2679",14771,"SFO","San Francisco, CA","CA",11298,"DFW","Dallas/Fort Worth, TX","TX","0045","0123",38.00,38.00,14.00,6.00,"0603","0645",42.00,42.00,0.00,"",0.00,198.00,202.00,182.00,1.00,1464.00,0.00,0.00,4.00,0.00,38.00,
2016,7,21,4,2016-07-21,"AA",19805,"AA","2679",14771,"SFO","San Francisco, CA","CA",11298,"DFW","Dallas/Fort Worth, TX","TX","0045","0044",-1.00,0.00,13.00,12.00,"0603","0611",8.00,8.00,0.00,"",0.00,198.00,207.00,182.00,1.00,1464.00,,,,,,
2016,7,22,5,2016-07-22,"AA",19805,"AA","2679",14771,"SFO","San Francisco, CA","CA",11298,"DFW","Dallas/Fort Worth, TX","TX","0045","0044",-1.00,0.00,22.00,4.00,"0603","0606",3.00,3.00,0.00,"",0.00,198.00,202.00,176.00,1.00,1464.00,,,,,,
2016,7,23,6,2016-07-23,"AA",19805,"AA","2679",14771,"SFO","San Francisco, CA","CA",11298,"DFW","Dallas/Fort Worth, TX","TX","0045","0119",34.00,34.00,11.00,4.00,"0603","0631",28.00,28.00,0.00,"",0.00,198.00,192.00,177.00,1.00,1464.00,0.00,0.00,0.00,0.00,28.00,
2016,7,24,7,2016-07-24,"AA",19805,"AA","2679",14771,"SFO","San Francisco, CA","CA",11298,"DFW","Dallas/Fort Worth, TX","TX","0045","0040",-5.00,0.00,16.00,6.00,"0603","0601",-2.00,0.00,0.00,"",0.00,198.00,201.00,179.00,1.00,1464.00,,,,,,
2016,7,25,1,2016-07-25,"AA",19805,"AA","2679",14771,"SFO","San Francisco, CA","CA",11298,"DFW","Dallas/Fort Worth, TX","TX","0045","0051",6.00,6.00,16.00,4.00,"0603","0611",8.00,8.00,0.00,"",0.00,198.00,200.00,180.00,1.00,1464.00,,,,,,
2016,7,26,2,2016-07-26,"AA",19805,"AA","2679",14771,"SFO","San Francisco, CA","CA",11298,"DFW","Dallas/Fort Worth, TX","TX","0045","0114",29.00,29.00,12.00,9.00,"0603","0631",28.00,28.00,0.00,"",0.00,198.00,197.00,176.00,1.00,1464.00,0.00,0.00,0.00,0.00,28.00,
2016,7,27,3,2016-07-27,"AA",19805,"AA","2679",14771,"SFO","San Francisco, CA","CA",11298,"DFW","Dallas/Fort Worth, TX","TX","0045","0046",1.00,1.00,11.00,7.00,"0603","0602",-1.00,0.00,0.00,"",0.00,198.00,196.00,178.00,1.00,1464.00,,,,,,
2016,7,28,4,2016-07-28,"AA",19805,"AA","2679",14771,"SFO","San Francisco, CA","CA",11298,"DFW","Dallas/Fort Worth, TX","TX","0045","0112",27.00,27.00,17.00,9.00,"0603","0631",28.00,28.00,0.00,"",0.00,198.00,199.00,173.00,1.00,1464.00,0.00,0.00,1.00,0.00,27.00,
2016,7,29,5,2016-07-29,"AA",19805,"AA","2679",14771,"SFO","San Francisco, CA","CA",11298,"DFW","Dallas/Fort Worth, TX","TX","0045","0237",112.00,112.00,12.00,12.00,"0603","0753",110.00,110.00,0.00,"",0.00,198.00,196.00,172.00,1.00,1464.00,110.00,0.00,0.00,0.00,0.00,
2016,7,30,6,2016-07-30,"AA",19805,"AA","2679",14771,"SFO","San Francisco, CA","CA",11298,"DFW","Dallas/Fort Worth, TX","TX","0045","0101",16.00,16.00,13.00,6.00,"0603","0618",15.00,15.00,0.00,"",0.00,198.00,197.00,178.00,1.00,1464.00,15.00,0.00,0.00,0.00,0.00,
2016,7,31,7,2016-07-31,"AA",19805,"AA","2679",14771,"SFO","San Francisco, CA","CA",11298,"DFW","Dallas/Fort Worth, TX","TX","0045","0047",2.00,2.00,16.00,3.00,"0603","0608",5.00,5.00,0.00,"",0.00,198.00,201.00,182.00,1.00,1464.00,,,,,,
2016,7,1,5,2016-07-01,"AA",19805,"AA","2681",11298,"DFW","Dallas/Fort Worth, TX","TX",15376,"TUS","Tucson, AZ","AZ","2345","2344",-1.00,0.00,12.00,4.00,"2354","2351",-3.00,0.00,0.00,"",0.00,129.00,127.00,111.00,1.00,813.00,,,,,,
2016,7,1,5,2016-07-01,"AA",19805,"AA","2681",15376,"TUS","Tucson, AZ","AZ",11298,"DFW","Dallas/Fort Worth, TX","TX","1820","1853",33.00,33.00,7.00,9.00,"2238","2255",17.00,17.00,0.00,"",0.00,138.00,122.00,106.00,1.00,813.00,1.00,0.00,0.00,0.00,16.00,
2016,7,1,5,2016-07-01,"AA",19805,"AA","2682",11298,"DFW","Dallas/Fort Worth, TX","TX",15016,"STL","St. Louis, MO","MO","2340","2339",-1.00,0.00,12.00,7.00,"0119","0112",-7.00,0.00,0.00,"",0.00,99.00,93.00,74.00,1.00,550.00,,,,,,
2016,7,1,5,2016-07-01,"AA",19805,"AA","2683",10397,"ATL","Atlanta, GA","GA",11298,"DFW","Dallas/Fort Worth, TX","TX","2120","2114",-6.00,0.00,16.00,15.00,"2243","2229",-14.00,0.00,0.00,"",0.00,143.00,135.00,104.00,1.00,731.00,,,,,,
2016,7,1,5,2016-07-01,"AA",19805,"AA","2683",11298,"DFW","Dallas/Fort Worth, TX","TX",10397,"ATL","Atlanta, GA","GA","2340","2335",-5.00,0.00,13.00,5.00,"0250","0229",-21.00,0.00,0.00,"",0.00,130.00,114.00,96.00,1.00,731.00,,,,,,
2016,7,1,5,2016-07-01,"AA",19805,"AA","2684",11298,"DFW","Dallas/Fort Worth, TX","TX",14683,"SAT","San Antonio, TX","TX","2350","2347",-3.00,0.00,15.00,3.00,"0051","0045",-6.00,0.00,0.00,"",0.00,61.00,58.00,40.00,1.00,247.00,,,,,,
2016,7,1,5,2016-07-01,"AA",19805,"AA","2684",14683,"SAT","San Antonio, TX","TX",11298,"DFW","Dallas/Fort Worth, TX","TX","2130","2121",-9.00,0.00,11.00,13.00,"2243","2229",-14.00,0.00,0.00,"",0.00,73.00,68.00,44.00,1.00,247.00,,,,,,
2016,7,1,5,2016-07-01,"AA",19805,"AA","2685",11298,"DFW","Dallas/Fort Worth, TX","TX",13851,"OKC","Oklahoma City, OK","OK","2349","2350",1.00,1.00,13.00,6.00,"0045","0044",-1.00,0.00,0.00,"",0.00,56.00,54.00,35.00,1.00,175.00,,,,,,
2016,7,1,5,2016-07-01,"AA",19805,"AA","2686",11298,"DFW","Dallas/Fort Worth, TX","TX",13891,"ONT","Ontario, CA","CA","2359","0144",105.00,105.00,10.00,7.00,"0055","0232",97.00,97.00,0.00,"",0.00,176.00,168.00,151.00,1.00,1188.00,0.00,0.00,0.00,0.00,97.00,
2016,7,1,5,2016-07-01,"AA",19805,"AA","2686",13891,"ONT","Ontario, CA","CA",11298,"DFW","Dallas/Fort Worth, TX","TX","1749","1833",44.00,44.00,23.00,4.00,"2251","2331",40.00,40.00,0.00,"",0.00,182.00,178.00,151.00,1.00,1188.00,0.00,0.00,0.00,0.00,40.00,
2016,7,1,5,2016-07-01,"AA",19805,"AA","2689",11292,"DEN","Denver, CO","CO",11298,"DFW","Dallas/Fort Worth, TX","TX","2059","2057",-2.00,0.00,12.00,12.00,"2357","2349",-8.00,0.00,0.00,"",0.00,118.00,112.00,88.00,1.00,641.00,,,,,,
2016,7,1,5,2016-07-01,"AA",19805,"AA","2690",14893,"SMF","Sacramento, CA","CA",11298,"DFW","Dallas/Fort Worth, TX","TX","1737","1825",48.00,48.00,11.00,11.00,"2259","2346",47.00,47.00,0.00,"",0.00,202.00,201.00,179.00,1.00,1431.00,9.00,0.00,0.00,0.00,38.00,
2016,7,1,5,2016-07-01,"AA",19805,"AA","2691",11109,"COS","Colorado Springs, CO","CO",11298,"DFW","Dallas/Fort Worth, TX","TX","2000","1949",-11.00,0.00,10.00,10.00,"2250","2228",-22.00,0.00,0.00,"",0.00,110.00,99.00,79.00,1.00,592.00,,,,,,
2016,7,1,5,2016-07-01,"AA",19805,"AA","2692",10140,"ABQ","Albuquerque, NM","NM",11298,"DFW","Dallas/Fort Worth, TX","TX","2003","2050",47.00,47.00,15.00,7.00,"2249","2331",42.00,42.00,0.00,"",0.00,106.00,101.00,79.00,1.00,569.00,0.00,0.00,0.00,0.00,42.00,
2016,7,1,5,2016-07-01,"AA",19805,"AA","2692",11298,"DFW","Dallas/Fort Worth, TX","TX",10140,"ABQ","Albuquerque, NM","NM","2358","0023",25.00,25.00,14.00,4.00,"0040","0100",20.00,20.00,0.00,"",0.00,102.00,97.00,79.00,1.00,569.00,6.00,0.00,0.00,0.00,14.00,
2016,7,1,5,2016-07-01,"AA",19805,"AA","2693",11423,"DSM","Des Moines, IA","IA",11298,"DFW","Dallas/Fort Worth, TX","TX","2055","2042",-13.00,0.00,17.00,15.00,"2253","2238",-15.00,0.00,0.00,"",0.00,118.00,116.00,84.00,1.00,624.00,,,,,,
2016,7,1,5,2016-07-01,"AA",19805,"AA","2694",13495,"MSY","New Orleans, LA","LA",11298,"DFW","Dallas/Fort Worth, TX","TX","2105","2056",-9.00,0.00,8.00,10.00,"2240","2222",-18.00,0.00,0.00,"",0.00,95.00,86.00,68.00,1.00,447.00,,,,,,
2016,7,1,5,2016-07-01,"AA",19805,"AA","2695",15370,"TUL","Tulsa, OK","OK",11298,"DFW","Dallas/Fort Worth, TX","TX","2130","2113",-17.00,0.00,17.00,6.00,"2241","2217",-24.00,0.00,0.00,"",0.00,71.00,64.00,41.00,1.00,237.00,,,,,,
2016,7,1,5,2016-07-01,"AA",19805,"AA","2696",11298,"DFW","Dallas/Fort Worth, TX","TX",12266,"IAH","Houston, TX","TX","2354","2352",-2.00,0.00,11.00,6.00,"0059","0045",-14.00,0.00,0.00,"",0.00,65.00,53.00,36.00,1.00,224.00,,,,,,
2016,7,24,7,2016-07-24,"AA",19805,"AA","2704",11298,"DFW","Dallas/Fort Worth, TX","TX",11540,"ELP","El Paso, TX","TX","2356","0153",117.00,117.00,13.00,4.00,"0028","0219",111.00,111.00,0.00,"",0.00,92.00,86.00,69.00,1.00,551.00,12.00,0.00,0.00,0.00,99.00,
2016,7,1,5,2016-07-01,"AA",19805,"AA","2704",11298,"DFW","Dallas/Fort Worth, TX","TX",12892,"LAX","Los Angeles, CA","CA","2350","0109",79.00,79.00,12.00,11.00,"0101","0213",72.00,72.00,0.00,"",0.00,191.00,184.00,161.00,1.00,1235.00,33.00,0.00,0.00,0.00,39.00,
2016,7,24,7,2016-07-24,"AA",19805,"AA","2704",11540,"ELP","El Paso, TX","TX",11298,"DFW","Dallas/Fort Worth, TX","TX","2005","2027",22.00,22.00,40.00,4.00,"2254","2329",35.00,35.00,0.00,"",0.00,109.00,122.00,78.00,1.00,551.00,0.00,0.00,13.00,0.00,22.00,
2016,7,1,5,2016-07-01,"AA",19805,"AA","2706",11298,"DFW","Dallas/Fort Worth, TX","TX",11292,"DEN","Denver, CO","CO","2350","0036",46.00,46.00,15.00,24.00,"0049","0144",55.00,55.00,0.00,"",0.00,119.00,128.00,89.00,1.00,641.00,2.00,0.00,9.00,0.00,44.00,
2016,7,5,2,2016-07-05,"AA",19805,"AA","2706",13303,"MIA","Miami, FL","FL",12264,"IAD","Washington, DC","VA","2018","2048",30.00,30.00,17.00,7.00,"2253","2311",18.00,18.00,0.00,"",0.00,155.00,143.00,119.00,1.00,921.00,18.00,0.00,0.00,0.00,0.00,
2016,7,6,3,2016-07-06,"AA",19805,"AA","2706",13303,"MIA","Miami, FL","FL",12264,"IAD","Washington, DC","VA","2018","2023",5.00,5.00,24.00,3.00,"2253","2254",1.00,1.00,0.00,"",0.00,155.00,151.00,124.00,1.00,921.00,,,,,,
2016,7,7,4,2016-07-07,"AA",19805,"AA","2706",13303,"MIA","Miami, FL","FL",12264,"IAD","Washington, DC","VA","2018","2034",16.00,16.00,28.00,5.00,"2253","2310",17.00,17.00,0.00,"",0.00,155.00,156.00,123.00,1.00,921.00,16.00,0.00,1.00,0.00,0.00,
2016,7,8,5,2016-07-08,"AA",19805,"AA","2706",13303,"MIA","Miami, FL","FL",12264,"IAD","Washington, DC","VA","2018","2012",-6.00,0.00,18.00,8.00,"2253","2258",5.00,5.00,0.00,"",0.00,155.00,166.00,140.00,1.00,921.00,,,,,,
2016,7,9,6,2016-07-09,"AA",19805,"AA","2706",13303,"MIA","Miami, FL","FL",12264,"IAD","Washington, DC","VA","2018","2028",10.00,10.00,19.00,8.00,"2253","2256",3.00,3.00,0.00,"",0.00,155.00,148.00,121.00,1.00,921.00,,,,,,
2016,7,10,7,2016-07-10,"AA",19805,"AA","2706",13303,"MIA","Miami, FL","FL",12264,"IAD","Washington, DC","VA","2018","2018",0.00,0.00,27.00,10.00,"2253","2258",5.00,5.00,0.00,"",0.00,155.00,160.00,123.00,1.00,921.00,,,,,,
2016,7,11,1,2016-07-11,"AA",19805,"AA","2706",13303,"MIA","Miami, FL","FL",12264,"IAD","Washington, DC","VA","2018","2013",-5.00,0.00,23.00,5.00,"2253","2246",-7.00,0.00,0.00,"",0.00,155.00,153.00,125.00,1.00,921.00,,,,,,
2016,7,12,2,2016-07-12,"AA",19805,"AA","2706",13303,"MIA","Miami, FL","FL",12264,"IAD","Washington, DC","VA","2018","2012",-6.00,0.00,33.00,6.00,"2253","2258",5.00,5.00,0.00,"",0.00,155.00,166.00,127.00,1.00,921.00,,,,,,
2016,7,13,3,2016-07-13,"AA",19805,"AA","2706",13303,"MIA","Miami, FL","FL",12264,"IAD","Washington, DC","VA","2018","2032",14.00,14.00,37.00,6.00,"2253","2329",36.00,36.00,0.00,"",0.00,155.00,177.00,134.00,1.00,921.00,7.00,0.00,22.00,0.00,7.00,
2016,7,14,4,2016-07-14,"AA",19805,"AA","2706",13303,"MIA","Miami, FL","FL",12264,"IAD","Washington, DC","VA","2018","2011",-7.00,0.00,21.00,4.00,"2253","2240",-13.00,0.00,0.00,"",0.00,155.00,149.00,124.00,1.00,921.00,,,,,,
2016,7,15,5,2016-07-15,"AA",19805,"AA","2706",13303,"MIA","Miami, FL","FL",12264,"IAD","Washington, DC","VA","2018","2016",-2.00,0.00,28.00,5.00,"2253","2252",-1.00,0.00,0.00,"",0.00,155.00,156.00,123.00,1.00,921.00,,,,,,
2016,7,16,6,2016-07-16,"AA",19805,"AA","2706",13303,"MIA","Miami, FL","FL",12264,"IAD","Washington, DC","VA","2018","2119",61.00,61.00,11.00,6.00,"2253","0004",71.00,71.00,0.00,"",0.00,155.00,165.00,148.00,1.00,921.00,51.00,0.00,20.00,0.00,0.00,
2016,7,17,7,2016-07-17,"AA",19805,"AA","2706",13303,"MIA","Miami, FL","FL",12264,"IAD","Washington, DC","VA","2018","2117",59.00,59.00,15.00,5.00,"2253","2348",55.00,55.00,0.00,"",0.00,155.00,151.00,131.00,1.00,921.00,55.00,0.00,0.00,0.00,0.00,
2016,7,18,1,2016-07-18,"AA",19805,"AA","2706",13303,"MIA","Miami, FL","FL",12264,"IAD","Washington, DC","VA","2018","2014",-4.00,0.00,21.00,5.00,"2253","2302",9.00,9.00,0.00,"",0.00,155.00,168.00,142.00,1.00,921.00,,,,,,
2016,7,19,2,2016-07-19,"AA",19805,"AA","2706",13303,"MIA","Miami, FL","FL",12264,"IAD","Washington, DC","VA","2018","2018",0.00,0.00,36.00,8.00,"2253","2315",22.00,22.00,0.00,"",0.00,155.00,177.00,133.00,1.00,921.00,0.00,0.00,22.00,0.00,0.00,
2016,7,20,3,2016-07-20,"AA",19805,"AA","2706",13303,"MIA","Miami, FL","FL",12264,"IAD","Washington, DC","VA","2018","2015",-3.00,0.00,22.00,7.00,"2253","2249",-4.00,0.00,0.00,"",0.00,155.00,154.00,125.00,1.00,921.00,,,,,,
2016,7,21,4,2016-07-21,"AA",19805,"AA","2706",13303,"MIA","Miami, FL","FL",12264,"IAD","Washington, DC","VA","2018","2017",-1.00,0.00,36.00,6.00,"2253","2312",19.00,19.00,0.00,"",0.00,155.00,175.00,133.00,1.00,921.00,0.00,0.00,19.00,0.00,0.00,
2016,7,22,5,2016-07-22,"AA",19805,"AA","2706",13303,"MIA","Miami, FL","FL",12264,"IAD","Washington, DC","VA","2018","2013",-5.00,0.00,21.00,4.00,"2253","2250",-3.00,0.00,0.00,"",0.00,155.00,157.00,132.00,1.00,921.00,,,,,,
2016,7,23,6,2016-07-23,"AA",19805,"AA","2706",13303,"MIA","Miami, FL","FL",12264,"IAD","Washington, DC","VA","2018","2013",-5.00,0.00,18.00,6.00,"2253","2242",-11.00,0.00,0.00,"",0.00,155.00,149.00,125.00,1.00,921.00,,,,,,
2016,7,24,7,2016-07-24,"AA",19805,"AA","2706",13303,"MIA","Miami, FL","FL",12264,"IAD","Washington, DC","VA","2018","2012",-6.00,0.00,18.00,5.00,"2253","2233",-20.00,0.00,0.00,"",0.00,155.00,141.00,118.00,1.00,921.00,,,,,,
2016,7,25,1,2016-07-25,"AA",19805,"AA","2706",13303,"MIA","Miami, FL","FL",12264,"IAD","Washington, DC","VA","2018","2021",3.00,3.00,29.00,76.00,"2253","0007",74.00,74.00,0.00,"",0.00,155.00,226.00,121.00,1.00,921.00,3.00,0.00,71.00,0.00,0.00,
2016,7,26,2,2016-07-26,"AA",19805,"AA","2706",13303,"MIA","Miami, FL","FL",12264,"IAD","Washington, DC","VA","2018","2047",29.00,29.00,14.00,7.00,"2253","2315",22.00,22.00,0.00,"",0.00,155.00,148.00,127.00,1.00,921.00,22.00,0.00,0.00,0.00,0.00,
2016,7,27,3,2016-07-27,"AA",19805,"AA","2706",13303,"MIA","Miami, FL","FL",12264,"IAD","Washington, DC","VA","2018","2012",-6.00,0.00,16.00,9.00,"2253","2237",-16.00,0.00,0.00,"",0.00,155.00,145.00,120.00,1.00,921.00,,,,,,
2016,7,28,4,2016-07-28,"AA",19805,"AA","2706",13303,"MIA","Miami, FL","FL",12264,"IAD","Washington, DC","VA","2018","2026",8.00,8.00,17.00,8.00,"2253","2256",3.00,3.00,0.00,"",0.00,155.00,150.00,125.00,1.00,921.00,,,,,,
2016,7,29,5,2016-07-29,"AA",19805,"AA","2706",13303,"MIA","Miami, FL","FL",12264,"IAD","Washington, DC","VA","2018","2034",16.00,16.00,23.00,7.00,"2253","2304",11.00,11.00,0.00,"",0.00,155.00,150.00,120.00,1.00,921.00,,,,,,
2016,7,30,6,2016-07-30,"AA",19805,"AA","2706",13303,"MIA","Miami, FL","FL",12264,"IAD","Washington, DC","VA","2018","2023",5.00,5.00,12.00,5.00,"2253","2310",17.00,17.00,0.00,"",0.00,155.00,167.00,150.00,1.00,921.00,0.00,0.00,17.00,0.00,0.00,
2016,7,31,7,2016-07-31,"AA",19805,"AA","2706",13303,"MIA","Miami, FL","FL",12264,"IAD","Washington, DC","VA","2018","0045",267.00,267.00,13.00,8.00,"2253","0311",258.00,258.00,0.00,"",0.00,155.00,146.00,125.00,1.00,921.00,245.00,0.00,0.00,0.00,13.00,
2016,7,5,2,2016-07-05,"AA",19805,"AA","2707",11278,"DCA","Washington, DC","VA",11298,"DFW","Dallas/Fort Worth, TX","TX","0540","0536",-4.00,0.00,10.00,10.00,"0749","0741",-8.00,0.00,0.00,"",0.00,189.00,185.00,165.00,1.00,1192.00,,,,,,
2016,7,6,3,2016-07-06,"AA",19805,"AA","2707",11278,"DCA","Washington, DC","VA",11298,"DFW","Dallas/Fort Worth, TX","TX","0540","0534",-6.00,0.00,14.00,16.00,"0749","0745",-4.00,0.00,0.00,"",0.00,189.00,191.00,161.00,1.00,1192.00,,,,,,
2016,7,7,4,2016-07-07,"AA",19805,"AA","2707",11278,"DCA","Washington, DC","VA",11298,"DFW","Dallas/Fort Worth, TX","TX","0540","0539",-1.00,0.00,11.00,11.00,"0749","0741",-8.00,0.00,0.00,"",0.00,189.00,182.00,160.00,1.00,1192.00,,,,,,
2016,7,8,5,2016-07-08,"AA",19805,"AA","2707",11278,"DCA","Washington, DC","VA",11298,"DFW","Dallas/Fort Worth, TX","TX","0540","0534",-6.00,0.00,16.00,14.00,"0749","0758",9.00,9.00,0.00,"",0.00,189.00,204.00,174.00,1.00,1192.00,,,,,,
2016,7,11,1,2016-07-11,"AA",19805,"AA","2707",11278,"DCA","Washington, DC","VA",11298,"DFW","Dallas/Fort Worth, TX","TX","0540","0537",-3.00,0.00,12.00,17.00,"0749","0742",-7.00,0.00,0.00,"",0.00,189.00,185.00,156.00,1.00,1192.00,,,,,,
2016,7,12,2,2016-07-12,"AA",19805,"AA","2707",11278,"DCA","Washington, DC","VA",11298,"DFW","Dallas/Fort Worth, TX","TX","0540","0536",-4.00,0.00,12.00,16.00,"0749","0739",-10.00,0.00,0.00,"",0.00,189.00,183.00,155.00,1.00,1192.00,,,,,,
2016,7,13,3,2016-07-13,"AA",19805,"AA","2707",11278,"DCA","Washington, DC","VA",11298,"DFW","Dallas/Fort Worth, TX","TX","0540","0535",-5.00,0.00,12.00,15.00,"0749","0748",-1.00,0.00,0.00,"",0.00,189.00,193.00,166.00,1.00,1192.00,,,,,,
2016,7,14,4,2016-07-14,"AA",19805,"AA","2707",11278,"DCA","Washington, DC","VA",11298,"DFW","Dallas/Fort Worth, TX","TX","0540","0543",3.00,3.00,17.00,16.00,"0749","0808",19.00,19.00,0.00,"",0.00,189.00,205.00,172.00,1.00,1192.00,3.00,0.00,16.00,0.00,0.00,
2016,7,15,5,2016-07-15,"AA",19805,"AA","2707",11278,"DCA","Washington, DC","VA",11298,"DFW","Dallas/Fort Worth, TX","TX","0540","0536",-4.00,0.00,16.00,14.00,"0749","0802",13.00,13.00,0.00,"",0.00,189.00,206.00,176.00,1.00,1192.00,,,,,,
2016,7,18,1,2016-07-18,"AA",19805,"AA","2707",11278,"DCA","Washington, DC","VA",11298,"DFW","Dallas/Fort Worth, TX","TX","0540","0537",-3.00,0.00,8.00,15.00,"0749","0736",-13.00,0.00,0.00,"",0.00,189.00,179.00,156.00,1.00,1192.00,,,,,,
2016,7,19,2,2016-07-19,"AA",19805,"AA","2707",11278,"DCA","Washington, DC","VA",11298,"DFW","Dallas/Fort Worth, TX","TX","0540","0543",3.00,3.00,30.00,17.00,"0749","0804",15.00,15.00,0.00,"",0.00,189.00,201.00,154.00,1.00,1192.00,0.00,0.00,12.00,3.00,0.00,
2016,7,20,3,2016-07-20,"AA",19805,"AA","2707",11278,"DCA","Washington, DC","VA",11298,"DFW","Dallas/Fort Worth, TX","TX","0540","0532",-8.00,0.00,13.00,27.00,"0749","0739",-10.00,0.00,0.00,"",0.00,189.00,187.00,147.00,1.00,1192.00,,,,,,
2016,7,21,4,2016-07-21,"AA",19805,"AA","2707",11278,"DCA","Washington, DC","VA",11298,"DFW","Dallas/Fort Worth, TX","TX","0540","0541",1.00,1.00,13.00,11.00,"0749","0736",-13.00,0.00,0.00,"",0.00,189.00,175.00,151.00,1.00,1192.00,,,,,,
2016,7,22,5,2016-07-22,"AA",19805,"AA","2707",11278,"DCA","Washington, DC","VA",11298,"DFW","Dallas/Fort Worth, TX","TX","0540","0540",0.00,0.00,12.00,12.00,"0749","0734",-15.00,0.00,0.00,"",0.00,189.00,174.00,150.00,1.00,1192.00,,,,,,
2016,7,25,1,2016-07-25,"AA",19805,"AA","2707",11278,"DCA","Washington, DC","VA",11298,"DFW","Dallas/Fort Worth, TX","TX","0540","0535",-5.00,0.00,8.00,11.00,"0749","0733",-16.00,0.00,0.00,"",0.00,189.00,178.00,159.00,1.00,1192.00,,,,,,
2016,7,26,2,2016-07-26,"AA",19805,"AA","2707",11278,"DCA","Washington, DC","VA",11298,"DFW","Dallas/Fort Worth, TX","TX","0540","0533",-7.00,0.00,13.00,25.00,"0749","0748",-1.00,0.00,0.00,"",0.00,189.00,195.00,157.00,1.00,1192.00,,,,,,
2016,7,27,3,2016-07-27,"AA",19805,"AA","2707",11278,"DCA","Washington, DC","VA",11298,"DFW","Dallas/Fort Worth, TX","TX","0540","0539",-1.00,0.00,10.00,11.00,"0749","0733",-16.00,0.00,0.00,"",0.00,189.00,174.00,153.00,1.00,1192.00,,,,,,
2016,7,28,4,2016-07-28,"AA",19805,"AA","2707",11278,"DCA","Washington, DC","VA",11298,"DFW","Dallas/Fort Worth, TX","TX","0540","0535",-5.00,0.00,18.00,14.00,"0749","0750",1.00,1.00,0.00,"",0.00,189.00,195.00,163.00,1.00,1192.00,,,,,,
2016,7,29,5,2016-07-29,"AA",19805,"AA","2707",11278,"DCA","Washington, DC","VA",11298,"DFW","Dallas/Fort Worth, TX","TX","0540","0536",-4.00,0.00,10.00,14.00,"0749","0740",-9.00,0.00,0.00,"",0.00,189.00,184.00,160.00,1.00,1192.00,,,,,,
2016,7,1,5,2016-07-01,"AA",19805,"AA","2707",14908,"SNA","Santa Ana, CA","CA",11298,"DFW","Dallas/Fort Worth, TX","TX","1915","1909",-6.00,0.00,11.00,4.00,"0015","2351",-24.00,0.00,0.00,"",0.00,180.00,162.00,147.00,1.00,1205.00,,,,,,
2016,7,5,2,2016-07-05,"AA",19805,"AA","2708",11298,"DFW","Dallas/Fort Worth, TX","TX",11278,"DCA","Washington, DC","VA","1655","1655",0.00,0.00,19.00,5.00,"2058","2056",-2.00,0.00,0.00,"",0.00,183.00,181.00,157.00,1.00,1192.00,,,,,,
2016,7,6,3,2016-07-06,"AA",19805,"AA","2708",11298,"DFW","Dallas/Fort Worth, TX","TX",11278,"DCA","Washington, DC","VA","1655","1651",-4.00,0.00,17.00,9.00,"2058","2051",-7.00,0.00,0.00,"",0.00,183.00,180.00,154.00,1.00,1192.00,,,,,,
2016,7,7,4,2016-07-07,"AA",19805,"AA","2708",11298,"DFW","Dallas/Fort Worth, TX","TX",11278,"DCA","Washington, DC","VA","1655","1656",1.00,1.00,15.00,7.00,"2058","2103",5.00,5.00,0.00,"",0.00,183.00,187.00,165.00,1.00,1192.00,,,,,,
2016,7,10,7,2016-07-10,"AA",19805,"AA","2708",11298,"DFW","Dallas/Fort Worth, TX","TX",11278,"DCA","Washington, DC","VA","1655","1656",1.00,1.00,14.00,5.00,"2058","2040",-18.00,0.00,0.00,"",0.00,183.00,164.00,145.00,1.00,1192.00,,,,,,
2016,7,11,1,2016-07-11,"AA",19805,"AA","2708",11298,"DFW","Dallas/Fort Worth, TX","TX",11278,"DCA","Washington, DC","VA","1655","2001",186.00,186.00,10.00,4.00,"2058","2347",169.00,169.00,0.00,"",0.00,183.00,166.00,152.00,1.00,1192.00,20.00,0.00,0.00,0.00,149.00,
2016,7,12,2,2016-07-12,"AA",19805,"AA","2708",11298,"DFW","Dallas/Fort Worth, TX","TX",11278,"DCA","Washington, DC","VA","1655","1655",0.00,0.00,14.00,13.00,"2058","2106",8.00,8.00,0.00,"",0.00,183.00,191.00,164.00,1.00,1192.00,,,,,,
2016,7,13,3,2016-07-13,"AA",19805,"AA","2708",11298,"DFW","Dallas/Fort Worth, TX","TX",11278,"DCA","Washington, DC","VA","1655","1654",-1.00,0.00,18.00,13.00,"2058","2101",3.00,3.00,0.00,"",0.00,183.00,187.00,156.00,1.00,1192.00,,,,,,
2016,7,14,4,2016-07-14,"AA",19805,"AA","2708",11298,"DFW","Dallas/Fort Worth, TX","TX",11278,"DCA","Washington, DC","VA","1655","1656",1.00,1.00,19.00,13.00,"2058","2106",8.00,8.00,0.00,"",0.00,183.00,190.00,158.00,1.00,1192.00,,,,,,
2016,7,17,7,2016-07-17,"AA",19805,"AA","2708",11298,"DFW","Dallas/Fort Worth, TX","TX",11278,"DCA","Washington, DC","VA","1655","1656",1.00,1.00,10.00,7.00,"2058","2042",-16.00,0.00,0.00,"",0.00,183.00,166.00,149.00,1.00,1192.00,,,,,,
2016,7,18,1,2016-07-18,"AA",19805,"AA","2708",11298,"DFW","Dallas/Fort Worth, TX","TX",11278,"DCA","Washington, DC","VA","1655","1654",-1.00,0.00,18.00,32.00,"2058","2124",26.00,26.00,0.00,"",0.00,183.00,210.00,160.00,1.00,1192.00,0.00,0.00,26.00,0.00,0.00,
2016,7,19,2,2016-07-19,"AA",19805,"AA","2708",11298,"DFW","Dallas/Fort Worth, TX","TX",11278,"DCA","Washington, DC","VA","1655","1653",-2.00,0.00,18.00,9.00,"2058","2053",-5.00,0.00,0.00,"",0.00,183.00,180.00,153.00,1.00,1192.00,,,,,,
2016,7,20,3,2016-07-20,"AA",19805,"AA","2708",11298,"DFW","Dallas/Fort Worth, TX","TX",11278,"DCA","Washington, DC","VA","1655","1655",0.00,0.00,14.00,8.00,"2058","2056",-2.00,0.00,0.00,"",0.00,183.00,181.00,159.00,1.00,1192.00,,,,,,
2016,7,21,4,2016-07-21,"AA",19805,"AA","2708",11298,"DFW","Dallas/Fort Worth, TX","TX",11278,"DCA","Washington, DC","VA","1655","1656",1.00,1.00,18.00,6.00,"2058","2051",-7.00,0.00,0.00,"",0.00,183.00,175.00,151.00,1.00,1192.00,,,,,,
2016,7,24,7,2016-07-24,"AA",19805,"AA","2708",11298,"DFW","Dallas/Fort Worth, TX","TX",11278,"DCA","Washington, DC","VA","1655","1706",11.00,11.00,18.00,10.00,"2058","2120",22.00,22.00,0.00,"",0.00,183.00,194.00,166.00,1.00,1192.00,11.00,0.00,11.00,0.00,0.00,
2016,7,25,1,2016-07-25,"AA",19805,"AA","2708",11298,"DFW","Dallas/Fort Worth, TX","TX",11278,"DCA","Washington, DC","VA","1655","1932",157.00,157.00,15.00,55.00,"2058","0025",207.00,207.00,0.00,"",0.00,183.00,233.00,163.00,1.00,1192.00,157.00,0.00,50.00,0.00,0.00,
2016,7,26,2,2016-07-26,"AA",19805,"AA","2708",11298,"DFW","Dallas/Fort Worth, TX","TX",11278,"DCA","Washington, DC","VA","1655","1655",0.00,0.00,22.00,15.00,"2058","2110",12.00,12.00,0.00,"",0.00,183.00,195.00,158.00,1.00,1192.00,,,,,,
2016,7,27,3,2016-07-27,"AA",19805,"AA","2708",11298,"DFW","Dallas/Fort Worth, TX","TX",11278,"DCA","Washington, DC","VA","1655","1840",105.00,105.00,15.00,19.00,"2058","2252",114.00,114.00,0.00,"",0.00,183.00,192.00,158.00,1.00,1192.00,30.00,0.00,9.00,0.00,75.00,
2016,7,28,4,2016-07-28,"AA",19805,"AA","2708",11298,"DFW","Dallas/Fort Worth, TX","TX",11278,"DCA","Washington, DC","VA","1655","1747",52.00,52.00,28.00,44.00,"2058","2302",124.00,124.00,0.00,"",0.00,183.00,255.00,183.00,1.00,1192.00,0.00,0.00,72.00,0.00,52.00,
2016,7,31,7,2016-07-31,"AA",19805,"AA","2708",11298,"DFW","Dallas/Fort Worth, TX","TX",11278,"DCA","Washington, DC","VA","1655","1656",1.00,1.00,16.00,8.00,"2058","2126",28.00,28.00,0.00,"",0.00,183.00,210.00,186.00,1.00,1192.00,1.00,0.00,27.00,0.00,0.00,
2016,7,8,5,2016-07-08,"AA",19805,"AA","2709",11057,"CLT","Charlotte, NC","NC",14893,"SMF","Sacramento, CA","CA","1455","1454",-1.00,0.00,24.00,5.00,"1713","1725",12.00,12.00,0.00,"",0.00,318.00,331.00,302.00,1.00,2244.00,,,,,,
2016,7,9,6,2016-07-09,"AA",19805,"AA","2709",11057,"CLT","Charlotte, NC","NC",14893,"SMF","Sacramento, CA","CA","1455","1455",0.00,0.00,19.00,9.00,"1713","1725",12.00,12.00,0.00,"",0.00,318.00,330.00,302.00,1.00,2244.00,,,,,,
2016,7,10,7,2016-07-10,"AA",19805,"AA","2709",11057,"CLT","Charlotte, NC","NC",14893,"SMF","Sacramento, CA","CA","1455","1504",9.00,9.00,14.00,4.00,"1713","1718",5.00,5.00,0.00,"",0.00,318.00,314.00,296.00,1.00,2244.00,,,,,,
2016,7,11,1,2016-07-11,"AA",19805,"AA","2709",11057,"CLT","Charlotte, NC","NC",14893,"SMF","Sacramento, CA","CA","1455","1502",7.00,7.00,18.00,5.00,"1713","1709",-4.00,0.00,0.00,"",0.00,318.00,307.00,284.00,1.00,2244.00,,,,,,
2016,7,12,2,2016-07-12,"AA",19805,"AA","2709",11057,"CLT","Charlotte, NC","NC",14893,"SMF","Sacramento, CA","CA","1455","1456",1.00,1.00,17.00,5.00,"1713","1716",3.00,3.00,0.00,"",0.00,318.00,320.00,298.00,1.00,2244.00,,,,,,
2016,7,13,3,2016-07-13,"AA",19805,"AA","2709",11057,"CLT","Charlotte, NC","NC",14893,"SMF","Sacramento, CA","CA","1455","1456",1.00,1.00,39.00,7.00,"1713","1737",24.00,24.00,0.00,"",0.00,318.00,341.00,295.00,1.00,2244.00,1.00,0.00,23.00,0.00,0.00,
2016,7,14,4,2016-07-14,"AA",19805,"AA","2709",11057,"CLT","Charlotte, NC","NC",14893,"SMF","Sacramento, CA","CA","1455","1505",10.00,10.00,19.00,3.00,"1713","1720",7.00,7.00,0.00,"",0.00,318.00,315.00,293.00,1.00,2244.00,,,,,,
2016,7,15,5,2016-07-15,"AA",19805,"AA","2709",11057,"CLT","Charlotte, NC","NC",14893,"SMF","Sacramento, CA","CA","1455","1451",-4.00,0.00,15.00,4.00,"1713","1711",-2.00,0.00,0.00,"",0.00,318.00,320.00,301.00,1.00,2244.00,,,,,,
2016,7,16,6,2016-07-16,"AA",19805,"AA","2709",11057,"CLT","Charlotte, NC","NC",14893,"SMF","Sacramento, CA","CA","1455","1451",-4.00,0.00,12.00,5.00,"1713","1704",-9.00,0.00,0.00,"",0.00,318.00,313.00,296.00,1.00,2244.00,,,,,,
2016,7,17,7,2016-07-17,"AA",19805,"AA","2709",11057,"CLT","Charlotte, NC","NC",14893,"SMF","Sacramento, CA","CA","1455","1520",25.00,25.00,12.00,5.00,"1713","1728",15.00,15.00,0.00,"",0.00,318.00,308.00,291.00,1.00,2244.00,13.00,0.00,0.00,0.00,2.00,
2016,7,18,1,2016-07-18,"AA",19805,"AA","2709",11057,"CLT","Charlotte, NC","NC",14893,"SMF","Sacramento, CA","CA","1455","1453",-2.00,0.00,19.00,5.00,"1713","1711",-2.00,0.00,0.00,"",0.00,318.00,318.00,294.00,1.00,2244.00,,,,,,
2016,7,19,2,2016-07-19,"AA",19805,"AA","2709",11057,"CLT","Charlotte, NC","NC",14893,"SMF","Sacramento, CA","CA","1455","1455",0.00,0.00,18.00,4.00,"1713","1659",-14.00,0.00,0.00,"",0.00,318.00,304.00,282.00,1.00,2244.00,,,,,,
2016,7,20,3,2016-07-20,"AA",19805,"AA","2709",11057,"CLT","Charlotte, NC","NC",14893,"SMF","Sacramento, CA","CA","1455","1552",57.00,57.00,12.00,4.00,"1713","1752",39.00,39.00,0.00,"",0.00,318.00,300.00,284.00,1.00,2244.00,39.00,0.00,0.00,0.00,0.00,
2016,7,21,4,2016-07-21,"AA",19805,"AA","2709",11057,"CLT","Charlotte, NC","NC",14893,"SMF","Sacramento, CA","CA","1455","1618",83.00,83.00,20.00,17.00,"1713","1837",84.00,84.00,0.00,"",0.00,318.00,319.00,282.00,1.00,2244.00,0.00,8.00,1.00,0.00,75.00,
2016,7,22,5,2016-07-22,"AA",19805,"AA","2709",11057,"CLT","Charlotte, NC","NC",14893,"SMF","Sacramento, CA","CA","1455","1455",0.00,0.00,21.00,5.00,"1713","1709",-4.00,0.00,0.00,"",0.00,318.00,314.00,288.00,1.00,2244.00,,,,,,
2016,7,23,6,2016-07-23,"AA",19805,"AA","2709",11057,"CLT","Charlotte, NC","NC",14893,"SMF","Sacramento, CA","CA","1455","1527",32.00,32.00,9.00,7.00,"1713","1727",14.00,14.00,0.00,"",0.00,318.00,300.00,284.00,1.00,2244.00,,,,,,
2016,7,24,7,2016-07-24,"AA",19805,"AA","2709",11057,"CLT","Charlotte, NC","NC",14893,"SMF","Sacramento, CA","CA","1455","1511",16.00,16.00,17.00,4.00,"1713","1717",4.00,4.00,0.00,"",0.00,318.00,306.00,285.00,1.00,2244.00,,,,,,
2016,7,25,1,2016-07-25,"AA",19805,"AA","2709",11057,"CLT","Charlotte, NC","NC",14893,"SMF","Sacramento, CA","CA","1455","1457",2.00,2.00,15.00,4.00,"1713","1711",-2.00,0.00,0.00,"",0.00,318.00,314.00,295.00,1.00,2244.00,,,,,,
2016,7,26,2,2016-07-26,"AA",19805,"AA","2709",11057,"CLT","Charlotte, NC","NC",14893,"SMF","Sacramento, CA","CA","1455","1728",153.00,153.00,10.00,5.00,"1713","1934",141.00,141.00,0.00,"",0.00,318.00,306.00,291.00,1.00,2244.00,29.00,0.00,0.00,0.00,112.00,
2016,7,27,3,2016-07-27,"AA",19805,"AA","2709",11057,"CLT","Charlotte, NC","NC",14893,"SMF","Sacramento, CA","CA","1455","1523",28.00,28.00,14.00,4.00,"1713","1728",15.00,15.00,0.00,"",0.00,318.00,305.00,287.00,1.00,2244.00,15.00,0.00,0.00,0.00,0.00,
2016,7,28,4,2016-07-28,"AA",19805,"AA","2709",11057,"CLT","Charlotte, NC","NC",14893,"SMF","Sacramento, CA","CA","1455","1501",6.00,6.00,23.00,5.00,"1713","1713",0.00,0.00,0.00,"",0.00,318.00,312.00,284.00,1.00,2244.00,,,,,,
2016,7,29,5,2016-07-29,"AA",19805,"AA","2709",11057,"CLT","Charlotte, NC","NC",14893,"SMF","Sacramento, CA","CA","1455","1454",-1.00,0.00,17.00,5.00,"1713","1714",1.00,1.00,0.00,"",0.00,318.00,320.00,298.00,1.00,2244.00,,,,,,
2016,7,30,6,2016-07-30,"AA",19805,"AA","2709",11057,"CLT","Charlotte, NC","NC",14893,"SMF","Sacramento, CA","CA","1455","1519",24.00,24.00,15.00,6.00,"1713","1728",15.00,15.00,0.00,"",0.00,318.00,309.00,288.00,1.00,2244.00,15.00,0.00,0.00,0.00,0.00,
2016,7,31,7,2016-07-31,"AA",19805,"AA","2709",11057,"CLT","Charlotte, NC","NC",14893,"SMF","Sacramento, CA","CA","1455","2136",401.00,401.00,17.00,13.00,"1713","2353",400.00,400.00,0.00,"",0.00,318.00,317.00,287.00,1.00,2244.00,23.00,0.00,0.00,0.00,377.00,
2016,7,1,5,2016-07-01,"AA",19805,"AA","2714",11298,"DFW","Dallas/Fort Worth, TX","TX",15370,"TUL","Tulsa, OK","OK","2350","2358",8.00,8.00,13.00,2.00,"0051","0052",1.00,1.00,0.00,"",0.00,61.00,54.00,39.00,1.00,237.00,,,,,,
2016,7,2,6,2016-07-02,"AA",19805,"AA","2714",12892,"LAX","Los Angeles, CA","CA",13930,"ORD","Chicago, IL","IL","0600","0557",-3.00,0.00,16.00,17.00,"1211","1156",-15.00,0.00,0.00,"",0.00,251.00,239.00,206.00,1.00,1744.00,,,,,,
2016,7,3,7,2016-07-03,"AA",19805,"AA","2714",12892,"LAX","Los Angeles, CA","CA",13930,"ORD","Chicago, IL","IL","0600","0554",-6.00,0.00,24.00,7.00,"1211","1153",-18.00,0.00,0.00,"",0.00,251.00,239.00,208.00,1.00,1744.00,,,,,,
2016,7,4,1,2016-07-04,"AA",19805,"AA","2714",12892,"LAX","Los Angeles, CA","CA",13930,"ORD","Chicago, IL","IL","0600","0554",-6.00,0.00,14.00,16.00,"1211","1153",-18.00,0.00,0.00,"",0.00,251.00,239.00,209.00,1.00,1744.00,,,,,,
2016,7,5,2,2016-07-05,"AA",19805,"AA","2714",12892,"LAX","Los Angeles, CA","CA",13930,"ORD","Chicago, IL","IL","0600","0614",14.00,14.00,14.00,16.00,"1211","1216",5.00,5.00,0.00,"",0.00,251.00,242.00,212.00,1.00,1744.00,,,,,,
2016,7,6,3,2016-07-06,"AA",19805,"AA","2714",12892,"LAX","Los Angeles, CA","CA",13930,"ORD","Chicago, IL","IL","0600","0558",-2.00,0.00,15.00,15.00,"1211","1155",-16.00,0.00,0.00,"",0.00,251.00,237.00,207.00,1.00,1744.00,,,,,,
2016,7,7,4,2016-07-07,"AA",19805,"AA","2714",12892,"LAX","Los Angeles, CA","CA",13930,"ORD","Chicago, IL","IL","0600","0550",-10.00,0.00,29.00,10.00,"1211","1154",-17.00,0.00,0.00,"",0.00,251.00,244.00,205.00,1.00,1744.00,,,,,,
2016,7,8,5,2016-07-08,"AA",19805,"AA","2714",12892,"LAX","Los Angeles, CA","CA",13930,"ORD","Chicago, IL","IL","0600","0554",-6.00,0.00,22.00,12.00,"1211","1201",-10.00,0.00,0.00,"",0.00,251.00,247.00,213.00,1.00,1744.00,,,,,,
2016,7,9,6,2016-07-09,"AA",19805,"AA","2714",12892,"LAX","Los Angeles, CA","CA",13930,"ORD","Chicago, IL","IL","0600","0557",-3.00,0.00,14.00,22.00,"1211","1204",-7.00,0.00,0.00,"",0.00,251.00,247.00,211.00,1.00,1744.00,,,,,,
2016,7,10,7,2016-07-10,"AA",19805,"AA","2714",12892,"LAX","Los Angeles, CA","CA",13930,"ORD","Chicago, IL","IL","0600","0557",-3.00,0.00,15.00,23.00,"1211","1202",-9.00,0.00,0.00,"",0.00,251.00,245.00,207.00,1.00,1744.00,,,,,,
2016,7,11,1,2016-07-11,"AA",19805,"AA","2714",12892,"LAX","Los Angeles, CA","CA",13930,"ORD","Chicago, IL","IL","0600","0554",-6.00,0.00,17.00,9.00,"1211","1145",-26.00,0.00,0.00,"",0.00,251.00,231.00,205.00,1.00,1744.00,,,,,,
2016,7,12,2,2016-07-12,"AA",19805,"AA","2714",12892,"LAX","Los Angeles, CA","CA",13930,"ORD","Chicago, IL","IL","0600","0554",-6.00,0.00,20.00,12.00,"1211","1148",-23.00,0.00,0.00,"",0.00,251.00,234.00,202.00,1.00,1744.00,,,,,,
2016,7,13,3,2016-07-13,"AA",19805,"AA","2714",12892,"LAX","Los Angeles, CA","CA",13930,"ORD","Chicago, IL","IL","0600","0654",54.00,54.00,32.00,19.00,"1211","1326",75.00,75.00,0.00,"",0.00,251.00,272.00,221.00,1.00,1744.00,54.00,0.00,21.00,0.00,0.00,
2016,7,14,4,2016-07-14,"AA",19805,"AA","2714",12892,"LAX","Los Angeles, CA","CA",13930,"ORD","Chicago, IL","IL","0600","0919",199.00,199.00,20.00,17.00,"1211","1517",186.00,186.00,0.00,"",0.00,251.00,238.00,201.00,1.00,1744.00,186.00,0.00,0.00,0.00,0.00,
2016,7,15,5,2016-07-15,"AA",19805,"AA","2714",12892,"LAX","Los Angeles, CA","CA",13930,"ORD","Chicago, IL","IL","0600","0556",-4.00,0.00,24.00,12.00,"1211","1210",-1.00,0.00,0.00,"",0.00,251.00,254.00,218.00,1.00,1744.00,,,,,,
2016,7,16,6,2016-07-16,"AA",19805,"AA","2714",12892,"LAX","Los Angeles, CA","CA",13930,"ORD","Chicago, IL","IL","0600","0555",-5.00,0.00,20.00,25.00,"1211","1210",-1.00,0.00,0.00,"",0.00,251.00,255.00,210.00,1.00,1744.00,,,,,,
2016,7,17,7,2016-07-17,"AA",19805,"AA","2714",12892,"LAX","Los Angeles, CA","CA",13930,"ORD","Chicago, IL","IL","0600","0706",66.00,66.00,30.00,28.00,"1211","1334",83.00,83.00,0.00,"",0.00,251.00,268.00,210.00,1.00,1744.00,0.00,0.00,83.00,0.00,0.00,
2016,7,18,1,2016-07-18,"AA",19805,"AA","2714",12892,"LAX","Los Angeles, CA","CA",13930,"ORD","Chicago, IL","IL","0600","0557",-3.00,0.00,15.00,14.00,"1211","1149",-22.00,0.00,0.00,"",0.00,251.00,232.00,203.00,1.00,1744.00,,,,,,
2016,7,19,2,2016-07-19,"AA",19805,"AA","2714",12892,"LAX","Los Angeles, CA","CA",13930,"ORD","Chicago, IL","IL","0600","0557",-3.00,0.00,15.00,15.00,"1211","1156",-15.00,0.00,0.00,"",0.00,251.00,239.00,209.00,1.00,1744.00,,,,,,
2016,7,20,3,2016-07-20,"AA",19805,"AA","2714",12892,"LAX","Los Angeles, CA","CA",13930,"ORD","Chicago, IL","IL","0600","0601",1.00,1.00,25.00,22.00,"1211","1233",22.00,22.00,0.00,"",0.00,251.00,272.00,225.00,1.00,1744.00,1.00,0.00,21.00,0.00,0.00,
2016,7,21,4,2016-07-21,"AA",19805,"AA","2714",12892,"LAX","Los Angeles, CA","CA",13930,"ORD","Chicago, IL","IL","0600","0556",-4.00,0.00,28.00,27.00,"1211","1237",26.00,26.00,0.00,"",0.00,251.00,281.00,226.00,1.00,1744.00,0.00,0.00,26.00,0.00,0.00,
2016,7,22,5,2016-07-22,"AA",19805,"AA","2714",12892,"LAX","Los Angeles, CA","CA",13930,"ORD","Chicago, IL","IL","0600","",,,,,"1211","",,,1.00,"B",0.00,251.00,,,1.00,1744.00,,,,,,
2016,7,23,6,2016-07-23,"AA",19805,"AA","2714",12892,"LAX","Los Angeles, CA","CA",13930,"ORD","Chicago, IL","IL","0600","0559",-1.00,0.00,26.00,6.00,"1211","1205",-6.00,0.00,0.00,"",0.00,251.00,246.00,214.00,1.00,1744.00,,,,,,
2016,7,24,7,2016-07-24,"AA",19805,"AA","2714",12892,"LAX","Los Angeles, CA","CA",13930,"ORD","Chicago, IL","IL","0600","0602",2.00,2.00,17.00,13.00,"1211","1157",-14.00,0.00,0.00,"",0.00,251.00,235.00,205.00,1.00,1744.00,,,,,,
2016,7,25,1,2016-07-25,"AA",19805,"AA","2714",12892,"LAX","Los Angeles, CA","CA",13930,"ORD","Chicago, IL","IL","0600","0557",-3.00,0.00,16.00,11.00,"1211","1150",-21.00,0.00,0.00,"",0.00,251.00,233.00,206.00,1.00,1744.00,,,,,,
2016,7,26,2,2016-07-26,"AA",19805,"AA","2714",12892,"LAX","Los Angeles, CA","CA",13930,"ORD","Chicago, IL","IL","0600","0556",-4.00,0.00,15.00,5.00,"1211","1143",-28.00,0.00,0.00,"",0.00,251.00,227.00,207.00,1.00,1744.00,,,,,,
2016,7,27,3,2016-07-27,"AA",19805,"AA","2714",12892,"LAX","Los Angeles, CA","CA",13930,"ORD","Chicago, IL","IL","0600","0555",-5.00,0.00,18.00,16.00,"1211","1203",-8.00,0.00,0.00,"",0.00,251.00,248.00,214.00,1.00,1744.00,,,,,,
2016,7,28,4,2016-07-28,"AA",19805,"AA","2714",12892,"LAX","Los Angeles, CA","CA",13930,"ORD","Chicago, IL","IL","0600","0552",-8.00,0.00,23.00,11.00,"1211","1154",-17.00,0.00,0.00,"",0.00,251.00,242.00,208.00,1.00,1744.00,,,,,,
2016,7,29,5,2016-07-29,"AA",19805,"AA","2714",12892,"LAX","Los Angeles, CA","CA",13930,"ORD","Chicago, IL","IL","0600","",,,,,"1211","",,,1.00,"B",0.00,251.00,,,1.00,1744.00,,,,,,
2016,7,30,6,2016-07-30,"AA",19805,"AA","2714",12892,"LAX","Los Angeles, CA","CA",13930,"ORD","Chicago, IL","IL","0600","0602",2.00,2.00,13.00,9.00,"1211","1158",-13.00,0.00,0.00,"",0.00,251.00,236.00,214.00,1.00,1744.00,,,,,,
2016,7,31,7,2016-07-31,"AA",19805,"AA","2714",12892,"LAX","Los Angeles, CA","CA",13930,"ORD","Chicago, IL","IL","0600","0557",-3.00,0.00,13.00,7.00,"1211","1157",-14.00,0.00,0.00,"",0.00,251.00,240.00,220.00,1.00,1744.00,,,,,,
2016,7,1,5,2016-07-01,"AA",19805,"AA","2722",13930,"ORD","Chicago, IL","IL",10397,"ATL","Atlanta, GA","GA","1655","1653",-2.00,0.00,10.00,38.00,"1954","2002",8.00,8.00,0.00,"",0.00,119.00,129.00,81.00,1.00,606.00,,,,,,
2016,7,2,6,2016-07-02,"AA",19805,"AA","2722",13930,"ORD","Chicago, IL","IL",10397,"ATL","Atlanta, GA","GA","1655","1652",-3.00,0.00,16.00,7.00,"1954","1938",-16.00,0.00,0.00,"",0.00,119.00,106.00,83.00,1.00,606.00,,,,,,
2016,7,3,7,2016-07-03,"AA",19805,"AA","2722",13930,"ORD","Chicago, IL","IL",10397,"ATL","Atlanta, GA","GA","1655","1649",-6.00,0.00,15.00,7.00,"1954","1939",-15.00,0.00,0.00,"",0.00,119.00,110.00,88.00,1.00,606.00,,,,,,
2016,7,4,1,2016-07-04,"AA",19805,"AA","2722",13930,"ORD","Chicago, IL","IL",10397,"ATL","Atlanta, GA","GA","1655","1649",-6.00,0.00,25.00,17.00,"1954","2011",17.00,17.00,0.00,"",0.00,119.00,142.00,100.00,1.00,606.00,0.00,0.00,17.00,0.00,0.00,
2016,7,5,2,2016-07-05,"AA",19805,"AA","2722",13930,"ORD","Chicago, IL","IL",10397,"ATL","Atlanta, GA","GA","1655","1655",0.00,0.00,20.00,111.00,"1954","2134",100.00,100.00,0.00,"",0.00,119.00,219.00,88.00,1.00,606.00,0.00,0.00,100.00,0.00,0.00,
2016,7,6,3,2016-07-06,"AA",19805,"AA","2722",13930,"ORD","Chicago, IL","IL",10397,"ATL","Atlanta, GA","GA","1655","1934",159.00,159.00,15.00,6.00,"1954","2238",164.00,164.00,0.00,"",0.00,119.00,124.00,103.00,1.00,606.00,42.00,0.00,122.00,0.00,0.00,
2016,7,7,4,2016-07-07,"AA",19805,"AA","2722",13930,"ORD","Chicago, IL","IL",10397,"ATL","Atlanta, GA","GA","1655","1648",-7.00,0.00,18.00,6.00,"1954","1945",-9.00,0.00,0.00,"",0.00,119.00,117.00,93.00,1.00,606.00,,,,,,
2016,7,8,5,2016-07-08,"AA",19805,"AA","2722",13930,"ORD","Chicago, IL","IL",10397,"ATL","Atlanta, GA","GA","1655","1652",-3.00,0.00,22.00,18.00,"1954","1953",-1.00,0.00,0.00,"",0.00,119.00,121.00,81.00,1.00,606.00,,,,,,
2016,7,9,6,2016-07-09,"AA",19805,"AA","2722",13930,"ORD","Chicago, IL","IL",10397,"ATL","Atlanta, GA","GA","1655","1715",20.00,20.00,15.00,7.00,"1954","2000",6.00,6.00,0.00,"",0.00,119.00,105.00,83.00,1.00,606.00,,,,,,
2016,7,10,7,2016-07-10,"AA",19805,"AA","2722",13930,"ORD","Chicago, IL","IL",10397,"ATL","Atlanta, GA","GA","1655","1757",62.00,62.00,23.00,15.00,"1954","2102",68.00,68.00,0.00,"",0.00,119.00,125.00,87.00,1.00,606.00,62.00,0.00,6.00,0.00,0.00,
2016,7,11,1,2016-07-11,"AA",19805,"AA","2722",13930,"ORD","Chicago, IL","IL",10397,"ATL","Atlanta, GA","GA","1655","1743",48.00,48.00,21.00,11.00,"1954","2059",65.00,65.00,0.00,"",0.00,119.00,136.00,104.00,1.00,606.00,0.00,0.00,17.00,0.00,48.00,
2016,7,12,2,2016-07-12,"AA",19805,"AA","2722",13930,"ORD","Chicago, IL","IL",10397,"ATL","Atlanta, GA","GA","1655","1751",56.00,56.00,21.00,7.00,"1954","2058",64.00,64.00,0.00,"",0.00,119.00,127.00,99.00,1.00,606.00,0.00,0.00,8.00,0.00,56.00,
2016,7,13,3,2016-07-13,"AA",19805,"AA","2722",13930,"ORD","Chicago, IL","IL",10397,"ATL","Atlanta, GA","GA","1655","2233",338.00,338.00,22.00,5.00,"1954","0125",331.00,331.00,0.00,"",0.00,119.00,112.00,85.00,1.00,606.00,331.00,0.00,0.00,0.00,0.00,
2016,7,14,4,2016-07-14,"AA",19805,"AA","2722",13930,"ORD","Chicago, IL","IL",10397,"ATL","Atlanta, GA","GA","1655","1727",32.00,32.00,31.00,10.00,"1954","2041",47.00,47.00,0.00,"",0.00,119.00,134.00,93.00,1.00,606.00,22.00,0.00,15.00,0.00,10.00,
2016,7,15,5,2016-07-15,"AA",19805,"AA","2722",13930,"ORD","Chicago, IL","IL",10397,"ATL","Atlanta, GA","GA","1655","1702",7.00,7.00,19.00,16.00,"1954","2006",12.00,12.00,0.00,"",0.00,119.00,124.00,89.00,1.00,606.00,,,,,,
2016,7,16,6,2016-07-16,"AA",19805,"AA","2722",13930,"ORD","Chicago, IL","IL",10397,"ATL","Atlanta, GA","GA","1655","1650",-5.00,0.00,14.00,1.00,"1954","1954",0.00,0.00,0.00,"",0.00,119.00,124.00,109.00,1.00,606.00,,,,,,
2016,7,17,7,2016-07-17,"AA",19805,"AA","2722",13930,"ORD","Chicago, IL","IL",10397,"ATL","Atlanta, GA","GA","1655","1713",18.00,18.00,12.00,12.00,"1954","2010",16.00,16.00,0.00,"",0.00,119.00,117.00,93.00,1.00,606.00,9.00,0.00,0.00,0.00,7.00,
2016,7,18,1,2016-07-18,"AA",19805,"AA","2722",13930,"ORD","Chicago, IL","IL",10397,"ATL","Atlanta, GA","GA","1655","1648",-7.00,0.00,22.00,15.00,"1954","1950",-4.00,0.00,0.00,"",0.00,119.00,122.00,85.00,1.00,606.00,,,,,,
2016,7,19,2,2016-07-19,"AA",19805,"AA","2722",13930,"ORD","Chicago, IL","IL",10397,"ATL","Atlanta, GA","GA","1655","1654",-1.00,0.00,20.00,24.00,"1954","2031",37.00,37.00,0.00,"",0.00,119.00,157.00,113.00,1.00,606.00,0.00,0.00,37.00,0.00,0.00,
2016,7,20,3,2016-07-20,"AA",19805,"AA","2722",13930,"ORD","Chicago, IL","IL",10397,"ATL","Atlanta, GA","GA","1655","1652",-3.00,0.00,26.00,7.00,"1954","1944",-10.00,0.00,0.00,"",0.00,119.00,112.00,79.00,1.00,606.00,,,,,,
2016,7,21,4,2016-07-21,"AA",19805,"AA","2722",13930,"ORD","Chicago, IL","IL",10397,"ATL","Atlanta, GA","GA","1655","1702",7.00,7.00,75.00,12.00,"1954","2049",55.00,55.00,0.00,"",0.00,119.00,167.00,80.00,1.00,606.00,7.00,0.00,48.00,0.00,0.00,
2016,7,22,5,2016-07-22,"AA",19805,"AA","2722",13930,"ORD","Chicago, IL","IL",10397,"ATL","Atlanta, GA","GA","1655","1732",37.00,37.00,9.00,16.00,"1954","2023",29.00,29.00,0.00,"",0.00,119.00,111.00,86.00,1.00,606.00,23.00,0.00,0.00,0.00,6.00,
2016,7,23,6,2016-07-23,"AA",19805,"AA","2722",13930,"ORD","Chicago, IL","IL",10397,"ATL","Atlanta, GA","GA","1655","1652",-3.00,0.00,7.00,8.00,"1954","1939",-15.00,0.00,0.00,"",0.00,119.00,107.00,92.00,1.00,606.00,,,,,,
2016,7,24,7,2016-07-24,"AA",19805,"AA","2722",13930,"ORD","Chicago, IL","IL",10397,"ATL","Atlanta, GA","GA","1655","1654",-1.00,0.00,18.00,11.00,"1954","2001",7.00,7.00,0.00,"",0.00,119.00,127.00,98.00,1.00,606.00,,,,,,
2016,7,25,1,2016-07-25,"AA",19805,"AA","2722",13930,"ORD","Chicago, IL","IL",10397,"ATL","Atlanta, GA","GA","1655","1650",-5.00,0.00,15.00,6.00,"1954","1938",-16.00,0.00,0.00,"",0.00,119.00,108.00,87.00,1.00,606.00,,,,,,
2016,7,26,2,2016-07-26,"AA",19805,"AA","2722",13930,"ORD","Chicago, IL","IL",10397,"ATL","Atlanta, GA","GA","1655","1708",13.00,13.00,15.00,11.00,"1954","1959",5.00,5.00,0.00,"",0.00,119.00,111.00,85.00,1.00,606.00,,,,,,
2016,7,27,3,2016-07-27,"AA",19805,"AA","2722",13930,"ORD","Chicago, IL","IL",10397,"ATL","Atlanta, GA","GA","1655","1726",31.00,31.00,17.00,6.00,"1954","2013",19.00,19.00,0.00,"",0.00,119.00,107.00,84.00,1.00,606.00,19.00,0.00,0.00,0.00,0.00,
2016,7,28,4,2016-07-28,"AA",19805,"AA","2722",13930,"ORD","Chicago, IL","IL",10397,"ATL","Atlanta, GA","GA","1655","1824",89.00,89.00,13.00,5.00,"1954","2104",70.00,70.00,0.00,"",0.00,119.00,100.00,82.00,1.00,606.00,0.00,3.00,0.00,0.00,67.00,
2016,7,29,5,2016-07-29,"AA",19805,"AA","2722",13930,"ORD","Chicago, IL","IL",10397,"ATL","Atlanta, GA","GA","1655","1720",25.00,25.00,11.00,5.00,"1954","2010",16.00,16.00,0.00,"",0.00,119.00,110.00,94.00,1.00,606.00,0.00,0.00,0.00,0.00,16.00,
2016,7,30,6,2016-07-30,"AA",19805,"AA","2722",13930,"ORD","Chicago, IL","IL",10397,"ATL","Atlanta, GA","GA","1655","1657",2.00,2.00,14.00,11.00,"1954","1946",-8.00,0.00,0.00,"",0.00,119.00,109.00,84.00,1.00,606.00,,,,,,
2016,7,31,7,2016-07-31,"AA",19805,"AA","2722",13930,"ORD","Chicago, IL","IL",10397,"ATL","Atlanta, GA","GA","1655","1744",49.00,49.00,11.00,17.00,"1954","2038",44.00,44.00,0.00,"",0.00,119.00,114.00,86.00,1.00,606.00,0.00,0.00,4.00,0.00,40.00,
2016,7,1,5,2016-07-01,"AA",19805,"AA","2723",11433,"DTW","Detroit, MI","MI",13930,"ORD","Chicago, IL","IL","2025","2017",-8.00,0.00,14.00,11.00,"2042","2035",-7.00,0.00,0.00,"",0.00,77.00,78.00,53.00,1.00,235.00,,,,,,
2016,7,5,2,2016-07-05,"AA",19805,"AA","2723",11433,"DTW","Detroit, MI","MI",13930,"ORD","Chicago, IL","IL","2025","2017",-8.00,0.00,24.00,9.00,"2042","2032",-10.00,0.00,0.00,"",0.00,77.00,75.00,42.00,1.00,235.00,,,,,,
2016,7,6,3,2016-07-06,"AA",19805,"AA","2723",11433,"DTW","Detroit, MI","MI",13930,"ORD","Chicago, IL","IL","2025","2020",-5.00,0.00,10.00,7.00,"2042","2023",-19.00,0.00,0.00,"",0.00,77.00,63.00,46.00,1.00,235.00,,,,,,
2016,7,7,4,2016-07-07,"AA",19805,"AA","2723",11433,"DTW","Detroit, MI","MI",13930,"ORD","Chicago, IL","IL","2025","2038",13.00,13.00,17.00,15.00,"2042","2100",18.00,18.00,0.00,"",0.00,77.00,82.00,50.00,1.00,235.00,0.00,0.00,18.00,0.00,0.00,
2016,7,8,5,2016-07-08,"AA",19805,"AA","2723",11433,"DTW","Detroit, MI","MI",13930,"ORD","Chicago, IL","IL","2025","2227",122.00,122.00,9.00,9.00,"2042","2230",108.00,108.00,0.00,"",0.00,77.00,63.00,45.00,1.00,235.00,0.00,0.00,0.00,0.00,108.00,
2016,7,10,7,2016-07-10,"AA",19805,"AA","2723",11433,"DTW","Detroit, MI","MI",13930,"ORD","Chicago, IL","IL","2025","2024",-1.00,0.00,12.00,33.00,"2042","2057",15.00,15.00,0.00,"",0.00,77.00,93.00,48.00,1.00,235.00,0.00,0.00,15.00,0.00,0.00,
2016,7,11,1,2016-07-11,"AA",19805,"AA","2723",11433,"DTW","Detroit, MI","MI",13930,"ORD","Chicago, IL","IL","2025","2020",-5.00,0.00,21.00,6.00,"2042","2031",-11.00,0.00,0.00,"",0.00,77.00,71.00,44.00,1.00,235.00,,,,,,
2016,7,12,2,2016-07-12,"AA",19805,"AA","2723",11433,"DTW","Detroit, MI","MI",13930,"ORD","Chicago, IL","IL","2025","2142",77.00,77.00,50.00,14.00,"2042","2232",110.00,110.00,0.00,"",0.00,77.00,110.00,46.00,1.00,235.00,0.00,0.00,50.00,0.00,60.00,
2016,7,13,3,2016-07-13,"AA",19805,"AA","2723",11433,"DTW","Detroit, MI","MI",13930,"ORD","Chicago, IL","IL","2025","2351",206.00,206.00,20.00,8.00,"2042","0004",202.00,202.00,0.00,"",0.00,77.00,73.00,45.00,1.00,235.00,0.00,0.00,0.00,0.00,202.00,
2016,7,14,4,2016-07-14,"AA",19805,"AA","2723",11433,"DTW","Detroit, MI","MI",13930,"ORD","Chicago, IL","IL","2025","2059",34.00,34.00,14.00,9.00,"2042","2106",24.00,24.00,0.00,"",0.00,77.00,67.00,44.00,1.00,235.00,0.00,0.00,0.00,0.00,24.00,
2016,7,15,5,2016-07-15,"AA",19805,"AA","2723",11433,"DTW","Detroit, MI","MI",13930,"ORD","Chicago, IL","IL","2025","2137",72.00,72.00,16.00,16.00,"2042","2159",77.00,77.00,0.00,"",0.00,77.00,82.00,50.00,1.00,235.00,6.00,0.00,5.00,0.00,66.00,
2016,7,17,7,2016-07-17,"AA",19805,"AA","2723",11433,"DTW","Detroit, MI","MI",13930,"ORD","Chicago, IL","IL","2025","2018",-7.00,0.00,16.00,15.00,"2042","2038",-4.00,0.00,0.00,"",0.00,77.00,80.00,49.00,1.00,235.00,,,,,,
2016,7,18,1,2016-07-18,"AA",19805,"AA","2723",11433,"DTW","Detroit, MI","MI",13930,"ORD","Chicago, IL","IL","2025","2039",14.00,14.00,11.00,22.00,"2042","2107",25.00,25.00,0.00,"",0.00,77.00,88.00,55.00,1.00,235.00,14.00,0.00,11.00,0.00,0.00,
2016,7,19,2,2016-07-19,"AA",19805,"AA","2723",11433,"DTW","Detroit, MI","MI",13930,"ORD","Chicago, IL","IL","2025","2015",-10.00,0.00,28.00,42.00,"2042","2119",37.00,37.00,0.00,"",0.00,77.00,124.00,54.00,1.00,235.00,0.00,0.00,37.00,0.00,0.00,
2016,7,20,3,2016-07-20,"AA",19805,"AA","2723",11433,"DTW","Detroit, MI","MI",13930,"ORD","Chicago, IL","IL","2025","2022",-3.00,0.00,15.00,15.00,"2042","2038",-4.00,0.00,0.00,"",0.00,77.00,76.00,46.00,1.00,235.00,,,,,,
2016,7,21,4,2016-07-21,"AA",19805,"AA","2723",11433,"DTW","Detroit, MI","MI",13930,"ORD","Chicago, IL","IL","2025","0107",282.00,282.00,19.00,25.00,"2042","0133",291.00,291.00,0.00,"",0.00,77.00,86.00,42.00,1.00,235.00,0.00,0.00,178.00,0.00,113.00,
2016,7,22,5,2016-07-22,"AA",19805,"AA","2723",11433,"DTW","Detroit, MI","MI",13930,"ORD","Chicago, IL","IL","2025","2015",-10.00,0.00,24.00,7.00,"2042","2032",-10.00,0.00,0.00,"",0.00,77.00,77.00,46.00,1.00,235.00,,,,,,
2016,7,24,7,2016-07-24,"AA",19805,"AA","2723",11433,"DTW","Detroit, MI","MI",13930,"ORD","Chicago, IL","IL","2025","2309",164.00,164.00,19.00,71.00,"2042","0019",217.00,217.00,0.00,"",0.00,77.00,130.00,40.00,1.00,235.00,0.00,0.00,65.00,0.00,152.00,
2016,7,25,1,2016-07-25,"AA",19805,"AA","2723",11433,"DTW","Detroit, MI","MI",13930,"ORD","Chicago, IL","IL","2025","2023",-2.00,0.00,15.00,33.00,"2042","2058",16.00,16.00,0.00,"",0.00,77.00,95.00,47.00,1.00,235.00,0.00,0.00,16.00,0.00,0.00,
2016,7,26,2,2016-07-26,"AA",19805,"AA","2723",11433,"DTW","Detroit, MI","MI",13930,"ORD","Chicago, IL","IL","2025","2020",-5.00,0.00,6.00,38.00,"2042","2054",12.00,12.00,0.00,"",0.00,77.00,94.00,50.00,1.00,235.00,,,,,,
2016,7,27,3,2016-07-27,"AA",19805,"AA","2723",11433,"DTW","Detroit, MI","MI",13930,"ORD","Chicago, IL","IL","2025","2020",-5.00,0.00,15.00,29.00,"2042","2058",16.00,16.00,0.00,"",0.00,77.00,98.00,54.00,1.00,235.00,0.00,0.00,16.00,0.00,0.00,
2016,7,28,4,2016-07-28,"AA",19805,"AA","2723",11433,"DTW","Detroit, MI","MI",13930,"ORD","Chicago, IL","IL","2025","0014",229.00,229.00,13.00,7.00,"2042","0024",222.00,222.00,0.00,"",0.00,77.00,70.00,50.00,1.00,235.00,0.00,0.00,0.00,0.00,222.00,
2016,7,29,5,2016-07-29,"AA",19805,"AA","2723",11433,"DTW","Detroit, MI","MI",13930,"ORD","Chicago, IL","IL","2025","",,,,,"2042","",,,1.00,"B",0.00,77.00,,,1.00,235.00,,,,,,
2016,7,31,7,2016-07-31,"AA",19805,"AA","2723",11433,"DTW","Detroit, MI","MI",13930,"ORD","Chicago, IL","IL","2025","2118",53.00,53.00,16.00,10.00,"2042","2136",54.00,54.00,0.00,"",0.00,77.00,78.00,52.00,1.00,235.00,0.00,0.00,1.00,0.00,53.00,
2016,7,1,5,2016-07-01,"AA",19805,"AA","2724",10397,"ATL","Atlanta, GA","GA",13930,"ORD","Chicago, IL","IL","1120","1114",-6.00,0.00,17.00,15.00,"1227","1221",-6.00,0.00,0.00,"",0.00,127.00,127.00,95.00,1.00,606.00,,,,,,
2016,7,2,6,2016-07-02,"AA",19805,"AA","2724",10397,"ATL","Atlanta, GA","GA",13930,"ORD","Chicago, IL","IL","1120","1115",-5.00,0.00,20.00,16.00,"1227","1222",-5.00,0.00,0.00,"",0.00,127.00,127.00,91.00,1.00,606.00,,,,,,
2016,7,3,7,2016-07-03,"AA",19805,"AA","2724",10397,"ATL","Atlanta, GA","GA",13930,"ORD","Chicago, IL","IL","1120","1114",-6.00,0.00,15.00,23.00,"1227","1220",-7.00,0.00,0.00,"",0.00,127.00,126.00,88.00,1.00,606.00,,,,,,
2016,7,4,1,2016-07-04,"AA",19805,"AA","2724",10397,"ATL","Atlanta, GA","GA",13930,"ORD","Chicago, IL","IL","1120","1118",-2.00,0.00,22.00,19.00,"1227","1237",10.00,10.00,0.00,"",0.00,127.00,139.00,98.00,1.00,606.00,,,,,,
2016,7,5,2,2016-07-05,"AA",19805,"AA","2724",10397,"ATL","Atlanta, GA","GA",13930,"ORD","Chicago, IL","IL","1120","1114",-6.00,0.00,66.00,16.00,"1227","1322",55.00,55.00,0.00,"",0.00,127.00,188.00,106.00,1.00,606.00,0.00,0.00,55.00,0.00,0.00,
2016,7,6,3,2016-07-06,"AA",19805,"AA","2724",10397,"ATL","Atlanta, GA","GA",13930,"ORD","Chicago, IL","IL","1120","1117",-3.00,0.00,128.00,14.00,"1227","1428",121.00,121.00,0.00,"",0.00,127.00,251.00,109.00,1.00,606.00,0.00,0.00,121.00,0.00,0.00,
2016,7,7,4,2016-07-07,"AA",19805,"AA","2724",10397,"ATL","Atlanta, GA","GA",13930,"ORD","Chicago, IL","IL","1120","1118",-2.00,0.00,20.00,10.00,"1227","1215",-12.00,0.00,0.00,"",0.00,127.00,117.00,87.00,1.00,606.00,,,,,,
2016,7,8,5,2016-07-08,"AA",19805,"AA","2724",10397,"ATL","Atlanta, GA","GA",13930,"ORD","Chicago, IL","IL","1120","1124",4.00,4.00,12.00,8.00,"1227","1218",-9.00,0.00,0.00,"",0.00,127.00,114.00,94.00,1.00,606.00,,,,,,
2016,7,9,6,2016-07-09,"AA",19805,"AA","2724",10397,"ATL","Atlanta, GA","GA",13930,"ORD","Chicago, IL","IL","1120","1111",-9.00,0.00,26.00,20.00,"1227","1232",5.00,5.00,0.00,"",0.00,127.00,141.00,95.00,1.00,606.00,,,,,,
2016,7,10,7,2016-07-10,"AA",19805,"AA","2724",10397,"ATL","Atlanta, GA","GA",13930,"ORD","Chicago, IL","IL","1120","1115",-5.00,0.00,31.00,24.00,"1227","1241",14.00,14.00,0.00,"",0.00,127.00,146.00,91.00,1.00,606.00,,,,,,
2016,7,11,1,2016-07-11,"AA",19805,"AA","2724",10397,"ATL","Atlanta, GA","GA",13930,"ORD","Chicago, IL","IL","1120","1113",-7.00,0.00,15.00,8.00,"1227","1201",-26.00,0.00,0.00,"",0.00,127.00,108.00,85.00,1.00,606.00,,,,,,
2016,7,12,2,2016-07-12,"AA",19805,"AA","2724",10397,"ATL","Atlanta, GA","GA",13930,"ORD","Chicago, IL","IL","1120","1112",-8.00,0.00,22.00,10.00,"1227","1209",-18.00,0.00,0.00,"",0.00,127.00,117.00,85.00,1.00,606.00,,,,,,
2016,7,13,3,2016-07-13,"AA",19805,"AA","2724",10397,"ATL","Atlanta, GA","GA",13930,"ORD","Chicago, IL","IL","1120","1120",0.00,0.00,21.00,5.00,"1227","1213",-14.00,0.00,0.00,"",0.00,127.00,113.00,87.00,1.00,606.00,,,,,,
2016,7,14,4,2016-07-14,"AA",19805,"AA","2724",10397,"ATL","Atlanta, GA","GA",13930,"ORD","Chicago, IL","IL","1120","0918",1318.00,1318.00,23.00,13.00,"1227","1021",1314.00,1314.00,0.00,"",0.00,127.00,123.00,87.00,1.00,606.00,715.00,0.00,0.00,0.00,599.00,
2016,7,15,5,2016-07-15,"AA",19805,"AA","2724",10397,"ATL","Atlanta, GA","GA",13930,"ORD","Chicago, IL","IL","1120","1114",-6.00,0.00,22.00,19.00,"1227","1227",0.00,0.00,0.00,"",0.00,127.00,133.00,92.00,1.00,606.00,,,,,,
2016,7,16,6,2016-07-16,"AA",19805,"AA","2724",10397,"ATL","Atlanta, GA","GA",13930,"ORD","Chicago, IL","IL","1120","1110",-10.00,0.00,32.00,3.00,"1227","1216",-11.00,0.00,0.00,"",0.00,127.00,126.00,91.00,1.00,606.00,,,,,,
2016,7,17,7,2016-07-17,"AA",19805,"AA","2724",10397,"ATL","Atlanta, GA","GA",13930,"ORD","Chicago, IL","IL","1120","1121",1.00,1.00,51.00,13.00,"1227","1315",48.00,48.00,0.00,"",0.00,127.00,174.00,110.00,1.00,606.00,0.00,0.00,48.00,0.00,0.00,
2016,7,18,1,2016-07-18,"AA",19805,"AA","2724",10397,"ATL","Atlanta, GA","GA",13930,"ORD","Chicago, IL","IL","1120","1118",-2.00,0.00,41.00,22.00,"1227","1308",41.00,41.00,0.00,"",0.00,127.00,170.00,107.00,1.00,606.00,0.00,0.00,41.00,0.00,0.00,
2016,7,19,2,2016-07-19,"AA",19805,"AA","2724",10397,"ATL","Atlanta, GA","GA",13930,"ORD","Chicago, IL","IL","1120","1111",-9.00,0.00,23.00,18.00,"1227","1224",-3.00,0.00,0.00,"",0.00,127.00,133.00,92.00,1.00,606.00,,,,,,
2016,7,20,3,2016-07-20,"AA",19805,"AA","2724",10397,"ATL","Atlanta, GA","GA",13930,"ORD","Chicago, IL","IL","1120","1113",-7.00,0.00,14.00,29.00,"1227","1230",3.00,3.00,0.00,"",0.00,127.00,137.00,94.00,1.00,606.00,,,,,,
2016,7,21,4,2016-07-21,"AA",19805,"AA","2724",10397,"ATL","Atlanta, GA","GA",13930,"ORD","Chicago, IL","IL","1120","1118",-2.00,0.00,23.00,11.00,"1227","1227",0.00,0.00,0.00,"",0.00,127.00,129.00,95.00,1.00,606.00,,,,,,
2016,7,22,5,2016-07-22,"AA",19805,"AA","2724",10397,"ATL","Atlanta, GA","GA",13930,"ORD","Chicago, IL","IL","1120","1236",76.00,76.00,31.00,9.00,"1227","1343",76.00,76.00,0.00,"",0.00,127.00,127.00,87.00,1.00,606.00,2.00,0.00,0.00,0.00,74.00,
2016,7,23,6,2016-07-23,"AA",19805,"AA","2724",10397,"ATL","Atlanta, GA","GA",13930,"ORD","Chicago, IL","IL","1120","1110",-10.00,0.00,20.00,6.00,"1227","1208",-19.00,0.00,0.00,"",0.00,127.00,118.00,92.00,1.00,606.00,,,,,,
2016,7,24,7,2016-07-24,"AA",19805,"AA","2724",10397,"ATL","Atlanta, GA","GA",13930,"ORD","Chicago, IL","IL","1120","1115",-5.00,0.00,21.00,10.00,"1227","1213",-14.00,0.00,0.00,"",0.00,127.00,118.00,87.00,1.00,606.00,,,,,,
2016,7,25,1,2016-07-25,"AA",19805,"AA","2724",10397,"ATL","Atlanta, GA","GA",13930,"ORD","Chicago, IL","IL","1120","1117",-3.00,0.00,15.00,18.00,"1227","1214",-13.00,0.00,0.00,"",0.00,127.00,117.00,84.00,1.00,606.00,,,,,,
2016,7,26,2,2016-07-26,"AA",19805,"AA","2724",10397,"ATL","Atlanta, GA","GA",13930,"ORD","Chicago, IL","IL","1120","1113",-7.00,0.00,18.00,7.00,"1227","1208",-19.00,0.00,0.00,"",0.00,127.00,115.00,90.00,1.00,606.00,,,,,,
2016,7,27,3,2016-07-27,"AA",19805,"AA","2724",10397,"ATL","Atlanta, GA","GA",13930,"ORD","Chicago, IL","IL","1120","1116",-4.00,0.00,19.00,15.00,"1227","1219",-8.00,0.00,0.00,"",0.00,127.00,123.00,89.00,1.00,606.00,,,,,,
2016,7,28,4,2016-07-28,"AA",19805,"AA","2724",10397,"ATL","Atlanta, GA","GA",13930,"ORD","Chicago, IL","IL","1120","1119",-1.00,0.00,18.00,7.00,"1227","1216",-11.00,0.00,0.00,"",0.00,127.00,117.00,92.00,1.00,606.00,,,,,,
2016,7,29,5,2016-07-29,"AA",19805,"AA","2724",10397,"ATL","Atlanta, GA","GA",13930,"ORD","Chicago, IL","IL","1120","1112",-8.00,0.00,32.00,14.00,"1227","1233",6.00,6.00,0.00,"",0.00,127.00,141.00,95.00,1.00,606.00,,,,,,
2016,7,30,6,2016-07-30,"AA",19805,"AA","2724",10397,"ATL","Atlanta, GA","GA",13930,"ORD","Chicago, IL","IL","1120","1111",-9.00,0.00,24.00,15.00,"1227","1237",10.00,10.00,0.00,"",0.00,127.00,146.00,107.00,1.00,606.00,,,,,,
2016,7,31,7,2016-07-31,"AA",19805,"AA","2724",10397,"ATL","Atlanta, GA","GA",13930,"ORD","Chicago, IL","IL","1120","1117",-3.00,0.00,15.00,8.00,"1227","1217",-10.00,0.00,0.00,"",0.00,127.00,120.00,97.00,1.00,606.00,,,,,,
2016,7,1,5,2016-07-01,"AA",19805,"AA","2725",13198,"MCI","Kansas City, MO","MO",13930,"ORD","Chicago, IL","IL","1544","2143",359.00,359.00,19.00,9.00,"1720","2303",343.00,343.00,0.00,"",0.00,96.00,80.00,52.00,1.00,403.00,202.00,0.00,0.00,0.00,141.00,
2016,7,2,6,2016-07-02,"AA",19805,"AA","2725",13198,"MCI","Kansas City, MO","MO",13930,"ORD","Chicago, IL","IL","1544","1555",11.00,11.00,16.00,8.00,"1720","1718",-2.00,0.00,0.00,"",0.00,96.00,83.00,59.00,1.00,403.00,,,,,,
2016,7,3,7,2016-07-03,"AA",19805,"AA","2725",13198,"MCI","Kansas City, MO","MO",13930,"ORD","Chicago, IL","IL","1544","1536",-8.00,0.00,14.00,29.00,"1720","1715",-5.00,0.00,0.00,"",0.00,96.00,99.00,56.00,1.00,403.00,,,,,,
2016,7,4,1,2016-07-04,"AA",19805,"AA","2725",13198,"MCI","Kansas City, MO","MO",13930,"ORD","Chicago, IL","IL","1544","1610",26.00,26.00,18.00,8.00,"1720","1741",21.00,21.00,0.00,"",0.00,96.00,91.00,65.00,1.00,403.00,0.00,0.00,0.00,0.00,21.00,
2016,7,5,2,2016-07-05,"AA",19805,"AA","2725",13198,"MCI","Kansas City, MO","MO",13930,"ORD","Chicago, IL","IL","1543","1529",-14.00,0.00,25.00,13.00,"1719","1707",-12.00,0.00,0.00,"",0.00,96.00,98.00,60.00,1.00,403.00,,,,,,
2016,7,6,3,2016-07-06,"AA",19805,"AA","2725",13198,"MCI","Kansas City, MO","MO",13930,"ORD","Chicago, IL","IL","1543","1535",-8.00,0.00,17.00,12.00,"1719","1707",-12.00,0.00,0.00,"",0.00,96.00,92.00,63.00,1.00,403.00,,,,,,
2016,7,7,4,2016-07-07,"AA",19805,"AA","2725",13198,"MCI","Kansas City, MO","MO",13930,"ORD","Chicago, IL","IL","1543","1535",-8.00,0.00,17.00,13.00,"1719","1701",-18.00,0.00,0.00,"",0.00,96.00,86.00,56.00,1.00,403.00,,,,,,
2016,7,8,5,2016-07-08,"AA",19805,"AA","2725",13198,"MCI","Kansas City, MO","MO",13930,"ORD","Chicago, IL","IL","1543","1532",-11.00,0.00,16.00,40.00,"1719","1724",5.00,5.00,0.00,"",0.00,96.00,112.00,56.00,1.00,403.00,,,,,,
2016,7,9,6,2016-07-09,"AA",19805,"AA","2725",13198,"MCI","Kansas City, MO","MO",13930,"ORD","Chicago, IL","IL","1543","1653",70.00,70.00,20.00,29.00,"1719","1840",81.00,81.00,0.00,"",0.00,96.00,107.00,58.00,1.00,403.00,0.00,0.00,11.00,0.00,70.00,
2016,7,10,7,2016-07-10,"AA",19805,"AA","2725",13198,"MCI","Kansas City, MO","MO",13930,"ORD","Chicago, IL","IL","1543","1705",82.00,82.00,22.00,23.00,"1719","1857",98.00,98.00,0.00,"",0.00,96.00,112.00,67.00,1.00,403.00,0.00,0.00,16.00,0.00,82.00,
2016,7,11,1,2016-07-11,"AA",19805,"AA","2725",13198,"MCI","Kansas City, MO","MO",13930,"ORD","Chicago, IL","IL","1543","1559",16.00,16.00,14.00,11.00,"1719","1724",5.00,5.00,0.00,"",0.00,96.00,85.00,60.00,1.00,403.00,,,,,,
2016,7,12,2,2016-07-12,"AA",19805,"AA","2725",13198,"MCI","Kansas City, MO","MO",13930,"ORD","Chicago, IL","IL","1543","1534",-9.00,0.00,32.00,10.00,"1719","1714",-5.00,0.00,0.00,"",0.00,96.00,100.00,58.00,1.00,403.00,,,,,,
2016,7,13,3,2016-07-13,"AA",19805,"AA","2725",13198,"MCI","Kansas City, MO","MO",13930,"ORD","Chicago, IL","IL","1543","1928",225.00,225.00,16.00,9.00,"1719","2051",212.00,212.00,0.00,"",0.00,96.00,83.00,58.00,1.00,403.00,0.00,0.00,201.00,0.00,11.00,
2016,7,14,4,2016-07-14,"AA",19805,"AA","2725",13198,"MCI","Kansas City, MO","MO",13930,"ORD","Chicago, IL","IL","1543","1539",-4.00,0.00,12.00,6.00,"1719","1657",-22.00,0.00,0.00,"",0.00,96.00,78.00,60.00,1.00,403.00,,,,,,
2016,7,15,5,2016-07-15,"AA",19805,"AA","2725",13198,"MCI","Kansas City, MO","MO",13930,"ORD","Chicago, IL","IL","1543","1547",4.00,4.00,12.00,24.00,"1719","1723",4.00,4.00,0.00,"",0.00,96.00,96.00,60.00,1.00,403.00,,,,,,
2016,7,16,6,2016-07-16,"AA",19805,"AA","2725",13198,"MCI","Kansas City, MO","MO",13930,"ORD","Chicago, IL","IL","1543","1555",12.00,12.00,18.00,11.00,"1719","1725",6.00,6.00,0.00,"",0.00,96.00,90.00,61.00,1.00,403.00,,,,,,
2016,7,17,7,2016-07-17,"AA",19805,"AA","2725",13198,"MCI","Kansas City, MO","MO",13930,"ORD","Chicago, IL","IL","1543","1600",17.00,17.00,14.00,12.00,"1719","1730",11.00,11.00,0.00,"",0.00,96.00,90.00,64.00,1.00,403.00,,,,,,
2016,7,18,1,2016-07-18,"AA",19805,"AA","2725",13198,"MCI","Kansas City, MO","MO",13930,"ORD","Chicago, IL","IL","1543","1534",-9.00,0.00,15.00,20.00,"1719","1705",-14.00,0.00,0.00,"",0.00,96.00,91.00,56.00,1.00,403.00,,,,,,
2016,7,19,2,2016-07-19,"AA",19805,"AA","2725",13198,"MCI","Kansas City, MO","MO",13930,"ORD","Chicago, IL","IL","1543","1543",0.00,0.00,37.00,36.00,"1719","1807",48.00,48.00,0.00,"",0.00,96.00,144.00,71.00,1.00,403.00,0.00,0.00,48.00,0.00,0.00,
2016,7,20,3,2016-07-20,"AA",19805,"AA","2725",13198,"MCI","Kansas City, MO","MO",13930,"ORD","Chicago, IL","IL","1543","1716",93.00,93.00,17.00,23.00,"1719","1854",95.00,95.00,0.00,"",0.00,96.00,98.00,58.00,1.00,403.00,0.00,0.00,2.00,0.00,93.00,
2016,7,21,4,2016-07-21,"AA",19805,"AA","2725",13198,"MCI","Kansas City, MO","MO",13930,"ORD","Chicago, IL","IL","1543","1804",141.00,141.00,14.00,11.00,"1719","1932",133.00,133.00,0.00,"",0.00,96.00,88.00,63.00,1.00,403.00,0.00,0.00,133.00,0.00,0.00,
2016,7,22,5,2016-07-22,"AA",19805,"AA","2725",13198,"MCI","Kansas City, MO","MO",13930,"ORD","Chicago, IL","IL","1543","1543",0.00,0.00,21.00,21.00,"1719","1729",10.00,10.00,0.00,"",0.00,96.00,106.00,64.00,1.00,403.00,,,,,,
2016,7,23,6,2016-07-23,"AA",19805,"AA","2725",13198,"MCI","Kansas City, MO","MO",13930,"ORD","Chicago, IL","IL","1543","1532",-11.00,0.00,33.00,11.00,"1719","1727",8.00,8.00,0.00,"",0.00,96.00,115.00,71.00,1.00,403.00,,,,,,
2016,7,24,7,2016-07-24,"AA",19805,"AA","2725",13198,"MCI","Kansas City, MO","MO",13930,"ORD","Chicago, IL","IL","1543","1617",34.00,34.00,20.00,141.00,"1719","2004",165.00,165.00,0.00,"",0.00,96.00,227.00,66.00,1.00,403.00,0.00,0.00,165.00,0.00,0.00,
2016,7,25,1,2016-07-25,"AA",19805,"AA","2725",13198,"MCI","Kansas City, MO","MO",13930,"ORD","Chicago, IL","IL","1543","1659",76.00,76.00,9.00,20.00,"1719","1823",64.00,64.00,0.00,"",0.00,96.00,84.00,55.00,1.00,403.00,9.00,0.00,0.00,0.00,55.00,
2016,7,26,2,2016-07-26,"AA",19805,"AA","2725",13198,"MCI","Kansas City, MO","MO",13930,"ORD","Chicago, IL","IL","1543","1542",-1.00,0.00,20.00,15.00,"1719","1715",-4.00,0.00,0.00,"",0.00,96.00,93.00,58.00,1.00,403.00,,,,,,
2016,7,27,3,2016-07-27,"AA",19805,"AA","2725",13198,"MCI","Kansas City, MO","MO",13930,"ORD","Chicago, IL","IL","1543","1555",12.00,12.00,10.00,27.00,"1719","1736",17.00,17.00,0.00,"",0.00,96.00,101.00,64.00,1.00,403.00,8.00,0.00,5.00,0.00,4.00,
2016,7,28,4,2016-07-28,"AA",19805,"AA","2725",13198,"MCI","Kansas City, MO","MO",13930,"ORD","Chicago, IL","IL","1543","0936",1073.00,1073.00,19.00,13.00,"1719","1104",1065.00,1065.00,0.00,"",0.00,96.00,88.00,56.00,1.00,403.00,0.00,0.00,634.00,0.00,431.00,
2016,7,29,5,2016-07-29,"AA",19805,"AA","2725",13198,"MCI","Kansas City, MO","MO",13930,"ORD","Chicago, IL","IL","1543","1801",138.00,138.00,21.00,15.00,"1719","1944",145.00,145.00,0.00,"",0.00,96.00,103.00,67.00,1.00,403.00,0.00,0.00,17.00,0.00,128.00,
2016,7,30,6,2016-07-30,"AA",19805,"AA","2725",13198,"MCI","Kansas City, MO","MO",13930,"ORD","Chicago, IL","IL","1543","1650",67.00,67.00,15.00,61.00,"1719","1907",108.00,108.00,0.00,"",0.00,96.00,137.00,61.00,1.00,403.00,7.00,0.00,41.00,0.00,60.00,
2016,7,31,7,2016-07-31,"AA",19805,"AA","2725",13198,"MCI","Kansas City, MO","MO",13930,"ORD","Chicago, IL","IL","1543","1558",15.00,15.00,17.00,14.00,"1719","1726",7.00,7.00,0.00,"",0.00,96.00,88.00,57.00,1.00,403.00,,,,,,
2016,7,1,5,2016-07-01,"AA",19805,"AA","2725",13930,"ORD","Chicago, IL","IL",13198,"MCI","Kansas City, MO","MO","1325","1546",141.00,141.00,30.00,13.00,"1451","1732",161.00,161.00,0.00,"",0.00,86.00,106.00,63.00,1.00,403.00,50.00,0.00,20.00,0.00,91.00,
2016,7,2,6,2016-07-02,"AA",19805,"AA","2725",13930,"ORD","Chicago, IL","IL",13198,"MCI","Kansas City, MO","MO","1325","1346",21.00,21.00,23.00,6.00,"1451","1516",25.00,25.00,0.00,"",0.00,86.00,90.00,61.00,1.00,403.00,21.00,0.00,4.00,0.00,0.00,
2016,7,3,7,2016-07-03,"AA",19805,"AA","2725",13930,"ORD","Chicago, IL","IL",13198,"MCI","Kansas City, MO","MO","1325","1319",-6.00,0.00,12.00,9.00,"1451","1444",-7.00,0.00,0.00,"",0.00,86.00,85.00,64.00,1.00,403.00,,,,,,
2016,7,4,1,2016-07-04,"AA",19805,"AA","2725",13930,"ORD","Chicago, IL","IL",13198,"MCI","Kansas City, MO","MO","1325","1416",51.00,51.00,14.00,9.00,"1451","1541",50.00,50.00,0.00,"",0.00,86.00,85.00,62.00,1.00,403.00,0.00,0.00,0.00,0.00,50.00,
2016,7,5,2,2016-07-05,"AA",19805,"AA","2725",13930,"ORD","Chicago, IL","IL",13198,"MCI","Kansas City, MO","MO","1329","1324",-5.00,0.00,8.00,8.00,"1455","1444",-11.00,0.00,0.00,"",0.00,86.00,80.00,64.00,1.00,403.00,,,,,,
2016,7,6,3,2016-07-06,"AA",19805,"AA","2725",13930,"ORD","Chicago, IL","IL",13198,"MCI","Kansas City, MO","MO","1329","1342",13.00,13.00,12.00,5.00,"1455","1501",6.00,6.00,0.00,"",0.00,86.00,79.00,62.00,1.00,403.00,,,,,,
2016,7,7,4,2016-07-07,"AA",19805,"AA","2725",13930,"ORD","Chicago, IL","IL",13198,"MCI","Kansas City, MO","MO","1329","1319",-10.00,0.00,14.00,6.00,"1455","1441",-14.00,0.00,0.00,"",0.00,86.00,82.00,62.00,1.00,403.00,,,,,,
2016,7,8,5,2016-07-08,"AA",19805,"AA","2725",13930,"ORD","Chicago, IL","IL",13198,"MCI","Kansas City, MO","MO","1329","1323",-6.00,0.00,17.00,6.00,"1455","1452",-3.00,0.00,0.00,"",0.00,86.00,89.00,66.00,1.00,403.00,,,,,,
2016,7,9,6,2016-07-09,"AA",19805,"AA","2725",13930,"ORD","Chicago, IL","IL",13198,"MCI","Kansas City, MO","MO","1329","1505",96.00,96.00,11.00,8.00,"1455","1621",86.00,86.00,0.00,"",0.00,86.00,76.00,57.00,1.00,403.00,56.00,0.00,0.00,0.00,30.00,
2016,7,10,7,2016-07-10,"AA",19805,"AA","2725",13930,"ORD","Chicago, IL","IL",13198,"MCI","Kansas City, MO","MO","1329","1456",87.00,87.00,20.00,8.00,"1455","1633",98.00,98.00,0.00,"",0.00,86.00,97.00,69.00,1.00,403.00,87.00,0.00,11.00,0.00,0.00,
2016,7,11,1,2016-07-11,"AA",19805,"AA","2725",13930,"ORD","Chicago, IL","IL",13198,"MCI","Kansas City, MO","MO","1329","1406",37.00,37.00,20.00,6.00,"1455","1528",33.00,33.00,0.00,"",0.00,86.00,82.00,56.00,1.00,403.00,0.00,0.00,0.00,0.00,33.00,
2016,7,12,2,2016-07-12,"AA",19805,"AA","2725",13930,"ORD","Chicago, IL","IL",13198,"MCI","Kansas City, MO","MO","1329","1323",-6.00,0.00,8.00,7.00,"1455","1440",-15.00,0.00,0.00,"",0.00,86.00,77.00,62.00,1.00,403.00,,,,,,
2016,7,13,3,2016-07-13,"AA",19805,"AA","2725",13930,"ORD","Chicago, IL","IL",13198,"MCI","Kansas City, MO","MO","1329","1333",4.00,4.00,29.00,7.00,"1455","1515",20.00,20.00,0.00,"",0.00,86.00,102.00,66.00,1.00,403.00,4.00,0.00,16.00,0.00,0.00,
2016,7,14,4,2016-07-14,"AA",19805,"AA","2725",13930,"ORD","Chicago, IL","IL",13198,"MCI","Kansas City, MO","MO","1329","1324",-5.00,0.00,14.00,7.00,"1455","1450",-5.00,0.00,0.00,"",0.00,86.00,86.00,65.00,1.00,403.00,,,,,,
2016,7,15,5,2016-07-15,"AA",19805,"AA","2725",13930,"ORD","Chicago, IL","IL",13198,"MCI","Kansas City, MO","MO","1329","1325",-4.00,0.00,21.00,12.00,"1455","1505",10.00,10.00,0.00,"",0.00,86.00,100.00,67.00,1.00,403.00,,,,,,
2016,7,16,6,2016-07-16,"AA",19805,"AA","2725",13930,"ORD","Chicago, IL","IL",13198,"MCI","Kansas City, MO","MO","1329","1354",25.00,25.00,13.00,5.00,"1455","1512",17.00,17.00,0.00,"",0.00,86.00,78.00,60.00,1.00,403.00,0.00,0.00,0.00,0.00,17.00,
2016,7,17,7,2016-07-17,"AA",19805,"AA","2725",13930,"ORD","Chicago, IL","IL",13198,"MCI","Kansas City, MO","MO","1329","1403",34.00,34.00,8.00,5.00,"1455","1519",24.00,24.00,0.00,"",0.00,86.00,76.00,63.00,1.00,403.00,2.00,0.00,0.00,0.00,22.00,
2016,7,18,1,2016-07-18,"AA",19805,"AA","2725",13930,"ORD","Chicago, IL","IL",13198,"MCI","Kansas City, MO","MO","1329","1327",-2.00,0.00,14.00,11.00,"1455","1454",-1.00,0.00,0.00,"",0.00,86.00,87.00,62.00,1.00,403.00,,,,,,
2016,7,19,2,2016-07-19,"AA",19805,"AA","2725",13930,"ORD","Chicago, IL","IL",13198,"MCI","Kansas City, MO","MO","1329","1325",-4.00,0.00,14.00,13.00,"1455","1501",6.00,6.00,0.00,"",0.00,86.00,96.00,69.00,1.00,403.00,,,,,,
2016,7,20,3,2016-07-20,"AA",19805,"AA","2725",13930,"ORD","Chicago, IL","IL",13198,"MCI","Kansas City, MO","MO","1329","1518",109.00,109.00,14.00,7.00,"1455","1641",106.00,106.00,0.00,"",0.00,86.00,83.00,62.00,1.00,403.00,0.00,0.00,0.00,0.00,106.00,
2016,7,21,4,2016-07-21,"AA",19805,"AA","2725",13930,"ORD","Chicago, IL","IL",13198,"MCI","Kansas City, MO","MO","1329","1327",-2.00,0.00,24.00,7.00,"1455","1456",1.00,1.00,0.00,"",0.00,86.00,89.00,58.00,1.00,403.00,,,,,,
2016,7,22,5,2016-07-22,"AA",19805,"AA","2725",13930,"ORD","Chicago, IL","IL",13198,"MCI","Kansas City, MO","MO","1329","1337",8.00,8.00,16.00,7.00,"1455","1458",3.00,3.00,0.00,"",0.00,86.00,81.00,58.00,1.00,403.00,,,,,,
2016,7,23,6,2016-07-23,"AA",19805,"AA","2725",13930,"ORD","Chicago, IL","IL",13198,"MCI","Kansas City, MO","MO","1329","1338",9.00,9.00,12.00,6.00,"1455","1459",4.00,4.00,0.00,"",0.00,86.00,81.00,63.00,1.00,403.00,,,,,,
2016,7,24,7,2016-07-24,"AA",19805,"AA","2725",13930,"ORD","Chicago, IL","IL",13198,"MCI","Kansas City, MO","MO","1329","1326",-3.00,0.00,16.00,7.00,"1455","1447",-8.00,0.00,0.00,"",0.00,86.00,81.00,58.00,1.00,403.00,,,,,,
2016,7,25,1,2016-07-25,"AA",19805,"AA","2725",13930,"ORD","Chicago, IL","IL",13198,"MCI","Kansas City, MO","MO","1329","1445",76.00,76.00,15.00,7.00,"1455","1608",73.00,73.00,0.00,"",0.00,86.00,83.00,61.00,1.00,403.00,5.00,0.00,0.00,0.00,68.00,
2016,7,26,2,2016-07-26,"AA",19805,"AA","2725",13930,"ORD","Chicago, IL","IL",13198,"MCI","Kansas City, MO","MO","1329","1336",7.00,7.00,13.00,11.00,"1455","1503",8.00,8.00,0.00,"",0.00,86.00,87.00,63.00,1.00,403.00,,,,,,
2016,7,27,3,2016-07-27,"AA",19805,"AA","2725",13930,"ORD","Chicago, IL","IL",13198,"MCI","Kansas City, MO","MO","1329","1338",9.00,9.00,17.00,10.00,"1455","1507",12.00,12.00,0.00,"",0.00,86.00,89.00,62.00,1.00,403.00,,,,,,
2016,7,28,4,2016-07-28,"AA",19805,"AA","2725",13930,"ORD","Chicago, IL","IL",13198,"MCI","Kansas City, MO","MO","1329","2045",436.00,436.00,19.00,10.00,"1455","2217",442.00,442.00,0.00,"",0.00,86.00,92.00,63.00,1.00,403.00,0.00,13.00,6.00,0.00,423.00,
2016,7,29,5,2016-07-29,"AA",19805,"AA","2725",13930,"ORD","Chicago, IL","IL",13198,"MCI","Kansas City, MO","MO","1329","1540",131.00,131.00,20.00,8.00,"1455","1711",136.00,136.00,0.00,"",0.00,86.00,91.00,63.00,1.00,403.00,0.00,0.00,5.00,0.00,131.00,
2016,7,30,6,2016-07-30,"AA",19805,"AA","2725",13930,"ORD","Chicago, IL","IL",13198,"MCI","Kansas City, MO","MO","1329","1434",65.00,65.00,22.00,10.00,"1455","1603",68.00,68.00,0.00,"",0.00,86.00,89.00,57.00,1.00,403.00,19.00,0.00,3.00,0.00,46.00,
2016,7,31,7,2016-07-31,"AA",19805,"AA","2725",13930,"ORD","Chicago, IL","IL",13198,"MCI","Kansas City, MO","MO","1329","1328",-1.00,0.00,11.00,6.00,"1455","1449",-6.00,0.00,0.00,"",0.00,86.00,81.00,64.00,1.00,403.00,,,,,,
2016,7,1,5,2016-07-01,"AA",19805,"AA","2726",12892,"LAX","Los Angeles, CA","CA",12173,"HNL","Honolulu, HI","HI","1135","1239",64.00,64.00,32.00,5.00,"1436","1544",68.00,68.00,0.00,"",0.00,361.00,365.00,328.00,1.00,2556.00,0.00,0.00,4.00,0.00,64.00,
2016,7,2,6,2016-07-02,"AA",19805,"AA","2726",12892,"LAX","Los Angeles, CA","CA",12173,"HNL","Honolulu, HI","HI","1135","1145",10.00,10.00,18.00,22.00,"1436","1457",21.00,21.00,0.00,"",0.00,361.00,372.00,332.00,1.00,2556.00,0.00,0.00,11.00,0.00,10.00,
2016,7,3,7,2016-07-03,"AA",19805,"AA","2726",12892,"LAX","Los Angeles, CA","CA",12173,"HNL","Honolulu, HI","HI","1135","1148",13.00,13.00,18.00,8.00,"1436","1436",0.00,0.00,0.00,"",0.00,361.00,348.00,322.00,1.00,2556.00,,,,,,
2016,7,4,1,2016-07-04,"AA",19805,"AA","2726",12892,"LAX","Los Angeles, CA","CA",12173,"HNL","Honolulu, HI","HI","1135","1133",-2.00,0.00,22.00,4.00,"1436","1417",-19.00,0.00,0.00,"",0.00,361.00,344.00,318.00,1.00,2556.00,,,,,,
2016,7,5,2,2016-07-05,"AA",19805,"AA","2726",12892,"LAX","Los Angeles, CA","CA",12173,"HNL","Honolulu, HI","HI","1135","1131",-4.00,0.00,17.00,17.00,"1436","1426",-10.00,0.00,0.00,"",0.00,361.00,355.00,321.00,1.00,2556.00,,,,,,
2016,7,6,3,2016-07-06,"AA",19805,"AA","2726",12892,"LAX","Los Angeles, CA","CA",12173,"HNL","Honolulu, HI","HI","1135","1136",1.00,1.00,12.00,6.00,"1436","1414",-22.00,0.00,0.00,"",0.00,361.00,338.00,320.00,1.00,2556.00,,,,,,
2016,7,7,4,2016-07-07,"AA",19805,"AA","2726",12892,"LAX","Los Angeles, CA","CA",12173,"HNL","Honolulu, HI","HI","1135","1143",8.00,8.00,17.00,4.00,"1436","1440",4.00,4.00,0.00,"",0.00,361.00,357.00,336.00,1.00,2556.00,,,,,,
2016,7,8,5,2016-07-08,"AA",19805,"AA","2726",12892,"LAX","Los Angeles, CA","CA",12173,"HNL","Honolulu, HI","HI","1135","1158",23.00,23.00,17.00,5.00,"1436","1432",-4.00,0.00,0.00,"",0.00,361.00,334.00,312.00,1.00,2556.00,,,,,,
2016,7,9,6,2016-07-09,"AA",19805,"AA","2726",12892,"LAX","Los Angeles, CA","CA",12173,"HNL","Honolulu, HI","HI","1135","1137",2.00,2.00,15.00,9.00,"1436","1424",-12.00,0.00,0.00,"",0.00,361.00,347.00,323.00,1.00,2556.00,,,,,,
2016,7,10,7,2016-07-10,"AA",19805,"AA","2726",12892,"LAX","Los Angeles, CA","CA",12173,"HNL","Honolulu, HI","HI","1135","1240",65.00,65.00,42.00,5.00,"1436","1559",83.00,83.00,0.00,"",0.00,361.00,379.00,332.00,1.00,2556.00,65.00,0.00,18.00,0.00,0.00,
2016,7,11,1,2016-07-11,"AA",19805,"AA","2726",12892,"LAX","Los Angeles, CA","CA",12173,"HNL","Honolulu, HI","HI","1135","1134",-1.00,0.00,30.00,4.00,"1436","1432",-4.00,0.00,0.00,"",0.00,361.00,358.00,324.00,1.00,2556.00,,,,,,
2016,7,12,2,2016-07-12,"AA",19805,"AA","2726",12892,"LAX","Los Angeles, CA","CA",12173,"HNL","Honolulu, HI","HI","1135","1136",1.00,1.00,31.00,3.00,"1436","1440",4.00,4.00,0.00,"",0.00,361.00,364.00,330.00,1.00,2556.00,,,,,,
2016,7,13,3,2016-07-13,"AA",19805,"AA","2726",12892,"LAX","Los Angeles, CA","CA",12173,"HNL","Honolulu, HI","HI","1135","1130",-5.00,0.00,26.00,4.00,"1436","1428",-8.00,0.00,0.00,"",0.00,361.00,358.00,328.00,1.00,2556.00,,,,,,
2016,7,14,4,2016-07-14,"AA",19805,"AA","2726",12892,"LAX","Los Angeles, CA","CA",12173,"HNL","Honolulu, HI","HI","1135","1131",-4.00,0.00,36.00,6.00,"1436","1436",0.00,0.00,0.00,"",0.00,361.00,365.00,323.00,1.00,2556.00,,,,,,
2016,7,15,5,2016-07-15,"AA",19805,"AA","2726",12892,"LAX","Los Angeles, CA","CA",12173,"HNL","Honolulu, HI","HI","1135","1138",3.00,3.00,13.00,12.00,"1436","1421",-15.00,0.00,0.00,"",0.00,361.00,343.00,318.00,1.00,2556.00,,,,,,
2016,7,16,6,2016-07-16,"AA",19805,"AA","2726",12892,"LAX","Los Angeles, CA","CA",12173,"HNL","Honolulu, HI","HI","1135","1145",10.00,10.00,22.00,15.00,"1436","1449",13.00,13.00,0.00,"",0.00,361.00,364.00,327.00,1.00,2556.00,,,,,,
2016,7,17,7,2016-07-17,"AA",19805,"AA","2726",12892,"LAX","Los Angeles, CA","CA",12173,"HNL","Honolulu, HI","HI","1135","1131",-4.00,0.00,46.00,5.00,"1436","1448",12.00,12.00,0.00,"",0.00,361.00,377.00,326.00,1.00,2556.00,,,,,,
2016,7,18,1,2016-07-18,"AA",19805,"AA","2726",12892,"LAX","Los Angeles, CA","CA",12173,"HNL","Honolulu, HI","HI","1135","1150",15.00,15.00,35.00,4.00,"1436","1455",19.00,19.00,0.00,"",0.00,361.00,365.00,326.00,1.00,2556.00,0.00,0.00,4.00,0.00,15.00,
2016,7,19,2,2016-07-19,"AA",19805,"AA","2726",12892,"LAX","Los Angeles, CA","CA",12173,"HNL","Honolulu, HI","HI","1135","1202",27.00,27.00,14.00,9.00,"1436","1451",15.00,15.00,0.00,"",0.00,361.00,349.00,326.00,1.00,2556.00,0.00,0.00,15.00,0.00,0.00,
2016,7,20,3,2016-07-20,"AA",19805,"AA","2726",12892,"LAX","Los Angeles, CA","CA",12173,"HNL","Honolulu, HI","HI","1135","1129",-6.00,0.00,42.00,4.00,"1436","1436",0.00,0.00,0.00,"",0.00,361.00,367.00,321.00,1.00,2556.00,,,,,,
2016,7,21,4,2016-07-21,"AA",19805,"AA","2726",12892,"LAX","Los Angeles, CA","CA",12173,"HNL","Honolulu, HI","HI","1135","1140",5.00,5.00,22.00,4.00,"1436","1428",-8.00,0.00,0.00,"",0.00,361.00,348.00,322.00,1.00,2556.00,,,,,,
2016,7,22,5,2016-07-22,"AA",19805,"AA","2726",12892,"LAX","Los Angeles, CA","CA",12173,"HNL","Honolulu, HI","HI","1135","1233",58.00,58.00,51.00,3.00,"1436","1551",75.00,75.00,0.00,"",0.00,361.00,378.00,324.00,1.00,2556.00,58.00,0.00,17.00,0.00,0.00,
2016,7,23,6,2016-07-23,"AA",19805,"AA","2726",12892,"LAX","Los Angeles, CA","CA",12173,"HNL","Honolulu, HI","HI","1135","1128",-7.00,0.00,19.00,3.00,"1436","1427",-9.00,0.00,0.00,"",0.00,361.00,359.00,337.00,1.00,2556.00,,,,,,
2016,7,24,7,2016-07-24,"AA",19805,"AA","2726",12892,"LAX","Los Angeles, CA","CA",12173,"HNL","Honolulu, HI","HI","1135","1203",28.00,28.00,22.00,3.00,"1436","1435",-1.00,0.00,0.00,"",0.00,361.00,332.00,307.00,1.00,2556.00,,,,,,
2016,7,25,1,2016-07-25,"AA",19805,"AA","2726",12892,"LAX","Los Angeles, CA","CA",12173,"HNL","Honolulu, HI","HI","1135","1207",32.00,32.00,13.00,6.00,"1436","1433",-3.00,0.00,0.00,"",0.00,361.00,326.00,307.00,1.00,2556.00,,,,,,
2016,7,26,2,2016-07-26,"AA",19805,"AA","2726",12892,"LAX","Los Angeles, CA","CA",12173,"HNL","Honolulu, HI","HI","1135","1158",23.00,23.00,31.00,4.00,"1436","1447",11.00,11.00,0.00,"",0.00,361.00,349.00,314.00,1.00,2556.00,,,,,,
2016,7,27,3,2016-07-27,"AA",19805,"AA","2726",12892,"LAX","Los Angeles, CA","CA",12173,"HNL","Honolulu, HI","HI","1135","1147",12.00,12.00,19.00,6.00,"1436","1425",-11.00,0.00,0.00,"",0.00,361.00,338.00,313.00,1.00,2556.00,,,,,,
2016,7,28,4,2016-07-28,"AA",19805,"AA","2726",12892,"LAX","Los Angeles, CA","CA",12173,"HNL","Honolulu, HI","HI","1135","1233",58.00,58.00,19.00,5.00,"1436","1508",32.00,32.00,0.00,"",0.00,361.00,335.00,311.00,1.00,2556.00,32.00,0.00,0.00,0.00,0.00,
2016,7,29,5,2016-07-29,"AA",19805,"AA","2726",12892,"LAX","Los Angeles, CA","CA",12173,"HNL","Honolulu, HI","HI","1135","1141",6.00,6.00,26.00,13.00,"1436","1424",-12.00,0.00,0.00,"",0.00,361.00,343.00,304.00,1.00,2556.00,,,,,,
2016,7,30,6,2016-07-30,"AA",19805,"AA","2726",12892,"LAX","Los Angeles, CA","CA",12173,"HNL","Honolulu, HI","HI","1135","1623",288.00,288.00,22.00,7.00,"1436","1921",285.00,285.00,0.00,"",0.00,361.00,358.00,329.00,1.00,2556.00,234.00,0.00,0.00,0.00,51.00,
2016,7,31,7,2016-07-31,"AA",19805,"AA","2726",12892,"LAX","Los Angeles, CA","CA",12173,"HNL","Honolulu, HI","HI","1135","1201",26.00,26.00,21.00,4.00,"1436","1444",8.00,8.00,0.00,"",0.00,361.00,343.00,318.00,1.00,2556.00,,,,,,
2016,7,1,5,2016-07-01,"AA",19805,"AA","2727",12173,"HNL","Honolulu, HI","HI",12892,"LAX","Los Angeles, CA","CA","2235","2232",-3.00,0.00,20.00,9.00,"0707","0657",-10.00,0.00,0.00,"",0.00,332.00,325.00,296.00,1.00,2556.00,,,,,,
2016,7,2,6,2016-07-02,"AA",19805,"AA","2727",12173,"HNL","Honolulu, HI","HI",12892,"LAX","Los Angeles, CA","CA","2235","2232",-3.00,0.00,13.00,9.00,"0707","0654",-13.00,0.00,0.00,"",0.00,332.00,322.00,300.00,1.00,2556.00,,,,,,
2016,7,3,7,2016-07-03,"AA",19805,"AA","2727",12173,"HNL","Honolulu, HI","HI",12892,"LAX","Los Angeles, CA","CA","2235","2229",-6.00,0.00,17.00,9.00,"0707","0652",-15.00,0.00,0.00,"",0.00,332.00,323.00,297.00,1.00,2556.00,,,,,,
2016,7,4,1,2016-07-04,"AA",19805,"AA","2727",12173,"HNL","Honolulu, HI","HI",12892,"LAX","Los Angeles, CA","CA","2235","2243",8.00,8.00,15.00,12.00,"0707","0702",-5.00,0.00,0.00,"",0.00,332.00,319.00,292.00,1.00,2556.00,,,,,,
2016,7,5,2,2016-07-05,"AA",19805,"AA","2727",12173,"HNL","Honolulu, HI","HI",12892,"LAX","Los Angeles, CA","CA","2235","2235",0.00,0.00,20.00,5.00,"0707","0649",-18.00,0.00,0.00,"",0.00,332.00,314.00,289.00,1.00,2556.00,,,,,,
2016,7,6,3,2016-07-06,"AA",19805,"AA","2727",12173,"HNL","Honolulu, HI","HI",12892,"LAX","Los Angeles, CA","CA","2235","2227",-8.00,0.00,26.00,9.00,"0707","0657",-10.00,0.00,0.00,"",0.00,332.00,330.00,295.00,1.00,2556.00,,,,,,
2016,7,7,4,2016-07-07,"AA",19805,"AA","2727",12173,"HNL","Honolulu, HI","HI",12892,"LAX","Los Angeles, CA","CA","2235","2242",7.00,7.00,17.00,12.00,"0707","0709",2.00,2.00,0.00,"",0.00,332.00,327.00,298.00,1.00,2556.00,,,,,,
2016,7,8,5,2016-07-08,"AA",19805,"AA","2727",12173,"HNL","Honolulu, HI","HI",12892,"LAX","Los Angeles, CA","CA","2235","2217",-18.00,0.00,13.00,5.00,"0707","0643",-24.00,0.00,0.00,"",0.00,332.00,326.00,308.00,1.00,2556.00,,,,,,
2016,7,9,6,2016-07-09,"AA",19805,"AA","2727",12173,"HNL","Honolulu, HI","HI",12892,"LAX","Los Angeles, CA","CA","2235","2227",-8.00,0.00,17.00,10.00,"0707","0649",-18.00,0.00,0.00,"",0.00,332.00,322.00,295.00,1.00,2556.00,,,,,,
2016,7,10,7,2016-07-10,"AA",19805,"AA","2727",12173,"HNL","Honolulu, HI","HI",12892,"LAX","Los Angeles, CA","CA","2235","2229",-6.00,0.00,20.00,14.00,"0707","0654",-13.00,0.00,0.00,"",0.00,332.00,325.00,291.00,1.00,2556.00,,,,,,
2016,7,11,1,2016-07-11,"AA",19805,"AA","2727",12173,"HNL","Honolulu, HI","HI",12892,"LAX","Los Angeles, CA","CA","2235","2240",5.00,5.00,16.00,5.00,"0707","0648",-19.00,0.00,0.00,"",0.00,332.00,308.00,287.00,1.00,2556.00,,,,,,
2016,7,12,2,2016-07-12,"AA",19805,"AA","2727",12173,"HNL","Honolulu, HI","HI",12892,"LAX","Los Angeles, CA","CA","2235","2220",-15.00,0.00,23.00,7.00,"0707","0637",-30.00,0.00,0.00,"",0.00,332.00,317.00,287.00,1.00,2556.00,,,,,,
2016,7,13,3,2016-07-13,"AA",19805,"AA","2727",12173,"HNL","Honolulu, HI","HI",12892,"LAX","Los Angeles, CA","CA","2235","2228",-7.00,0.00,11.00,11.00,"0707","0643",-24.00,0.00,0.00,"",0.00,332.00,315.00,293.00,1.00,2556.00,,,,,,
2016,7,14,4,2016-07-14,"AA",19805,"AA","2727",12173,"HNL","Honolulu, HI","HI",12892,"LAX","Los Angeles, CA","CA","2235","2223",-12.00,0.00,15.00,7.00,"0707","0631",-36.00,0.00,0.00,"",0.00,332.00,308.00,286.00,1.00,2556.00,,,,,,
2016,7,15,5,2016-07-15,"AA",19805,"AA","2727",12173,"HNL","Honolulu, HI","HI",12892,"LAX","Los Angeles, CA","CA","2235","2230",-5.00,0.00,14.00,4.00,"0707","0628",-39.00,0.00,0.00,"",0.00,332.00,298.00,280.00,1.00,2556.00,,,,,,
2016,7,16,6,2016-07-16,"AA",19805,"AA","2727",12173,"HNL","Honolulu, HI","HI",12892,"LAX","Los Angeles, CA","CA","2235","2223",-12.00,0.00,15.00,9.00,"0707","0632",-35.00,0.00,0.00,"",0.00,332.00,309.00,285.00,1.00,2556.00,,,,,,
2016,7,17,7,2016-07-17,"AA",19805,"AA","2727",12173,"HNL","Honolulu, HI","HI",12892,"LAX","Los Angeles, CA","CA","2235","2218",-17.00,0.00,18.00,10.00,"0707","0639",-28.00,0.00,0.00,"",0.00,332.00,321.00,293.00,1.00,2556.00,,,,,,
2016,7,18,1,2016-07-18,"AA",19805,"AA","2727",12173,"HNL","Honolulu, HI","HI",12892,"LAX","Los Angeles, CA","CA","2235","2230",-5.00,0.00,16.00,23.00,"0707","0658",-9.00,0.00,0.00,"",0.00,332.00,328.00,289.00,1.00,2556.00,,,,,,
2016,7,19,2,2016-07-19,"AA",19805,"AA","2727",12173,"HNL","Honolulu, HI","HI",12892,"LAX","Los Angeles, CA","CA","2235","2216",-19.00,0.00,22.00,11.00,"0707","0640",-27.00,0.00,0.00,"",0.00,332.00,324.00,291.00,1.00,2556.00,,,,,,
2016,7,20,3,2016-07-20,"AA",19805,"AA","2727",12173,"HNL","Honolulu, HI","HI",12892,"LAX","Los Angeles, CA","CA","2235","2213",-22.00,0.00,17.00,11.00,"0707","0648",-19.00,0.00,0.00,"",0.00,332.00,335.00,307.00,1.00,2556.00,,,,,,
2016,7,21,4,2016-07-21,"AA",19805,"AA","2727",12173,"HNL","Honolulu, HI","HI",12892,"LAX","Los Angeles, CA","CA","2235","2218",-17.00,0.00,17.00,7.00,"0707","0638",-29.00,0.00,0.00,"",0.00,332.00,320.00,296.00,1.00,2556.00,,,,,,
2016,7,22,5,2016-07-22,"AA",19805,"AA","2727",12173,"HNL","Honolulu, HI","HI",12892,"LAX","Los Angeles, CA","CA","2235","2220",-15.00,0.00,29.00,8.00,"0707","0652",-15.00,0.00,0.00,"",0.00,332.00,332.00,295.00,1.00,2556.00,,,,,,
2016,7,23,6,2016-07-23,"AA",19805,"AA","2727",12173,"HNL","Honolulu, HI","HI",12892,"LAX","Los Angeles, CA","CA","2235","2221",-14.00,0.00,17.00,18.00,"0707","0642",-25.00,0.00,0.00,"",0.00,332.00,321.00,286.00,1.00,2556.00,,,,,,
2016,7,24,7,2016-07-24,"AA",19805,"AA","2727",12173,"HNL","Honolulu, HI","HI",12892,"LAX","Los Angeles, CA","CA","2235","1157",802.00,802.00,22.00,8.00,"0707","2023",796.00,796.00,0.00,"",0.00,332.00,326.00,296.00,1.00,2556.00,796.00,0.00,0.00,0.00,0.00,
2016,7,25,1,2016-07-25,"AA",19805,"AA","2727",12173,"HNL","Honolulu, HI","HI",12892,"LAX","Los Angeles, CA","CA","2235","2224",-11.00,0.00,16.00,8.00,"0707","0656",-11.00,0.00,0.00,"",0.00,332.00,332.00,308.00,1.00,2556.00,,,,,,
2016,7,26,2,2016-07-26,"AA",19805,"AA","2727",12173,"HNL","Honolulu, HI","HI",12892,"LAX","Los Angeles, CA","CA","2235","2223",-12.00,0.00,16.00,9.00,"0707","0652",-15.00,0.00,0.00,"",0.00,332.00,329.00,304.00,1.00,2556.00,,,,,,
2016,7,27,3,2016-07-27,"AA",19805,"AA","2727",12173,"HNL","Honolulu, HI","HI",12892,"LAX","Los Angeles, CA","CA","2235","2222",-13.00,0.00,19.00,25.00,"0707","0719",12.00,12.00,0.00,"",0.00,332.00,357.00,313.00,1.00,2556.00,,,,,,
2016,7,28,4,2016-07-28,"AA",19805,"AA","2727",12173,"HNL","Honolulu, HI","HI",12892,"LAX","Los Angeles, CA","CA","2235","2236",1.00,1.00,20.00,11.00,"0707","0713",6.00,6.00,0.00,"",0.00,332.00,337.00,306.00,1.00,2556.00,,,,,,
2016,7,29,5,2016-07-29,"AA",19805,"AA","2727",12173,"HNL","Honolulu, HI","HI",12892,"LAX","Los Angeles, CA","CA","2235","2235",0.00,0.00,13.00,4.00,"0707","0648",-19.00,0.00,0.00,"",0.00,332.00,313.00,296.00,1.00,2556.00,,,,,,
2016,7,30,6,2016-07-30,"AA",19805,"AA","2727",12173,"HNL","Honolulu, HI","HI",12892,"LAX","Los Angeles, CA","CA","2235","2225",-10.00,0.00,25.00,14.00,"0707","0655",-12.00,0.00,0.00,"",0.00,332.00,330.00,291.00,1.00,2556.00,,,,,,
2016,7,31,7,2016-07-31,"AA",19805,"AA","2727",12173,"HNL","Honolulu, HI","HI",12892,"LAX","Los Angeles, CA","CA","2235","2235",0.00,0.00,23.00,11.00,"0707","0708",1.00,1.00,0.00,"",0.00,332.00,333.00,299.00,1.00,2556.00,,,,,,
2016,7,24,7,2016-07-24,"AA",19805,"AA","2728",13256,"MFE","Mission/McAllen/Edinburg, TX","TX",11298,"DFW","Dallas/Fort Worth, TX","TX","2050","2047",-3.00,0.00,8.00,3.00,"2229","2211",-18.00,0.00,0.00,"",0.00,99.00,84.00,73.00,1.00,469.00,,,,,,
2016,7,24,7,2016-07-24,"AA",19805,"AA","2729",11298,"DFW","Dallas/Fort Worth, TX","TX",13871,"OMA","Omaha, NE","NE","2342","2333",-9.00,0.00,10.00,7.00,"0125","0109",-16.00,0.00,0.00,"",0.00,103.00,96.00,79.00,1.00,583.00,,,,,,
2016,7,24,7,2016-07-24,"AA",19805,"AA","2733",14492,"RDU","Raleigh/Durham, NC","NC",11298,"DFW","Dallas/Fort Worth, TX","TX","2100","2100",0.00,0.00,36.00,8.00,"2255","2257",2.00,2.00,0.00,"",0.00,175.00,177.00,133.00,1.00,1061.00,,,,,,
2016,7,1,5,2016-07-01,"AA",19805,"AA","2733",15016,"STL","St. Louis, MO","MO",12892,"LAX","Los Angeles, CA","CA","0645","0758",73.00,73.00,10.00,33.00,"0847","1013",86.00,86.00,0.00,"",0.00,242.00,255.00,212.00,1.00,1592.00,0.00,0.00,13.00,0.00,73.00,
2016,7,2,6,2016-07-02,"AA",19805,"AA","2733",15016,"STL","St. Louis, MO","MO",12892,"LAX","Los Angeles, CA","CA","0645","0653",8.00,8.00,22.00,5.00,"0847","0905",18.00,18.00,0.00,"",0.00,242.00,252.00,225.00,1.00,1592.00,0.00,0.00,10.00,0.00,8.00,
2016,7,3,7,2016-07-03,"AA",19805,"AA","2733",15016,"STL","St. Louis, MO","MO",12892,"LAX","Los Angeles, CA","CA","0645","0641",-4.00,0.00,11.00,30.00,"0847","0904",17.00,17.00,0.00,"",0.00,242.00,263.00,222.00,1.00,1592.00,0.00,0.00,17.00,0.00,0.00,
2016,7,4,1,2016-07-04,"AA",19805,"AA","2733",15016,"STL","St. Louis, MO","MO",12892,"LAX","Los Angeles, CA","CA","0645","0715",30.00,30.00,11.00,9.00,"0847","0900",13.00,13.00,0.00,"",0.00,242.00,225.00,205.00,1.00,1592.00,,,,,,
2016,7,24,7,2016-07-24,"AA",19805,"AA","2734",10423,"AUS","Austin, TX","TX",11298,"DFW","Dallas/Fort Worth, TX","TX","2125","2120",-5.00,0.00,10.00,24.00,"2232","2234",2.00,2.00,0.00,"",0.00,67.00,74.00,40.00,1.00,190.00,,,,,,
2016,7,1,5,2016-07-01,"AA",19805,"AA","2734",10693,"BNA","Nashville, TN","TN",13303,"MIA","Miami, FL","FL","1726","1723",-3.00,0.00,14.00,31.00,"2039","2103",24.00,24.00,0.00,"",0.00,133.00,160.00,115.00,1.00,806.00,0.00,0.00,24.00,0.00,0.00,
2016,7,2,6,2016-07-02,"AA",19805,"AA","2734",10693,"BNA","Nashville, TN","TN",13303,"MIA","Miami, FL","FL","1726","1731",5.00,5.00,10.00,14.00,"2039","2042",3.00,3.00,0.00,"",0.00,133.00,131.00,107.00,1.00,806.00,,,,,,
2016,7,3,7,2016-07-03,"AA",19805,"AA","2734",10693,"BNA","Nashville, TN","TN",13303,"MIA","Miami, FL","FL","1726","1717",-9.00,0.00,13.00,9.00,"2039","2029",-10.00,0.00,0.00,"",0.00,133.00,132.00,110.00,1.00,806.00,,,,,,
2016,7,4,1,2016-07-04,"AA",19805,"AA","2734",10693,"BNA","Nashville, TN","TN",13303,"MIA","Miami, FL","FL","1726","1920",114.00,114.00,10.00,8.00,"2039","2229",110.00,110.00,0.00,"",0.00,133.00,129.00,111.00,1.00,806.00,0.00,109.00,0.00,0.00,1.00,
2016,7,1,5,2016-07-01,"AA",19805,"AA","2734",13303,"MIA","Miami, FL","FL",10693,"BNA","Nashville, TN","TN","1531","1528",-3.00,0.00,16.00,10.00,"1646","1645",-1.00,0.00,0.00,"",0.00,135.00,137.00,111.00,1.00,806.00,,,,,,
2016,7,2,6,2016-07-02,"AA",19805,"AA","2734",13303,"MIA","Miami, FL","FL",10693,"BNA","Nashville, TN","TN","1531","1526",-5.00,0.00,13.00,7.00,"1646","1637",-9.00,0.00,0.00,"",0.00,135.00,131.00,111.00,1.00,806.00,,,,,,
2016,7,3,7,2016-07-03,"AA",19805,"AA","2734",13303,"MIA","Miami, FL","FL",10693,"BNA","Nashville, TN","TN","1531","1522",-9.00,0.00,9.00,6.00,"1646","1625",-21.00,0.00,0.00,"",0.00,135.00,123.00,108.00,1.00,806.00,,,,,,
2016,7,3,7,2016-07-03,"AA",19805,"AA","1992",11057,"CLT","Charlotte, NC","NC",14307,"PVD","Providence, RI","RI","1630","1910",160.00,160.00,26.00,4.00,"1834","2113",159.00,159.00,0.00,"",0.00,124.00,123.00,93.00,1.00,683.00,96.00,0.00,0.00,0.00,63.00,
2016,7,3,7,2016-07-03,"AA",19805,"AA","1992",14524,"RIC","Richmond, VA","VA",11057,"CLT","Charlotte, NC","NC","1430","1525",55.00,55.00,24.00,8.00,"1542","1648",66.00,66.00,0.00,"",0.00,72.00,83.00,51.00,1.00,257.00,42.00,0.00,11.00,0.00,13.00,
2016,7,3,7,2016-07-03,"AA",19805,"AA","1993",11057,"CLT","Charlotte, NC","NC",12892,"LAX","Los Angeles, CA","CA","0735","0731",-4.00,0.00,20.00,11.00,"0941","1007",26.00,26.00,0.00,"",0.00,306.00,336.00,305.00,1.00,2125.00,0.00,0.00,26.00,0.00,0.00,
2016,7,3,7,2016-07-03,"AA",19805,"AA","1993",12892,"LAX","Los Angeles, CA","CA",14100,"PHL","Philadelphia, PA","PA","1105","1105",0.00,0.00,43.00,5.00,"1925","1936",11.00,11.00,0.00,"",0.00,320.00,331.00,283.00,1.00,2402.00,,,,,,
2016,7,3,7,2016-07-03,"AA",19805,"AA","1994",13930,"ORD","Chicago, IL","IL",14100,"PHL","Philadelphia, PA","PA","1535","1525",-10.00,0.00,14.00,4.00,"1839","1819",-20.00,0.00,0.00,"",0.00,124.00,114.00,96.00,1.00,678.00,,,,,,
2016,7,3,7,2016-07-03,"AA",19805,"AA","1994",14100,"PHL","Philadelphia, PA","PA",13930,"ORD","Chicago, IL","IL","1325","1319",-6.00,0.00,10.00,11.00,"1439","1426",-13.00,0.00,0.00,"",0.00,134.00,127.00,106.00,1.00,678.00,,,,,,
2016,7,3,7,2016-07-03,"AA",19805,"AA","1995",14100,"PHL","Philadelphia, PA","PA",13930,"ORD","Chicago, IL","IL","1425","1417",-8.00,0.00,11.00,28.00,"1544","1537",-7.00,0.00,0.00,"",0.00,139.00,140.00,101.00,1.00,678.00,,,,,,
2016,7,3,7,2016-07-03,"AA",19805,"AA","1996",11057,"CLT","Charlotte, NC","NC",14307,"PVD","Providence, RI","RI","1949","1956",7.00,7.00,11.00,4.00,"2143","2144",1.00,1.00,0.00,"",0.00,114.00,108.00,93.00,1.00,683.00,,,,,,
2016,7,3,7,2016-07-03,"AA",19805,"AA","1998",11057,"CLT","Charlotte, NC","NC",10821,"BWI","Baltimore, MD","MD","2231","2224",-7.00,0.00,12.00,7.00,"2357","2337",-20.00,0.00,0.00,"",0.00,86.00,73.00,54.00,1.00,361.00,,,,,,
2016,7,3,7,2016-07-03,"AA",19805,"AA","1999",11057,"CLT","Charlotte, NC","NC",10721,"BOS","Boston, MA","MA","1610","1613",3.00,3.00,14.00,7.00,"1822","1815",-7.00,0.00,0.00,"",0.00,132.00,122.00,101.00,1.00,728.00,,,,,,
2016,7,3,7,2016-07-03,"AA",19805,"AA","2001",14100,"PHL","Philadelphia, PA","PA",11697,"FLL","Fort Lauderdale, FL","FL","1000","0954",-6.00,0.00,20.00,3.00,"1256","1236",-20.00,0.00,0.00,"",0.00,176.00,162.00,139.00,1.00,992.00,,,,,,
2016,7,3,7,2016-07-03,"AA",19805,"AA","2002",11057,"CLT","Charlotte, NC","NC",10721,"BOS","Boston, MA","MA","1415","1413",-2.00,0.00,11.00,5.00,"1622","1609",-13.00,0.00,0.00,"",0.00,127.00,116.00,100.00,1.00,728.00,,,,,,
2016,7,3,7,2016-07-03,"AA",19805,"AA","2006",10721,"BOS","Boston, MA","MA",11057,"CLT","Charlotte, NC","NC","1730","1728",-2.00,0.00,24.00,5.00,"1959","1954",-5.00,0.00,0.00,"",0.00,149.00,146.00,117.00,1.00,728.00,,,,,,
2016,7,3,7,2016-07-03,"AA",19805,"AA","2006",11057,"CLT","Charlotte, NC","NC",14524,"RIC","Richmond, VA","VA","2044","2038",-6.00,0.00,14.00,4.00,"2149","2137",-12.00,0.00,0.00,"",0.00,65.00,59.00,41.00,1.00,257.00,,,,,,
2016,7,3,7,2016-07-03,"AA",19805,"AA","2007",14843,"SJU","San Juan, PR","PR",11057,"CLT","Charlotte, NC","NC","1750","1743",-7.00,0.00,16.00,9.00,"2129","2116",-13.00,0.00,0.00,"",0.00,219.00,213.00,188.00,1.00,1475.00,,,,,,
2016,7,3,7,2016-07-03,"AA",19805,"AA","2008",13204,"MCO","Orlando, FL","FL",14100,"PHL","Philadelphia, PA","PA","1930","1919",-11.00,0.00,10.00,2.00,"2155","2131",-24.00,0.00,0.00,"",0.00,145.00,132.00,120.00,1.00,861.00,,,,,,
2016,7,3,7,2016-07-03,"AA",19805,"AA","2014",14869,"SLC","Salt Lake City, UT","UT",11057,"CLT","Charlotte, NC","NC","0015","0014",-1.00,0.00,19.00,5.00,"0605","0554",-11.00,0.00,0.00,"",0.00,230.00,220.00,196.00,1.00,1727.00,,,,,,
2016,7,3,7,2016-07-03,"AA",19805,"AA","2017",14843,"SJU","San Juan, PR","PR",11057,"CLT","Charlotte, NC","NC","1635","1627",-8.00,0.00,14.00,4.00,"2021","1942",-39.00,0.00,0.00,"",0.00,226.00,195.00,177.00,1.00,1475.00,,,,,,
2016,7,3,7,2016-07-03,"AA",19805,"AA","2019",14679,"SAN","San Diego, CA","CA",14100,"PHL","Philadelphia, PA","PA","1130","1122",-8.00,0.00,24.00,5.00,"1945","1915",-30.00,0.00,0.00,"",0.00,315.00,293.00,264.00,1.00,2370.00,,,,,,
2016,7,3,7,2016-07-03,"AA",19805,"AA","2021",11057,"CLT","Charlotte, NC","NC",14100,"PHL","Philadelphia, PA","PA","1450","1444",-6.00,0.00,32.00,4.00,"1634","1635",1.00,1.00,0.00,"",0.00,104.00,111.00,75.00,1.00,449.00,,,,,,
2016,7,3,7,2016-07-03,"AA",19805,"AA","2021",12266,"IAH","Houston, TX","TX",11057,"CLT","Charlotte, NC","NC","1014","1008",-6.00,0.00,8.00,8.00,"1345","1324",-21.00,0.00,0.00,"",0.00,151.00,136.00,120.00,1.00,912.00,,,,,,
2016,7,3,7,2016-07-03,"AA",19805,"AA","2022",11697,"FLL","Fort Lauderdale, FL","FL",14100,"PHL","Philadelphia, PA","PA","1930","1922",-8.00,0.00,10.00,4.00,"2210","2143",-27.00,0.00,0.00,"",0.00,160.00,141.00,127.00,1.00,992.00,,,,,,
2016,7,3,7,2016-07-03,"AA",19805,"AA","2022",14100,"PHL","Philadelphia, PA","PA",11697,"FLL","Fort Lauderdale, FL","FL","1550","1550",0.00,0.00,14.00,4.00,"1840","1831",-9.00,0.00,0.00,"",0.00,170.00,161.00,143.00,1.00,992.00,,,,,,
2016,7,3,7,2016-07-03,"AA",19805,"AA","2023",11278,"DCA","Washington, DC","VA",14107,"PHX","Phoenix, AZ","AZ","1100","1054",-6.00,0.00,17.00,9.00,"1241","1242",1.00,1.00,0.00,"",0.00,281.00,288.00,262.00,1.00,1979.00,,,,,,
2016,7,3,7,2016-07-03,"AA",19805,"AA","2023",14107,"PHX","Phoenix, AZ","AZ",12892,"LAX","Los Angeles, CA","CA","1349","1346",-3.00,0.00,18.00,6.00,"1518","1506",-12.00,0.00,0.00,"",0.00,89.00,80.00,56.00,1.00,370.00,,,,,,
2016,7,3,7,2016-07-03,"AA",19805,"AA","2024",14100,"PHL","Philadelphia, PA","PA",14492,"RDU","Raleigh/Durham, NC","NC","2255","2252",-3.00,0.00,10.00,4.00,"0010","0007",-3.00,0.00,0.00,"",0.00,75.00,75.00,61.00,1.00,337.00,,,,,,
2016,7,3,7,2016-07-03,"AA",19805,"AA","2026",14107,"PHX","Phoenix, AZ","AZ",14100,"PHL","Philadelphia, PA","PA","2240","2242",2.00,2.00,8.00,2.00,"0610","0542",-28.00,0.00,0.00,"",0.00,270.00,240.00,230.00,1.00,2075.00,,,,,,
2016,7,3,7,2016-07-03,"AA",19805,"AA","2027",14100,"PHL","Philadelphia, PA","PA",12451,"JAX","Jacksonville, FL","FL","2115","2104",-11.00,0.00,20.00,5.00,"2327","2309",-18.00,0.00,0.00,"",0.00,132.00,125.00,100.00,1.00,742.00,,,,,,
2016,7,3,7,2016-07-03,"AA",19805,"AA","2028",14100,"PHL","Philadelphia, PA","PA",14843,"SJU","San Juan, PR","PR","0735","0729",-6.00,0.00,17.00,6.00,"1127","1110",-17.00,0.00,0.00,"",0.00,232.00,221.00,198.00,1.00,1576.00,,,,,,
2016,7,3,7,2016-07-03,"AA",19805,"AA","2030",12953,"LGA","New York, NY","NY",14100,"PHL","Philadelphia, PA","PA","1315","1309",-6.00,0.00,21.00,8.00,"1428","1410",-18.00,0.00,0.00,"",0.00,73.00,61.00,32.00,1.00,96.00,,,,,,
2016,7,3,7,2016-07-03,"AA",19805,"AA","2032",11057,"CLT","Charlotte, NC","NC",12451,"JAX","Jacksonville, FL","FL","1540","1538",-2.00,0.00,15.00,4.00,"1654","1654",0.00,0.00,0.00,"",0.00,74.00,76.00,57.00,1.00,328.00,,,,,,
2016,7,3,7,2016-07-03,"AA",19805,"AA","2032",14635,"RSW","Fort Myers, FL","FL",11057,"CLT","Charlotte, NC","NC","1300","1259",-1.00,0.00,11.00,9.00,"1455","1442",-13.00,0.00,0.00,"",0.00,115.00,103.00,83.00,1.00,600.00,,,,,,
2016,7,3,7,2016-07-03,"AA",19805,"AA","2033",12953,"LGA","New York, NY","NY",14100,"PHL","Philadelphia, PA","PA","0555","",,,,,"0700","",,,1.00,"C",0.00,65.00,,,1.00,96.00,,,,,,
2016,7,3,7,2016-07-03,"AA",19805,"AA","2035",11278,"DCA","Washington, DC","VA",11057,"CLT","Charlotte, NC","NC","2000","1953",-7.00,0.00,9.00,5.00,"2131","2105",-26.00,0.00,0.00,"",0.00,91.00,72.00,58.00,1.00,331.00,,,,,,
2016,7,3,7,2016-07-03,"AA",19805,"AA","2036",11057,"CLT","Charlotte, NC","NC",15096,"SYR","Syracuse, NY","NY","1610","1605",-5.00,0.00,20.00,5.00,"1759","1754",-5.00,0.00,0.00,"",0.00,109.00,109.00,84.00,1.00,603.00,,,,,,
2016,7,3,7,2016-07-03,"AA",19805,"AA","2038",11057,"CLT","Charlotte, NC","NC",14307,"PVD","Providence, RI","RI","2205","2204",-1.00,0.00,12.00,3.00,"2359","2344",-15.00,0.00,0.00,"",0.00,114.00,100.00,85.00,1.00,683.00,,,,,,
2016,7,3,7,2016-07-03,"AA",19805,"AA","2038",11298,"DFW","Dallas/Fort Worth, TX","TX",11057,"CLT","Charlotte, NC","NC","1735","1728",-7.00,0.00,12.00,12.00,"2110","2103",-7.00,0.00,0.00,"",0.00,155.00,155.00,131.00,1.00,936.00,,,,,,
2016,7,3,7,2016-07-03,"AA",19805,"AA","2039",11057,"CLT","Charlotte, NC","NC",13487,"MSP","Minneapolis, MN","MN","2215","2209",-6.00,0.00,15.00,3.00,"2356","2334",-22.00,0.00,0.00,"",0.00,161.00,145.00,127.00,1.00,930.00,,,,,,
2016,7,3,7,2016-07-03,"AA",19805,"AA","2039",15304,"TPA","Tampa, FL","FL",11057,"CLT","Charlotte, NC","NC","1900","1854",-6.00,0.00,10.00,10.00,"2046","2026",-20.00,0.00,0.00,"",0.00,106.00,92.00,72.00,1.00,507.00,,,,,,
2016,7,3,7,2016-07-03,"AA",19805,"AA","2043",11057,"CLT","Charlotte, NC","NC",14027,"PBI","West Palm Beach/Palm Beach, FL","FL","2210","2204",-6.00,0.00,8.00,4.00,"2357","2337",-20.00,0.00,0.00,"",0.00,107.00,93.00,81.00,1.00,590.00,,,,,,
2016,7,3,7,2016-07-03,"AA",19805,"AA","2043",15096,"SYR","Syracuse, NY","NY",11057,"CLT","Charlotte, NC","NC","1845","1845",0.00,0.00,8.00,6.00,"2043","2036",-7.00,0.00,0.00,"",0.00,118.00,111.00,97.00,1.00,603.00,,,,,,
2016,7,3,7,2016-07-03,"AA",19805,"AA","2045",14843,"SJU","San Juan, PR","PR",14100,"PHL","Philadelphia, PA","PA","1740","1734",-6.00,0.00,10.00,3.00,"2158","2135",-23.00,0.00,0.00,"",0.00,258.00,241.00,228.00,1.00,1576.00,,,,,,
2016,7,3,7,2016-07-03,"AA",19805,"AA","2046",10721,"BOS","Boston, MA","MA",11057,"CLT","Charlotte, NC","NC","1251","1305",14.00,14.00,17.00,4.00,"1512","1512",0.00,0.00,0.00,"",0.00,141.00,127.00,106.00,1.00,728.00,,,,,,
2016,7,3,7,2016-07-03,"AA",19805,"AA","2046",11057,"CLT","Charlotte, NC","NC",14635,"RSW","Fort Myers, FL","FL","1630","1629",-1.00,0.00,22.00,5.00,"1827","1851",24.00,24.00,0.00,"",0.00,117.00,142.00,115.00,1.00,600.00,0.00,0.00,24.00,0.00,0.00,
2016,7,3,7,2016-07-03,"AA",19805,"AA","2048",14100,"PHL","Philadelphia, PA","PA",12339,"IND","Indianapolis, IN","IN","1810","1802",-8.00,0.00,25.00,8.00,"2020","2010",-10.00,0.00,0.00,"",0.00,130.00,128.00,95.00,1.00,588.00,,,,,,
2016,7,3,7,2016-07-03,"AA",19805,"AA","2049",14843,"SJU","San Juan, PR","PR",14100,"PHL","Philadelphia, PA","PA","1250","1246",-4.00,0.00,17.00,4.00,"1650","1638",-12.00,0.00,0.00,"",0.00,240.00,232.00,211.00,1.00,1576.00,,,,,,
2016,7,3,7,2016-07-03,"AA",19805,"AA","2050",11057,"CLT","Charlotte, NC","NC",12953,"LGA","New York, NY","NY","1610","1605",-5.00,0.00,15.00,10.00,"1803","1746",-17.00,0.00,0.00,"",0.00,113.00,101.00,76.00,1.00,544.00,,,,,,
2016,7,3,7,2016-07-03,"AA",19805,"AA","2050",14747,"SEA","Seattle, WA","WA",11057,"CLT","Charlotte, NC","NC","0700","0654",-6.00,0.00,17.00,8.00,"1506","1429",-37.00,0.00,0.00,"",0.00,306.00,275.00,250.00,1.00,2279.00,,,,,,
2016,7,3,7,2016-07-03,"AA",19805,"AA","2051",14100,"PHL","Philadelphia, PA","PA",13303,"MIA","Miami, FL","FL","0955","0948",-7.00,0.00,19.00,3.00,"1253","1232",-21.00,0.00,0.00,"",0.00,178.00,164.00,142.00,1.00,1013.00,,,,,,
2016,7,3,7,2016-07-03,"AA",19805,"AA","2052",11057,"CLT","Charlotte, NC","NC",14321,"PWM","Portland, ME","ME","1800","1910",70.00,70.00,10.00,3.00,"2015","2104",49.00,49.00,0.00,"",0.00,135.00,114.00,101.00,1.00,813.00,49.00,0.00,0.00,0.00,0.00,
2016,7,3,7,2016-07-03,"AA",19805,"AA","2053",11057,"CLT","Charlotte, NC","NC",15304,"TPA","Tampa, FL","FL","1120","1115",-5.00,0.00,15.00,4.00,"1255","1247",-8.00,0.00,0.00,"",0.00,95.00,92.00,73.00,1.00,507.00,,,,,,
2016,7,3,7,2016-07-03,"AA",19805,"AA","2053",14100,"PHL","Philadelphia, PA","PA",11057,"CLT","Charlotte, NC","NC","0815","0811",-4.00,0.00,15.00,12.00,"1005","0947",-18.00,0.00,0.00,"",0.00,110.00,96.00,69.00,1.00,449.00,,,,,,
2016,7,3,7,2016-07-03,"AA",19805,"AA","2054",11057,"CLT","Charlotte, NC","NC",14100,"PHL","Philadelphia, PA","PA","1300","1300",0.00,0.00,20.00,2.00,"1441","1438",-3.00,0.00,0.00,"",0.00,101.00,98.00,76.00,1.00,449.00,,,,,,
2016,7,3,7,2016-07-03,"AA",19805,"AA","2054",14100,"PHL","Philadelphia, PA","PA",11057,"CLT","Charlotte, NC","NC","1015","1012",-3.00,0.00,16.00,4.00,"1211","1147",-24.00,0.00,0.00,"",0.00,116.00,95.00,75.00,1.00,449.00,,,,,,
2016,7,3,7,2016-07-03,"AA",19805,"AA","2055",11057,"CLT","Charlotte, NC","NC",13930,"ORD","Chicago, IL","IL","1439","1437",-2.00,0.00,10.00,45.00,"1549","1558",9.00,9.00,0.00,"",0.00,130.00,141.00,86.00,1.00,599.00,,,,,,
2016,7,3,7,2016-07-03,"AA",19805,"AA","2055",14107,"PHX","Phoenix, AZ","AZ",11057,"CLT","Charlotte, NC","NC","0630","0628",-2.00,0.00,12.00,10.00,"1336","1323",-13.00,0.00,0.00,"",0.00,246.00,235.00,213.00,1.00,1773.00,,,,,,
2016,7,3,7,2016-07-03,"AA",19805,"AA","2056",11057,"CLT","Charlotte, NC","NC",14492,"RDU","Raleigh/Durham, NC","NC","1610","1610",0.00,0.00,13.00,7.00,"1706","1656",-10.00,0.00,0.00,"",0.00,56.00,46.00,26.00,1.00,130.00,,,,,,
2016,7,3,7,2016-07-03,"AA",19805,"AA","2056",13487,"MSP","Minneapolis, MN","MN",11057,"CLT","Charlotte, NC","NC","1142","1133",-9.00,0.00,15.00,9.00,"1513","1505",-8.00,0.00,0.00,"",0.00,151.00,152.00,128.00,1.00,930.00,,,,,,
2016,7,3,7,2016-07-03,"AA",19805,"AA","2057",11057,"CLT","Charlotte, NC","NC",12892,"LAX","Los Angeles, CA","CA","0940","0937",-3.00,0.00,40.00,11.00,"1154","1203",9.00,9.00,0.00,"",0.00,314.00,326.00,275.00,1.00,2125.00,,,,,,
2016,7,3,7,2016-07-03,"AA",19805,"AA","2059",11057,"CLT","Charlotte, NC","NC",13303,"MIA","Miami, FL","FL","1420","1420",0.00,0.00,19.00,6.00,"1619","1621",2.00,2.00,0.00,"",0.00,119.00,121.00,96.00,1.00,650.00,,,,,,
2016,7,3,7,2016-07-03,"AA",19805,"AA","2059",11292,"DEN","Denver, CO","CO",11057,"CLT","Charlotte, NC","NC","0805","0755",-10.00,0.00,15.00,6.00,"1317","1257",-20.00,0.00,0.00,"",0.00,192.00,182.00,161.00,1.00,1337.00,,,,,,
2016,7,3,7,2016-07-03,"AA",19805,"AA","2059",13303,"MIA","Miami, FL","FL",12889,"LAS","Las Vegas, NV","NV","1725","1833",68.00,68.00,19.00,6.00,"1933","2022",49.00,49.00,0.00,"",0.00,308.00,289.00,264.00,1.00,2174.00,49.00,0.00,0.00,0.00,0.00,
2016,7,3,7,2016-07-03,"AA",19805,"AA","2061",10397,"ATL","Atlanta, GA","GA",11057,"CLT","Charlotte, NC","NC","1715","1712",-3.00,0.00,22.00,8.00,"1845","1826",-19.00,0.00,0.00,"",0.00,90.00,74.00,44.00,1.00,226.00,,,,,,
2016,7,3,7,2016-07-03,"AA",19805,"AA","2061",11057,"CLT","Charlotte, NC","NC",14027,"PBI","West Palm Beach/Palm Beach, FL","FL","1945","1944",-1.00,0.00,14.00,4.00,"2129","2124",-5.00,0.00,0.00,"",0.00,104.00,100.00,82.00,1.00,590.00,,,,,,
2016,7,3,7,2016-07-03,"AA",19805,"AA","2062",10397,"ATL","Atlanta, GA","GA",11057,"CLT","Charlotte, NC","NC","0550","0544",-6.00,0.00,13.00,7.00,"0657","0646",-11.00,0.00,0.00,"",0.00,67.00,62.00,42.00,1.00,226.00,,,,,,
2016,7,3,7,2016-07-03,"AA",19805,"AA","2062",11057,"CLT","Charlotte, NC","NC",12953,"LGA","New York, NY","NY","0759","0753",-6.00,0.00,26.00,6.00,"0954","0943",-11.00,0.00,0.00,"",0.00,115.00,110.00,78.00,1.00,544.00,,,,,,
2016,7,3,7,2016-07-03,"AA",19805,"AA","2063",11057,"CLT","Charlotte, NC","NC",10821,"BWI","Baltimore, MD","MD","1450","1525",35.00,35.00,12.00,6.00,"1619","1637",18.00,18.00,0.00,"",0.00,89.00,72.00,54.00,1.00,361.00,18.00,0.00,0.00,0.00,0.00,
2016,7,3,7,2016-07-03,"AA",19805,"AA","2064",11057,"CLT","Charlotte, NC","NC",12953,"LGA","New York, NY","NY","1140","1136",-4.00,0.00,26.00,9.00,"1336","1329",-7.00,0.00,0.00,"",0.00,116.00,113.00,78.00,1.00,544.00,,,,,,
2016,7,3,7,2016-07-03,"AA",19805,"AA","2064",11298,"DFW","Dallas/Fort Worth, TX","TX",11057,"CLT","Charlotte, NC","NC","0705","0719",14.00,14.00,9.00,8.00,"1039","1037",-2.00,0.00,0.00,"",0.00,154.00,138.00,121.00,1.00,936.00,,,,,,
2016,7,3,7,2016-07-03,"AA",19805,"AA","2064",14771,"SFO","San Francisco, CA","CA",11298,"DFW","Dallas/Fort Worth, TX","TX","0045","0041",-4.00,0.00,10.00,6.00,"0600","0546",-14.00,0.00,0.00,"",0.00,195.00,185.00,169.00,1.00,1464.00,,,,,,
2016,7,3,7,2016-07-03,"AA",19805,"AA","2065",11057,"CLT","Charlotte, NC","NC",12266,"IAH","Houston, TX","TX","1120","1115",-5.00,0.00,13.00,4.00,"1247","1232",-15.00,0.00,0.00,"",0.00,147.00,137.00,120.00,1.00,912.00,,,,,,
2016,7,3,7,2016-07-03,"AA",19805,"AA","2065",12451,"JAX","Jacksonville, FL","FL",11057,"CLT","Charlotte, NC","NC","0745","0740",-5.00,0.00,15.00,5.00,"0907","0852",-15.00,0.00,0.00,"",0.00,82.00,72.00,52.00,1.00,328.00,,,,,,
2016,7,3,7,2016-07-03,"AA",19805,"AA","2066",11057,"CLT","Charlotte, NC","NC",12953,"LGA","New York, NY","NY","1309","1308",-1.00,0.00,24.00,8.00,"1500","1458",-2.00,0.00,0.00,"",0.00,111.00,110.00,78.00,1.00,544.00,,,,,,
2016,7,3,7,2016-07-03,"AA",19805,"AA","2066",13204,"MCO","Orlando, FL","FL",11057,"CLT","Charlotte, NC","NC","1020","1013",-7.00,0.00,12.00,12.00,"1202","1149",-13.00,0.00,0.00,"",0.00,102.00,96.00,72.00,1.00,468.00,,,,,,
2016,7,3,7,2016-07-03,"AA",19805,"AA","2067",11057,"CLT","Charlotte, NC","NC",11433,"DTW","Detroit, MI","MI","1800","1754",-6.00,0.00,21.00,11.00,"1951","1943",-8.00,0.00,0.00,"",0.00,111.00,109.00,77.00,1.00,500.00,,,,,,
2016,7,3,7,2016-07-03,"AA",19805,"AA","2067",13198,"MCI","Kansas City, MO","MO",11057,"CLT","Charlotte, NC","NC","1355","1351",-4.00,0.00,12.00,13.00,"1714","1700",-14.00,0.00,0.00,"",0.00,139.00,129.00,104.00,1.00,808.00,,,,,,
2016,7,3,7,2016-07-03,"AA",19805,"AA","2068",11057,"CLT","Charlotte, NC","NC",12953,"LGA","New York, NY","NY","1426","1438",12.00,12.00,33.00,8.00,"1614","1638",24.00,24.00,0.00,"",0.00,108.00,120.00,79.00,1.00,544.00,0.00,0.00,12.00,0.00,12.00,
2016,7,3,7,2016-07-03,"AA",19805,"AA","2068",13930,"ORD","Chicago, IL","IL",11057,"CLT","Charlotte, NC","NC","1025","1015",-10.00,0.00,22.00,8.00,"1321","1308",-13.00,0.00,0.00,"",0.00,116.00,113.00,83.00,1.00,599.00,,,,,,
2016,7,3,7,2016-07-03,"AA",19805,"AA","2069",11057,"CLT","Charlotte, NC","NC",12266,"IAH","Houston, TX","TX","1455","1502",7.00,7.00,18.00,6.00,"1627","1625",-2.00,0.00,0.00,"",0.00,152.00,143.00,119.00,1.00,912.00,,,,,,
2016,7,3,7,2016-07-03,"AA",19805,"AA","2069",14027,"PBI","West Palm Beach/Palm Beach, FL","FL",11057,"CLT","Charlotte, NC","NC","1155","1151",-4.00,0.00,12.00,8.00,"1351","1339",-12.00,0.00,0.00,"",0.00,116.00,108.00,88.00,1.00,590.00,,,,,,
2016,7,3,7,2016-07-03,"AA",19805,"AA","2070",11057,"CLT","Charlotte, NC","NC",11042,"CLE","Cleveland, OH","OH","2225","2223",-2.00,0.00,13.00,6.00,"2356","2342",-14.00,0.00,0.00,"",0.00,91.00,79.00,60.00,1.00,430.00,,,,,,
2016,7,3,7,2016-07-03,"AA",19805,"AA","2070",13931,"ORF","Norfolk, VA","VA",11057,"CLT","Charlotte, NC","NC","1955","1943",-12.00,0.00,17.00,17.00,"2120","2113",-7.00,0.00,0.00,"",0.00,85.00,90.00,56.00,1.00,290.00,,,,,,
2016,7,3,7,2016-07-03,"AA",19805,"AA","2072",14100,"PHL","Philadelphia, PA","PA",14843,"SJU","San Juan, PR","PR","1340","1339",-1.00,0.00,18.00,5.00,"1733","1725",-8.00,0.00,0.00,"",0.00,233.00,226.00,203.00,1.00,1576.00,,,,,,
2016,7,3,7,2016-07-03,"AA",19805,"AA","2073",14100,"PHL","Philadelphia, PA","PA",12953,"LGA","New York, NY","NY","1125","1125",0.00,0.00,15.00,16.00,"1223","1226",3.00,3.00,0.00,"",0.00,58.00,61.00,30.00,1.00,96.00,,,,,,
2016,7,3,7,2016-07-03,"AA",19805,"AA","2074",14100,"PHL","Philadelphia, PA","PA",12953,"LGA","New York, NY","NY","2029","2025",-4.00,0.00,12.00,5.00,"2125","2112",-13.00,0.00,0.00,"",0.00,56.00,47.00,30.00,1.00,96.00,,,,,,
2016,7,3,7,2016-07-03,"AA",19805,"AA","2075",14747,"SEA","Seattle, WA","WA",11057,"CLT","Charlotte, NC","NC","1100","1106",6.00,6.00,18.00,7.00,"1909","1906",-3.00,0.00,0.00,"",0.00,309.00,300.00,275.00,1.00,2279.00,,,,,,
2016,7,3,7,2016-07-03,"AA",19805,"AA","2076",12892,"LAX","Los Angeles, CA","CA",12339,"IND","Indianapolis, IN","IN","2245","2246",1.00,1.00,22.00,32.00,"0555","0605",10.00,10.00,0.00,"",0.00,250.00,259.00,205.00,1.00,1814.00,,,,,,
2016,7,3,7,2016-07-03,"AA",19805,"AA","2077",11057,"CLT","Charlotte, NC","NC",14524,"RIC","Richmond, VA","VA","1245","1257",12.00,12.00,19.00,4.00,"1348","1403",15.00,15.00,0.00,"",0.00,63.00,66.00,43.00,1.00,257.00,12.00,0.00,3.00,0.00,0.00,
2016,7,3,7,2016-07-03,"AA",19805,"AA","2077",11278,"DCA","Washington, DC","VA",11057,"CLT","Charlotte, NC","NC","1021","1055",34.00,34.00,18.00,7.00,"1150","1217",27.00,27.00,0.00,"",0.00,89.00,82.00,57.00,1.00,331.00,0.00,0.00,0.00,0.00,27.00,
2016,7,3,7,2016-07-03,"AA",19805,"AA","2077",15304,"TPA","Tampa, FL","FL",11278,"DCA","Washington, DC","VA","0710","",,,,,"0926","",,,1.00,"A",0.00,136.00,,,1.00,814.00,,,,,,
2016,7,3,7,2016-07-03,"AA",19805,"AA","2079",14100,"PHL","Philadelphia, PA","PA",10397,"ATL","Atlanta, GA","GA","1135","1128",-7.00,0.00,10.00,10.00,"1349","1329",-20.00,0.00,0.00,"",0.00,134.00,121.00,101.00,1.00,666.00,,,,,,
2016,7,3,7,2016-07-03,"AA",19805,"AA","2080",14100,"PHL","Philadelphia, PA","PA",14635,"RSW","Fort Myers, FL","FL","1335","1335",0.00,0.00,16.00,3.00,"1619","1603",-16.00,0.00,0.00,"",0.00,164.00,148.00,129.00,1.00,993.00,,,,,,
2016,7,3,7,2016-07-03,"AA",19805,"AA","2080",14635,"RSW","Fort Myers, FL","FL",14100,"PHL","Philadelphia, PA","PA","1700","1651",-9.00,0.00,13.00,3.00,"1940","1933",-7.00,0.00,0.00,"",0.00,160.00,162.00,146.00,1.00,993.00,,,,,,
2016,7,3,7,2016-07-03,"AA",19805,"AA","2081",14100,"PHL","Philadelphia, PA","PA",15304,"TPA","Tampa, FL","FL","1555","1545",-10.00,0.00,10.00,2.00,"1833","1802",-31.00,0.00,0.00,"",0.00,158.00,137.00,125.00,1.00,920.00,,,,,,
2016,7,3,7,2016-07-03,"AA",19805,"AA","2081",15304,"TPA","Tampa, FL","FL",14100,"PHL","Philadelphia, PA","PA","1915","1904",-11.00,0.00,9.00,3.00,"2145","2121",-24.00,0.00,0.00,"",0.00,150.00,137.00,125.00,1.00,920.00,,,,,,
2016,7,3,7,2016-07-03,"AA",19805,"AA","2082",12889,"LAS","Las Vegas, NV","NV",11298,"DFW","Dallas/Fort Worth, TX","TX","0700","0657",-3.00,0.00,11.00,11.00,"1142","1126",-16.00,0.00,0.00,"",0.00,162.00,149.00,127.00,1.00,1055.00,,,,,,
2016,7,3,7,2016-07-03,"AA",19805,"AA","2083",12339,"IND","Indianapolis, IN","IN",12892,"LAX","Los Angeles, CA","CA","0725","0717",-8.00,0.00,21.00,17.00,"0856","0906",10.00,10.00,0.00,"",0.00,271.00,289.00,251.00,1.00,1814.00,,,,,,
2016,7,3,7,2016-07-03,"AA",19805,"AA","2086",11057,"CLT","Charlotte, NC","NC",13487,"MSP","Minneapolis, MN","MN","1800","1756",-4.00,0.00,32.00,7.00,"1944","2004",20.00,20.00,0.00,"",0.00,164.00,188.00,149.00,1.00,930.00,0.00,0.00,20.00,0.00,0.00,
2016,7,3,7,2016-07-03,"AA",19805,"AA","2086",12953,"LGA","New York, NY","NY",11057,"CLT","Charlotte, NC","NC","1445","1443",-2.00,0.00,14.00,5.00,"1654","1627",-27.00,0.00,0.00,"",0.00,129.00,104.00,85.00,1.00,544.00,,,,,,
2016,7,3,7,2016-07-03,"AA",19805,"AA","2087",14100,"PHL","Philadelphia, PA","PA",15304,"TPA","Tampa, FL","FL","0805","0758",-7.00,0.00,15.00,3.00,"1046","1020",-26.00,0.00,0.00,"",0.00,161.00,142.00,124.00,1.00,920.00,,,,,,
2016,7,3,7,2016-07-03,"AA",19805,"AA","2087",15304,"TPA","Tampa, FL","FL",11057,"CLT","Charlotte, NC","NC","1150","1150",0.00,0.00,14.00,7.00,"1334","1328",-6.00,0.00,0.00,"",0.00,104.00,98.00,77.00,1.00,507.00,,,,,,
2016,7,3,7,2016-07-03,"AA",19805,"AA","2088",14100,"PHL","Philadelphia, PA","PA",12953,"LGA","New York, NY","NY","2250","2247",-3.00,0.00,11.00,5.00,"2340","2330",-10.00,0.00,0.00,"",0.00,50.00,43.00,27.00,1.00,96.00,,,,,,
2016,7,3,7,2016-07-03,"AA",19805,"AA","2090",12892,"LAX","Los Angeles, CA","CA",10693,"BNA","Nashville, TN","TN","0940","0933",-7.00,0.00,20.00,4.00,"1551","1525",-26.00,0.00,0.00,"",0.00,251.00,232.00,208.00,1.00,1797.00,,,,,,
2016,7,3,7,2016-07-03,"AA",19805,"AA","2091",11057,"CLT","Charlotte, NC","NC",11298,"DFW","Dallas/Fort Worth, TX","TX","0730","0728",-2.00,0.00,13.00,7.00,"0914","0855",-19.00,0.00,0.00,"",0.00,164.00,147.00,127.00,1.00,936.00,,,,,,
2016,7,3,7,2016-07-03,"AA",19805,"AA","2091",11298,"DFW","Dallas/Fort Worth, TX","TX",11057,"CLT","Charlotte, NC","NC","1025","1020",-5.00,0.00,17.00,7.00,"1401","1351",-10.00,0.00,0.00,"",0.00,156.00,151.00,127.00,1.00,936.00,,,,,,
2016,7,3,7,2016-07-03,"AA",19805,"AA","2093",10423,"AUS","Austin, TX","TX",14100,"PHL","Philadelphia, PA","PA","1255","1248",-7.00,0.00,11.00,3.00,"1723","1717",-6.00,0.00,0.00,"",0.00,208.00,209.00,195.00,1.00,1430.00,,,,,,
2016,7,3,7,2016-07-03,"AA",19805,"AA","2093",14100,"PHL","Philadelphia, PA","PA",10423,"AUS","Austin, TX","TX","0929","0921",-8.00,0.00,15.00,6.00,"1204","1151",-13.00,0.00,0.00,"",0.00,215.00,210.00,189.00,1.00,1430.00,,,,,,
2016,7,3,7,2016-07-03,"AA",19805,"AA","2094",14100,"PHL","Philadelphia, PA","PA",10423,"AUS","Austin, TX","TX","1815","1812",-3.00,0.00,17.00,9.00,"2108","2046",-22.00,0.00,0.00,"",0.00,233.00,214.00,188.00,1.00,1430.00,,,,,,
2016,7,3,7,2016-07-03,"AA",19805,"AA","2095",10423,"AUS","Austin, TX","TX",14100,"PHL","Philadelphia, PA","PA","0550","0708",78.00,78.00,11.00,4.00,"1019","1120",61.00,61.00,0.00,"",0.00,209.00,192.00,177.00,1.00,1430.00,61.00,0.00,0.00,0.00,0.00,
2016,7,3,7,2016-07-03,"AA",19805,"AA","2098",11298,"DFW","Dallas/Fort Worth, TX","TX",12889,"LAS","Las Vegas, NV","NV","1450","1449",-1.00,0.00,20.00,5.00,"1540","1535",-5.00,0.00,0.00,"",0.00,170.00,166.00,141.00,1.00,1055.00,,,,,,
2016,7,3,7,2016-07-03,"AA",19805,"AA","2098",12889,"LAS","Las Vegas, NV","NV",11298,"DFW","Dallas/Fort Worth, TX","TX","1635","1630",-5.00,0.00,12.00,12.00,"2116","2109",-7.00,0.00,0.00,"",0.00,161.00,159.00,135.00,1.00,1055.00,,,,,,
2016,7,3,7,2016-07-03,"AA",19805,"AA","2116",11278,"DCA","Washington, DC","VA",10721,"BOS","Boston, MA","MA","1730","1726",-4.00,0.00,11.00,4.00,"1905","1844",-21.00,0.00,0.00,"",0.00,95.00,78.00,63.00,1.00,399.00,,,,,,
2016,7,3,7,2016-07-03,"AA",19805,"AA","2117",11278,"DCA","Washington, DC","VA",12953,"LGA","New York, NY","NY","2200","2159",-1.00,0.00,14.00,5.00,"2308","2257",-11.00,0.00,0.00,"",0.00,68.00,58.00,39.00,1.00,214.00,,,,,,
2016,7,3,7,2016-07-03,"AA",19805,"AA","2118",12953,"LGA","New York, NY","NY",10721,"BOS","Boston, MA","MA","1600","1553",-7.00,0.00,15.00,8.00,"1717","1656",-21.00,0.00,0.00,"",0.00,77.00,63.00,40.00,1.00,184.00,,,,,,
2016,7,3,7,2016-07-03,"AA",19805,"AA","2119",10721,"BOS","Boston, MA","MA",11278,"DCA","Washington, DC","VA","1600","1554",-6.00,0.00,17.00,8.00,"1733","1726",-7.00,0.00,0.00,"",0.00,93.00,92.00,67.00,1.00,399.00,,,,,,
2016,7,3,7,2016-07-03,"AA",19805,"AA","2119",11278,"DCA","Washington, DC","VA",10721,"BOS","Boston, MA","MA","1330","1327",-3.00,0.00,10.00,4.00,"1454","1439",-15.00,0.00,0.00,"",0.00,84.00,72.00,58.00,1.00,399.00,,,,,,
2016,7,3,7,2016-07-03,"AA",19805,"AA","2120",11278,"DCA","Washington, DC","VA",10721,"BOS","Boston, MA","MA","1630","1625",-5.00,0.00,14.00,5.00,"1759","1746",-13.00,0.00,0.00,"",0.00,89.00,81.00,62.00,1.00,399.00,,,,,,
2016,7,3,7,2016-07-03,"AA",19805,"AA","2121",10721,"BOS","Boston, MA","MA",12953,"LGA","New York, NY","NY","1100","1100",0.00,0.00,8.00,5.00,"1212","1149",-23.00,0.00,0.00,"",0.00,72.00,49.00,36.00,1.00,184.00,,,,,,
2016,7,3,7,2016-07-03,"AA",19805,"AA","2124",10721,"BOS","Boston, MA","MA",11278,"DCA","Washington, DC","VA","1800","1745",-15.00,0.00,25.00,4.00,"1944","1925",-19.00,0.00,0.00,"",0.00,104.00,100.00,71.00,1.00,399.00,,,,,,
2016,7,3,7,2016-07-03,"AA",19805,"AA","2124",11278,"DCA","Washington, DC","VA",10721,"BOS","Boston, MA","MA","1530","1524",-6.00,0.00,9.00,6.00,"1700","1642",-18.00,0.00,0.00,"",0.00,90.00,78.00,63.00,1.00,399.00,,,,,,
2016,7,3,7,2016-07-03,"AA",19805,"AA","2129",10721,"BOS","Boston, MA","MA",11278,"DCA","Washington, DC","VA","1300","1253",-7.00,0.00,18.00,4.00,"1438","1422",-16.00,0.00,0.00,"",0.00,98.00,89.00,67.00,1.00,399.00,,,,,,
2016,7,3,7,2016-07-03,"AA",19805,"AA","2130",10721,"BOS","Boston, MA","MA",11278,"DCA","Washington, DC","VA","1000","0957",-3.00,0.00,14.00,6.00,"1127","1128",1.00,1.00,0.00,"",0.00,87.00,91.00,71.00,1.00,399.00,,,,,,
2016,7,3,7,2016-07-03,"AA",19805,"AA","2134",11278,"DCA","Washington, DC","VA",10721,"BOS","Boston, MA","MA","1830","1821",-9.00,0.00,11.00,6.00,"2003","1938",-25.00,0.00,0.00,"",0.00,93.00,77.00,60.00,1.00,399.00,,,,,,
2016,7,3,7,2016-07-03,"AA",19805,"AA","2135",11278,"DCA","Washington, DC","VA",12953,"LGA","New York, NY","NY","1200","1158",-2.00,0.00,20.00,6.00,"1316","1304",-12.00,0.00,0.00,"",0.00,76.00,66.00,40.00,1.00,214.00,,,,,,
2016,7,3,7,2016-07-03,"AA",19805,"AA","2135",12953,"LGA","New York, NY","NY",11278,"DCA","Washington, DC","VA","1400","1357",-3.00,0.00,12.00,10.00,"1521","1505",-16.00,0.00,0.00,"",0.00,81.00,68.00,46.00,1.00,214.00,,,,,,
2016,7,3,7,2016-07-03,"AA",19805,"AA","2139",10721,"BOS","Boston, MA","MA",11278,"DCA","Washington, DC","VA","1200","1224",24.00,24.00,16.00,4.00,"1329","1349",20.00,20.00,0.00,"",0.00,89.00,85.00,65.00,1.00,399.00,20.00,0.00,0.00,0.00,0.00,
2016,7,3,7,2016-07-03,"AA",19805,"AA","2142",10721,"BOS","Boston, MA","MA",11278,"DCA","Washington, DC","VA","1500","1453",-7.00,0.00,31.00,3.00,"1638","1637",-1.00,0.00,0.00,"",0.00,98.00,104.00,70.00,1.00,399.00,,,,,,
2016,7,3,7,2016-07-03,"AA",19805,"AA","2142",11278,"DCA","Washington, DC","VA",10721,"BOS","Boston, MA","MA","1230","1223",-7.00,0.00,10.00,4.00,"1354","1338",-16.00,0.00,0.00,"",0.00,84.00,75.00,61.00,1.00,399.00,,,,,,
2016,7,3,7,2016-07-03,"AA",19805,"AA","2143",11278,"DCA","Washington, DC","VA",12953,"LGA","New York, NY","NY","1300","1255",-5.00,0.00,15.00,12.00,"1422","1404",-18.00,0.00,0.00,"",0.00,82.00,69.00,42.00,1.00,214.00,,,,,,
2016,7,3,7,2016-07-03,"AA",19805,"AA","2143",12953,"LGA","New York, NY","NY",11278,"DCA","Washington, DC","VA","1500","1457",-3.00,0.00,22.00,6.00,"1625","1609",-16.00,0.00,0.00,"",0.00,85.00,72.00,44.00,1.00,214.00,,,,,,
2016,7,3,7,2016-07-03,"AA",19805,"AA","2145",11278,"DCA","Washington, DC","VA",12953,"LGA","New York, NY","NY","1600","1554",-6.00,0.00,15.00,13.00,"1727","1703",-24.00,0.00,0.00,"",0.00,87.00,69.00,41.00,1.00,214.00,,,,,,
2016,7,3,7,2016-07-03,"AA",19805,"AA","2145",12953,"LGA","New York, NY","NY",11278,"DCA","Washington, DC","VA","1800","1759",-1.00,0.00,18.00,4.00,"1927","1903",-24.00,0.00,0.00,"",0.00,87.00,64.00,42.00,1.00,214.00,,,,,,
2016,7,3,7,2016-07-03,"AA",19805,"AA","2146",10721,"BOS","Boston, MA","MA",12953,"LGA","New York, NY","NY","1600","1550",-10.00,0.00,16.00,5.00,"1720","1652",-28.00,0.00,0.00,"",0.00,80.00,62.00,41.00,1.00,184.00,,,,,,
2016,7,3,7,2016-07-03,"AA",19805,"AA","2146",12953,"LGA","New York, NY","NY",10721,"BOS","Boston, MA","MA","1400","1353",-7.00,0.00,23.00,4.00,"1511","1459",-12.00,0.00,0.00,"",0.00,71.00,66.00,39.00,1.00,184.00,,,,,,
2016,7,3,7,2016-07-03,"AA",19805,"AA","2149",10721,"BOS","Boston, MA","MA",11278,"DCA","Washington, DC","VA","1700","1652",-8.00,0.00,19.00,6.00,"1839","1827",-12.00,0.00,0.00,"",0.00,99.00,95.00,70.00,1.00,399.00,,,,,,
2016,7,3,7,2016-07-03,"AA",19805,"AA","2153",11278,"DCA","Washington, DC","VA",12953,"LGA","New York, NY","NY","1700","1656",-4.00,0.00,20.00,6.00,"1825","1803",-22.00,0.00,0.00,"",0.00,85.00,67.00,41.00,1.00,214.00,,,,,,
2016,7,3,7,2016-07-03,"AA",19805,"AA","2153",12953,"LGA","New York, NY","NY",11278,"DCA","Washington, DC","VA","1900","1858",-2.00,0.00,25.00,4.00,"2023","2007",-16.00,0.00,0.00,"",0.00,83.00,69.00,40.00,1.00,214.00,,,,,,
2016,7,3,7,2016-07-03,"AA",19805,"AA","2156",12953,"LGA","New York, NY","NY",10721,"BOS","Boston, MA","MA","1800","1759",-1.00,0.00,22.00,9.00,"1915","1908",-7.00,0.00,0.00,"",0.00,75.00,69.00,38.00,1.00,184.00,,,,,,
2016,7,3,7,2016-07-03,"AA",19805,"AA","2157",12953,"LGA","New York, NY","NY",11278,"DCA","Washington, DC","VA","1600","1554",-6.00,0.00,15.00,13.00,"1730","1707",-23.00,0.00,0.00,"",0.00,90.00,73.00,45.00,1.00,214.00,,,,,,
2016,7,3,7,2016-07-03,"AA",19805,"AA","2158",10721,"BOS","Boston, MA","MA",12953,"LGA","New York, NY","NY","1000","0958",-2.00,0.00,11.00,6.00,"1117","1058",-19.00,0.00,0.00,"",0.00,77.00,60.00,43.00,1.00,184.00,,,,,,
2016,7,3,7,2016-07-03,"AA",19805,"AA","2160",10721,"BOS","Boston, MA","MA",11278,"DCA","Washington, DC","VA","0900","0853",-7.00,0.00,15.00,4.00,"1028","1020",-8.00,0.00,0.00,"",0.00,88.00,87.00,68.00,1.00,399.00,,,,,,
2016,7,3,7,2016-07-03,"AA",19805,"AA","2164",11278,"DCA","Washington, DC","VA",12953,"LGA","New York, NY","NY","1500","1453",-7.00,0.00,15.00,7.00,"1626","1555",-31.00,0.00,0.00,"",0.00,86.00,62.00,40.00,1.00,214.00,,,,,,
2016,7,3,7,2016-07-03,"AA",19805,"AA","2164",12953,"LGA","New York, NY","NY",11278,"DCA","Washington, DC","VA","1700","1657",-3.00,0.00,17.00,5.00,"1828","1801",-27.00,0.00,0.00,"",0.00,88.00,64.00,42.00,1.00,214.00,,,,,,
2016,7,3,7,2016-07-03,"AA",19805,"AA","2167",11278,"DCA","Washington, DC","VA",12953,"LGA","New York, NY","NY","1800","1754",-6.00,0.00,17.00,10.00,"1928","1901",-27.00,0.00,0.00,"",0.00,88.00,67.00,40.00,1.00,214.00,,,,,,
2016,7,3,7,2016-07-03,"AA",19805,"AA","2169",10721,"BOS","Boston, MA","MA",11278,"DCA","Washington, DC","VA","1100","1053",-7.00,0.00,18.00,6.00,"1227","1219",-8.00,0.00,0.00,"",0.00,87.00,86.00,62.00,1.00,399.00,,,,,,
2016,7,3,7,2016-07-03,"AA",19805,"AA","2169",11278,"DCA","Washington, DC","VA",10721,"BOS","Boston, MA","MA","0830","0825",-5.00,0.00,15.00,4.00,"0956","0949",-7.00,0.00,0.00,"",0.00,86.00,84.00,65.00,1.00,399.00,,,,,,
2016,7,4,1,2016-07-04,"AA",19805,"AA","400",11057,"CLT","Charlotte, NC","NC",14107,"PHX","Phoenix, AZ","AZ","1750","1745",-5.00,0.00,11.00,5.00,"1907","1846",-21.00,0.00,0.00,"",0.00,257.00,241.00,225.00,1.00,1773.00,,,,,,
2016,7,4,1,2016-07-04,"AA",19805,"AA","400",14107,"PHX","Phoenix, AZ","AZ",14771,"SFO","San Francisco, CA","CA","2025","2014",-11.00,0.00,23.00,32.00,"2226","2242",16.00,16.00,0.00,"",0.00,121.00,148.00,93.00,1.00,651.00,0.00,0.00,16.00,0.00,0.00,
2016,7,4,1,2016-07-04,"AA",19805,"AA","401",14100,"PHL","Philadelphia, PA","PA",11298,"DFW","Dallas/Fort Worth, TX","TX","2030","2052",22.00,22.00,29.00,7.00,"2257","2323",26.00,26.00,0.00,"",0.00,207.00,211.00,175.00,1.00,1303.00,22.00,0.00,4.00,0.00,0.00,
2016,7,4,1,2016-07-04,"AA",19805,"AA","402",12889,"LAS","Las Vegas, NV","NV",11298,"DFW","Dallas/Fort Worth, TX","TX","0115","0109",-6.00,0.00,11.00,9.00,"0558","0957",,,0.00,"",1.00,163.00,,,1.00,1055.00,,,,,,
2016,7,4,1,2016-07-04,"AA",19805,"AA","403",12339,"IND","Indianapolis, IN","IN",14107,"PHX","Phoenix, AZ","AZ","0815","0809",-6.00,0.00,19.00,6.00,"0858","0907",9.00,9.00,0.00,"",0.00,223.00,238.00,213.00,1.00,1488.00,,,,,,
2016,7,4,1,2016-07-04,"AA",19805,"AA","404",11278,"DCA","Washington, DC","VA",11298,"DFW","Dallas/Fort Worth, TX","TX","0659","0651",-8.00,0.00,14.00,15.00,"0908","0952",44.00,44.00,0.00,"",0.00,189.00,241.00,212.00,1.00,1192.00,0.00,0.00,44.00,0.00,0.00,
2016,7,4,1,2016-07-04,"AA",19805,"AA","404",11298,"DFW","Dallas/Fort Worth, TX","TX",14100,"PHL","Philadelphia, PA","PA","1030","1101",31.00,31.00,29.00,5.00,"1450","1516",26.00,26.00,0.00,"",0.00,200.00,195.00,161.00,1.00,1303.00,0.00,12.00,0.00,0.00,14.00,
2016,7,4,1,2016-07-04,"AA",19805,"AA","407",10721,"BOS","Boston, MA","MA",14107,"PHX","Phoenix, AZ","AZ","1015","1008",-7.00,0.00,21.00,9.00,"1243","1229",-14.00,0.00,0.00,"",0.00,328.00,321.00,291.00,1.00,2300.00,,,,,,
2016,7,4,1,2016-07-04,"AA",19805,"AA","407",14107,"PHX","Phoenix, AZ","AZ",14771,"SFO","San Francisco, CA","CA","1354","1444",50.00,50.00,14.00,4.00,"1553","1634",41.00,41.00,0.00,"",0.00,119.00,110.00,92.00,1.00,651.00,0.00,0.00,0.00,0.00,41.00,
2016,7,4,1,2016-07-04,"AA",19805,"AA","408",11057,"CLT","Charlotte, NC","NC",11618,"EWR","Newark, NJ","NJ","0955","0950",-5.00,0.00,22.00,4.00,"1154","1135",-19.00,0.00,0.00,"",0.00,119.00,105.00,79.00,1.00,529.00,,,,,,
2016,7,4,1,2016-07-04,"AA",19805,"AA","408",11618,"EWR","Newark, NJ","NJ",11057,"CLT","Charlotte, NC","NC","1310","1306",-4.00,0.00,10.00,8.00,"1459","1443",-16.00,0.00,0.00,"",0.00,109.00,97.00,79.00,1.00,529.00,,,,,,
2016,7,4,1,2016-07-04,"AA",19805,"AA","412",14107,"PHX","Phoenix, AZ","AZ",11433,"DTW","Detroit, MI","MI","1605","1627",22.00,22.00,15.00,5.00,"2252","2305",13.00,13.00,0.00,"",0.00,227.00,218.00,198.00,1.00,1671.00,,,,,,
2016,7,4,1,2016-07-04,"AA",19805,"AA","413",10397,"ATL","Atlanta, GA","GA",14107,"PHX","Phoenix, AZ","AZ","1155","1200",5.00,5.00,11.00,6.00,"1243","1241",-2.00,0.00,0.00,"",0.00,228.00,221.00,204.00,1.00,1587.00,,,,,,
2016,7,4,1,2016-07-04,"AA",19805,"AA","413",11057,"CLT","Charlotte, NC","NC",10397,"ATL","Atlanta, GA","GA","0940","0934",-6.00,0.00,60.00,6.00,"1101","1118",17.00,17.00,0.00,"",0.00,81.00,104.00,38.00,1.00,226.00,0.00,0.00,17.00,0.00,0.00,
2016,7,4,1,2016-07-04,"AA",19805,"AA","413",14027,"PBI","West Palm Beach/Palm Beach, FL","FL",11057,"CLT","Charlotte, NC","NC","0640","0637",-3.00,0.00,11.00,7.00,"0830","0817",-13.00,0.00,0.00,"",0.00,110.00,100.00,82.00,1.00,590.00,,,,,,
2016,7,4,1,2016-07-04,"AA",19805,"AA","413",14107,"PHX","Phoenix, AZ","AZ",14747,"SEA","Seattle, WA","WA","1358","1353",-5.00,0.00,19.00,8.00,"1654","1649",-5.00,0.00,0.00,"",0.00,176.00,176.00,149.00,1.00,1107.00,,,,,,
2016,7,4,1,2016-07-04,"AA",19805,"AA","414",12892,"LAX","Los Angeles, CA","CA",10693,"BNA","Nashville, TN","TN","2235","2308",33.00,33.00,32.00,6.00,"0441","0516",35.00,35.00,0.00,"",0.00,246.00,248.00,210.00,1.00,1797.00,33.00,0.00,2.00,0.00,0.00,
2016,7,4,1,2016-07-04,"AA",19805,"AA","415",14107,"PHX","Phoenix, AZ","AZ",13930,"ORD","Chicago, IL","IL","0045","0042",-3.00,0.00,14.00,9.00,"0611","0547",-24.00,0.00,0.00,"",0.00,206.00,185.00,162.00,1.00,1440.00,,,,,,
2016,7,4,1,2016-07-04,"AA",19805,"AA","416",11057,"CLT","Charlotte, NC","NC",11697,"FLL","Fort Lauderdale, FL","FL","2000","2001",1.00,1.00,13.00,3.00,"2154","2144",-10.00,0.00,0.00,"",0.00,114.00,103.00,87.00,1.00,632.00,,,,,,
2016,7,4,1,2016-07-04,"AA",19805,"AA","416",11278,"DCA","Washington, DC","VA",11057,"CLT","Charlotte, NC","NC","1720","1713",-7.00,0.00,21.00,17.00,"1852","1846",-6.00,0.00,0.00,"",0.00,92.00,93.00,55.00,1.00,331.00,,,,,,
2016,7,4,1,2016-07-04,"AA",19805,"AA","422",14107,"PHX","Phoenix, AZ","AZ",13871,"OMA","Omaha, NE","NE","1845","1912",27.00,27.00,14.00,4.00,"2317","2338",21.00,21.00,0.00,"",0.00,152.00,146.00,128.00,1.00,1037.00,21.00,0.00,0.00,0.00,0.00,
2016,7,4,1,2016-07-04,"AA",19805,"AA","423",14107,"PHX","Phoenix, AZ","AZ",11057,"CLT","Charlotte, NC","NC","0115","0108",-7.00,0.00,9.00,9.00,"0815","0804",-11.00,0.00,0.00,"",0.00,240.00,236.00,218.00,1.00,1773.00,,,,,,
2016,7,4,1,2016-07-04,"AA",19805,"AA","425",13487,"MSP","Minneapolis, MN","MN",14107,"PHX","Phoenix, AZ","AZ","1759","1752",-7.00,0.00,20.00,10.00,"1920","1905",-15.00,0.00,0.00,"",0.00,201.00,193.00,163.00,1.00,1276.00,,,,,,
2016,7,4,1,2016-07-04,"AA",19805,"AA","426",10693,"BNA","Nashville, TN","TN",12892,"LAX","Los Angeles, CA","CA","0630","0625",-5.00,0.00,14.00,6.00,"0855","0837",-18.00,0.00,0.00,"",0.00,265.00,252.00,232.00,1.00,1797.00,,,,,,
2016,7,4,1,2016-07-04,"AA",19805,"AA","428",11292,"DEN","Denver, CO","CO",11057,"CLT","Charlotte, NC","NC","1005","1031",26.00,26.00,16.00,9.00,"1524","1539",15.00,15.00,0.00,"",0.00,199.00,188.00,163.00,1.00,1337.00,15.00,0.00,0.00,0.00,0.00,
2016,7,4,1,2016-07-04,"AA",19805,"AA","429",12323,"ILM","Wilmington, NC","NC",11057,"CLT","Charlotte, NC","NC","1245","1238",-7.00,0.00,12.00,5.00,"1357","1342",-15.00,0.00,0.00,"",0.00,72.00,64.00,47.00,1.00,185.00,,,,,,
2016,7,4,1,2016-07-04,"AA",19805,"AA","430",11884,"GEG","Spokane, WA","WA",14107,"PHX","Phoenix, AZ","AZ","1510","1500",-10.00,0.00,13.00,5.00,"1747","1738",-9.00,0.00,0.00,"",0.00,157.00,158.00,140.00,1.00,1020.00,,,,,,
2016,7,4,1,2016-07-04,"AA",19805,"AA","430",14107,"PHX","Phoenix, AZ","AZ",11433,"DTW","Detroit, MI","MI","1847","1843",-4.00,0.00,8.00,5.00,"0137","0109",-28.00,0.00,0.00,"",0.00,230.00,206.00,193.00,1.00,1671.00,,,,,,
2016,7,4,1,2016-07-04,"AA",19805,"AA","431",11298,"DFW","Dallas/Fort Worth, TX","TX",12889,"LAS","Las Vegas, NV","NV","2040","2040",0.00,0.00,22.00,7.00,"2131","2126",-5.00,0.00,0.00,"",0.00,171.00,166.00,137.00,1.00,1055.00,,,,,,
2016,7,4,1,2016-07-04,"AA",19805,"AA","431",12889,"LAS","Las Vegas, NV","NV",11057,"CLT","Charlotte, NC","NC","2259","2301",2.00,2.00,12.00,9.00,"0608","0602",-6.00,0.00,0.00,"",0.00,249.00,241.00,220.00,1.00,1916.00,,,,,,
2016,7,4,1,2016-07-04,"AA",19805,"AA","432",14107,"PHX","Phoenix, AZ","AZ",13830,"OGG","Kahului, HI","HI","1040","1035",-5.00,0.00,13.00,5.00,"1410","1359",-11.00,0.00,0.00,"",0.00,390.00,384.00,366.00,1.00,2845.00,,,,,,
2016,7,4,1,2016-07-04,"AA",19805,"AA","433",11278,"DCA","Washington, DC","VA",14107,"PHX","Phoenix, AZ","AZ","0710","0704",-6.00,0.00,11.00,21.00,"0909","0859",-10.00,0.00,0.00,"",0.00,299.00,295.00,263.00,1.00,1979.00,,,,,,
2016,7,4,1,2016-07-04,"AA",19805,"AA","433",14107,"PHX","Phoenix, AZ","AZ",14771,"SFO","San Francisco, CA","CA","1017","1020",3.00,3.00,13.00,4.00,"1223","1209",-14.00,0.00,0.00,"",0.00,126.00,109.00,92.00,1.00,651.00,,,,,,
2016,7,4,1,2016-07-04,"AA",19805,"AA","434",14771,"SFO","San Francisco, CA","CA",14100,"PHL","Philadelphia, PA","PA","2150","2314",84.00,84.00,18.00,4.00,"0601","0722",81.00,81.00,0.00,"",0.00,311.00,308.00,286.00,1.00,2521.00,81.00,0.00,0.00,0.00,0.00,
2016,7,4,1,2016-07-04,"AA",19805,"AA","437",13930,"ORD","Chicago, IL","IL",14100,"PHL","Philadelphia, PA","PA","2155","2149",-6.00,0.00,13.00,5.00,"0058","0030",-28.00,0.00,0.00,"",0.00,123.00,101.00,83.00,1.00,678.00,,,,,,
2016,7,4,1,2016-07-04,"AA",19805,"AA","437",14107,"PHX","Phoenix, AZ","AZ",13930,"ORD","Chicago, IL","IL","1520","1517",-3.00,0.00,21.00,15.00,"2052","2051",-1.00,0.00,0.00,"",0.00,212.00,214.00,178.00,1.00,1440.00,,,,,,
2016,7,4,1,2016-07-04,"AA",19805,"AA","438",11298,"DFW","Dallas/Fort Worth, TX","TX",14747,"SEA","Seattle, WA","WA","2225","2223",-2.00,0.00,16.00,26.00,"0039","0056",17.00,17.00,0.00,"",0.00,254.00,273.00,231.00,1.00,1660.00,0.00,0.00,17.00,0.00,0.00,
2016,7,4,1,2016-07-04,"AA",19805,"AA","438",14107,"PHX","Phoenix, AZ","AZ",11298,"DFW","Dallas/Fort Worth, TX","TX","1645","1637",-8.00,0.00,13.00,13.00,"2108","2053",-15.00,0.00,0.00,"",0.00,143.00,136.00,110.00,1.00,868.00,,,,,,
2016,7,4,1,2016-07-04,"AA",19805,"AA","442",14747,"SEA","Seattle, WA","WA",14107,"PHX","Phoenix, AZ","AZ","1759","1746",-13.00,0.00,16.00,20.00,"2052","2035",-17.00,0.00,0.00,"",0.00,173.00,169.00,133.00,1.00,1107.00,,,,,,
2016,7,4,1,2016-07-04,"AA",19805,"AA","445",11057,"CLT","Charlotte, NC","NC",11292,"DEN","Denver, CO","CO","0930","0920",-10.00,0.00,11.00,9.00,"1104","1043",-21.00,0.00,0.00,"",0.00,214.00,203.00,183.00,1.00,1337.00,,,,,,
2016,7,4,1,2016-07-04,"AA",19805,"AA","447",11057,"CLT","Charlotte, NC","NC",14679,"SAN","San Diego, CA","CA","1625","1625",0.00,0.00,21.00,2.00,"1816","1815",-1.00,0.00,0.00,"",0.00,291.00,290.00,267.00,1.00,2077.00,,,,,,
2016,7,4,1,2016-07-04,"AA",19805,"AA","448",11298,"DFW","Dallas/Fort Worth, TX","TX",14107,"PHX","Phoenix, AZ","AZ","0850","1047",117.00,117.00,23.00,7.00,"0919","1115",116.00,116.00,0.00,"",0.00,149.00,148.00,118.00,1.00,868.00,0.00,26.00,0.00,0.00,90.00,
2016,7,4,1,2016-07-04,"AA",19805,"AA","449",14107,"PHX","Phoenix, AZ","AZ",10713,"BOI","Boise, ID","ID","2007","2023",16.00,16.00,13.00,4.00,"2309","2319",10.00,10.00,0.00,"",0.00,122.00,116.00,99.00,1.00,735.00,,,,,,
2016,7,4,1,2016-07-04,"AA",19805,"AA","449",14122,"PIT","Pittsburgh, PA","PA",14107,"PHX","Phoenix, AZ","AZ","1740","1822",42.00,42.00,20.00,6.00,"1903","1941",38.00,38.00,0.00,"",0.00,263.00,259.00,233.00,1.00,1814.00,38.00,0.00,0.00,0.00,0.00,
2016,7,4,1,2016-07-04,"AA",19805,"AA","450",12889,"LAS","Las Vegas, NV","NV",14107,"PHX","Phoenix, AZ","AZ","1145","1143",-2.00,0.00,12.00,5.00,"1254","1245",-9.00,0.00,0.00,"",0.00,69.00,62.00,45.00,1.00,255.00,,,,,,
2016,7,4,1,2016-07-04,"AA",19805,"AA","450",14107,"PHX","Phoenix, AZ","AZ",14869,"SLC","Salt Lake City, UT","UT","1345","1337",-8.00,0.00,13.00,4.00,"1620","1605",-15.00,0.00,0.00,"",0.00,95.00,88.00,71.00,1.00,507.00,,,,,,
2016,7,4,1,2016-07-04,"AA",19805,"AA","451",11057,"CLT","Charlotte, NC","NC",14869,"SLC","Salt Lake City, UT","UT","2010","2010",0.00,0.00,13.00,6.00,"2231","2211",-20.00,0.00,0.00,"",0.00,261.00,241.00,222.00,1.00,1727.00,,,,,,
2016,7,4,1,2016-07-04,"AA",19805,"AA","452",14869,"SLC","Salt Lake City, UT","UT",14107,"PHX","Phoenix, AZ","AZ","2020","2019",-1.00,0.00,11.00,6.00,"2058","2049",-9.00,0.00,0.00,"",0.00,98.00,90.00,73.00,1.00,507.00,,,,,,
2016,7,4,1,2016-07-04,"AA",19805,"AA","453",15016,"STL","St. Louis, MO","MO",14107,"PHX","Phoenix, AZ","AZ","1755","1746",-9.00,0.00,9.00,5.00,"1910","1848",-22.00,0.00,0.00,"",0.00,195.00,182.00,168.00,1.00,1262.00,,,,,,
2016,7,4,1,2016-07-04,"AA",19805,"AA","454",14107,"PHX","Phoenix, AZ","AZ",14869,"SLC","Salt Lake City, UT","UT","2018","2011",-7.00,0.00,18.00,7.00,"2255","2247",-8.00,0.00,0.00,"",0.00,97.00,96.00,71.00,1.00,507.00,,,,,,
2016,7,4,1,2016-07-04,"AA",19805,"AA","454",14771,"SFO","San Francisco, CA","CA",14107,"PHX","Phoenix, AZ","AZ","1700","1721",21.00,21.00,15.00,4.00,"1903","1914",11.00,11.00,0.00,"",0.00,123.00,113.00,94.00,1.00,651.00,,,,,,
2016,7,4,1,2016-07-04,"AA",19805,"AA","454",14869,"SLC","Salt Lake City, UT","UT",14100,"PHL","Philadelphia, PA","PA","2359","2352",-7.00,0.00,15.00,4.00,"0604","0550",-14.00,0.00,0.00,"",0.00,245.00,238.00,219.00,1.00,1927.00,,,,,,
2016,7,4,1,2016-07-04,"AA",19805,"AA","455",12953,"LGA","New York, NY","NY",10397,"ATL","Atlanta, GA","GA","2005","1958",-7.00,0.00,14.00,5.00,"2239","2206",-33.00,0.00,0.00,"",0.00,154.00,128.00,109.00,1.00,762.00,,,,,,
2016,7,4,1,2016-07-04,"AA",19805,"AA","456",14107,"PHX","Phoenix, AZ","AZ",14869,"SLC","Salt Lake City, UT","UT","1656","1651",-5.00,0.00,11.00,3.00,"1928","1916",-12.00,0.00,0.00,"",0.00,92.00,85.00,71.00,1.00,507.00,,,,,,
2016,7,4,1,2016-07-04,"AA",19805,"AA","456",15016,"STL","St. Louis, MO","MO",14107,"PHX","Phoenix, AZ","AZ","1440","1436",-4.00,0.00,12.00,8.00,"1550","1544",-6.00,0.00,0.00,"",0.00,190.00,188.00,168.00,1.00,1262.00,,,,,,
2016,7,4,1,2016-07-04,"AA",19805,"AA","457",13204,"MCO","Orlando, FL","FL",14107,"PHX","Phoenix, AZ","AZ","0735","0731",-4.00,0.00,14.00,7.00,"0907","0839",-28.00,0.00,0.00,"",0.00,272.00,248.00,227.00,1.00,1849.00,,,,,,
2016,7,4,1,2016-07-04,"AA",19805,"AA","458",14679,"SAN","San Diego, CA","CA",11057,"CLT","Charlotte, NC","NC","0730","0726",-4.00,0.00,16.00,19.00,"1515","1519",4.00,4.00,0.00,"",0.00,285.00,293.00,258.00,1.00,2077.00,,,,,,
2016,7,4,1,2016-07-04,"AA",19805,"AA","460",12339,"IND","Indianapolis, IN","IN",12892,"LAX","Los Angeles, CA","CA","1710","1708",-2.00,0.00,14.00,8.00,"1838","1822",-16.00,0.00,0.00,"",0.00,268.00,254.00,232.00,1.00,1814.00,,,,,,
2016,7,4,1,2016-07-04,"AA",19805,"AA","461",13204,"MCO","Orlando, FL","FL",11057,"CLT","Charlotte, NC","NC","0635","0630",-5.00,0.00,13.00,6.00,"0816","0757",-19.00,0.00,0.00,"",0.00,101.00,87.00,68.00,1.00,468.00,,,,,,
2016,7,4,1,2016-07-04,"AA",19805,"AA","462",11292,"DEN","Denver, CO","CO",14100,"PHL","Philadelphia, PA","PA","1120","1118",-2.00,0.00,14.00,15.00,"1701","1648",-13.00,0.00,0.00,"",0.00,221.00,210.00,181.00,1.00,1558.00,,,,,,
2016,7,4,1,2016-07-04,"AA",19805,"AA","463",11057,"CLT","Charlotte, NC","NC",14307,"PVD","Providence, RI","RI","1910","1906",-4.00,0.00,9.00,4.00,"2104","2048",-16.00,0.00,0.00,"",0.00,114.00,102.00,89.00,1.00,683.00,,,,,,
2016,7,4,1,2016-07-04,"AA",19805,"AA","463",11298,"DFW","Dallas/Fort Worth, TX","TX",11057,"CLT","Charlotte, NC","NC","1434","1433",-1.00,0.00,12.00,26.00,"1814","1814",0.00,0.00,0.00,"",0.00,160.00,161.00,123.00,1.00,936.00,,,,,,
2016,7,4,1,2016-07-04,"AA",19805,"AA","464",12889,"LAS","Las Vegas, NV","NV",14107,"PHX","Phoenix, AZ","AZ","1945","1940",-5.00,0.00,10.00,6.00,"2052","2043",-9.00,0.00,0.00,"",0.00,67.00,63.00,47.00,1.00,255.00,,,,,,
2016,7,4,1,2016-07-04,"AA",19805,"AA","464",14107,"PHX","Phoenix, AZ","AZ",11298,"DFW","Dallas/Fort Worth, TX","TX","2150","2144",-6.00,0.00,15.00,5.00,"0210","0156",-14.00,0.00,0.00,"",0.00,140.00,132.00,112.00,1.00,868.00,,,,,,
2016,7,4,1,2016-07-04,"AA",19805,"AA","465",14107,"PHX","Phoenix, AZ","AZ",13930,"ORD","Chicago, IL","IL","0730","0724",-6.00,0.00,15.00,12.00,"1307","1242",-25.00,0.00,0.00,"",0.00,217.00,198.00,171.00,1.00,1440.00,,,,,,
2016,7,4,1,2016-07-04,"AA",19805,"AA","467",12892,"LAX","Los Angeles, CA","CA",14492,"RDU","Raleigh/Durham, NC","NC","2105","2058",-7.00,0.00,24.00,5.00,"0505","0447",-18.00,0.00,0.00,"",0.00,300.00,289.00,260.00,1.00,2238.00,,,,,,
2016,7,4,1,2016-07-04,"AA",19805,"AA","470",11057,"CLT","Charlotte, NC","NC",14679,"SAN","San Diego, CA","CA","1815","1806",-9.00,0.00,21.00,7.00,"2005","2000",-5.00,0.00,0.00,"",0.00,290.00,294.00,266.00,1.00,2077.00,,,,,,
2016,7,4,1,2016-07-04,"AA",19805,"AA","471",13487,"MSP","Minneapolis, MN","MN",14100,"PHL","Philadelphia, PA","PA","1350","1340",-10.00,0.00,15.00,7.00,"1723","1707",-16.00,0.00,0.00,"",0.00,153.00,147.00,125.00,1.00,980.00,,,,,,
2016,7,4,1,2016-07-04,"AA",19805,"AA","472",11057,"CLT","Charlotte, NC","NC",14107,"PHX","Phoenix, AZ","AZ","2215","2212",-3.00,0.00,18.00,6.00,"2333","2319",-14.00,0.00,0.00,"",0.00,258.00,247.00,223.00,1.00,1773.00,,,,,,
2016,7,4,1,2016-07-04,"AA",19805,"AA","472",12953,"LGA","New York, NY","NY",11057,"CLT","Charlotte, NC","NC","1859","1859",0.00,0.00,19.00,8.00,"2104","2050",-14.00,0.00,0.00,"",0.00,125.00,111.00,84.00,1.00,544.00,,,,,,
2016,7,4,1,2016-07-04,"AA",19805,"AA","473",11298,"DFW","Dallas/Fort Worth, TX","TX",10713,"BOI","Boise, ID","ID","1645","1708",23.00,23.00,17.00,5.00,"1907","1913",6.00,6.00,0.00,"",0.00,202.00,185.00,163.00,1.00,1272.00,,,,,,
2016,7,4,1,2016-07-04,"AA",19805,"AA","473",12266,"IAH","Houston, TX","TX",11298,"DFW","Dallas/Fort Worth, TX","TX","1428","1518",50.00,50.00,13.00,12.00,"1539","1628",49.00,49.00,0.00,"",0.00,71.00,70.00,45.00,1.00,224.00,49.00,0.00,0.00,0.00,0.00,
2016,7,4,1,2016-07-04,"AA",19805,"AA","476",14893,"SMF","Sacramento, CA","CA",11057,"CLT","Charlotte, NC","NC","2259","2251",-8.00,0.00,15.00,6.00,"0640","0626",-14.00,0.00,0.00,"",0.00,281.00,275.00,254.00,1.00,2244.00,,,,,,
2016,7,4,1,2016-07-04,"AA",19805,"AA","477",14107,"PHX","Phoenix, AZ","AZ",12266,"IAH","Houston, TX","TX","1854","1848",-6.00,0.00,17.00,7.00,"2334","2317",-17.00,0.00,0.00,"",0.00,160.00,149.00,125.00,1.00,1009.00,,,,,,
2016,7,4,1,2016-07-04,"AA",19805,"AA","479",12339,"IND","Indianapolis, IN","IN",11057,"CLT","Charlotte, NC","NC","1529","1558",29.00,29.00,15.00,7.00,"1710","1733",23.00,23.00,0.00,"",0.00,101.00,95.00,73.00,1.00,427.00,0.00,0.00,0.00,0.00,23.00,
2016,7,4,1,2016-07-04,"AA",19805,"AA","480",14831,"SJC","San Jose, CA","CA",11057,"CLT","Charlotte, NC","NC","2100","2057",-3.00,0.00,13.00,6.00,"0504","0439",-25.00,0.00,0.00,"",0.00,304.00,282.00,263.00,1.00,2274.00,,,,,,
2016,7,4,1,2016-07-04,"AA",19805,"AA","482",13930,"ORD","Chicago, IL","IL",14100,"PHL","Philadelphia, PA","PA","1852","1845",-7.00,0.00,16.00,21.00,"2200","2150",-10.00,0.00,0.00,"",0.00,128.00,125.00,88.00,1.00,678.00,,,,,,
2016,7,4,1,2016-07-04,"AA",19805,"AA","482",14100,"PHL","Philadelphia, PA","PA",13930,"ORD","Chicago, IL","IL","1620","1614",-6.00,0.00,34.00,9.00,"1751","1738",-13.00,0.00,0.00,"",0.00,151.00,144.00,101.00,1.00,678.00,,,,,,
2016,7,4,1,2016-07-04,"AA",19805,"AA","483",14107,"PHX","Phoenix, AZ","AZ",15016,"STL","St. Louis, MO","MO","1213","1207",-6.00,0.00,17.00,4.00,"1710","1657",-13.00,0.00,0.00,"",0.00,177.00,170.00,149.00,1.00,1262.00,,,,,,
2016,7,4,1,2016-07-04,"AA",19805,"AA","483",14570,"RNO","Reno, NV","NV",14107,"PHX","Phoenix, AZ","AZ","0930","0920",-10.00,0.00,17.00,5.00,"1113","1104",-9.00,0.00,0.00,"",0.00,103.00,104.00,82.00,1.00,601.00,,,,,,
2016,7,4,1,2016-07-04,"AA",19805,"AA","484",10713,"BOI","Boise, ID","ID",11298,"DFW","Dallas/Fort Worth, TX","TX","0717","0712",-5.00,0.00,10.00,39.00,"1130","1131",1.00,1.00,0.00,"",0.00,193.00,199.00,150.00,1.00,1272.00,,,,,,
2016,7,4,1,2016-07-04,"AA",19805,"AA","484",11298,"DFW","Dallas/Fort Worth, TX","TX",12266,"IAH","Houston, TX","TX","1245","1239",-6.00,0.00,26.00,4.00,"1354","1348",-6.00,0.00,0.00,"",0.00,69.00,69.00,39.00,1.00,224.00,,,,,,
2016,7,4,1,2016-07-04,"AA",19805,"AA","484",12266,"IAH","Houston, TX","TX",14107,"PHX","Phoenix, AZ","AZ","1455","1446",-9.00,0.00,13.00,10.00,"1539","1523",-16.00,0.00,0.00,"",0.00,164.00,157.00,134.00,1.00,1009.00,,,,,,
2016,7,4,1,2016-07-04,"AA",19805,"AA","485",13871,"OMA","Omaha, NE","NE",12892,"LAX","Los Angeles, CA","CA","0725","0717",-8.00,0.00,12.00,31.00,"0900","0848",-12.00,0.00,0.00,"",0.00,215.00,211.00,168.00,1.00,1330.00,,,,,,
2016,7,4,1,2016-07-04,"AA",19805,"AA","486",14107,"PHX","Phoenix, AZ","AZ",13930,"ORD","Chicago, IL","IL","1856","1854",-2.00,0.00,20.00,10.00,"0027","0026",-1.00,0.00,0.00,"",0.00,211.00,212.00,182.00,1.00,1440.00,,,,,,
2016,7,4,1,2016-07-04,"AA",19805,"AA","486",14771,"SFO","San Francisco, CA","CA",14107,"PHX","Phoenix, AZ","AZ","1550","1545",-5.00,0.00,10.00,8.00,"1751","1735",-16.00,0.00,0.00,"",0.00,121.00,110.00,92.00,1.00,651.00,,,,,,
2016,7,4,1,2016-07-04,"AA",19805,"AA","487",14679,"SAN","San Diego, CA","CA",11057,"CLT","Charlotte, NC","NC","1100","1049",-11.00,0.00,16.00,10.00,"1849","1811",-38.00,0.00,0.00,"",0.00,289.00,262.00,236.00,1.00,2077.00,,,,,,
2016,7,4,1,2016-07-04,"AA",19805,"AA","492",14107,"PHX","Phoenix, AZ","AZ",13930,"ORD","Chicago, IL","IL","1350","1342",-8.00,0.00,13.00,14.00,"1925","1907",-18.00,0.00,0.00,"",0.00,215.00,205.00,178.00,1.00,1440.00,,,,,,
2016,7,4,1,2016-07-04,"AA",19805,"AA","493",12266,"IAH","Houston, TX","TX",14107,"PHX","Phoenix, AZ","AZ","0806","0758",-8.00,0.00,20.00,12.00,"0859","0840",-19.00,0.00,0.00,"",0.00,173.00,162.00,130.00,1.00,1009.00,,,,,,
2016,7,4,1,2016-07-04,"AA",19805,"AA","493",14107,"PHX","Phoenix, AZ","AZ",13796,"OAK","Oakland, CA","CA","0949","0945",-4.00,0.00,8.00,4.00,"1143","1125",-18.00,0.00,0.00,"",0.00,114.00,100.00,88.00,1.00,646.00,,,,,,
2016,7,4,1,2016-07-04,"AA",19805,"AA","494",11057,"CLT","Charlotte, NC","NC",14107,"PHX","Phoenix, AZ","AZ","1620","1622",2.00,2.00,51.00,4.00,"1742","1802",20.00,20.00,0.00,"",0.00,262.00,280.00,225.00,1.00,1773.00,0.00,0.00,18.00,0.00,2.00,
2016,7,4,1,2016-07-04,"AA",19805,"AA","495",13930,"ORD","Chicago, IL","IL",14107,"PHX","Phoenix, AZ","AZ","0719","0709",-10.00,0.00,19.00,6.00,"0900","0838",-22.00,0.00,0.00,"",0.00,221.00,209.00,184.00,1.00,1440.00,,,,,,
2016,7,4,1,2016-07-04,"AA",19805,"AA","495",14107,"PHX","Phoenix, AZ","AZ",12892,"LAX","Los Angeles, CA","CA","1001","0959",-2.00,0.00,19.00,13.00,"1135","1126",-9.00,0.00,0.00,"",0.00,94.00,87.00,55.00,1.00,370.00,,,,,,
2016,7,4,1,2016-07-04,"AA",19805,"AA","498",14107,"PHX","Phoenix, AZ","AZ",11278,"DCA","Washington, DC","VA","1445","1507",22.00,22.00,12.00,4.00,"2159","2256",57.00,57.00,0.00,"",0.00,254.00,289.00,273.00,1.00,1979.00,22.00,0.00,35.00,0.00,0.00,
2016,7,4,1,2016-07-04,"AA",19805,"AA","500",12889,"LAS","Las Vegas, NV","NV",14107,"PHX","Phoenix, AZ","AZ","1635","1627",-8.00,0.00,11.00,6.00,"1745","1729",-16.00,0.00,0.00,"",0.00,70.00,62.00,45.00,1.00,255.00,,,,,,
2016,7,4,1,2016-07-04,"AA",19805,"AA","500",14107,"PHX","Phoenix, AZ","AZ",12339,"IND","Indianapolis, IN","IN","1853","1847",-6.00,0.00,12.00,6.00,"0118","0102",-16.00,0.00,0.00,"",0.00,205.00,195.00,177.00,1.00,1488.00,,,,,,
2016,7,4,1,2016-07-04,"AA",19805,"AA","501",12892,"LAX","Los Angeles, CA","CA",13871,"OMA","Omaha, NE","NE","1825","1833",8.00,8.00,19.00,3.00,"2345","2339",-6.00,0.00,0.00,"",0.00,200.00,186.00,164.00,1.00,1330.00,,,,,,
2016,7,4,1,2016-07-04,"AA",19805,"AA","503",12892,"LAX","Los Angeles, CA","CA",14107,"PHX","Phoenix, AZ","AZ","0725","0728",3.00,3.00,16.00,9.00,"0855","0850",-5.00,0.00,0.00,"",0.00,90.00,82.00,57.00,1.00,370.00,,,,,,
2016,7,4,1,2016-07-04,"AA",19805,"AA","504",10397,"ATL","Atlanta, GA","GA",14107,"PHX","Phoenix, AZ","AZ","1805","1845",40.00,40.00,10.00,9.00,"1901","1922",21.00,21.00,0.00,"",0.00,236.00,217.00,198.00,1.00,1587.00,2.00,0.00,0.00,0.00,19.00,
2016,7,4,1,2016-07-04,"AA",19805,"AA","504",11057,"CLT","Charlotte, NC","NC",10397,"ATL","Atlanta, GA","GA","1540","1639",59.00,59.00,31.00,6.00,"1653","1757",64.00,64.00,0.00,"",0.00,73.00,78.00,41.00,1.00,226.00,57.00,0.00,5.00,0.00,2.00,
2016,7,4,1,2016-07-04,"AA",19805,"AA","504",14635,"RSW","Fort Myers, FL","FL",11057,"CLT","Charlotte, NC","NC","1250","1245",-5.00,0.00,9.00,9.00,"1448","1431",-17.00,0.00,0.00,"",0.00,118.00,106.00,88.00,1.00,600.00,,,,,,
2016,7,4,1,2016-07-04,"AA",19805,"AA","506",15304,"TPA","Tampa, FL","FL",14107,"PHX","Phoenix, AZ","AZ","0740","0735",-5.00,0.00,13.00,7.00,"0906","0842",-24.00,0.00,0.00,"",0.00,266.00,247.00,227.00,1.00,1788.00,,,,,,
2016,7,4,1,2016-07-04,"AA",19805,"AA","507",14107,"PHX","Phoenix, AZ","AZ",10721,"BOS","Boston, MA","MA","1225","1219",-6.00,0.00,14.00,4.00,"2023","1947",-36.00,0.00,0.00,"",0.00,298.00,268.00,250.00,1.00,2300.00,,,,,,
2016,7,4,1,2016-07-04,"AA",19805,"AA","508",12892,"LAX","Los Angeles, CA","CA",11066,"CMH","Columbus, OH","OH","0945","0940",-5.00,0.00,16.00,5.00,"1719","1701",-18.00,0.00,0.00,"",0.00,274.00,261.00,240.00,1.00,1995.00,,,,,,
2016,7,4,1,2016-07-04,"AA",19805,"AA","509",14107,"PHX","Phoenix, AZ","AZ",12892,"LAX","Los Angeles, CA","CA","1855","1855",0.00,0.00,24.00,11.00,"2030","2024",-6.00,0.00,0.00,"",0.00,95.00,89.00,54.00,1.00,370.00,,,,,,
2016,7,4,1,2016-07-04,"AA",19805,"AA","509",14831,"SJC","San Jose, CA","CA",14107,"PHX","Phoenix, AZ","AZ","1605","1556",-9.00,0.00,20.00,5.00,"1759","1749",-10.00,0.00,0.00,"",0.00,114.00,113.00,88.00,1.00,621.00,,,,,,
2016,7,4,1,2016-07-04,"AA",19805,"AA","511",10299,"ANC","Anchorage, AK","AK",14107,"PHX","Phoenix, AZ","AZ","0125","0120",-5.00,0.00,21.00,3.00,"0752","0745",-7.00,0.00,0.00,"",0.00,327.00,325.00,301.00,1.00,2552.00,,,,,,
2016,7,4,1,2016-07-04,"AA",19805,"AA","512",13830,"OGG","Kahului, HI","HI",14107,"PHX","Phoenix, AZ","AZ","2125","2115",-10.00,0.00,12.00,4.00,"0604","0540",-24.00,0.00,0.00,"",0.00,339.00,325.00,309.00,1.00,2845.00,,,,,,
2016,7,4,1,2016-07-04,"AA",19805,"AA","513",13342,"MKE","Milwaukee, WI","WI",14107,"PHX","Phoenix, AZ","AZ","0720","0712",-8.00,0.00,12.00,7.00,"0907","0841",-26.00,0.00,0.00,"",0.00,227.00,209.00,190.00,1.00,1460.00,,,,,,
2016,7,4,1,2016-07-04,"AA",19805,"AA","514",14107,"PHX","Phoenix, AZ","AZ",11066,"CMH","Columbus, OH","OH","2345","2339",-6.00,0.00,9.00,4.00,"0623","0608",-15.00,0.00,0.00,"",0.00,218.00,209.00,196.00,1.00,1670.00,,,,,,
2016,7,4,1,2016-07-04,"AA",19805,"AA","516",13930,"ORD","Chicago, IL","IL",14107,"PHX","Phoenix, AZ","AZ","1715","1709",-6.00,0.00,18.00,5.00,"1902","1837",-25.00,0.00,0.00,"",0.00,227.00,208.00,185.00,1.00,1440.00,,,,,,
2016,7,4,1,2016-07-04,"AA",19805,"AA","516",14107,"PHX","Phoenix, AZ","AZ",14893,"SMF","Sacramento, CA","CA","2003","2006",3.00,3.00,11.00,6.00,"2159","2153",-6.00,0.00,0.00,"",0.00,116.00,107.00,90.00,1.00,647.00,,,,,,
2016,7,4,1,2016-07-04,"AA",19805,"AA","517",14100,"PHL","Philadelphia, PA","PA",14057,"PDX","Portland, OR","OR","1810","1805",-5.00,0.00,24.00,5.00,"2112","2110",-2.00,0.00,0.00,"",0.00,362.00,365.00,336.00,1.00,2406.00,,,,,,
2016,7,4,1,2016-07-04,"AA",19805,"AA","518",14057,"PDX","Portland, OR","OR",14100,"PHL","Philadelphia, PA","PA","2220","2216",-4.00,0.00,15.00,5.00,"0618","0602",-16.00,0.00,0.00,"",0.00,298.00,286.00,266.00,1.00,2406.00,,,,,,
2016,7,4,1,2016-07-04,"AA",19805,"AA","521",11057,"CLT","Charlotte, NC","NC",11292,"DEN","Denver, CO","CO","1150","1145",-5.00,0.00,25.00,15.00,"1325","1320",-5.00,0.00,0.00,"",0.00,215.00,215.00,175.00,1.00,1337.00,,,,,,
2016,7,4,1,2016-07-04,"AA",19805,"AA","521",11292,"DEN","Denver, CO","CO",14107,"PHX","Phoenix, AZ","AZ","1445","1437",-8.00,0.00,12.00,7.00,"1536","1520",-16.00,0.00,0.00,"",0.00,111.00,103.00,84.00,1.00,602.00,,,,,,
2016,7,4,1,2016-07-04,"AA",19805,"AA","521",13303,"MIA","Miami, FL","FL",11057,"CLT","Charlotte, NC","NC","0835","0830",-5.00,0.00,13.00,6.00,"1039","1031",-8.00,0.00,0.00,"",0.00,124.00,121.00,102.00,1.00,650.00,,,,,,
2016,7,4,1,2016-07-04,"AA",19805,"AA","521",14107,"PHX","Phoenix, AZ","AZ",14747,"SEA","Seattle, WA","WA","1715","1706",-9.00,0.00,15.00,7.00,"2008","2003",-5.00,0.00,0.00,"",0.00,173.00,177.00,155.00,1.00,1107.00,,,,,,
2016,7,4,1,2016-07-04,"AA",19805,"AA","523",14107,"PHX","Phoenix, AZ","AZ",14570,"RNO","Reno, NV","NV","1643","1640",-3.00,0.00,13.00,2.00,"1825","1815",-10.00,0.00,0.00,"",0.00,102.00,95.00,80.00,1.00,601.00,,,,,,
2016,7,4,1,2016-07-04,"AA",19805,"AA","524",11298,"DFW","Dallas/Fort Worth, TX","TX",14107,"PHX","Phoenix, AZ","AZ","1500","1455",-5.00,0.00,15.00,5.00,"1526","1515",-11.00,0.00,0.00,"",0.00,146.00,140.00,120.00,1.00,868.00,,,,,,
2016,7,4,1,2016-07-04,"AA",19805,"AA","524",14100,"PHL","Philadelphia, PA","PA",11298,"DFW","Dallas/Fort Worth, TX","TX","1125","1135",10.00,10.00,12.00,10.00,"1356","1352",-4.00,0.00,0.00,"",0.00,211.00,197.00,175.00,1.00,1303.00,,,,,,
2016,7,4,1,2016-07-04,"AA",19805,"AA","528",11292,"DEN","Denver, CO","CO",14107,"PHX","Phoenix, AZ","AZ","1829","1836",7.00,7.00,9.00,6.00,"1920","1919",-1.00,0.00,0.00,"",0.00,111.00,103.00,88.00,1.00,602.00,,,,,,
2016,7,4,1,2016-07-04,"AA",19805,"AA","528",14107,"PHX","Phoenix, AZ","AZ",14570,"RNO","Reno, NV","NV","2021","2017",-4.00,0.00,14.00,3.00,"2207","2154",-13.00,0.00,0.00,"",0.00,106.00,97.00,80.00,1.00,601.00,,,,,,
2016,7,4,1,2016-07-04,"AA",19805,"AA","529",14100,"PHL","Philadelphia, PA","PA",14747,"SEA","Seattle, WA","WA","2040","2046",6.00,6.00,40.00,7.00,"2334","2357",23.00,23.00,0.00,"",0.00,354.00,371.00,324.00,1.00,2378.00,6.00,0.00,17.00,0.00,0.00,
2016,7,4,1,2016-07-04,"AA",19805,"AA","530",14747,"SEA","Seattle, WA","WA",14100,"PHL","Philadelphia, PA","PA","2205","2220",15.00,15.00,16.00,5.00,"0606","0615",9.00,9.00,0.00,"",0.00,301.00,295.00,274.00,1.00,2378.00,,,,,,
2016,7,4,1,2016-07-04,"AA",19805,"AA","531",11433,"DTW","Detroit, MI","MI",14107,"PHX","Phoenix, AZ","AZ","0735","0727",-8.00,0.00,10.00,6.00,"0900","0819",-41.00,0.00,0.00,"",0.00,265.00,232.00,216.00,1.00,1671.00,,,,,,
2016,7,4,1,2016-07-04,"AA",19805,"AA","531",14107,"PHX","Phoenix, AZ","AZ",14570,"RNO","Reno, NV","NV","0950","0950",0.00,0.00,25.00,4.00,"1137","1143",6.00,6.00,0.00,"",0.00,107.00,113.00,84.00,1.00,601.00,,,,,,
2016,7,4,1,2016-07-04,"AA",19805,"AA","534",14100,"PHL","Philadelphia, PA","PA",14107,"PHX","Phoenix, AZ","AZ","0659","0650",-9.00,0.00,15.00,6.00,"0850","0843",-7.00,0.00,0.00,"",0.00,291.00,293.00,272.00,1.00,2075.00,,,,,,
2016,7,4,1,2016-07-04,"AA",19805,"AA","536",11057,"CLT","Charlotte, NC","NC",11298,"DFW","Dallas/Fort Worth, TX","TX","0600","0559",-1.00,0.00,15.00,11.00,"0738","0810",32.00,32.00,0.00,"",0.00,158.00,191.00,165.00,1.00,936.00,0.00,0.00,32.00,0.00,0.00,
2016,7,4,1,2016-07-04,"AA",19805,"AA","536",11298,"DFW","Dallas/Fort Worth, TX","TX",14100,"PHL","Philadelphia, PA","PA","0840","0935",55.00,55.00,24.00,8.00,"1259","1349",50.00,50.00,0.00,"",0.00,199.00,194.00,162.00,1.00,1303.00,0.00,27.00,0.00,0.00,23.00,
2016,7,4,1,2016-07-04,"AA",19805,"AA","539",13930,"ORD","Chicago, IL","IL",14100,"PHL","Philadelphia, PA","PA","0545","0539",-6.00,0.00,13.00,5.00,"0843","0827",-16.00,0.00,0.00,"",0.00,118.00,108.00,90.00,1.00,678.00,,,,,,
2016,7,4,1,2016-07-04,"AA",19805,"AA","539",14100,"PHL","Philadelphia, PA","PA",15304,"TPA","Tampa, FL","FL","1000","1000",0.00,0.00,27.00,4.00,"1244","1236",-8.00,0.00,0.00,"",0.00,164.00,156.00,125.00,1.00,920.00,,,,,,
2016,7,4,1,2016-07-04,"AA",19805,"AA","541",10693,"BNA","Nashville, TN","TN",12892,"LAX","Los Angeles, CA","CA","1040","1103",23.00,23.00,13.00,8.00,"1305","1315",10.00,10.00,0.00,"",0.00,265.00,252.00,231.00,1.00,1797.00,,,,,,
2016,7,4,1,2016-07-04,"AA",19805,"AA","542",11298,"DFW","Dallas/Fort Worth, TX","TX",14107,"PHX","Phoenix, AZ","AZ","1055","1116",21.00,21.00,25.00,5.00,"1123","1145",22.00,22.00,0.00,"",0.00,148.00,149.00,119.00,1.00,868.00,8.00,0.00,1.00,0.00,13.00,
2016,7,4,1,2016-07-04,"AA",19805,"AA","543",10721,"BOS","Boston, MA","MA",14100,"PHL","Philadelphia, PA","PA","0600","0556",-4.00,0.00,17.00,3.00,"0727","0713",-14.00,0.00,0.00,"",0.00,87.00,77.00,57.00,1.00,280.00,,,,,,
2016,7,4,1,2016-07-04,"AA",19805,"AA","543",14100,"PHL","Philadelphia, PA","PA",11298,"DFW","Dallas/Fort Worth, TX","TX","0921","0916",-5.00,0.00,10.00,12.00,"1145","1134",-11.00,0.00,0.00,"",0.00,204.00,198.00,176.00,1.00,1303.00,,,,,,
2016,7,4,1,2016-07-04,"AA",19805,"AA","544",11298,"DFW","Dallas/Fort Worth, TX","TX",14107,"PHX","Phoenix, AZ","AZ","1741","1736",-5.00,0.00,17.00,5.00,"1805","1758",-7.00,0.00,0.00,"",0.00,144.00,142.00,120.00,1.00,868.00,,,,,,
2016,7,4,1,2016-07-04,"AA",19805,"AA","544",14107,"PHX","Phoenix, AZ","AZ",11298,"DFW","Dallas/Fort Worth, TX","TX","1219","1212",-7.00,0.00,11.00,11.00,"1644","1626",-18.00,0.00,0.00,"",0.00,145.00,134.00,112.00,1.00,868.00,,,,,,
2016,7,4,1,2016-07-04,"AA",19805,"AA","545",12892,"LAX","Los Angeles, CA","CA",14107,"PHX","Phoenix, AZ","AZ","1620","1614",-6.00,0.00,17.00,7.00,"1750","1740",-10.00,0.00,0.00,"",0.00,90.00,86.00,62.00,1.00,370.00,,,,,,
2016,7,4,1,2016-07-04,"AA",19805,"AA","545",14107,"PHX","Phoenix, AZ","AZ",11298,"DFW","Dallas/Fort Worth, TX","TX","1855","1850",-5.00,0.00,16.00,10.00,"2321","2306",-15.00,0.00,0.00,"",0.00,146.00,136.00,110.00,1.00,868.00,,,,,,
2016,7,4,1,2016-07-04,"AA",19805,"AA","546",11298,"DFW","Dallas/Fort Worth, TX","TX",14107,"PHX","Phoenix, AZ","AZ","2030","2033",3.00,3.00,23.00,6.00,"2057","2111",14.00,14.00,0.00,"",0.00,147.00,158.00,129.00,1.00,868.00,,,,,,
2016,7,4,1,2016-07-04,"AA",19805,"AA","548",14107,"PHX","Phoenix, AZ","AZ",13342,"MKE","Milwaukee, WI","WI","1850","1851",1.00,1.00,21.00,6.00,"0010","0024",14.00,14.00,0.00,"",0.00,200.00,213.00,186.00,1.00,1460.00,,,,,,
2016,7,4,1,2016-07-04,"AA",19805,"AA","548",14869,"SLC","Salt Lake City, UT","UT",14107,"PHX","Phoenix, AZ","AZ","1715","1711",-4.00,0.00,14.00,6.00,"1755","1746",-9.00,0.00,0.00,"",0.00,100.00,95.00,75.00,1.00,507.00,,,,,,
2016,7,4,1,2016-07-04,"AA",19805,"AA","549",14107,"PHX","Phoenix, AZ","AZ",11298,"DFW","Dallas/Fort Worth, TX","TX","0635","0630",-5.00,0.00,13.00,28.00,"1100","1058",-2.00,0.00,0.00,"",0.00,145.00,148.00,107.00,1.00,868.00,,,,,,
2016,7,4,1,2016-07-04,"AA",19805,"AA","550",11298,"DFW","Dallas/Fort Worth, TX","TX",11057,"CLT","Charlotte, NC","NC","1850","1844",-6.00,0.00,38.00,9.00,"2232","2227",-5.00,0.00,0.00,"",0.00,162.00,163.00,116.00,1.00,936.00,,,,,,
2016,7,4,1,2016-07-04,"AA",19805,"AA","550",13930,"ORD","Chicago, IL","IL",14107,"PHX","Phoenix, AZ","AZ","1045","1038",-7.00,0.00,14.00,6.00,"1222","1204",-18.00,0.00,0.00,"",0.00,217.00,206.00,186.00,1.00,1440.00,,,,,,
2016,7,4,1,2016-07-04,"AA",19805,"AA","550",14107,"PHX","Phoenix, AZ","AZ",11298,"DFW","Dallas/Fort Worth, TX","TX","1321","1317",-4.00,0.00,22.00,11.00,"1745","1739",-6.00,0.00,0.00,"",0.00,144.00,142.00,109.00,1.00,868.00,,,,,,
2016,7,4,1,2016-07-04,"AA",19805,"AA","551",11298,"DFW","Dallas/Fort Worth, TX","TX",14100,"PHL","Philadelphia, PA","PA","2030","2027",-3.00,0.00,20.00,11.00,"0050","0031",-19.00,0.00,0.00,"",0.00,200.00,184.00,153.00,1.00,1303.00,,,,,,
2016,7,4,1,2016-07-04,"AA",19805,"AA","551",12892,"LAX","Los Angeles, CA","CA",14107,"PHX","Phoenix, AZ","AZ","1230","1225",-5.00,0.00,15.00,12.00,"1401","1352",-9.00,0.00,0.00,"",0.00,91.00,87.00,60.00,1.00,370.00,,,,,,
2016,7,4,1,2016-07-04,"AA",19805,"AA","551",14107,"PHX","Phoenix, AZ","AZ",11298,"DFW","Dallas/Fort Worth, TX","TX","1505","1502",-3.00,0.00,12.00,12.00,"1929","1931",2.00,2.00,0.00,"",0.00,144.00,149.00,125.00,1.00,868.00,,,,,,
2016,7,4,1,2016-07-04,"AA",19805,"AA","552",12892,"LAX","Los Angeles, CA","CA",13198,"MCI","Kansas City, MO","MO","0815","0805",-10.00,0.00,15.00,9.00,"1343","1316",-27.00,0.00,0.00,"",0.00,208.00,191.00,167.00,1.00,1363.00,,,,,,
2016,7,4,1,2016-07-04,"AA",19805,"AA","553",13796,"OAK","Oakland, CA","CA",14107,"PHX","Phoenix, AZ","AZ","1230","1223",-7.00,0.00,8.00,6.00,"1426","1413",-13.00,0.00,0.00,"",0.00,116.00,110.00,96.00,1.00,646.00,,,,,,
2016,7,4,1,2016-07-04,"AA",19805,"AA","557",11057,"CLT","Charlotte, NC","NC",14771,"SFO","San Francisco, CA","CA","2220","2224",4.00,4.00,20.00,5.00,"0042","0038",-4.00,0.00,0.00,"",0.00,322.00,314.00,289.00,1.00,2296.00,,,,,,
2016,7,4,1,2016-07-04,"AA",19805,"AA","559",11057,"CLT","Charlotte, NC","NC",14100,"PHL","Philadelphia, PA","PA","1620","1616",-4.00,0.00,13.00,50.00,"1807","1824",17.00,17.00,0.00,"",0.00,107.00,128.00,65.00,1.00,449.00,0.00,0.00,17.00,0.00,0.00,
2016,7,4,1,2016-07-04,"AA",19805,"AA","560",11298,"DFW","Dallas/Fort Worth, TX","TX",11278,"DCA","Washington, DC","VA","1655","1651",-4.00,0.00,18.00,7.00,"2054","2041",-13.00,0.00,0.00,"",0.00,179.00,170.00,145.00,1.00,1192.00,,,,,,
2016,7,4,1,2016-07-04,"AA",19805,"AA","560",14107,"PHX","Phoenix, AZ","AZ",11298,"DFW","Dallas/Fort Worth, TX","TX","1045","1043",-2.00,0.00,14.00,14.00,"1516","1501",-15.00,0.00,0.00,"",0.00,151.00,138.00,110.00,1.00,868.00,,,,,,
2016,7,4,1,2016-07-04,"AA",19805,"AA","561",11423,"DSM","Des Moines, IA","IA",14107,"PHX","Phoenix, AZ","AZ","0757","0751",-6.00,0.00,12.00,5.00,"0855","0833",-22.00,0.00,0.00,"",0.00,178.00,162.00,145.00,1.00,1150.00,,,,,,
2016,7,4,1,2016-07-04,"AA",19805,"AA","561",14107,"PHX","Phoenix, AZ","AZ",12889,"LAS","Las Vegas, NV","NV","0950","0949",-1.00,0.00,14.00,6.00,"1100","1049",-11.00,0.00,0.00,"",0.00,70.00,60.00,40.00,1.00,255.00,,,,,,
2016,7,4,1,2016-07-04,"AA",19805,"AA","563",11278,"DCA","Washington, DC","VA",14107,"PHX","Phoenix, AZ","AZ","1715","1711",-4.00,0.00,17.00,6.00,"1908","1855",-13.00,0.00,0.00,"",0.00,293.00,284.00,261.00,1.00,1979.00,,,,,,
2016,7,4,1,2016-07-04,"AA",19805,"AA","563",14107,"PHX","Phoenix, AZ","AZ",14679,"SAN","San Diego, CA","CA","2020","2012",-8.00,0.00,13.00,3.00,"2130","2114",-16.00,0.00,0.00,"",0.00,70.00,62.00,46.00,1.00,304.00,,,,,,
2016,7,4,1,2016-07-04,"AA",19805,"AA","565",11057,"CLT","Charlotte, NC","NC",11298,"DFW","Dallas/Fort Worth, TX","TX","1830","1830",0.00,0.00,11.00,8.00,"2015","1958",-17.00,0.00,0.00,"",0.00,165.00,148.00,129.00,1.00,936.00,,,,,,
2016,7,4,1,2016-07-04,"AA",19805,"AA","566",14057,"PDX","Portland, OR","OR",14107,"PHX","Phoenix, AZ","AZ","0840","0836",-4.00,0.00,9.00,6.00,"1112","1053",-19.00,0.00,0.00,"",0.00,152.00,137.00,122.00,1.00,1009.00,,,,,,
2016,7,4,1,2016-07-04,"AA",19805,"AA","566",14107,"PHX","Phoenix, AZ","AZ",13204,"MCO","Orlando, FL","FL","1218","1212",-6.00,0.00,16.00,6.00,"1934","1918",-16.00,0.00,0.00,"",0.00,256.00,246.00,224.00,1.00,1849.00,,,,,,
2016,7,4,1,2016-07-04,"AA",19805,"AA","572",12892,"LAX","Los Angeles, CA","CA",13487,"MSP","Minneapolis, MN","MN","2359","2356",-3.00,0.00,23.00,4.00,"0543","0517",-26.00,0.00,0.00,"",0.00,224.00,201.00,174.00,1.00,1535.00,,,,,,
2016,7,4,1,2016-07-04,"AA",19805,"AA","574",14107,"PHX","Phoenix, AZ","AZ",15304,"TPA","Tampa, FL","FL","1516","1511",-5.00,0.00,14.00,4.00,"2218","2214",-4.00,0.00,0.00,"",0.00,242.00,243.00,225.00,1.00,1788.00,,,,,,
2016,7,4,1,2016-07-04,"AA",19805,"AA","574",14908,"SNA","Santa Ana, CA","CA",14107,"PHX","Phoenix, AZ","AZ","1245","1238",-7.00,0.00,16.00,5.00,"1402","1352",-10.00,0.00,0.00,"",0.00,77.00,74.00,53.00,1.00,338.00,,,,,,
2016,7,4,1,2016-07-04,"AA",19805,"AA","575",11298,"DFW","Dallas/Fort Worth, TX","TX",14107,"PHX","Phoenix, AZ","AZ","1326","1321",-5.00,0.00,14.00,8.00,"1350","1343",-7.00,0.00,0.00,"",0.00,144.00,142.00,120.00,1.00,868.00,,,,,,
2016,7,4,1,2016-07-04,"AA",19805,"AA","576",11057,"CLT","Charlotte, NC","NC",11298,"DFW","Dallas/Fort Worth, TX","TX","1920","1932",12.00,12.00,15.00,10.00,"2059","2107",8.00,8.00,0.00,"",0.00,159.00,155.00,130.00,1.00,936.00,,,,,,
2016,7,4,1,2016-07-04,"AA",19805,"AA","576",11298,"DFW","Dallas/Fort Worth, TX","TX",12889,"LAS","Las Vegas, NV","NV","2210","2211",1.00,1.00,27.00,8.00,"2258","2310",12.00,12.00,0.00,"",0.00,168.00,179.00,144.00,1.00,1055.00,,,,,,
2016,7,4,1,2016-07-04,"AA",19805,"AA","577",14100,"PHL","Philadelphia, PA","PA",12889,"LAS","Las Vegas, NV","NV","0800","0753",-7.00,0.00,24.00,8.00,"1018","1000",-18.00,0.00,0.00,"",0.00,318.00,307.00,275.00,1.00,2176.00,,,,,,
2016,7,4,1,2016-07-04,"AA",19805,"AA","579",14679,"SAN","San Diego, CA","CA",11057,"CLT","Charlotte, NC","NC","2235","2231",-4.00,0.00,19.00,10.00,"0608","0618",10.00,10.00,0.00,"",0.00,273.00,287.00,258.00,1.00,2077.00,,,,,,
2016,7,4,1,2016-07-04,"AA",19805,"AA","580",11066,"CMH","Columbus, OH","OH",14107,"PHX","Phoenix, AZ","AZ","1805","1802",-3.00,0.00,11.00,6.00,"1907","1900",-7.00,0.00,0.00,"",0.00,242.00,238.00,221.00,1.00,1670.00,,,,,,
2016,7,4,1,2016-07-04,"AA",19805,"AA","580",14107,"PHX","Phoenix, AZ","AZ",11884,"GEG","Spokane, WA","WA","2005","2003",-2.00,0.00,9.00,4.00,"2237","2230",-7.00,0.00,0.00,"",0.00,152.00,147.00,134.00,1.00,1020.00,,,,,,
2016,7,4,1,2016-07-04,"AA",19805,"AA","581",11057,"CLT","Charlotte, NC","NC",13204,"MCO","Orlando, FL","FL","1445","1440",-5.00,0.00,15.00,24.00,"1623","1623",0.00,0.00,0.00,"",0.00,98.00,103.00,64.00,1.00,468.00,,,,,,
2016,7,4,1,2016-07-04,"AA",19805,"AA","581",12953,"LGA","New York, NY","NY",11057,"CLT","Charlotte, NC","NC","1130","1127",-3.00,0.00,18.00,23.00,"1342","1327",-15.00,0.00,0.00,"",0.00,132.00,120.00,79.00,1.00,544.00,,,,,,
2016,7,4,1,2016-07-04,"AA",19805,"AA","582",14107,"PHX","Phoenix, AZ","AZ",13342,"MKE","Milwaukee, WI","WI","1008","1000",-8.00,0.00,13.00,2.00,"1530","1510",-20.00,0.00,0.00,"",0.00,202.00,190.00,175.00,1.00,1460.00,,,,,,
2016,7,4,1,2016-07-04,"AA",19805,"AA","585",11298,"DFW","Dallas/Fort Worth, TX","TX",14100,"PHL","Philadelphia, PA","PA","0725","0859",94.00,94.00,35.00,4.00,"1145","1335",110.00,110.00,0.00,"",0.00,200.00,216.00,177.00,1.00,1303.00,0.00,94.00,16.00,0.00,0.00,
2016,7,4,1,2016-07-04,"AA",19805,"AA","585",14747,"SEA","Seattle, WA","WA",11298,"DFW","Dallas/Fort Worth, TX","TX","0020","0012",-8.00,0.00,11.00,24.00,"0602","0926",,,0.00,"",1.00,222.00,,,1.00,1660.00,,,,,,
2016,7,4,1,2016-07-04,"AA",19805,"AA","586",14107,"PHX","Phoenix, AZ","AZ",11884,"GEG","Spokane, WA","WA","1028","1022",-6.00,0.00,17.00,3.00,"1307","1251",-16.00,0.00,0.00,"",0.00,159.00,149.00,129.00,1.00,1020.00,,,,,,
2016,7,4,1,2016-07-04,"AA",19805,"AA","590",14570,"RNO","Reno, NV","NV",14107,"PHX","Phoenix, AZ","AZ","1225","1218",-7.00,0.00,11.00,6.00,"1410","1357",-13.00,0.00,0.00,"",0.00,105.00,99.00,82.00,1.00,601.00,,,,,,
2016,7,4,1,2016-07-04,"AA",19805,"AA","591",11298,"DFW","Dallas/Fort Worth, TX","TX",14100,"PHL","Philadelphia, PA","PA","1830","1826",-4.00,0.00,16.00,12.00,"2251","2232",-19.00,0.00,0.00,"",0.00,201.00,186.00,158.00,1.00,1303.00,,,,,,
2016,7,4,1,2016-07-04,"AA",19805,"AA","591",14100,"PHL","Philadelphia, PA","PA",11298,"DFW","Dallas/Fort Worth, TX","TX","1430","1516",46.00,46.00,8.00,5.00,"1655","1722",27.00,27.00,0.00,"",0.00,205.00,186.00,173.00,1.00,1303.00,6.00,0.00,0.00,0.00,21.00,
2016,7,4,1,2016-07-04,"AA",19805,"AA","592",13198,"MCI","Kansas City, MO","MO",12892,"LAX","Los Angeles, CA","CA","1423","1412",-11.00,0.00,9.00,10.00,"1606","1524",-42.00,0.00,0.00,"",0.00,223.00,192.00,173.00,1.00,1363.00,,,,,,
2016,7,4,1,2016-07-04,"AA",19805,"AA","593",14107,"PHX","Phoenix, AZ","AZ",13930,"ORD","Chicago, IL","IL","0852","0845",-7.00,0.00,20.00,11.00,"1435","1901",,,0.00,"",1.00,223.00,,,1.00,1440.00,,,,,,
2016,7,4,1,2016-07-04,"AA",19805,"AA","594",14107,"PHX","Phoenix, AZ","AZ",12266,"IAH","Houston, TX","TX","1519","1552",33.00,33.00,10.00,8.00,"1955","2020",25.00,25.00,0.00,"",0.00,156.00,148.00,130.00,1.00,1009.00,0.00,0.00,0.00,0.00,25.00,
2016,7,4,1,2016-07-04,"AA",19805,"AA","595",14107,"PHX","Phoenix, AZ","AZ",11278,"DCA","Washington, DC","VA","0844","0847",3.00,3.00,10.00,9.00,"1609","1602",-7.00,0.00,0.00,"",0.00,265.00,255.00,236.00,1.00,1979.00,,,,,,
2016,7,4,1,2016-07-04,"AA",19805,"AA","597",14100,"PHL","Philadelphia, PA","PA",12892,"LAX","Los Angeles, CA","CA","0955","0950",-5.00,0.00,17.00,7.00,"1248","1221",-27.00,0.00,0.00,"",0.00,353.00,331.00,307.00,1.00,2402.00,,,,,,
2016,7,4,1,2016-07-04,"AA",19805,"AA","598",12892,"LAX","Los Angeles, CA","CA",14100,"PHL","Philadelphia, PA","PA","1355","1420",25.00,25.00,25.00,17.00,"2214","2238",24.00,24.00,0.00,"",0.00,319.00,318.00,276.00,1.00,2402.00,24.00,0.00,0.00,0.00,0.00,
2016,7,4,1,2016-07-04,"AA",19805,"AA","599",13871,"OMA","Omaha, NE","NE",14107,"PHX","Phoenix, AZ","AZ","1450","1445",-5.00,0.00,12.00,6.00,"1532","1513",-19.00,0.00,0.00,"",0.00,162.00,148.00,130.00,1.00,1037.00,,,,,,
2016,7,4,1,2016-07-04,"AA",19805,"AA","599",14107,"PHX","Phoenix, AZ","AZ",14831,"SJC","San Jose, CA","CA","1640","1714",34.00,34.00,13.00,3.00,"1825","1857",32.00,32.00,0.00,"",0.00,105.00,103.00,87.00,1.00,621.00,32.00,0.00,0.00,0.00,0.00,
2016,7,4,1,2016-07-04,"AA",19805,"AA","600",11057,"CLT","Charlotte, NC","NC",14107,"PHX","Phoenix, AZ","AZ","0945","0938",-7.00,0.00,21.00,6.00,"1111","1057",-14.00,0.00,0.00,"",0.00,266.00,259.00,232.00,1.00,1773.00,,,,,,
2016,7,4,1,2016-07-04,"AA",19805,"AA","603",14107,"PHX","Phoenix, AZ","AZ",14747,"SEA","Seattle, WA","WA","2028","2026",-2.00,0.00,22.00,8.00,"2326","2326",0.00,0.00,0.00,"",0.00,178.00,180.00,150.00,1.00,1107.00,,,,,,
2016,7,4,1,2016-07-04,"AA",19805,"AA","604",13487,"MSP","Minneapolis, MN","MN",12892,"LAX","Los Angeles, CA","CA","1645","1643",-2.00,0.00,12.00,18.00,"1855","1827",-28.00,0.00,0.00,"",0.00,250.00,224.00,194.00,1.00,1535.00,,,,,,
2016,7,4,1,2016-07-04,"AA",19805,"AA","606",11298,"DFW","Dallas/Fort Worth, TX","TX",14107,"PHX","Phoenix, AZ","AZ","1845","1855",10.00,10.00,22.00,9.00,"1915","1929",14.00,14.00,0.00,"",0.00,150.00,154.00,123.00,1.00,868.00,,,,,,
2016,7,4,1,2016-07-04,"AA",19805,"AA","606",14679,"SAN","San Diego, CA","CA",11298,"DFW","Dallas/Fort Worth, TX","TX","1247","1315",28.00,28.00,16.00,10.00,"1745","1802",17.00,17.00,0.00,"",0.00,178.00,167.00,141.00,1.00,1171.00,0.00,0.00,0.00,0.00,17.00,
2016,7,4,1,2016-07-04,"AA",19805,"AA","607",12889,"LAS","Las Vegas, NV","NV",14100,"PHL","Philadelphia, PA","PA","2235","2232",-3.00,0.00,10.00,2.00,"0614","0555",-19.00,0.00,0.00,"",0.00,279.00,263.00,251.00,1.00,2176.00,,,,,,
2016,7,4,1,2016-07-04,"AA",19805,"AA","608",12892,"LAX","Los Angeles, CA","CA",14107,"PHX","Phoenix, AZ","AZ","1745","1829",44.00,44.00,16.00,4.00,"1915","1947",32.00,32.00,0.00,"",0.00,90.00,78.00,58.00,1.00,370.00,0.00,0.00,0.00,0.00,32.00,
2016,7,4,1,2016-07-04,"AA",19805,"AA","608",14107,"PHX","Phoenix, AZ","AZ",12889,"LAS","Las Vegas, NV","NV","2022","2028",6.00,6.00,14.00,7.00,"2132","2128",-4.00,0.00,0.00,"",0.00,70.00,60.00,39.00,1.00,255.00,,,,,,
2016,7,4,1,2016-07-04,"AA",19805,"AA","609",11057,"CLT","Charlotte, NC","NC",14747,"SEA","Seattle, WA","WA","1810","1900",50.00,50.00,18.00,7.00,"2048","2129",41.00,41.00,0.00,"",0.00,338.00,329.00,304.00,1.00,2279.00,41.00,0.00,0.00,0.00,0.00,
2016,7,4,1,2016-07-04,"AA",19805,"AA","609",11618,"EWR","Newark, NJ","NJ",11057,"CLT","Charlotte, NC","NC","1505","1455",-10.00,0.00,20.00,28.00,"1701","1704",3.00,3.00,0.00,"",0.00,116.00,129.00,81.00,1.00,529.00,,,,,,
2016,7,4,1,2016-07-04,"AA",19805,"AA","612",14107,"PHX","Phoenix, AZ","AZ",10397,"ATL","Atlanta, GA","GA","1220","1322",62.00,62.00,18.00,5.00,"1905","1954",49.00,49.00,0.00,"",0.00,225.00,212.00,189.00,1.00,1587.00,0.00,0.00,0.00,0.00,49.00,
2016,7,4,1,2016-07-04,"AA",19805,"AA","612",14908,"SNA","Santa Ana, CA","CA",14107,"PHX","Phoenix, AZ","AZ","0959","1418",259.00,259.00,23.00,9.00,"1114","1548",274.00,274.00,0.00,"",0.00,75.00,90.00,58.00,1.00,338.00,259.00,0.00,15.00,0.00,0.00,
2016,7,4,1,2016-07-04,"AA",19805,"AA","615",10721,"BOS","Boston, MA","MA",14100,"PHL","Philadelphia, PA","PA","0500","0457",-3.00,0.00,17.00,3.00,"0621","0614",-7.00,0.00,0.00,"",0.00,81.00,77.00,57.00,1.00,280.00,,,,,,
2016,7,4,1,2016-07-04,"AA",19805,"AA","615",14100,"PHL","Philadelphia, PA","PA",14771,"SFO","San Francisco, CA","CA","0740","0733",-7.00,0.00,12.00,6.00,"1039","1013",-26.00,0.00,0.00,"",0.00,359.00,340.00,322.00,1.00,2521.00,,,,,,
2016,7,4,1,2016-07-04,"AA",19805,"AA","616",11057,"CLT","Charlotte, NC","NC",11292,"DEN","Denver, CO","CO","2020","2018",-2.00,0.00,13.00,11.00,"2150","2141",-9.00,0.00,0.00,"",0.00,210.00,203.00,179.00,1.00,1337.00,,,,,,
2016,7,4,1,2016-07-04,"AA",19805,"AA","616",12953,"LGA","New York, NY","NY",11057,"CLT","Charlotte, NC","NC","1710","1713",3.00,3.00,20.00,5.00,"1920","1858",-22.00,0.00,0.00,"",0.00,130.00,105.00,80.00,1.00,544.00,,,,,,
2016,7,4,1,2016-07-04,"AA",19805,"AA","618",11298,"DFW","Dallas/Fort Worth, TX","TX",12889,"LAS","Las Vegas, NV","NV","1635","1633",-2.00,0.00,18.00,6.00,"1723","1718",-5.00,0.00,0.00,"",0.00,168.00,165.00,141.00,1.00,1055.00,,,,,,
2016,7,4,1,2016-07-04,"AA",19805,"AA","618",12889,"LAS","Las Vegas, NV","NV",11298,"DFW","Dallas/Fort Worth, TX","TX","1815","1826",11.00,11.00,18.00,7.00,"2253","2300",7.00,7.00,0.00,"",0.00,158.00,154.00,129.00,1.00,1055.00,,,,,,
2016,7,4,1,2016-07-04,"AA",19805,"AA","619",11057,"CLT","Charlotte, NC","NC",14771,"SFO","San Francisco, CA","CA","1955","1957",2.00,2.00,18.00,4.00,"2213","2207",-6.00,0.00,0.00,"",0.00,318.00,310.00,288.00,1.00,2296.00,,,,,,
2016,7,4,1,2016-07-04,"AA",19805,"AA","621",14107,"PHX","Phoenix, AZ","AZ",14908,"SNA","Santa Ana, CA","CA","1019","1013",-6.00,0.00,16.00,24.00,"1140","1145",5.00,5.00,0.00,"",0.00,81.00,92.00,52.00,1.00,338.00,,,,,,
2016,7,4,1,2016-07-04,"AA",19805,"AA","622",13930,"ORD","Chicago, IL","IL",11057,"CLT","Charlotte, NC","NC","1340","1334",-6.00,0.00,25.00,18.00,"1641","1650",9.00,9.00,0.00,"",0.00,121.00,136.00,93.00,1.00,599.00,,,,,,
2016,7,4,1,2016-07-04,"AA",19805,"AA","624",14747,"SEA","Seattle, WA","WA",11057,"CLT","Charlotte, NC","NC","2214","2223",9.00,9.00,19.00,6.00,"0605","0613",8.00,8.00,0.00,"",0.00,291.00,290.00,265.00,1.00,2279.00,,,,,,
2016,7,4,1,2016-07-04,"AA",19805,"AA","625",14107,"PHX","Phoenix, AZ","AZ",10713,"BOI","Boise, ID","ID","0940","0931",-9.00,0.00,11.00,4.00,"1241","1223",-18.00,0.00,0.00,"",0.00,121.00,112.00,97.00,1.00,735.00,,,,,,
2016,7,4,1,2016-07-04,"AA",19805,"AA","627",11433,"DTW","Detroit, MI","MI",14107,"PHX","Phoenix, AZ","AZ","1750","1744",-6.00,0.00,13.00,4.00,"1900","1832",-28.00,0.00,0.00,"",0.00,250.00,228.00,211.00,1.00,1671.00,,,,,,
2016,7,4,1,2016-07-04,"AA",19805,"AA","627",14107,"PHX","Phoenix, AZ","AZ",13796,"OAK","Oakland, CA","CA","2009","2003",-6.00,0.00,17.00,6.00,"2204","2154",-10.00,0.00,0.00,"",0.00,115.00,111.00,88.00,1.00,646.00,,,,,,
2016,7,4,1,2016-07-04,"AA",19805,"AA","628",11057,"CLT","Charlotte, NC","NC",14107,"PHX","Phoenix, AZ","AZ","1300","1255",-5.00,0.00,14.00,9.00,"1417","1408",-9.00,0.00,0.00,"",0.00,257.00,253.00,230.00,1.00,1773.00,,,,,,
2016,7,4,1,2016-07-04,"AA",19805,"AA","628",13930,"ORD","Chicago, IL","IL",11057,"CLT","Charlotte, NC","NC","0900","0854",-6.00,0.00,17.00,16.00,"1158","1146",-12.00,0.00,0.00,"",0.00,118.00,112.00,79.00,1.00,599.00,,,,,,
2016,7,4,1,2016-07-04,"AA",19805,"AA","629",10721,"BOS","Boston, MA","MA",14107,"PHX","Phoenix, AZ","AZ","1625","1616",-9.00,0.00,22.00,5.00,"1902","1830",-32.00,0.00,0.00,"",0.00,337.00,314.00,287.00,1.00,2300.00,,,,,,
2016,7,4,1,2016-07-04,"AA",19805,"AA","629",11057,"CLT","Charlotte, NC","NC",10721,"BOS","Boston, MA","MA","1310","1313",3.00,3.00,23.00,6.00,"1525","1519",-6.00,0.00,0.00,"",0.00,135.00,126.00,97.00,1.00,728.00,,,,,,
2016,7,4,1,2016-07-04,"AA",19805,"AA","629",14107,"PHX","Phoenix, AZ","AZ",14908,"SNA","Santa Ana, CA","CA","2019","2011",-8.00,0.00,10.00,4.00,"2136","2115",-21.00,0.00,0.00,"",0.00,77.00,64.00,50.00,1.00,338.00,,,,,,
2016,7,4,1,2016-07-04,"AA",19805,"AA","630",12173,"HNL","Honolulu, HI","HI",14107,"PHX","Phoenix, AZ","AZ","2015","",,,,,"0518","",,,1.00,"A",0.00,363.00,,,1.00,2917.00,,,,,,
2016,7,4,1,2016-07-04,"AA",19805,"AA","631",12173,"HNL","Honolulu, HI","HI",14107,"PHX","Phoenix, AZ","AZ","2110","2103",-7.00,0.00,16.00,3.00,"0604","0541",-23.00,0.00,0.00,"",0.00,354.00,338.00,319.00,1.00,2917.00,,,,,,
2016,7,4,1,2016-07-04,"AA",19805,"AA","634",14107,"PHX","Phoenix, AZ","AZ",14122,"PIT","Pittsburgh, PA","PA","1622","1611",-11.00,0.00,11.00,4.00,"2317","2255",-22.00,0.00,0.00,"",0.00,235.00,224.00,209.00,1.00,1814.00,,,,,,
2016,7,4,1,2016-07-04,"AA",19805,"AA","635",10713,"BOI","Boise, ID","ID",14107,"PHX","Phoenix, AZ","AZ","1321","1311",-10.00,0.00,10.00,8.00,"1424","1406",-18.00,0.00,0.00,"",0.00,123.00,115.00,97.00,1.00,735.00,,,,,,
2016,7,4,1,2016-07-04,"AA",19805,"AA","635",14107,"PHX","Phoenix, AZ","AZ",12892,"LAX","Los Angeles, CA","CA","1600","1606",6.00,6.00,18.00,8.00,"1728","1728",0.00,0.00,0.00,"",0.00,88.00,82.00,56.00,1.00,370.00,,,,,,
2016,7,4,1,2016-07-04,"AA",19805,"AA","636",13487,"MSP","Minneapolis, MN","MN",14107,"PHX","Phoenix, AZ","AZ","1440","1443",3.00,3.00,16.00,6.00,"1553","1547",-6.00,0.00,0.00,"",0.00,193.00,184.00,162.00,1.00,1276.00,,,,,,
2016,7,4,1,2016-07-04,"AA",19805,"AA","636",14107,"PHX","Phoenix, AZ","AZ",12889,"LAS","Las Vegas, NV","NV","1700","1717",17.00,17.00,10.00,6.00,"1805","1812",7.00,7.00,0.00,"",0.00,65.00,55.00,39.00,1.00,255.00,,,,,,
2016,7,4,1,2016-07-04,"AA",19805,"AA","637",11057,"CLT","Charlotte, NC","NC",12889,"LAS","Las Vegas, NV","NV","1645","1641",-4.00,0.00,19.00,7.00,"1828","1816",-12.00,0.00,0.00,"",0.00,283.00,275.00,249.00,1.00,1916.00,,,,,,
2016,7,4,1,2016-07-04,"AA",19805,"AA","637",13204,"MCO","Orlando, FL","FL",11057,"CLT","Charlotte, NC","NC","1347","1353",6.00,6.00,16.00,13.00,"1530","1539",9.00,9.00,0.00,"",0.00,103.00,106.00,77.00,1.00,468.00,,,,,,
2016,7,4,1,2016-07-04,"AA",19805,"AA","638",11433,"DTW","Detroit, MI","MI",14107,"PHX","Phoenix, AZ","AZ","1130","1127",-3.00,0.00,11.00,9.00,"1234","1220",-14.00,0.00,0.00,"",0.00,244.00,233.00,213.00,1.00,1671.00,,,,,,
2016,7,4,1,2016-07-04,"AA",19805,"AA","638",14107,"PHX","Phoenix, AZ","AZ",14831,"SJC","San Jose, CA","CA","1330","1326",-4.00,0.00,17.00,3.00,"1516","1511",-5.00,0.00,0.00,"",0.00,106.00,105.00,85.00,1.00,621.00,,,,,,
2016,7,4,1,2016-07-04,"AA",19805,"AA","639",14100,"PHL","Philadelphia, PA","PA",14107,"PHX","Phoenix, AZ","AZ","1040","1035",-5.00,0.00,12.00,24.00,"1237","1228",-9.00,0.00,0.00,"",0.00,297.00,293.00,257.00,1.00,2075.00,,,,,,
2016,7,4,1,2016-07-04,"AA",19805,"AA","639",14107,"PHX","Phoenix, AZ","AZ",14679,"SAN","San Diego, CA","CA","1355","1350",-5.00,0.00,14.00,3.00,"1505","1453",-12.00,0.00,0.00,"",0.00,70.00,63.00,46.00,1.00,304.00,,,,,,
2016,7,4,1,2016-07-04,"AA",19805,"AA","639",14679,"SAN","San Diego, CA","CA",11298,"DFW","Dallas/Fort Worth, TX","TX","1605","1555",-10.00,0.00,16.00,15.00,"2105","2051",-14.00,0.00,0.00,"",0.00,180.00,176.00,145.00,1.00,1171.00,,,,,,
2016,7,4,1,2016-07-04,"AA",19805,"AA","640",13204,"MCO","Orlando, FL","FL",14107,"PHX","Phoenix, AZ","AZ","1735","1731",-4.00,0.00,23.00,9.00,"1856","1850",-6.00,0.00,0.00,"",0.00,261.00,259.00,227.00,1.00,1849.00,,,,,,
2016,7,4,1,2016-07-04,"AA",19805,"AA","640",14107,"PHX","Phoenix, AZ","AZ",12892,"LAX","Los Angeles, CA","CA","2002","2003",1.00,1.00,21.00,7.00,"2137","2127",-10.00,0.00,0.00,"",0.00,95.00,84.00,56.00,1.00,370.00,,,,,,
2016,7,4,1,2016-07-04,"AA",19805,"AA","642",13891,"ONT","Ontario, CA","CA",14107,"PHX","Phoenix, AZ","AZ","1240","1233",-7.00,0.00,16.00,7.00,"1354","1351",-3.00,0.00,0.00,"",0.00,74.00,78.00,55.00,1.00,325.00,,,,,,
2016,7,4,1,2016-07-04,"AA",19805,"AA","642",14107,"PHX","Phoenix, AZ","AZ",11292,"DEN","Denver, CO","CO","1455","1450",-5.00,0.00,14.00,20.00,"1740","1751",11.00,11.00,0.00,"",0.00,105.00,121.00,87.00,1.00,602.00,,,,,,
2016,7,4,1,2016-07-04,"AA",19805,"AA","643",11057,"CLT","Charlotte, NC","NC",12889,"LAS","Las Vegas, NV","NV","2005","2002",-3.00,0.00,16.00,8.00,"2141","2125",-16.00,0.00,0.00,"",0.00,276.00,263.00,239.00,1.00,1916.00,,,,,,
2016,7,4,1,2016-07-04,"AA",19805,"AA","644",13342,"MKE","Milwaukee, WI","WI",14107,"PHX","Phoenix, AZ","AZ","1725","1711",-14.00,0.00,11.00,26.00,"1904","1856",-8.00,0.00,0.00,"",0.00,219.00,225.00,188.00,1.00,1460.00,,,,,,
2016,7,4,1,2016-07-04,"AA",19805,"AA","647",14107,"PHX","Phoenix, AZ","AZ",13891,"ONT","Ontario, CA","CA","1016","1009",-7.00,0.00,22.00,7.00,"1136","1127",-9.00,0.00,0.00,"",0.00,80.00,78.00,49.00,1.00,325.00,,,,,,
2016,7,4,1,2016-07-04,"AA",19805,"AA","647",14122,"PIT","Pittsburgh, PA","PA",14107,"PHX","Phoenix, AZ","AZ","0740","0735",-5.00,0.00,14.00,6.00,"0911","0853",-18.00,0.00,0.00,"",0.00,271.00,258.00,238.00,1.00,1814.00,,,,,,
2016,7,4,1,2016-07-04,"AA",19805,"AA","648",14679,"SAN","San Diego, CA","CA",14100,"PHL","Philadelphia, PA","PA","2205","2158",-7.00,0.00,12.00,3.00,"0609","0553",-16.00,0.00,0.00,"",0.00,304.00,295.00,280.00,1.00,2370.00,,,,,,
2016,7,4,1,2016-07-04,"AA",19805,"AA","649",14107,"PHX","Phoenix, AZ","AZ",11298,"DFW","Dallas/Fort Worth, TX","TX","0859","0850",-9.00,0.00,16.00,16.00,"1335","1325",-10.00,0.00,0.00,"",0.00,156.00,155.00,123.00,1.00,868.00,,,,,,
2016,7,4,1,2016-07-04,"AA",19805,"AA","650",12892,"LAX","Los Angeles, CA","CA",14100,"PHL","Philadelphia, PA","PA","2200","2233",33.00,33.00,18.00,3.00,"0617","0636",19.00,19.00,0.00,"",0.00,317.00,303.00,282.00,1.00,2402.00,19.00,0.00,0.00,0.00,0.00,
2016,7,4,1,2016-07-04,"AA",19805,"AA","651",11057,"CLT","Charlotte, NC","NC",11292,"DEN","Denver, CO","CO","1820","1919",59.00,59.00,14.00,10.00,"1954","2033",39.00,39.00,0.00,"",0.00,214.00,194.00,170.00,1.00,1337.00,3.00,0.00,0.00,0.00,36.00,
2016,7,4,1,2016-07-04,"AA",19805,"AA","651",13204,"MCO","Orlando, FL","FL",11057,"CLT","Charlotte, NC","NC","1535","1825",170.00,170.00,11.00,17.00,"1725","2004",159.00,159.00,0.00,"",0.00,110.00,99.00,71.00,1.00,468.00,1.00,0.00,0.00,0.00,158.00,
2016,7,4,1,2016-07-04,"AA",19805,"AA","653",10299,"ANC","Anchorage, AK","AK",12892,"LAX","Los Angeles, CA","CA","2335","2336",1.00,1.00,10.00,13.00,"0610","0529",-41.00,0.00,0.00,"",0.00,335.00,293.00,270.00,1.00,2345.00,,,,,,
2016,7,4,1,2016-07-04,"AA",19805,"AA","653",10423,"AUS","Austin, TX","TX",14107,"PHX","Phoenix, AZ","AZ","1530","1521",-9.00,0.00,8.00,9.00,"1547","1530",-17.00,0.00,0.00,"",0.00,137.00,129.00,112.00,1.00,872.00,,,,,,
2016,7,4,1,2016-07-04,"AA",19805,"AA","653",10693,"BNA","Nashville, TN","TN",11057,"CLT","Charlotte, NC","NC","0935","0940",5.00,5.00,9.00,11.00,"1157","1148",-9.00,0.00,0.00,"",0.00,82.00,68.00,48.00,1.00,328.00,,,,,,
2016,7,4,1,2016-07-04,"AA",19805,"AA","653",11057,"CLT","Charlotte, NC","NC",10423,"AUS","Austin, TX","TX","1255","1251",-4.00,0.00,10.00,5.00,"1434","1421",-13.00,0.00,0.00,"",0.00,159.00,150.00,135.00,1.00,1032.00,,,,,,
2016,7,4,1,2016-07-04,"AA",19805,"AA","653",14107,"PHX","Phoenix, AZ","AZ",10299,"ANC","Anchorage, AK","AK","1715","1712",-3.00,0.00,10.00,4.00,"2151","2151",0.00,0.00,0.00,"",0.00,336.00,339.00,325.00,1.00,2552.00,,,,,,
2016,7,4,1,2016-07-04,"AA",19805,"AA","654",12889,"LAS","Las Vegas, NV","NV",14100,"PHL","Philadelphia, PA","PA","1405","1357",-8.00,0.00,11.00,37.00,"2150","2148",-2.00,0.00,0.00,"",0.00,285.00,291.00,243.00,1.00,2176.00,,,,,,
2016,7,4,1,2016-07-04,"AA",19805,"AA","655",11278,"DCA","Washington, DC","VA",11057,"CLT","Charlotte, NC","NC","1526","1517",-9.00,0.00,30.00,18.00,"1658","1702",4.00,4.00,0.00,"",0.00,92.00,105.00,57.00,1.00,331.00,,,,,,
2016,7,4,1,2016-07-04,"AA",19805,"AA","656",13204,"MCO","Orlando, FL","FL",14100,"PHL","Philadelphia, PA","PA","0620","0616",-4.00,0.00,11.00,4.00,"0844","0827",-17.00,0.00,0.00,"",0.00,144.00,131.00,116.00,1.00,861.00,,,,,,
2016,7,4,1,2016-07-04,"AA",19805,"AA","656",14100,"PHL","Philadelphia, PA","PA",14771,"SFO","San Francisco, CA","CA","1025","1021",-4.00,0.00,13.00,5.00,"1328","1301",-27.00,0.00,0.00,"",0.00,363.00,340.00,322.00,1.00,2521.00,,,,,,
2016,7,4,1,2016-07-04,"AA",19805,"AA","657",11057,"CLT","Charlotte, NC","NC",12266,"IAH","Houston, TX","TX","1320","1314",-6.00,0.00,14.00,10.00,"1452","1441",-11.00,0.00,0.00,"",0.00,152.00,147.00,123.00,1.00,912.00,,,,,,
2016,7,4,1,2016-07-04,"AA",19805,"AA","657",14307,"PVD","Providence, RI","RI",11057,"CLT","Charlotte, NC","NC","1015","1009",-6.00,0.00,9.00,5.00,"1228","1205",-23.00,0.00,0.00,"",0.00,133.00,116.00,102.00,1.00,683.00,,,,,,
2016,7,4,1,2016-07-04,"AA",19805,"AA","659",11066,"CMH","Columbus, OH","OH",12892,"LAX","Los Angeles, CA","CA","1655","1650",-5.00,0.00,18.00,4.00,"1840","1824",-16.00,0.00,0.00,"",0.00,285.00,274.00,252.00,1.00,1995.00,,,,,,
2016,7,4,1,2016-07-04,"AA",19805,"AA","659",12892,"LAX","Los Angeles, CA","CA",14107,"PHX","Phoenix, AZ","AZ","1930","1930",0.00,0.00,14.00,7.00,"2102","2052",-10.00,0.00,0.00,"",0.00,92.00,82.00,61.00,1.00,370.00,,,,,,
2016,7,4,1,2016-07-04,"AA",19805,"AA","660",12892,"LAX","Los Angeles, CA","CA",14100,"PHL","Philadelphia, PA","PA","1105","1057",-8.00,0.00,16.00,9.00,"1925","1859",-26.00,0.00,0.00,"",0.00,320.00,302.00,277.00,1.00,2402.00,,,,,,
2016,7,4,1,2016-07-04,"AA",19805,"AA","663",14107,"PHX","Phoenix, AZ","AZ",12758,"KOA","Kona, HI","HI","1040","1035",-5.00,0.00,15.00,2.00,"1405","1348",-17.00,0.00,0.00,"",0.00,385.00,373.00,356.00,1.00,2860.00,,,,,,
2016,7,4,1,2016-07-04,"AA",19805,"AA","664",12758,"KOA","Kona, HI","HI",14107,"PHX","Phoenix, AZ","AZ","2250","2240",-10.00,0.00,11.00,5.00,"0732","0708",-24.00,0.00,0.00,"",0.00,342.00,328.00,312.00,1.00,2860.00,,,,,,
2016,7,4,1,2016-07-04,"AA",19805,"AA","668",14100,"PHL","Philadelphia, PA","PA",11292,"DEN","Denver, CO","CO","2100","2108",8.00,8.00,36.00,7.00,"2309","2309",0.00,0.00,0.00,"",0.00,249.00,241.00,198.00,1.00,1558.00,,,,,,
2016,7,4,1,2016-07-04,"AA",19805,"AA","669",11292,"DEN","Denver, CO","CO",14100,"PHL","Philadelphia, PA","PA","0030","0027",-3.00,0.00,12.00,3.00,"0556","0532",-24.00,0.00,0.00,"",0.00,206.00,185.00,170.00,1.00,1558.00,,,,,,
2016,7,4,1,2016-07-04,"AA",19805,"AA","670",11298,"DFW","Dallas/Fort Worth, TX","TX",12889,"LAS","Las Vegas, NV","NV","1240","1353",73.00,73.00,18.00,9.00,"1332","1439",67.00,67.00,0.00,"",0.00,172.00,166.00,139.00,1.00,1055.00,67.00,0.00,0.00,0.00,0.00,
2016,7,4,1,2016-07-04,"AA",19805,"AA","670",12889,"LAS","Las Vegas, NV","NV",11298,"DFW","Dallas/Fort Worth, TX","TX","1436","1532",56.00,56.00,13.00,7.00,"1924","2000",36.00,36.00,0.00,"",0.00,168.00,148.00,128.00,1.00,1055.00,2.00,0.00,0.00,0.00,34.00,
2016,7,4,1,2016-07-04,"AA",19805,"AA","671",13303,"MIA","Miami, FL","FL",14100,"PHL","Philadelphia, PA","PA","2152","0138",226.00,226.00,17.00,5.00,"0044","0413",209.00,209.00,0.00,"",0.00,172.00,155.00,133.00,1.00,1013.00,203.00,0.00,0.00,0.00,6.00,
2016,7,4,1,2016-07-04,"AA",19805,"AA","672",12889,"LAS","Las Vegas, NV","NV",11298,"DFW","Dallas/Fort Worth, TX","TX","0615","0608",-7.00,0.00,14.00,38.00,"1059","1109",10.00,10.00,0.00,"",0.00,164.00,181.00,129.00,1.00,1055.00,,,,,,
2016,7,4,1,2016-07-04,"AA",19805,"AA","673",10821,"BWI","Baltimore, MD","MD",11057,"CLT","Charlotte, NC","NC","1535","1602",27.00,27.00,15.00,7.00,"1706","1723",17.00,17.00,0.00,"",0.00,91.00,81.00,59.00,1.00,361.00,17.00,0.00,0.00,0.00,0.00,
2016,7,4,1,2016-07-04,"AA",19805,"AA","673",11057,"CLT","Charlotte, NC","NC",12266,"IAH","Houston, TX","TX","1759","1902",63.00,63.00,13.00,6.00,"1927","2021",54.00,54.00,0.00,"",0.00,148.00,139.00,120.00,1.00,912.00,46.00,0.00,0.00,0.00,8.00,
2016,7,4,1,2016-07-04,"AA",19805,"AA","674",14100,"PHL","Philadelphia, PA","PA",14679,"SAN","San Diego, CA","CA","0755","0756",1.00,1.00,20.00,5.00,"1027","1027",0.00,0.00,0.00,"",0.00,332.00,331.00,306.00,1.00,2370.00,,,,,,
2016,7,4,1,2016-07-04,"AA",19805,"AA","675",11298,"DFW","Dallas/Fort Worth, TX","TX",14057,"PDX","Portland, OR","OR","2200","2157",-3.00,0.00,18.00,32.00,"2353","0016",23.00,23.00,0.00,"",0.00,233.00,259.00,209.00,1.00,1616.00,0.00,0.00,23.00,0.00,0.00,
2016,7,4,1,2016-07-04,"AA",19805,"AA","675",14100,"PHL","Philadelphia, PA","PA",11298,"DFW","Dallas/Fort Worth, TX","TX","1800","1814",14.00,14.00,28.00,14.00,"2039","2051",12.00,12.00,0.00,"",0.00,219.00,217.00,175.00,1.00,1303.00,,,,,,
2016,7,4,1,2016-07-04,"AA",19805,"AA","676",12892,"LAX","Los Angeles, CA","CA",10299,"ANC","Anchorage, AK","AK","1937","1959",22.00,22.00,9.00,4.00,"0020","0017",-3.00,0.00,0.00,"",0.00,343.00,318.00,305.00,1.00,2345.00,,,,,,
2016,7,4,1,2016-07-04,"AA",19805,"AA","677",12889,"LAS","Las Vegas, NV","NV",14100,"PHL","Philadelphia, PA","PA","0655","0651",-4.00,0.00,11.00,4.00,"1434","1416",-18.00,0.00,0.00,"",0.00,279.00,265.00,250.00,1.00,2176.00,,,,,,
2016,7,4,1,2016-07-04,"AA",19805,"AA","678",11057,"CLT","Charlotte, NC","NC",12892,"LAX","Los Angeles, CA","CA","1810","1807",-3.00,0.00,12.00,12.00,"2021","2003",-18.00,0.00,0.00,"",0.00,311.00,296.00,272.00,1.00,2125.00,,,,,,
2016,7,4,1,2016-07-04,"AA",19805,"AA","679",10397,"ATL","Atlanta, GA","GA",11057,"CLT","Charlotte, NC","NC","0853","0857",4.00,4.00,13.00,10.00,"1015","1012",-3.00,0.00,0.00,"",0.00,82.00,75.00,52.00,1.00,226.00,,,,,,
2016,7,4,1,2016-07-04,"AA",19805,"AA","679",11057,"CLT","Charlotte, NC","NC",14107,"PHX","Phoenix, AZ","AZ","1125","1120",-5.00,0.00,14.00,9.00,"1240","1229",-11.00,0.00,0.00,"",0.00,255.00,249.00,226.00,1.00,1773.00,,,,,,
2016,7,4,1,2016-07-04,"AA",19805,"AA","680",14107,"PHX","Phoenix, AZ","AZ",11278,"DCA","Washington, DC","VA","1240","1237",-3.00,0.00,16.00,14.00,"2003","1949",-14.00,0.00,0.00,"",0.00,263.00,252.00,222.00,1.00,1979.00,,,,,,
2016,7,4,1,2016-07-04,"AA",19805,"AA","683",13495,"MSY","New Orleans, LA","LA",14100,"PHL","Philadelphia, PA","PA","1305","1257",-8.00,0.00,10.00,13.00,"1659","1647",-12.00,0.00,0.00,"",0.00,174.00,170.00,147.00,1.00,1089.00,,,,,,
2016,7,4,1,2016-07-04,"AA",19805,"AA","683",14100,"PHL","Philadelphia, PA","PA",13495,"MSY","New Orleans, LA","LA","1005","1000",-5.00,0.00,18.00,2.00,"1213","1143",-30.00,0.00,0.00,"",0.00,188.00,163.00,143.00,1.00,1089.00,,,,,,
2016,7,4,1,2016-07-04,"AA",19805,"AA","684",14107,"PHX","Phoenix, AZ","AZ",12982,"LIH","Lihue, HI","HI","1015","1006",-9.00,0.00,21.00,3.00,"1401","1344",-17.00,0.00,0.00,"",0.00,406.00,398.00,374.00,1.00,2979.00,,,,,,
2016,7,4,1,2016-07-04,"AA",19805,"AA","686",11292,"DEN","Denver, CO","CO",14100,"PHL","Philadelphia, PA","PA","0705","0700",-5.00,0.00,17.00,6.00,"1236","1221",-15.00,0.00,0.00,"",0.00,211.00,201.00,178.00,1.00,1558.00,,,,,,
2016,7,4,1,2016-07-04,"AA",19805,"AA","686",14100,"PHL","Philadelphia, PA","PA",14107,"PHX","Phoenix, AZ","AZ","1405","1403",-2.00,0.00,11.00,7.00,"1603","1546",-17.00,0.00,0.00,"",0.00,298.00,283.00,265.00,1.00,2075.00,,,,,,
2016,7,4,1,2016-07-04,"AA",19805,"AA","686",14107,"PHX","Phoenix, AZ","AZ",14771,"SFO","San Francisco, CA","CA","1709","1701",-8.00,0.00,8.00,3.00,"1905","1844",-21.00,0.00,0.00,"",0.00,116.00,103.00,92.00,1.00,651.00,,,,,,
2016,7,4,1,2016-07-04,"AA",19805,"AA","688",12892,"LAX","Los Angeles, CA","CA",14100,"PHL","Philadelphia, PA","PA","0005","0026",21.00,21.00,27.00,6.00,"0825","0831",6.00,6.00,0.00,"",0.00,320.00,305.00,272.00,1.00,2402.00,,,,,,
2016,7,4,1,2016-07-04,"AA",19805,"AA","689",14100,"PHL","Philadelphia, PA","PA",12889,"LAS","Las Vegas, NV","NV","1010","1002",-8.00,0.00,23.00,4.00,"1233","1208",-25.00,0.00,0.00,"",0.00,323.00,306.00,279.00,1.00,2176.00,,,,,,
2016,7,4,1,2016-07-04,"AA",19805,"AA","690",14107,"PHX","Phoenix, AZ","AZ",12173,"HNL","Honolulu, HI","HI","1100","1056",-4.00,0.00,12.00,5.00,"1433","1421",-12.00,0.00,0.00,"",0.00,393.00,385.00,368.00,1.00,2917.00,,,,,,
2016,7,4,1,2016-07-04,"AA",19805,"AA","691",11057,"CLT","Charlotte, NC","NC",13204,"MCO","Orlando, FL","FL","1305","1608",183.00,183.00,8.00,7.00,"1441","1734",173.00,173.00,0.00,"",0.00,96.00,86.00,71.00,1.00,468.00,170.00,0.00,0.00,0.00,3.00,
2016,7,4,1,2016-07-04,"AA",19805,"AA","691",14107,"PHX","Phoenix, AZ","AZ",11057,"CLT","Charlotte, NC","NC","0505","0502",-3.00,0.00,15.00,13.00,"1209","1213",4.00,4.00,0.00,"",0.00,244.00,251.00,223.00,1.00,1773.00,,,,,,
2016,7,4,1,2016-07-04,"AA",19805,"AA","692",14107,"PHX","Phoenix, AZ","AZ",12173,"HNL","Honolulu, HI","HI","1035","1028",-7.00,0.00,13.00,2.00,"1415","1353",-22.00,0.00,0.00,"",0.00,400.00,385.00,370.00,1.00,2917.00,,,,,,
2016,7,4,1,2016-07-04,"AA",19805,"AA","693",12173,"HNL","Honolulu, HI","HI",14107,"PHX","Phoenix, AZ","AZ","2220","2220",0.00,0.00,16.00,6.00,"0713","0701",-12.00,0.00,0.00,"",0.00,353.00,341.00,319.00,1.00,2917.00,,,,,,
2016,7,4,1,2016-07-04,"AA",19805,"AA","694",11298,"DFW","Dallas/Fort Worth, TX","TX",14107,"PHX","Phoenix, AZ","AZ","1215","1211",-4.00,0.00,21.00,13.00,"1241","1250",9.00,9.00,0.00,"",0.00,146.00,159.00,125.00,1.00,868.00,,,,,,
2016,7,4,1,2016-07-04,"AA",19805,"AA","694",14107,"PHX","Phoenix, AZ","AZ",12173,"HNL","Honolulu, HI","HI","1400","1620",140.00,140.00,12.00,5.00,"1734","1931",117.00,117.00,0.00,"",0.00,394.00,371.00,354.00,1.00,2917.00,97.00,0.00,0.00,20.00,0.00,
2016,7,4,1,2016-07-04,"AA",19805,"AA","695",11057,"CLT","Charlotte, NC","NC",14107,"PHX","Phoenix, AZ","AZ","1435","1433",-2.00,0.00,12.00,4.00,"1551","1535",-16.00,0.00,0.00,"",0.00,256.00,242.00,226.00,1.00,1773.00,,,,,,
2016,7,4,1,2016-07-04,"AA",19805,"AA","695",13204,"MCO","Orlando, FL","FL",11057,"CLT","Charlotte, NC","NC","1200","1159",-1.00,0.00,13.00,14.00,"1340","1343",3.00,3.00,0.00,"",0.00,100.00,104.00,77.00,1.00,468.00,,,,,,
2016,7,4,1,2016-07-04,"AA",19805,"AA","695",14107,"PHX","Phoenix, AZ","AZ",12892,"LAX","Los Angeles, CA","CA","1715","1709",-6.00,0.00,14.00,27.00,"1843","1843",0.00,0.00,0.00,"",0.00,88.00,94.00,53.00,1.00,370.00,,,,,,
2016,7,4,1,2016-07-04,"AA",19805,"AA","697",12982,"LIH","Lihue, HI","HI",14107,"PHX","Phoenix, AZ","AZ","2210","2157",-13.00,0.00,11.00,5.00,"0707","0641",-26.00,0.00,0.00,"",0.00,357.00,344.00,328.00,1.00,2979.00,,,,,,
2016,7,4,1,2016-07-04,"AA",19805,"AA","698",11298,"DFW","Dallas/Fort Worth, TX","TX",14679,"SAN","San Diego, CA","CA","1100","1127",27.00,27.00,26.00,4.00,"1157","1233",36.00,36.00,0.00,"",0.00,177.00,186.00,156.00,1.00,1171.00,0.00,0.00,9.00,0.00,27.00,
2016,7,4,1,2016-07-04,"AA",19805,"AA","698",13204,"MCO","Orlando, FL","FL",11298,"DFW","Dallas/Fort Worth, TX","TX","0800","0752",-8.00,0.00,15.00,59.00,"0944","1042",58.00,58.00,0.00,"",0.00,164.00,230.00,156.00,1.00,985.00,0.00,0.00,58.00,0.00,0.00,
2016,7,4,1,2016-07-04,"AA",19805,"AA","699",14831,"SJC","San Jose, CA","CA",14107,"PHX","Phoenix, AZ","AZ","1910","1933",23.00,23.00,9.00,5.00,"2101","2114",13.00,13.00,0.00,"",0.00,111.00,101.00,87.00,1.00,621.00,,,,,,
2016,7,4,1,2016-07-04,"AA",19805,"AA","700",12892,"LAX","Los Angeles, CA","CA",14100,"PHL","Philadelphia, PA","PA","0620","0638",18.00,18.00,29.00,5.00,"1437","1504",27.00,27.00,0.00,"",0.00,317.00,326.00,292.00,1.00,2402.00,18.00,0.00,9.00,0.00,0.00,
2016,7,4,1,2016-07-04,"AA",19805,"AA","701",14100,"PHL","Philadelphia, PA","PA",12892,"LAX","Los Angeles, CA","CA","1605","1633",28.00,28.00,25.00,29.00,"1857","1935",38.00,38.00,0.00,"",0.00,352.00,362.00,308.00,1.00,2402.00,28.00,0.00,10.00,0.00,0.00,
2016,7,4,1,2016-07-04,"AA",19805,"AA","702",11298,"DFW","Dallas/Fort Worth, TX","TX",14100,"PHL","Philadelphia, PA","PA","1245","1307",22.00,22.00,18.00,7.00,"1705","1717",12.00,12.00,0.00,"",0.00,200.00,190.00,165.00,1.00,1303.00,,,,,,
2016,7,4,1,2016-07-04,"AA",19805,"AA","703",10721,"BOS","Boston, MA","MA",11057,"CLT","Charlotte, NC","NC","1435","1427",-8.00,0.00,14.00,17.00,"1700","1645",-15.00,0.00,0.00,"",0.00,145.00,138.00,107.00,1.00,728.00,,,,,,
2016,7,4,1,2016-07-04,"AA",19805,"AA","703",11057,"CLT","Charlotte, NC","NC",10821,"BWI","Baltimore, MD","MD","1759","1755",-4.00,0.00,26.00,4.00,"1924","1927",3.00,3.00,0.00,"",0.00,85.00,92.00,62.00,1.00,361.00,,,,,,
2016,7,4,1,2016-07-04,"AA",19805,"AA","704",14771,"SFO","San Francisco, CA","CA",11057,"CLT","Charlotte, NC","NC","0700","0655",-5.00,0.00,14.00,14.00,"1503","1455",-8.00,0.00,0.00,"",0.00,303.00,300.00,272.00,1.00,2296.00,,,,,,
2016,7,4,1,2016-07-04,"AA",19805,"AA","705",11057,"CLT","Charlotte, NC","NC",14771,"SFO","San Francisco, CA","CA","1620","1636",16.00,16.00,14.00,5.00,"1845","1844",-1.00,0.00,0.00,"",0.00,325.00,308.00,289.00,1.00,2296.00,,,,,,
2016,7,4,1,2016-07-04,"AA",19805,"AA","706",12339,"IND","Indianapolis, IN","IN",14107,"PHX","Phoenix, AZ","AZ","1820","2005",105.00,105.00,10.00,5.00,"1900","2033",93.00,93.00,0.00,"",0.00,220.00,208.00,193.00,1.00,1488.00,93.00,0.00,0.00,0.00,0.00,
2016,7,4,1,2016-07-04,"AA",19805,"AA","706",12892,"LAX","Los Angeles, CA","CA",12339,"IND","Indianapolis, IN","IN","0945","0944",-1.00,0.00,24.00,3.00,"1659","1651",-8.00,0.00,0.00,"",0.00,254.00,247.00,220.00,1.00,1814.00,,,,,,
2016,7,4,1,2016-07-04,"AA",19805,"AA","707",14100,"PHL","Philadelphia, PA","PA",14107,"PHX","Phoenix, AZ","AZ","0810","0801",-9.00,0.00,20.00,6.00,"1012","0955",-17.00,0.00,0.00,"",0.00,302.00,294.00,268.00,1.00,2075.00,,,,,,
2016,7,4,1,2016-07-04,"AA",19805,"AA","709",14100,"PHL","Philadelphia, PA","PA",14771,"SFO","San Francisco, CA","CA","2025","2042",17.00,17.00,26.00,6.00,"2319","2337",18.00,18.00,0.00,"",0.00,354.00,355.00,323.00,1.00,2521.00,17.00,0.00,1.00,0.00,0.00,
2016,7,1,5,2016-07-01,"AA",19805,"AA","2125",11278,"DCA","Washington, DC","VA",12953,"LGA","New York, NY","NY","0800","0813",13.00,13.00,15.00,4.00,"0920","0913",-7.00,0.00,0.00,"",0.00,80.00,60.00,41.00,1.00,214.00,,,,,,
2016,7,1,5,2016-07-01,"AA",19805,"AA","2125",12953,"LGA","New York, NY","NY",11278,"DCA","Washington, DC","VA","1000","0955",-5.00,0.00,41.00,4.00,"1128","1124",-4.00,0.00,0.00,"",0.00,88.00,89.00,44.00,1.00,214.00,,,,,,
2016,7,1,5,2016-07-01,"AA",19805,"AA","2126",10721,"BOS","Boston, MA","MA",12953,"LGA","New York, NY","NY","0800","0754",-6.00,0.00,14.00,10.00,"0916","0900",-16.00,0.00,0.00,"",0.00,76.00,66.00,42.00,1.00,184.00,,,,,,
2016,7,1,5,2016-07-01,"AA",19805,"AA","2126",12953,"LGA","New York, NY","NY",10721,"BOS","Boston, MA","MA","0600","0601",1.00,1.00,13.00,6.00,"0702","0659",-3.00,0.00,0.00,"",0.00,62.00,58.00,39.00,1.00,184.00,,,,,,
2016,7,1,5,2016-07-01,"AA",19805,"AA","2127",10721,"BOS","Boston, MA","MA",11278,"DCA","Washington, DC","VA","0700","0652",-8.00,0.00,16.00,3.00,"0838","0821",-17.00,0.00,0.00,"",0.00,98.00,89.00,70.00,1.00,399.00,,,,,,
2016,7,1,5,2016-07-01,"AA",19805,"AA","2128",12953,"LGA","New York, NY","NY",10721,"BOS","Boston, MA","MA","2000","2150",110.00,110.00,50.00,5.00,"2114","2326",132.00,132.00,0.00,"",0.00,74.00,96.00,41.00,1.00,184.00,0.00,10.00,22.00,0.00,100.00,
2016,7,1,5,2016-07-01,"AA",19805,"AA","2129",10721,"BOS","Boston, MA","MA",11278,"DCA","Washington, DC","VA","1300","1254",-6.00,0.00,16.00,24.00,"1437","1451",14.00,14.00,0.00,"",0.00,97.00,117.00,77.00,1.00,399.00,,,,,,
2016,7,1,5,2016-07-01,"AA",19805,"AA","2129",11278,"DCA","Washington, DC","VA",10721,"BOS","Boston, MA","MA","1030","1026",-4.00,0.00,21.00,6.00,"1200","1202",2.00,2.00,0.00,"",0.00,90.00,96.00,69.00,1.00,399.00,,,,,,
2016,7,1,5,2016-07-01,"AA",19805,"AA","2130",10721,"BOS","Boston, MA","MA",11278,"DCA","Washington, DC","VA","1000","0956",-4.00,0.00,17.00,6.00,"1127","1129",2.00,2.00,0.00,"",0.00,87.00,93.00,70.00,1.00,399.00,,,,,,
2016,7,1,5,2016-07-01,"AA",19805,"AA","2130",11278,"DCA","Washington, DC","VA",10721,"BOS","Boston, MA","MA","0730","0726",-4.00,0.00,16.00,4.00,"0856","0856",0.00,0.00,0.00,"",0.00,86.00,90.00,70.00,1.00,399.00,,,,,,
2016,7,1,5,2016-07-01,"AA",19805,"AA","2131",10721,"BOS","Boston, MA","MA",12953,"LGA","New York, NY","NY","1500","1920",260.00,260.00,12.00,8.00,"1623","2028",245.00,245.00,0.00,"",0.00,83.00,68.00,48.00,1.00,184.00,0.00,0.00,245.00,0.00,0.00,
2016,7,1,5,2016-07-01,"AA",19805,"AA","2131",12953,"LGA","New York, NY","NY",10721,"BOS","Boston, MA","MA","1300","1256",-4.00,0.00,31.00,8.00,"1413","1412",-1.00,0.00,0.00,"",0.00,73.00,76.00,37.00,1.00,184.00,,,,,,
2016,7,1,5,2016-07-01,"AA",19805,"AA","2133",11278,"DCA","Washington, DC","VA",12953,"LGA","New York, NY","NY","0900","0853",-7.00,0.00,27.00,7.00,"1026","1011",-15.00,0.00,0.00,"",0.00,86.00,78.00,44.00,1.00,214.00,,,,,,
2016,7,1,5,2016-07-01,"AA",19805,"AA","2133",12953,"LGA","New York, NY","NY",11278,"DCA","Washington, DC","VA","1100","1052",-8.00,0.00,19.00,7.00,"1220","1204",-16.00,0.00,0.00,"",0.00,80.00,72.00,46.00,1.00,214.00,,,,,,
2016,7,1,5,2016-07-01,"AA",19805,"AA","2134",10721,"BOS","Boston, MA","MA",11278,"DCA","Washington, DC","VA","2100","2315",135.00,135.00,24.00,5.00,"2237","0102",145.00,145.00,0.00,"",0.00,97.00,107.00,78.00,1.00,399.00,0.00,0.00,145.00,0.00,0.00,
2016,7,1,5,2016-07-01,"AA",19805,"AA","2134",11278,"DCA","Washington, DC","VA",10721,"BOS","Boston, MA","MA","1830","2019",109.00,109.00,41.00,7.00,"2002","2230",148.00,148.00,0.00,"",0.00,92.00,131.00,83.00,1.00,399.00,0.00,0.00,148.00,0.00,0.00,
2016,7,1,5,2016-07-01,"AA",19805,"AA","2135",11278,"DCA","Washington, DC","VA",12953,"LGA","New York, NY","NY","1200","1158",-2.00,0.00,26.00,9.00,"1320","1313",-7.00,0.00,0.00,"",0.00,80.00,75.00,40.00,1.00,214.00,,,,,,
2016,7,1,5,2016-07-01,"AA",19805,"AA","2135",12953,"LGA","New York, NY","NY",11278,"DCA","Washington, DC","VA","1400","1357",-3.00,0.00,17.00,5.00,"1521","1527",6.00,6.00,0.00,"",0.00,81.00,90.00,68.00,1.00,214.00,,,,,,
2016,7,1,5,2016-07-01,"AA",19805,"AA","2136",10721,"BOS","Boston, MA","MA",12953,"LGA","New York, NY","NY","1200","1153",-7.00,0.00,17.00,11.00,"1316","1305",-11.00,0.00,0.00,"",0.00,76.00,72.00,44.00,1.00,184.00,,,,,,
2016,7,1,5,2016-07-01,"AA",19805,"AA","2136",12953,"LGA","New York, NY","NY",10721,"BOS","Boston, MA","MA","1000","0954",-6.00,0.00,38.00,9.00,"1120","1120",0.00,0.00,0.00,"",0.00,80.00,86.00,39.00,1.00,184.00,,,,,,
2016,7,1,5,2016-07-01,"AA",19805,"AA","2137",11278,"DCA","Washington, DC","VA",12953,"LGA","New York, NY","NY","0600","0556",-4.00,0.00,15.00,6.00,"0659","0657",-2.00,0.00,0.00,"",0.00,59.00,61.00,40.00,1.00,214.00,,,,,,
2016,7,1,5,2016-07-01,"AA",19805,"AA","2137",12953,"LGA","New York, NY","NY",11278,"DCA","Washington, DC","VA","0800","0757",-3.00,0.00,19.00,5.00,"0920","0911",-9.00,0.00,0.00,"",0.00,80.00,74.00,50.00,1.00,214.00,,,,,,
2016,7,1,5,2016-07-01,"AA",19805,"AA","2138",11278,"DCA","Washington, DC","VA",10721,"BOS","Boston, MA","MA","2200","2155",-5.00,0.00,72.00,7.00,"2325","0022",57.00,57.00,0.00,"",0.00,85.00,147.00,68.00,1.00,399.00,0.00,0.00,57.00,0.00,0.00,
2016,7,1,5,2016-07-01,"AA",19805,"AA","2139",10721,"BOS","Boston, MA","MA",11278,"DCA","Washington, DC","VA","1200","1154",-6.00,0.00,15.00,4.00,"1329","1338",9.00,9.00,0.00,"",0.00,89.00,104.00,85.00,1.00,399.00,,,,,,
2016,7,1,5,2016-07-01,"AA",19805,"AA","2139",11278,"DCA","Washington, DC","VA",10721,"BOS","Boston, MA","MA","0930","0926",-4.00,0.00,8.00,6.00,"1055","1045",-10.00,0.00,0.00,"",0.00,85.00,79.00,65.00,1.00,399.00,,,,,,
2016,7,1,5,2016-07-01,"AA",19805,"AA","2140",11278,"DCA","Washington, DC","VA",10721,"BOS","Boston, MA","MA","1930","2132",122.00,122.00,69.00,4.00,"2058","2352",174.00,174.00,0.00,"",0.00,88.00,140.00,67.00,1.00,399.00,0.00,0.00,174.00,0.00,0.00,
2016,7,1,5,2016-07-01,"AA",19805,"AA","2141",10721,"BOS","Boston, MA","MA",12953,"LGA","New York, NY","NY","1900","",,,,,"2022","",,,1.00,"C",0.00,82.00,,,1.00,184.00,,,,,,
2016,7,1,5,2016-07-01,"AA",19805,"AA","2141",12953,"LGA","New York, NY","NY",10721,"BOS","Boston, MA","MA","1700","",,,,,"1814","",,,1.00,"C",0.00,74.00,,,1.00,184.00,,,,,,
2016,7,1,5,2016-07-01,"AA",19805,"AA","2142",10721,"BOS","Boston, MA","MA",11278,"DCA","Washington, DC","VA","1500","1452",-8.00,0.00,142.00,9.00,"1638","1903",145.00,145.00,0.00,"",0.00,98.00,251.00,100.00,1.00,399.00,0.00,0.00,145.00,0.00,0.00,
2016,7,1,5,2016-07-01,"AA",19805,"AA","2142",11278,"DCA","Washington, DC","VA",10721,"BOS","Boston, MA","MA","1230","1228",-2.00,0.00,33.00,6.00,"1354","1409",15.00,15.00,0.00,"",0.00,84.00,101.00,62.00,1.00,399.00,0.00,0.00,15.00,0.00,0.00,
2016,7,1,5,2016-07-01,"AA",19805,"AA","2143",11278,"DCA","Washington, DC","VA",12953,"LGA","New York, NY","NY","1300","1257",-3.00,0.00,29.00,7.00,"1422","1414",-8.00,0.00,0.00,"",0.00,82.00,77.00,41.00,1.00,214.00,,,,,,
2016,7,1,5,2016-07-01,"AA",19805,"AA","2143",12953,"LGA","New York, NY","NY",11278,"DCA","Washington, DC","VA","1500","1946",286.00,286.00,,,"1625","",,,1.00,"B",0.00,85.00,,,1.00,214.00,,,,,,
2016,7,1,5,2016-07-01,"AA",19805,"AA","2144",11278,"DCA","Washington, DC","VA",12953,"LGA","New York, NY","NY","0700","0653",-7.00,0.00,19.00,13.00,"0817","0805",-12.00,0.00,0.00,"",0.00,77.00,72.00,40.00,1.00,214.00,,,,,,
2016,7,1,5,2016-07-01,"AA",19805,"AA","2144",12953,"LGA","New York, NY","NY",11278,"DCA","Washington, DC","VA","0900","0855",-5.00,0.00,35.00,5.00,"1022","1019",-3.00,0.00,0.00,"",0.00,82.00,84.00,44.00,1.00,214.00,,,,,,
2016,7,1,5,2016-07-01,"AA",19805,"AA","2145",11278,"DCA","Washington, DC","VA",12953,"LGA","New York, NY","NY","1600","1634",34.00,34.00,,,"1727","",,,1.00,"B",0.00,87.00,,,1.00,214.00,,,,,,
2016,7,1,5,2016-07-01,"AA",19805,"AA","2145",12953,"LGA","New York, NY","NY",11278,"DCA","Washington, DC","VA","1800","",,,,,"1927","",,,1.00,"B",0.00,87.00,,,1.00,214.00,,,,,,
2016,7,1,5,2016-07-01,"AA",19805,"AA","2146",10721,"BOS","Boston, MA","MA",12953,"LGA","New York, NY","NY","1600","",,,,,"1720","",,,1.00,"C",0.00,80.00,,,1.00,184.00,,,,,,
2016,7,1,5,2016-07-01,"AA",19805,"AA","2146",12953,"LGA","New York, NY","NY",10721,"BOS","Boston, MA","MA","1400","1352",-8.00,0.00,12.00,4.00,"1511","1445",-26.00,0.00,0.00,"",0.00,71.00,53.00,37.00,1.00,184.00,,,,,,
2016,7,1,5,2016-07-01,"AA",19805,"AA","2147",11278,"DCA","Washington, DC","VA",12953,"LGA","New York, NY","NY","1000","0957",-3.00,0.00,31.00,8.00,"1120","1118",-2.00,0.00,0.00,"",0.00,80.00,81.00,42.00,1.00,214.00,,,,,,
2016,7,1,5,2016-07-01,"AA",19805,"AA","2147",12953,"LGA","New York, NY","NY",11278,"DCA","Washington, DC","VA","1200","1158",-2.00,0.00,24.00,4.00,"1323","1311",-12.00,0.00,0.00,"",0.00,83.00,73.00,45.00,1.00,214.00,,,,,,
2016,7,1,5,2016-07-01,"AA",19805,"AA","2148",10721,"BOS","Boston, MA","MA",12953,"LGA","New York, NY","NY","0600","0555",-5.00,0.00,17.00,7.00,"0715","0701",-14.00,0.00,0.00,"",0.00,75.00,66.00,42.00,1.00,184.00,,,,,,
2016,7,1,5,2016-07-01,"AA",19805,"AA","2149",10721,"BOS","Boston, MA","MA",11278,"DCA","Washington, DC","VA","1700","1905",125.00,125.00,21.00,5.00,"1838","2045",127.00,127.00,0.00,"",0.00,98.00,100.00,74.00,1.00,399.00,0.00,0.00,127.00,0.00,0.00,
2016,7,1,5,2016-07-01,"AA",19805,"AA","2149",11278,"DCA","Washington, DC","VA",10721,"BOS","Boston, MA","MA","1430","1528",58.00,58.00,92.00,7.00,"1556","1829",153.00,153.00,0.00,"",0.00,86.00,181.00,82.00,1.00,399.00,58.00,0.00,95.00,0.00,0.00,
2016,7,1,5,2016-07-01,"AA",19805,"AA","2150",11278,"DCA","Washington, DC","VA",10721,"BOS","Boston, MA","MA","2100","2141",41.00,41.00,68.00,4.00,"2225","0002",97.00,97.00,0.00,"",0.00,85.00,141.00,69.00,1.00,399.00,0.00,0.00,97.00,0.00,0.00,
2016,7,1,5,2016-07-01,"AA",19805,"AA","2152",10721,"BOS","Boston, MA","MA",12953,"LGA","New York, NY","NY","0900","0851",-9.00,0.00,36.00,7.00,"1021","1017",-4.00,0.00,0.00,"",0.00,81.00,86.00,43.00,1.00,184.00,,,,,,
2016,7,1,5,2016-07-01,"AA",19805,"AA","2152",12953,"LGA","New York, NY","NY",10721,"BOS","Boston, MA","MA","0700","0655",-5.00,0.00,27.00,5.00,"0807","0807",0.00,0.00,0.00,"",0.00,67.00,72.00,40.00,1.00,184.00,,,,,,
2016,7,1,5,2016-07-01,"AA",19805,"AA","2153",11278,"DCA","Washington, DC","VA",12953,"LGA","New York, NY","NY","1700","",,,,,"1825","",,,1.00,"B",0.00,85.00,,,1.00,214.00,,,,,,
2016,7,1,5,2016-07-01,"AA",19805,"AA","2153",12953,"LGA","New York, NY","NY",11278,"DCA","Washington, DC","VA","1900","",,,,,"2023","",,,1.00,"C",0.00,83.00,,,1.00,214.00,,,,,,
2016,7,1,5,2016-07-01,"AA",19805,"AA","2154",11278,"DCA","Washington, DC","VA",12953,"LGA","New York, NY","NY","1100","1057",-3.00,0.00,19.00,15.00,"1216","1211",-5.00,0.00,0.00,"",0.00,76.00,74.00,40.00,1.00,214.00,,,,,,
2016,7,1,5,2016-07-01,"AA",19805,"AA","2154",12953,"LGA","New York, NY","NY",11278,"DCA","Washington, DC","VA","1300","1256",-4.00,0.00,14.00,13.00,"1424","1413",-11.00,0.00,0.00,"",0.00,84.00,77.00,50.00,1.00,214.00,,,,,,
2016,7,1,5,2016-07-01,"AA",19805,"AA","2156",12953,"LGA","New York, NY","NY",10721,"BOS","Boston, MA","MA","1800","",,,,,"1915","",,,1.00,"C",0.00,75.00,,,1.00,184.00,,,,,,
2016,7,1,5,2016-07-01,"AA",19805,"AA","2157",11278,"DCA","Washington, DC","VA",12953,"LGA","New York, NY","NY","1400","1357",-3.00,0.00,,,"1528","",,,1.00,"B",0.00,88.00,,,1.00,214.00,,,,,,
2016,7,1,5,2016-07-01,"AA",19805,"AA","2157",12953,"LGA","New York, NY","NY",11278,"DCA","Washington, DC","VA","1600","",,,,,"1730","",,,1.00,"B",0.00,90.00,,,1.00,214.00,,,,,,
2016,7,1,5,2016-07-01,"AA",19805,"AA","2158",10721,"BOS","Boston, MA","MA",12953,"LGA","New York, NY","NY","1000","0952",-8.00,0.00,25.00,5.00,"1117","1107",-10.00,0.00,0.00,"",0.00,77.00,75.00,45.00,1.00,184.00,,,,,,
2016,7,1,5,2016-07-01,"AA",19805,"AA","2158",12953,"LGA","New York, NY","NY",10721,"BOS","Boston, MA","MA","0800","0756",-4.00,0.00,18.00,7.00,"0906","0902",-4.00,0.00,0.00,"",0.00,66.00,66.00,41.00,1.00,184.00,,,,,,
2016,7,1,5,2016-07-01,"AA",19805,"AA","2159",10721,"BOS","Boston, MA","MA",11278,"DCA","Washington, DC","VA","0600","0551",-9.00,0.00,14.00,7.00,"0731","0720",-11.00,0.00,0.00,"",0.00,91.00,89.00,68.00,1.00,399.00,,,,,,
2016,7,1,5,2016-07-01,"AA",19805,"AA","2160",10721,"BOS","Boston, MA","MA",11278,"DCA","Washington, DC","VA","0900","0852",-8.00,0.00,12.00,8.00,"1028","1020",-8.00,0.00,0.00,"",0.00,88.00,88.00,68.00,1.00,399.00,,,,,,
2016,7,1,5,2016-07-01,"AA",19805,"AA","2160",11278,"DCA","Washington, DC","VA",10721,"BOS","Boston, MA","MA","0630","0626",-4.00,0.00,11.00,5.00,"0753","0748",-5.00,0.00,0.00,"",0.00,83.00,82.00,66.00,1.00,399.00,,,,,,
2016,7,1,5,2016-07-01,"AA",19805,"AA","2162",10721,"BOS","Boston, MA","MA",12953,"LGA","New York, NY","NY","1300","1251",-9.00,0.00,39.00,5.00,"1418","1420",2.00,2.00,0.00,"",0.00,78.00,89.00,45.00,1.00,184.00,,,,,,
2016,7,1,5,2016-07-01,"AA",19805,"AA","2162",12953,"LGA","New York, NY","NY",10721,"BOS","Boston, MA","MA","1100","1059",-1.00,0.00,22.00,3.00,"1219","1205",-14.00,0.00,0.00,"",0.00,79.00,66.00,41.00,1.00,184.00,,,,,,
2016,7,1,5,2016-07-01,"AA",19805,"AA","2164",11278,"DCA","Washington, DC","VA",12953,"LGA","New York, NY","NY","1500","",,,,,"1626","",,,1.00,"C",0.00,86.00,,,1.00,214.00,,,,,,
2016,7,1,5,2016-07-01,"AA",19805,"AA","2164",12953,"LGA","New York, NY","NY",11278,"DCA","Washington, DC","VA","1700","",,,,,"1828","",,,1.00,"C",0.00,88.00,,,1.00,214.00,,,,,,
2016,7,1,5,2016-07-01,"AA",19805,"AA","2165",10721,"BOS","Boston, MA","MA",12953,"LGA","New York, NY","NY","0630","0622",-8.00,0.00,13.00,6.00,"0745","0724",-21.00,0.00,0.00,"",0.00,75.00,62.00,43.00,1.00,184.00,,,,,,
2016,7,1,5,2016-07-01,"AA",19805,"AA","2167",11278,"DCA","Washington, DC","VA",12953,"LGA","New York, NY","NY","1800","1923",83.00,83.00,25.00,8.00,"1928","2058",90.00,90.00,0.00,"",0.00,88.00,95.00,62.00,1.00,214.00,0.00,83.00,7.00,0.00,0.00,
2016,7,1,5,2016-07-01,"AA",19805,"AA","2167",12953,"LGA","New York, NY","NY",11278,"DCA","Washington, DC","VA","2000","2148",108.00,108.00,73.00,5.00,"2124","0003",159.00,159.00,0.00,"",0.00,84.00,135.00,57.00,1.00,214.00,0.00,20.00,51.00,0.00,88.00,
2016,7,1,5,2016-07-01,"AA",19805,"AA","2168",10721,"BOS","Boston, MA","MA",12953,"LGA","New York, NY","NY","1400","1358",-2.00,0.00,46.00,8.00,"1518","1539",21.00,21.00,0.00,"",0.00,78.00,101.00,47.00,1.00,184.00,0.00,0.00,21.00,0.00,0.00,
2016,7,1,5,2016-07-01,"AA",19805,"AA","2168",12953,"LGA","New York, NY","NY",10721,"BOS","Boston, MA","MA","1200","1152",-8.00,0.00,34.00,4.00,"1315","1309",-6.00,0.00,0.00,"",0.00,75.00,77.00,39.00,1.00,184.00,,,,,,
2016,7,1,5,2016-07-01,"AA",19805,"AA","2169",10721,"BOS","Boston, MA","MA",11278,"DCA","Washington, DC","VA","1100","1053",-7.00,0.00,15.00,4.00,"1227","1221",-6.00,0.00,0.00,"",0.00,87.00,88.00,69.00,1.00,399.00,,,,,,
2016,7,1,5,2016-07-01,"AA",19805,"AA","2169",11278,"DCA","Washington, DC","VA",10721,"BOS","Boston, MA","MA","0830","0829",-1.00,0.00,19.00,3.00,"0956","0951",-5.00,0.00,0.00,"",0.00,86.00,82.00,60.00,1.00,399.00,,,,,,
2016,7,1,5,2016-07-01,"AA",19805,"AA","2170",10721,"BOS","Boston, MA","MA",11278,"DCA","Washington, DC","VA","1400","1355",-5.00,0.00,25.00,22.00,"1535","1550",15.00,15.00,0.00,"",0.00,95.00,115.00,68.00,1.00,399.00,0.00,0.00,15.00,0.00,0.00,
2016,7,1,5,2016-07-01,"AA",19805,"AA","2170",11278,"DCA","Washington, DC","VA",10721,"BOS","Boston, MA","MA","1130","1126",-4.00,0.00,17.00,6.00,"1255","1252",-3.00,0.00,0.00,"",0.00,85.00,86.00,63.00,1.00,399.00,,,,,,
2016,7,1,5,2016-07-01,"AA",19805,"AA","2171",10721,"BOS","Boston, MA","MA",12953,"LGA","New York, NY","NY","0700","0655",-5.00,0.00,18.00,6.00,"0820","0802",-18.00,0.00,0.00,"",0.00,80.00,67.00,43.00,1.00,184.00,,,,,,
2016,7,1,5,2016-07-01,"AA",19805,"AA","2172",10721,"BOS","Boston, MA","MA",12953,"LGA","New York, NY","NY","1700","1848",108.00,108.00,40.00,7.00,"1820","2020",120.00,120.00,0.00,"",0.00,80.00,92.00,45.00,1.00,184.00,0.00,0.00,120.00,0.00,0.00,
2016,7,1,5,2016-07-01,"AA",19805,"AA","2172",12953,"LGA","New York, NY","NY",10721,"BOS","Boston, MA","MA","1500","1456",-4.00,0.00,40.00,3.00,"1614","1617",3.00,3.00,0.00,"",0.00,74.00,81.00,38.00,1.00,184.00,,,,,,
2016,7,1,5,2016-07-01,"AA",19805,"AA","2173",10721,"BOS","Boston, MA","MA",11278,"DCA","Washington, DC","VA","0800","0753",-7.00,0.00,22.00,5.00,"0938","0931",-7.00,0.00,0.00,"",0.00,98.00,98.00,71.00,1.00,399.00,,,,,,
2016,7,1,5,2016-07-01,"AA",19805,"AA","2174",11278,"DCA","Washington, DC","VA",12953,"LGA","New York, NY","NY","1900","1945",45.00,45.00,31.00,82.00,"2026","2234",128.00,128.00,0.00,"",0.00,86.00,169.00,56.00,1.00,214.00,0.00,0.00,128.00,0.00,0.00,
2016,7,2,6,2016-07-02,"AA",19805,"AA","400",11057,"CLT","Charlotte, NC","NC",14107,"PHX","Phoenix, AZ","AZ","1750","1750",0.00,0.00,12.00,8.00,"1907","1855",-12.00,0.00,0.00,"",0.00,257.00,245.00,225.00,1.00,1773.00,,,,,,
2016,7,2,6,2016-07-02,"AA",19805,"AA","400",12953,"LGA","New York, NY","NY",11057,"CLT","Charlotte, NC","NC","1445","1440",-5.00,0.00,14.00,9.00,"1654","1627",-27.00,0.00,0.00,"",0.00,129.00,107.00,84.00,1.00,544.00,,,,,,
2016,7,2,6,2016-07-02,"AA",19805,"AA","400",14107,"PHX","Phoenix, AZ","AZ",14771,"SFO","San Francisco, CA","CA","2025","2039",14.00,14.00,15.00,8.00,"2226","2233",7.00,7.00,0.00,"",0.00,121.00,114.00,91.00,1.00,651.00,,,,,,
2016,7,2,6,2016-07-02,"AA",19805,"AA","402",12889,"LAS","Las Vegas, NV","NV",11298,"DFW","Dallas/Fort Worth, TX","TX","0115","0249",94.00,94.00,12.00,9.00,"0558","0721",83.00,83.00,0.00,"",0.00,163.00,152.00,131.00,1.00,1055.00,83.00,0.00,0.00,0.00,0.00,
2016,7,2,6,2016-07-02,"AA",19805,"AA","403",12339,"IND","Indianapolis, IN","IN",14107,"PHX","Phoenix, AZ","AZ","0600","0555",-5.00,0.00,16.00,3.00,"0640","0646",6.00,6.00,0.00,"",0.00,220.00,231.00,212.00,1.00,1488.00,,,,,,
2016,7,2,6,2016-07-02,"AA",19805,"AA","403",14107,"PHX","Phoenix, AZ","AZ",14771,"SFO","San Francisco, CA","CA","0744","0747",3.00,3.00,24.00,3.00,"0948","0946",-2.00,0.00,0.00,"",0.00,124.00,119.00,92.00,1.00,651.00,,,,,,
2016,7,2,6,2016-07-02,"AA",19805,"AA","404",11278,"DCA","Washington, DC","VA",11298,"DFW","Dallas/Fort Worth, TX","TX","0659","0658",-1.00,0.00,15.00,17.00,"0908","0909",1.00,1.00,0.00,"",0.00,189.00,191.00,159.00,1.00,1192.00,,,,,,
2016,7,2,6,2016-07-02,"AA",19805,"AA","404",11298,"DFW","Dallas/Fort Worth, TX","TX",14100,"PHL","Philadelphia, PA","PA","1030","1038",8.00,8.00,16.00,8.00,"1450","1446",-4.00,0.00,0.00,"",0.00,200.00,188.00,164.00,1.00,1303.00,,,,,,
2016,7,2,6,2016-07-02,"AA",19805,"AA","407",10721,"BOS","Boston, MA","MA",14107,"PHX","Phoenix, AZ","AZ","1015","1013",-2.00,0.00,19.00,3.00,"1243","1240",-3.00,0.00,0.00,"",0.00,328.00,327.00,305.00,1.00,2300.00,,,,,,
2016,7,2,6,2016-07-02,"AA",19805,"AA","407",14107,"PHX","Phoenix, AZ","AZ",14771,"SFO","San Francisco, CA","CA","1354","1353",-1.00,0.00,21.00,4.00,"1553","1558",5.00,5.00,0.00,"",0.00,119.00,125.00,100.00,1.00,651.00,,,,,,
2016,7,2,6,2016-07-02,"AA",19805,"AA","409",14107,"PHX","Phoenix, AZ","AZ",14679,"SAN","San Diego, CA","CA","1710","1708",-2.00,0.00,11.00,4.00,"1815","1809",-6.00,0.00,0.00,"",0.00,65.00,61.00,46.00,1.00,304.00,,,,,,
2016,7,2,6,2016-07-02,"AA",19805,"AA","410",12266,"IAH","Houston, TX","TX",14107,"PHX","Phoenix, AZ","AZ","0600","0558",-2.00,0.00,12.00,2.00,"0638","0628",-10.00,0.00,0.00,"",0.00,158.00,150.00,136.00,1.00,1009.00,,,,,,
2016,7,2,6,2016-07-02,"AA",19805,"AA","410",14107,"PHX","Phoenix, AZ","AZ",14908,"SNA","Santa Ana, CA","CA","0741","0741",0.00,0.00,15.00,5.00,"0858","0854",-4.00,0.00,0.00,"",0.00,77.00,73.00,53.00,1.00,338.00,,,,,,
2016,7,2,6,2016-07-02,"AA",19805,"AA","411",14869,"SLC","Salt Lake City, UT","UT",14107,"PHX","Phoenix, AZ","AZ","2020","2021",1.00,1.00,19.00,6.00,"2058","2100",2.00,2.00,0.00,"",0.00,98.00,99.00,74.00,1.00,507.00,,,,,,
2016,7,2,6,2016-07-02,"AA",19805,"AA","412",13891,"ONT","Ontario, CA","CA",14107,"PHX","Phoenix, AZ","AZ","1145","1146",1.00,1.00,10.00,4.00,"1300","1251",-9.00,0.00,0.00,"",0.00,75.00,65.00,51.00,1.00,325.00,,,,,,
2016,7,2,6,2016-07-02,"AA",19805,"AA","412",14107,"PHX","Phoenix, AZ","AZ",11433,"DTW","Detroit, MI","MI","1500","1506",6.00,6.00,9.00,7.00,"2148","2137",-11.00,0.00,0.00,"",0.00,228.00,211.00,195.00,1.00,1671.00,,,,,,
2016,7,2,6,2016-07-02,"AA",19805,"AA","413",10397,"ATL","Atlanta, GA","GA",14107,"PHX","Phoenix, AZ","AZ","1155","1152",-3.00,0.00,13.00,9.00,"1243","1236",-7.00,0.00,0.00,"",0.00,228.00,224.00,202.00,1.00,1587.00,,,,,,
2016,7,2,6,2016-07-02,"AA",19805,"AA","413",10721,"BOS","Boston, MA","MA",11057,"CLT","Charlotte, NC","NC","0605","0559",-6.00,0.00,15.00,7.00,"0824","0807",-17.00,0.00,0.00,"",0.00,139.00,128.00,106.00,1.00,728.00,,,,,,
2016,7,2,6,2016-07-02,"AA",19805,"AA","413",11057,"CLT","Charlotte, NC","NC",10397,"ATL","Atlanta, GA","GA","0940","0938",-2.00,0.00,27.00,8.00,"1101","1056",-5.00,0.00,0.00,"",0.00,81.00,78.00,43.00,1.00,226.00,,,,,,
2016,7,2,6,2016-07-02,"AA",19805,"AA","413",14107,"PHX","Phoenix, AZ","AZ",14747,"SEA","Seattle, WA","WA","1358","1356",-2.00,0.00,21.00,7.00,"1654","1652",-2.00,0.00,0.00,"",0.00,176.00,176.00,148.00,1.00,1107.00,,,,,,
2016,7,2,6,2016-07-02,"AA",19805,"AA","414",12892,"LAX","Los Angeles, CA","CA",10693,"BNA","Nashville, TN","TN","2235","2242",7.00,7.00,16.00,3.00,"0441","0427",-14.00,0.00,0.00,"",0.00,246.00,225.00,206.00,1.00,1797.00,,,,,,
2016,7,2,6,2016-07-02,"AA",19805,"AA","415",14107,"PHX","Phoenix, AZ","AZ",13930,"ORD","Chicago, IL","IL","0045","0045",0.00,0.00,17.00,5.00,"0611","0559",-12.00,0.00,0.00,"",0.00,206.00,194.00,172.00,1.00,1440.00,,,,,,
2016,7,2,6,2016-07-02,"AA",19805,"AA","416",11057,"CLT","Charlotte, NC","NC",11697,"FLL","Fort Lauderdale, FL","FL","2000","2046",46.00,46.00,11.00,3.00,"2154","2226",32.00,32.00,0.00,"",0.00,114.00,100.00,86.00,1.00,632.00,19.00,0.00,0.00,0.00,13.00,
2016,7,2,6,2016-07-02,"AA",19805,"AA","416",14771,"SFO","San Francisco, CA","CA",11057,"CLT","Charlotte, NC","NC","1055","1122",27.00,27.00,20.00,17.00,"1859","1924",25.00,25.00,0.00,"",0.00,304.00,302.00,265.00,1.00,2296.00,0.00,0.00,0.00,0.00,25.00,
2016,7,2,6,2016-07-02,"AA",19805,"AA","418",11278,"DCA","Washington, DC","VA",13204,"MCO","Orlando, FL","FL","0655","0653",-2.00,0.00,13.00,8.00,"0911","0859",-12.00,0.00,0.00,"",0.00,136.00,126.00,105.00,1.00,759.00,,,,,,
2016,7,2,6,2016-07-02,"AA",19805,"AA","418",13204,"MCO","Orlando, FL","FL",11278,"DCA","Washington, DC","VA","1015","1012",-3.00,0.00,13.00,3.00,"1224","1212",-12.00,0.00,0.00,"",0.00,129.00,120.00,104.00,1.00,759.00,,,,,,
2016,7,2,6,2016-07-02,"AA",19805,"AA","422",14107,"PHX","Phoenix, AZ","AZ",13871,"OMA","Omaha, NE","NE","1845","1842",-3.00,0.00,8.00,5.00,"2317","2303",-14.00,0.00,0.00,"",0.00,152.00,141.00,128.00,1.00,1037.00,,,,,,
2016,7,2,6,2016-07-02,"AA",19805,"AA","423",14107,"PHX","Phoenix, AZ","AZ",11057,"CLT","Charlotte, NC","NC","0115","0146",31.00,31.00,12.00,8.00,"0815","0829",14.00,14.00,0.00,"",0.00,240.00,223.00,203.00,1.00,1773.00,,,,,,
2016,7,2,6,2016-07-02,"AA",19805,"AA","426",10693,"BNA","Nashville, TN","TN",12892,"LAX","Los Angeles, CA","CA","0630","0629",-1.00,0.00,12.00,11.00,"0855","0843",-12.00,0.00,0.00,"",0.00,265.00,254.00,231.00,1.00,1797.00,,,,,,
2016,7,2,6,2016-07-02,"AA",19805,"AA","428",11057,"CLT","Charlotte, NC","NC",11292,"DEN","Denver, CO","CO","0735","0732",-3.00,0.00,13.00,5.00,"0904","0916",12.00,12.00,0.00,"",0.00,209.00,224.00,206.00,1.00,1337.00,,,,,,
2016,7,2,6,2016-07-02,"AA",19805,"AA","428",11292,"DEN","Denver, CO","CO",11057,"CLT","Charlotte, NC","NC","1005","1007",2.00,2.00,17.00,4.00,"1524","1516",-8.00,0.00,0.00,"",0.00,199.00,189.00,168.00,1.00,1337.00,,,,,,
2016,7,2,6,2016-07-02,"AA",19805,"AA","430",11884,"GEG","Spokane, WA","WA",14107,"PHX","Phoenix, AZ","AZ","1510","1502",-8.00,0.00,10.00,5.00,"1747","1730",-17.00,0.00,0.00,"",0.00,157.00,148.00,133.00,1.00,1020.00,,,,,,
2016,7,2,6,2016-07-02,"AA",19805,"AA","430",14107,"PHX","Phoenix, AZ","AZ",11433,"DTW","Detroit, MI","MI","1847","1848",1.00,1.00,16.00,6.00,"0137","0125",-12.00,0.00,0.00,"",0.00,230.00,217.00,195.00,1.00,1671.00,,,,,,
2016,7,2,6,2016-07-02,"AA",19805,"AA","431",11298,"DFW","Dallas/Fort Worth, TX","TX",12889,"LAS","Las Vegas, NV","NV","2040","2034",-6.00,0.00,18.00,7.00,"2131","2116",-15.00,0.00,0.00,"",0.00,171.00,162.00,137.00,1.00,1055.00,,,,,,
2016,7,2,6,2016-07-02,"AA",19805,"AA","431",12889,"LAS","Las Vegas, NV","NV",11057,"CLT","Charlotte, NC","NC","2259","2255",-4.00,0.00,18.00,9.00,"0608","0616",8.00,8.00,0.00,"",0.00,249.00,261.00,234.00,1.00,1916.00,,,,,,
2016,7,2,6,2016-07-02,"AA",19805,"AA","432",14107,"PHX","Phoenix, AZ","AZ",13830,"OGG","Kahului, HI","HI","1040","1035",-5.00,0.00,17.00,7.00,"1410","1411",1.00,1.00,0.00,"",0.00,390.00,396.00,372.00,1.00,2845.00,,,,,,
2016,7,2,6,2016-07-02,"AA",19805,"AA","433",11278,"DCA","Washington, DC","VA",14107,"PHX","Phoenix, AZ","AZ","0710","0703",-7.00,0.00,19.00,11.00,"0909","0900",-9.00,0.00,0.00,"",0.00,299.00,297.00,267.00,1.00,1979.00,,,,,,
2016,7,2,6,2016-07-02,"AA",19805,"AA","433",14107,"PHX","Phoenix, AZ","AZ",14771,"SFO","San Francisco, CA","CA","1017","1019",2.00,2.00,24.00,5.00,"1223","1219",-4.00,0.00,0.00,"",0.00,126.00,120.00,91.00,1.00,651.00,,,,,,
2016,7,2,6,2016-07-02,"AA",19805,"AA","434",14771,"SFO","San Francisco, CA","CA",14100,"PHL","Philadelphia, PA","PA","2150","2150",0.00,0.00,18.00,5.00,"0601","0551",-10.00,0.00,0.00,"",0.00,311.00,301.00,278.00,1.00,2521.00,,,,,,
2016,7,2,6,2016-07-02,"AA",19805,"AA","437",13930,"ORD","Chicago, IL","IL",14100,"PHL","Philadelphia, PA","PA","2155","2150",-5.00,0.00,12.00,5.00,"0058","0028",-30.00,0.00,0.00,"",0.00,123.00,98.00,81.00,1.00,678.00,,,,,,
2016,7,2,6,2016-07-02,"AA",19805,"AA","437",14107,"PHX","Phoenix, AZ","AZ",13930,"ORD","Chicago, IL","IL","1520","1518",-2.00,0.00,12.00,10.00,"2052","2038",-14.00,0.00,0.00,"",0.00,212.00,200.00,178.00,1.00,1440.00,,,,,,
2016,7,2,6,2016-07-02,"AA",19805,"AA","438",11298,"DFW","Dallas/Fort Worth, TX","TX",14747,"SEA","Seattle, WA","WA","2225","2225",0.00,0.00,16.00,8.00,"0039","0024",-15.00,0.00,0.00,"",0.00,254.00,239.00,215.00,1.00,1660.00,,,,,,
2016,7,2,6,2016-07-02,"AA",19805,"AA","438",14107,"PHX","Phoenix, AZ","AZ",11298,"DFW","Dallas/Fort Worth, TX","TX","1645","1640",-5.00,0.00,8.00,9.00,"2108","2052",-16.00,0.00,0.00,"",0.00,143.00,132.00,115.00,1.00,868.00,,,,,,
2016,7,2,6,2016-07-02,"AA",19805,"AA","440",14869,"SLC","Salt Lake City, UT","UT",14107,"PHX","Phoenix, AZ","AZ","1055","1105",10.00,10.00,13.00,3.00,"1127","1130",3.00,3.00,0.00,"",0.00,92.00,85.00,69.00,1.00,507.00,,,,,,
2016,7,2,6,2016-07-02,"AA",19805,"AA","442",14747,"SEA","Seattle, WA","WA",14107,"PHX","Phoenix, AZ","AZ","1759","1751",-8.00,0.00,13.00,12.00,"2052","2032",-20.00,0.00,0.00,"",0.00,173.00,161.00,136.00,1.00,1107.00,,,,,,
2016,7,2,6,2016-07-02,"AA",19805,"AA","445",11057,"CLT","Charlotte, NC","NC",11292,"DEN","Denver, CO","CO","0930","0938",8.00,8.00,23.00,6.00,"1104","1108",4.00,4.00,0.00,"",0.00,214.00,210.00,181.00,1.00,1337.00,,,,,,
2016,7,2,6,2016-07-02,"AA",19805,"AA","447",11057,"CLT","Charlotte, NC","NC",14679,"SAN","San Diego, CA","CA","1625","1622",-3.00,0.00,15.00,4.00,"1816","1805",-11.00,0.00,0.00,"",0.00,291.00,283.00,264.00,1.00,2077.00,,,,,,
2016,7,2,6,2016-07-02,"AA",19805,"AA","448",11298,"DFW","Dallas/Fort Worth, TX","TX",14107,"PHX","Phoenix, AZ","AZ","0850","0849",-1.00,0.00,21.00,5.00,"0919","0921",2.00,2.00,0.00,"",0.00,149.00,152.00,126.00,1.00,868.00,,,,,,
2016,7,2,6,2016-07-02,"AA",19805,"AA","449",14107,"PHX","Phoenix, AZ","AZ",10713,"BOI","Boise, ID","ID","2007","2001",-6.00,0.00,13.00,5.00,"2309","2259",-10.00,0.00,0.00,"",0.00,122.00,118.00,100.00,1.00,735.00,,,,,,
2016,7,2,6,2016-07-02,"AA",19805,"AA","449",14122,"PIT","Pittsburgh, PA","PA",14107,"PHX","Phoenix, AZ","AZ","1740","1733",-7.00,0.00,9.00,7.00,"1903","1853",-10.00,0.00,0.00,"",0.00,263.00,260.00,244.00,1.00,1814.00,,,,,,
2016,7,2,6,2016-07-02,"AA",19805,"AA","450",12889,"LAS","Las Vegas, NV","NV",14107,"PHX","Phoenix, AZ","AZ","1200","1320",80.00,80.00,19.00,5.00,"1309","1430",81.00,81.00,0.00,"",0.00,69.00,70.00,46.00,1.00,255.00,0.00,0.00,1.00,0.00,80.00,
2016,7,2,6,2016-07-02,"AA",19805,"AA","451",11057,"CLT","Charlotte, NC","NC",14869,"SLC","Salt Lake City, UT","UT","2010","2005",-5.00,0.00,15.00,4.00,"2231","2222",-9.00,0.00,0.00,"",0.00,261.00,257.00,238.00,1.00,1727.00,,,,,,
2016,7,2,6,2016-07-02,"AA",19805,"AA","454",14107,"PHX","Phoenix, AZ","AZ",14869,"SLC","Salt Lake City, UT","UT","2018","2013",-5.00,0.00,13.00,4.00,"2255","2244",-11.00,0.00,0.00,"",0.00,97.00,91.00,74.00,1.00,507.00,,,,,,
2016,7,2,6,2016-07-02,"AA",19805,"AA","454",14771,"SFO","San Francisco, CA","CA",14107,"PHX","Phoenix, AZ","AZ","1700","1654",-6.00,0.00,10.00,8.00,"1903","1845",-18.00,0.00,0.00,"",0.00,123.00,111.00,93.00,1.00,651.00,,,,,,
2016,7,2,6,2016-07-02,"AA",19805,"AA","454",14869,"SLC","Salt Lake City, UT","UT",14100,"PHL","Philadelphia, PA","PA","2359","2356",-3.00,0.00,19.00,6.00,"0604","0551",-13.00,0.00,0.00,"",0.00,245.00,235.00,210.00,1.00,1927.00,,,,,,
2016,7,2,6,2016-07-02,"AA",19805,"AA","455",14107,"PHX","Phoenix, AZ","AZ",14869,"SLC","Salt Lake City, UT","UT","0730","0743",13.00,13.00,18.00,12.00,"1009","1023",14.00,14.00,0.00,"",0.00,99.00,100.00,70.00,1.00,507.00,,,,,,
2016,7,2,6,2016-07-02,"AA",19805,"AA","456",14107,"PHX","Phoenix, AZ","AZ",14869,"SLC","Salt Lake City, UT","UT","1656","1659",3.00,3.00,11.00,6.00,"1928","1932",4.00,4.00,0.00,"",0.00,92.00,93.00,76.00,1.00,507.00,,,,,,
2016,7,2,6,2016-07-02,"AA",19805,"AA","456",15016,"STL","St. Louis, MO","MO",14107,"PHX","Phoenix, AZ","AZ","1440","1439",-1.00,0.00,11.00,7.00,"1550","1551",1.00,1.00,0.00,"",0.00,190.00,192.00,174.00,1.00,1262.00,,,,,,
2016,7,2,6,2016-07-02,"AA",19805,"AA","457",13204,"MCO","Orlando, FL","FL",14107,"PHX","Phoenix, AZ","AZ","0735","0755",20.00,20.00,10.00,14.00,"0907","0908",1.00,1.00,0.00,"",0.00,272.00,253.00,229.00,1.00,1849.00,,,,,,
2016,7,2,6,2016-07-02,"AA",19805,"AA","458",14679,"SAN","San Diego, CA","CA",11057,"CLT","Charlotte, NC","NC","0900","0904",4.00,4.00,16.00,11.00,"1641","1634",-7.00,0.00,0.00,"",0.00,281.00,270.00,243.00,1.00,2077.00,,,,,,
2016,7,2,6,2016-07-02,"AA",19805,"AA","459",14107,"PHX","Phoenix, AZ","AZ",11292,"DEN","Denver, CO","CO","0839","1007",88.00,88.00,23.00,5.00,"1128","1253",85.00,85.00,0.00,"",0.00,109.00,106.00,78.00,1.00,602.00,76.00,0.00,0.00,0.00,9.00,
2016,7,2,6,2016-07-02,"AA",19805,"AA","460",12339,"IND","Indianapolis, IN","IN",12892,"LAX","Los Angeles, CA","CA","1710","1705",-5.00,0.00,18.00,8.00,"1838","1855",17.00,17.00,0.00,"",0.00,268.00,290.00,264.00,1.00,1814.00,0.00,0.00,17.00,0.00,0.00,
2016,7,2,6,2016-07-02,"AA",19805,"AA","460",14107,"PHX","Phoenix, AZ","AZ",12339,"IND","Indianapolis, IN","IN","0851","0849",-2.00,0.00,22.00,4.00,"1525","1514",-11.00,0.00,0.00,"",0.00,214.00,205.00,179.00,1.00,1488.00,,,,,,
2016,7,2,6,2016-07-02,"AA",19805,"AA","461",11057,"CLT","Charlotte, NC","NC",14771,"SFO","San Francisco, CA","CA","0924","0923",-1.00,0.00,16.00,8.00,"1146","1133",-13.00,0.00,0.00,"",0.00,322.00,310.00,286.00,1.00,2296.00,,,,,,
2016,7,2,6,2016-07-02,"AA",19805,"AA","461",13204,"MCO","Orlando, FL","FL",11057,"CLT","Charlotte, NC","NC","0635","0628",-7.00,0.00,11.00,9.00,"0816","0803",-13.00,0.00,0.00,"",0.00,101.00,95.00,75.00,1.00,468.00,,,,,,
2016,7,2,6,2016-07-02,"AA",19805,"AA","462",11292,"DEN","Denver, CO","CO",14100,"PHL","Philadelphia, PA","PA","1120","1110",-10.00,0.00,12.00,5.00,"1701","1624",-37.00,0.00,0.00,"",0.00,221.00,194.00,177.00,1.00,1558.00,,,,,,
2016,7,2,6,2016-07-02,"AA",19805,"AA","463",10397,"ATL","Atlanta, GA","GA",11057,"CLT","Charlotte, NC","NC","1715","1720",5.00,5.00,14.00,9.00,"1845","1827",-18.00,0.00,0.00,"",0.00,90.00,67.00,44.00,1.00,226.00,,,,,,
2016,7,2,6,2016-07-02,"AA",19805,"AA","463",11057,"CLT","Charlotte, NC","NC",14307,"PVD","Providence, RI","RI","1935","1952",17.00,17.00,13.00,3.00,"2129","2140",11.00,11.00,0.00,"",0.00,114.00,108.00,92.00,1.00,683.00,,,,,,
2016,7,2,6,2016-07-02,"AA",19805,"AA","464",12889,"LAS","Las Vegas, NV","NV",14107,"PHX","Phoenix, AZ","AZ","1945","1939",-6.00,0.00,14.00,4.00,"2052","2042",-10.00,0.00,0.00,"",0.00,67.00,63.00,45.00,1.00,255.00,,,,,,
2016,7,2,6,2016-07-02,"AA",19805,"AA","464",14107,"PHX","Phoenix, AZ","AZ",11298,"DFW","Dallas/Fort Worth, TX","TX","2150","2144",-6.00,0.00,10.00,4.00,"0210","0143",-27.00,0.00,0.00,"",0.00,140.00,119.00,105.00,1.00,868.00,,,,,,
2016,7,2,6,2016-07-02,"AA",19805,"AA","465",11298,"DFW","Dallas/Fort Worth, TX","TX",14107,"PHX","Phoenix, AZ","AZ","0605","0614",9.00,9.00,19.00,7.00,"0626","0640",14.00,14.00,0.00,"",0.00,141.00,146.00,120.00,1.00,868.00,,,,,,
2016,7,2,6,2016-07-02,"AA",19805,"AA","465",14107,"PHX","Phoenix, AZ","AZ",13930,"ORD","Chicago, IL","IL","0730","0733",3.00,3.00,19.00,15.00,"1307","1308",1.00,1.00,0.00,"",0.00,217.00,215.00,181.00,1.00,1440.00,,,,,,
2016,7,2,6,2016-07-02,"AA",19805,"AA","466",11057,"CLT","Charlotte, NC","NC",14893,"SMF","Sacramento, CA","CA","2006","2103",57.00,57.00,26.00,10.00,"2220","2324",64.00,64.00,0.00,"",0.00,314.00,321.00,285.00,1.00,2244.00,20.00,0.00,7.00,0.00,37.00,
2016,7,2,6,2016-07-02,"AA",19805,"AA","467",12892,"LAX","Los Angeles, CA","CA",14492,"RDU","Raleigh/Durham, NC","NC","2105","2100",-5.00,0.00,26.00,42.00,"0505","0534",29.00,29.00,0.00,"",0.00,300.00,334.00,266.00,1.00,2238.00,0.00,0.00,29.00,0.00,0.00,
2016,7,2,6,2016-07-02,"AA",19805,"AA","468",14492,"RDU","Raleigh/Durham, NC","NC",12892,"LAX","Los Angeles, CA","CA","0745","0744",-1.00,0.00,14.00,12.00,"1006","0959",-7.00,0.00,0.00,"",0.00,321.00,315.00,289.00,1.00,2238.00,,,,,,
2016,7,2,6,2016-07-02,"AA",19805,"AA","470",11057,"CLT","Charlotte, NC","NC",14679,"SAN","San Diego, CA","CA","1815","1812",-3.00,0.00,17.00,4.00,"2005","1952",-13.00,0.00,0.00,"",0.00,290.00,280.00,259.00,1.00,2077.00,,,,,,
2016,7,2,6,2016-07-02,"AA",19805,"AA","471",13487,"MSP","Minneapolis, MN","MN",14100,"PHL","Philadelphia, PA","PA","1440","1432",-8.00,0.00,16.00,6.00,"1811","1749",-22.00,0.00,0.00,"",0.00,151.00,137.00,115.00,1.00,980.00,,,,,,
2016,7,2,6,2016-07-02,"AA",19805,"AA","473",11298,"DFW","Dallas/Fort Worth, TX","TX",10713,"BOI","Boise, ID","ID","1645","1640",-5.00,0.00,23.00,5.00,"1907","1859",-8.00,0.00,0.00,"",0.00,202.00,199.00,171.00,1.00,1272.00,,,,,,
2016,7,2,6,2016-07-02,"AA",19805,"AA","473",12266,"IAH","Houston, TX","TX",11298,"DFW","Dallas/Fort Worth, TX","TX","1428","1423",-5.00,0.00,9.00,9.00,"1539","1521",-18.00,0.00,0.00,"",0.00,71.00,58.00,40.00,1.00,224.00,,,,,,
2016,7,2,6,2016-07-02,"AA",19805,"AA","473",14107,"PHX","Phoenix, AZ","AZ",12266,"IAH","Houston, TX","TX","0850","0847",-3.00,0.00,30.00,4.00,"1338","1336",-2.00,0.00,0.00,"",0.00,168.00,169.00,135.00,1.00,1009.00,,,,,,
2016,7,2,6,2016-07-02,"AA",19805,"AA","474",14107,"PHX","Phoenix, AZ","AZ",13487,"MSP","Minneapolis, MN","MN","0844","0915",31.00,31.00,23.00,4.00,"1348","1413",25.00,25.00,0.00,"",0.00,184.00,178.00,151.00,1.00,1276.00,25.00,0.00,0.00,0.00,0.00,
2016,7,2,6,2016-07-02,"AA",19805,"AA","475",12451,"JAX","Jacksonville, FL","FL",11057,"CLT","Charlotte, NC","NC","0705","0700",-5.00,0.00,11.00,11.00,"0827","0818",-9.00,0.00,0.00,"",0.00,82.00,78.00,56.00,1.00,328.00,,,,,,
2016,7,2,6,2016-07-02,"AA",19805,"AA","476",14893,"SMF","Sacramento, CA","CA",11057,"CLT","Charlotte, NC","NC","2259","2320",21.00,21.00,13.00,7.00,"0640","0700",20.00,20.00,0.00,"",0.00,281.00,280.00,260.00,1.00,2244.00,19.00,0.00,0.00,0.00,1.00,
2016,7,2,6,2016-07-02,"AA",19805,"AA","477",14107,"PHX","Phoenix, AZ","AZ",12266,"IAH","Houston, TX","TX","1854","1848",-6.00,0.00,14.00,8.00,"2334","2315",-19.00,0.00,0.00,"",0.00,160.00,147.00,125.00,1.00,1009.00,,,,,,
2016,7,2,6,2016-07-02,"AA",19805,"AA","479",11057,"CLT","Charlotte, NC","NC",14831,"SJC","San Jose, CA","CA","1835","1829",-6.00,0.00,14.00,4.00,"2105","2044",-21.00,0.00,0.00,"",0.00,330.00,315.00,297.00,1.00,2274.00,,,,,,
2016,7,2,6,2016-07-02,"AA",19805,"AA","480",14831,"SJC","San Jose, CA","CA",11057,"CLT","Charlotte, NC","NC","2215","2210",-5.00,0.00,10.00,8.00,"0619","0611",-8.00,0.00,0.00,"",0.00,304.00,301.00,283.00,1.00,2274.00,,,,,,
2016,7,2,6,2016-07-02,"AA",19805,"AA","481",11057,"CLT","Charlotte, NC","NC",14107,"PHX","Phoenix, AZ","AZ","2215","2210",-5.00,0.00,12.00,3.00,"2333","2310",-23.00,0.00,0.00,"",0.00,258.00,240.00,225.00,1.00,1773.00,,,,,,
2016,7,2,6,2016-07-02,"AA",19805,"AA","482",13930,"ORD","Chicago, IL","IL",14100,"PHL","Philadelphia, PA","PA","1852","1851",-1.00,0.00,17.00,4.00,"2200","2139",-21.00,0.00,0.00,"",0.00,128.00,108.00,87.00,1.00,678.00,,,,,,
2016,7,2,6,2016-07-02,"AA",19805,"AA","482",14100,"PHL","Philadelphia, PA","PA",13930,"ORD","Chicago, IL","IL","1620","1637",17.00,17.00,11.00,17.00,"1751","1750",-1.00,0.00,0.00,"",0.00,151.00,133.00,105.00,1.00,678.00,,,,,,
2016,7,2,6,2016-07-02,"AA",19805,"AA","484",13487,"MSP","Minneapolis, MN","MN",14107,"PHX","Phoenix, AZ","AZ","1440","1458",18.00,18.00,22.00,7.00,"1553","1614",21.00,21.00,0.00,"",0.00,193.00,196.00,167.00,1.00,1276.00,0.00,0.00,3.00,0.00,18.00,
2016,7,2,6,2016-07-02,"AA",19805,"AA","485",13871,"OMA","Omaha, NE","NE",12892,"LAX","Los Angeles, CA","CA","0725","0724",-1.00,0.00,15.00,10.00,"0900","0851",-9.00,0.00,0.00,"",0.00,215.00,207.00,182.00,1.00,1330.00,,,,,,
2016,7,2,6,2016-07-02,"AA",19805,"AA","486",14107,"PHX","Phoenix, AZ","AZ",13930,"ORD","Chicago, IL","IL","1856","1914",18.00,18.00,16.00,6.00,"0027","0032",5.00,5.00,0.00,"",0.00,211.00,198.00,176.00,1.00,1440.00,,,,,,
2016,7,2,6,2016-07-02,"AA",19805,"AA","486",14771,"SFO","San Francisco, CA","CA",14107,"PHX","Phoenix, AZ","AZ","1550","1549",-1.00,0.00,28.00,9.00,"1751","1759",8.00,8.00,0.00,"",0.00,121.00,130.00,93.00,1.00,651.00,,,,,,
2016,7,2,6,2016-07-02,"AA",19805,"AA","487",11057,"CLT","Charlotte, NC","NC",14679,"SAN","San Diego, CA","CA","0800","0755",-5.00,0.00,14.00,4.00,"0951","0944",-7.00,0.00,0.00,"",0.00,291.00,289.00,271.00,1.00,2077.00,,,,,,
2016,7,2,6,2016-07-02,"AA",19805,"AA","487",14679,"SAN","San Diego, CA","CA",11057,"CLT","Charlotte, NC","NC","1100","1054",-6.00,0.00,27.00,9.00,"1849","1844",-5.00,0.00,0.00,"",0.00,289.00,290.00,254.00,1.00,2077.00,,,,,,
2016,7,2,6,2016-07-02,"AA",19805,"AA","489",11884,"GEG","Spokane, WA","WA",14107,"PHX","Phoenix, AZ","AZ","0845","0844",-1.00,0.00,11.00,4.00,"1119","1111",-8.00,0.00,0.00,"",0.00,154.00,147.00,132.00,1.00,1020.00,,,,,,
2016,7,2,6,2016-07-02,"AA",19805,"AA","489",14107,"PHX","Phoenix, AZ","AZ",14122,"PIT","Pittsburgh, PA","PA","1350","1346",-4.00,0.00,14.00,4.00,"2050","2021",-29.00,0.00,0.00,"",0.00,240.00,215.00,197.00,1.00,1814.00,,,,,,
2016,7,2,6,2016-07-02,"AA",19805,"AA","492",10397,"ATL","Atlanta, GA","GA",11057,"CLT","Charlotte, NC","NC","0855","",,,,,"1017","",,,1.00,"A",0.00,82.00,,,1.00,226.00,,,,,,
2016,7,2,6,2016-07-02,"AA",19805,"AA","492",11057,"CLT","Charlotte, NC","NC",14107,"PHX","Phoenix, AZ","AZ","1125","1130",5.00,5.00,13.00,6.00,"1240","1235",-5.00,0.00,0.00,"",0.00,255.00,245.00,226.00,1.00,1773.00,,,,,,
2016,7,2,6,2016-07-02,"AA",19805,"AA","492",14107,"PHX","Phoenix, AZ","AZ",13930,"ORD","Chicago, IL","IL","1419","1521",62.00,62.00,15.00,12.00,"1952","2052",60.00,60.00,0.00,"",0.00,213.00,211.00,184.00,1.00,1440.00,0.00,0.00,0.00,0.00,60.00,
2016,7,2,6,2016-07-02,"AA",19805,"AA","493",11423,"DSM","Des Moines, IA","IA",14107,"PHX","Phoenix, AZ","AZ","0759","0749",-10.00,0.00,23.00,4.00,"0857","0903",6.00,6.00,0.00,"",0.00,178.00,194.00,167.00,1.00,1150.00,,,,,,
2016,7,2,6,2016-07-02,"AA",19805,"AA","493",14107,"PHX","Phoenix, AZ","AZ",13796,"OAK","Oakland, CA","CA","0949","0951",2.00,2.00,14.00,5.00,"1143","1144",1.00,1.00,0.00,"",0.00,114.00,113.00,94.00,1.00,646.00,,,,,,
2016,7,2,6,2016-07-02,"AA",19805,"AA","494",11057,"CLT","Charlotte, NC","NC",14107,"PHX","Phoenix, AZ","AZ","1620","1711",51.00,51.00,12.00,4.00,"1742","1813",31.00,31.00,0.00,"",0.00,262.00,242.00,226.00,1.00,1773.00,31.00,0.00,0.00,0.00,0.00,
2016,7,2,6,2016-07-02,"AA",19805,"AA","495",14107,"PHX","Phoenix, AZ","AZ",12892,"LAX","Los Angeles, CA","CA","1001","1026",25.00,25.00,18.00,9.00,"1135","1151",16.00,16.00,0.00,"",0.00,94.00,85.00,58.00,1.00,370.00,16.00,0.00,0.00,0.00,0.00,
2016,7,2,6,2016-07-02,"AA",19805,"AA","498",14107,"PHX","Phoenix, AZ","AZ",11278,"DCA","Washington, DC","VA","1445","1513",28.00,28.00,24.00,3.00,"2159","2228",29.00,29.00,0.00,"",0.00,254.00,255.00,228.00,1.00,1979.00,0.00,0.00,1.00,0.00,28.00,
2016,7,2,6,2016-07-02,"AA",19805,"AA","498",14771,"SFO","San Francisco, CA","CA",14107,"PHX","Phoenix, AZ","AZ","1145","1140",-5.00,0.00,16.00,1.00,"1346","1322",-24.00,0.00,0.00,"",0.00,121.00,102.00,85.00,1.00,651.00,,,,,,
2016,7,2,6,2016-07-02,"AA",19805,"AA","499",11298,"DFW","Dallas/Fort Worth, TX","TX",14771,"SFO","San Francisco, CA","CA","2210","2217",7.00,7.00,15.00,16.00,"2354","2355",1.00,1.00,0.00,"",0.00,224.00,218.00,187.00,1.00,1464.00,,,,,,
2016,7,2,6,2016-07-02,"AA",19805,"AA","500",12889,"LAS","Las Vegas, NV","NV",14107,"PHX","Phoenix, AZ","AZ","1635","1622",-13.00,0.00,25.00,4.00,"1745","1737",-8.00,0.00,0.00,"",0.00,70.00,75.00,46.00,1.00,255.00,,,,,,
2016,7,2,6,2016-07-02,"AA",19805,"AA","500",14107,"PHX","Phoenix, AZ","AZ",12339,"IND","Indianapolis, IN","IN","1853","1901",8.00,8.00,15.00,4.00,"0118","0114",-4.00,0.00,0.00,"",0.00,205.00,193.00,174.00,1.00,1488.00,,,,,,
2016,7,2,6,2016-07-02,"AA",19805,"AA","501",12892,"LAX","Los Angeles, CA","CA",13871,"OMA","Omaha, NE","NE","1825","1820",-5.00,0.00,15.00,8.00,"2345","2321",-24.00,0.00,0.00,"",0.00,200.00,181.00,158.00,1.00,1330.00,,,,,,
2016,7,2,6,2016-07-02,"AA",19805,"AA","503",12892,"LAX","Los Angeles, CA","CA",14107,"PHX","Phoenix, AZ","AZ","0725","0721",-4.00,0.00,19.00,46.00,"0855","0920",25.00,25.00,0.00,"",0.00,90.00,119.00,54.00,1.00,370.00,0.00,0.00,25.00,0.00,0.00,
2016,7,2,6,2016-07-02,"AA",19805,"AA","504",10397,"ATL","Atlanta, GA","GA",14107,"PHX","Phoenix, AZ","AZ","1805","1806",1.00,1.00,19.00,9.00,"1901","1849",-12.00,0.00,0.00,"",0.00,236.00,223.00,195.00,1.00,1587.00,,,,,,
2016,7,2,6,2016-07-02,"AA",19805,"AA","504",11057,"CLT","Charlotte, NC","NC",10397,"ATL","Atlanta, GA","GA","1540","1631",51.00,51.00,11.00,5.00,"1653","1726",33.00,33.00,0.00,"",0.00,73.00,55.00,39.00,1.00,226.00,1.00,0.00,0.00,0.00,32.00,
2016,7,2,6,2016-07-02,"AA",19805,"AA","504",11697,"FLL","Fort Lauderdale, FL","FL",11057,"CLT","Charlotte, NC","NC","1245","1353",68.00,68.00,10.00,4.00,"1446","1539",53.00,53.00,0.00,"",0.00,121.00,106.00,92.00,1.00,632.00,0.00,53.00,0.00,0.00,0.00,
2016,7,2,6,2016-07-02,"AA",19805,"AA","506",13342,"MKE","Milwaukee, WI","WI",14107,"PHX","Phoenix, AZ","AZ","0720","0708",-12.00,0.00,9.00,28.00,"0907","0910",3.00,3.00,0.00,"",0.00,227.00,242.00,205.00,1.00,1460.00,,,,,,
2016,7,2,6,2016-07-02,"AA",19805,"AA","507",14107,"PHX","Phoenix, AZ","AZ",10721,"BOS","Boston, MA","MA","1225","1241",16.00,16.00,12.00,5.00,"2023","2012",-11.00,0.00,0.00,"",0.00,298.00,271.00,254.00,1.00,2300.00,,,,,,
2016,7,2,6,2016-07-02,"AA",19805,"AA","507",14570,"RNO","Reno, NV","NV",14107,"PHX","Phoenix, AZ","AZ","0930","0925",-5.00,0.00,9.00,3.00,"1113","1058",-15.00,0.00,0.00,"",0.00,103.00,93.00,81.00,1.00,601.00,,,,,,
2016,7,2,6,2016-07-02,"AA",19805,"AA","508",12892,"LAX","Los Angeles, CA","CA",11066,"CMH","Columbus, OH","OH","0945","1021",36.00,36.00,31.00,3.00,"1719","1741",22.00,22.00,0.00,"",0.00,274.00,260.00,226.00,1.00,1995.00,1.00,0.00,0.00,0.00,21.00,
2016,7,2,6,2016-07-02,"AA",19805,"AA","509",14107,"PHX","Phoenix, AZ","AZ",12892,"LAX","Los Angeles, CA","CA","1855","1856",1.00,1.00,26.00,6.00,"2030","2027",-3.00,0.00,0.00,"",0.00,95.00,91.00,59.00,1.00,370.00,,,,,,
2016,7,2,6,2016-07-02,"AA",19805,"AA","511",10299,"ANC","Anchorage, AK","AK",14107,"PHX","Phoenix, AZ","AZ","0125","0125",0.00,0.00,11.00,4.00,"0752","0740",-12.00,0.00,0.00,"",0.00,327.00,315.00,300.00,1.00,2552.00,,,,,,
2016,7,2,6,2016-07-02,"AA",19805,"AA","511",14107,"PHX","Phoenix, AZ","AZ",13871,"OMA","Omaha, NE","NE","0855","0849",-6.00,0.00,21.00,4.00,"1337","1319",-18.00,0.00,0.00,"",0.00,162.00,150.00,125.00,1.00,1037.00,,,,,,
2016,7,2,6,2016-07-02,"AA",19805,"AA","512",13830,"OGG","Kahului, HI","HI",14107,"PHX","Phoenix, AZ","AZ","2125","",,,,,"0604","",,,1.00,"C",0.00,339.00,,,1.00,2845.00,,,,,,
2016,7,2,6,2016-07-02,"AA",19805,"AA","513",15304,"TPA","Tampa, FL","FL",14107,"PHX","Phoenix, AZ","AZ","0740","0735",-5.00,0.00,12.00,6.00,"0906","0852",-14.00,0.00,0.00,"",0.00,266.00,257.00,239.00,1.00,1788.00,,,,,,
2016,7,2,6,2016-07-02,"AA",19805,"AA","514",14107,"PHX","Phoenix, AZ","AZ",11066,"CMH","Columbus, OH","OH","2345","2336",-9.00,0.00,13.00,8.00,"0623","0607",-16.00,0.00,0.00,"",0.00,218.00,211.00,190.00,1.00,1670.00,,,,,,
2016,7,2,6,2016-07-02,"AA",19805,"AA","516",13930,"ORD","Chicago, IL","IL",14107,"PHX","Phoenix, AZ","AZ","1715","1713",-2.00,0.00,16.00,5.00,"1902","1847",-15.00,0.00,0.00,"",0.00,227.00,214.00,193.00,1.00,1440.00,,,,,,
2016,7,2,6,2016-07-02,"AA",19805,"AA","516",14107,"PHX","Phoenix, AZ","AZ",14893,"SMF","Sacramento, CA","CA","2003","2015",12.00,12.00,18.00,4.00,"2159","2210",11.00,11.00,0.00,"",0.00,116.00,115.00,93.00,1.00,647.00,,,,,,
2016,7,2,6,2016-07-02,"AA",19805,"AA","517",14100,"PHL","Philadelphia, PA","PA",14057,"PDX","Portland, OR","OR","1822","1819",-3.00,0.00,13.00,3.00,"2124","2104",-20.00,0.00,0.00,"",0.00,362.00,345.00,329.00,1.00,2406.00,,,,,,
2016,7,2,6,2016-07-02,"AA",19805,"AA","518",14057,"PDX","Portland, OR","OR",14100,"PHL","Philadelphia, PA","PA","2220","2214",-6.00,0.00,11.00,24.00,"0618","0612",-6.00,0.00,0.00,"",0.00,298.00,298.00,263.00,1.00,2406.00,,,,,,
2016,7,2,6,2016-07-02,"AA",19805,"AA","521",11057,"CLT","Charlotte, NC","NC",11292,"DEN","Denver, CO","CO","1150","1147",-3.00,0.00,24.00,15.00,"1325","1319",-6.00,0.00,0.00,"",0.00,215.00,212.00,173.00,1.00,1337.00,,,,,,
2016,7,2,6,2016-07-02,"AA",19805,"AA","521",11292,"DEN","Denver, CO","CO",14107,"PHX","Phoenix, AZ","AZ","1445","1437",-8.00,0.00,10.00,4.00,"1536","1516",-20.00,0.00,0.00,"",0.00,111.00,99.00,85.00,1.00,602.00,,,,,,
2016,7,2,6,2016-07-02,"AA",19805,"AA","521",13303,"MIA","Miami, FL","FL",11057,"CLT","Charlotte, NC","NC","0835","0932",57.00,57.00,15.00,7.00,"1039","1126",47.00,47.00,0.00,"",0.00,124.00,114.00,92.00,1.00,650.00,47.00,0.00,0.00,0.00,0.00,
2016,7,2,6,2016-07-02,"AA",19805,"AA","521",14107,"PHX","Phoenix, AZ","AZ",14747,"SEA","Seattle, WA","WA","1715","1714",-1.00,0.00,9.00,9.00,"2008","2005",-3.00,0.00,0.00,"",0.00,173.00,171.00,153.00,1.00,1107.00,,,,,,
2016,7,2,6,2016-07-02,"AA",19805,"AA","523",11423,"DSM","Des Moines, IA","IA",14107,"PHX","Phoenix, AZ","AZ","1435","1435",0.00,0.00,12.00,5.00,"1533","1527",-6.00,0.00,0.00,"",0.00,178.00,172.00,155.00,1.00,1150.00,,,,,,
2016,7,2,6,2016-07-02,"AA",19805,"AA","523",14107,"PHX","Phoenix, AZ","AZ",14570,"RNO","Reno, NV","NV","1643","1640",-3.00,0.00,13.00,2.00,"1825","1814",-11.00,0.00,0.00,"",0.00,102.00,94.00,79.00,1.00,601.00,,,,,,
2016,7,2,6,2016-07-02,"AA",19805,"AA","524",11298,"DFW","Dallas/Fort Worth, TX","TX",14107,"PHX","Phoenix, AZ","AZ","1500","1500",0.00,0.00,15.00,8.00,"1526","1521",-5.00,0.00,0.00,"",0.00,146.00,141.00,118.00,1.00,868.00,,,,,,
2016,7,2,6,2016-07-02,"AA",19805,"AA","524",14100,"PHL","Philadelphia, PA","PA",11298,"DFW","Dallas/Fort Worth, TX","TX","1125","1145",20.00,20.00,12.00,8.00,"1356","1353",-3.00,0.00,0.00,"",0.00,211.00,188.00,168.00,1.00,1303.00,,,,,,
2016,7,2,6,2016-07-02,"AA",19805,"AA","524",14107,"PHX","Phoenix, AZ","AZ",11057,"CLT","Charlotte, NC","NC","1621","1651",30.00,30.00,18.00,6.00,"2324","2356",32.00,32.00,0.00,"",0.00,243.00,245.00,221.00,1.00,1773.00,30.00,0.00,2.00,0.00,0.00,
2016,7,2,6,2016-07-02,"AA",19805,"AA","525",11057,"CLT","Charlotte, NC","NC",11697,"FLL","Fort Lauderdale, FL","FL","0740","0738",-2.00,0.00,13.00,2.00,"0938","0923",-15.00,0.00,0.00,"",0.00,118.00,105.00,90.00,1.00,632.00,,,,,,
2016,7,2,6,2016-07-02,"AA",19805,"AA","526",13303,"MIA","Miami, FL","FL",13198,"MCI","Kansas City, MO","MO","2133","2131",-2.00,0.00,24.00,8.00,"2348","0049",61.00,61.00,0.00,"",0.00,195.00,258.00,226.00,1.00,1251.00,0.00,0.00,61.00,0.00,0.00,
2016,7,2,6,2016-07-02,"AA",19805,"AA","528",14107,"PHX","Phoenix, AZ","AZ",14570,"RNO","Reno, NV","NV","2021","2017",-4.00,0.00,13.00,4.00,"2207","2154",-13.00,0.00,0.00,"",0.00,106.00,97.00,80.00,1.00,601.00,,,,,,
2016,7,2,6,2016-07-02,"AA",19805,"AA","529",14100,"PHL","Philadelphia, PA","PA",14747,"SEA","Seattle, WA","WA","2040","2042",2.00,2.00,19.00,13.00,"2334","2328",-6.00,0.00,0.00,"",0.00,354.00,346.00,314.00,1.00,2378.00,,,,,,
2016,7,2,6,2016-07-02,"AA",19805,"AA","530",14747,"SEA","Seattle, WA","WA",14100,"PHL","Philadelphia, PA","PA","2205","2327",82.00,82.00,12.00,3.00,"0606","0718",72.00,72.00,0.00,"",0.00,301.00,291.00,276.00,1.00,2378.00,0.00,0.00,0.00,0.00,72.00,
2016,7,2,6,2016-07-02,"AA",19805,"AA","531",12266,"IAH","Houston, TX","TX",14107,"PHX","Phoenix, AZ","AZ","0805","0758",-7.00,0.00,16.00,4.00,"0858","0832",-26.00,0.00,0.00,"",0.00,173.00,154.00,134.00,1.00,1009.00,,,,,,
2016,7,2,6,2016-07-02,"AA",19805,"AA","531",14107,"PHX","Phoenix, AZ","AZ",14570,"RNO","Reno, NV","NV","0950","0953",3.00,3.00,35.00,6.00,"1137","1159",22.00,22.00,0.00,"",0.00,107.00,126.00,85.00,1.00,601.00,3.00,0.00,19.00,0.00,0.00,
2016,7,2,6,2016-07-02,"AA",19805,"AA","534",13930,"ORD","Chicago, IL","IL",14107,"PHX","Phoenix, AZ","AZ","0714","0709",-5.00,0.00,19.00,4.00,"0855","0858",3.00,3.00,0.00,"",0.00,221.00,229.00,206.00,1.00,1440.00,,,,,,
2016,7,2,6,2016-07-02,"AA",19805,"AA","536",11298,"DFW","Dallas/Fort Worth, TX","TX",14100,"PHL","Philadelphia, PA","PA","0840","0841",1.00,1.00,18.00,5.00,"1259","1248",-11.00,0.00,0.00,"",0.00,199.00,187.00,164.00,1.00,1303.00,,,,,,
2016,7,2,6,2016-07-02,"AA",19805,"AA","538",11433,"DTW","Detroit, MI","MI",14107,"PHX","Phoenix, AZ","AZ","1130","1126",-4.00,0.00,17.00,4.00,"1234","1231",-3.00,0.00,0.00,"",0.00,244.00,245.00,224.00,1.00,1671.00,,,,,,
2016,7,2,6,2016-07-02,"AA",19805,"AA","539",14100,"PHL","Philadelphia, PA","PA",15304,"TPA","Tampa, FL","FL","1000","0954",-6.00,0.00,35.00,2.00,"1244","1238",-6.00,0.00,0.00,"",0.00,164.00,164.00,127.00,1.00,920.00,,,,,,
2016,7,2,6,2016-07-02,"AA",19805,"AA","541",10693,"BNA","Nashville, TN","TN",12892,"LAX","Los Angeles, CA","CA","1040","1037",-3.00,0.00,12.00,17.00,"1305","1301",-4.00,0.00,0.00,"",0.00,265.00,264.00,235.00,1.00,1797.00,,,,,,
2016,7,2,6,2016-07-02,"AA",19805,"AA","542",11298,"DFW","Dallas/Fort Worth, TX","TX",14107,"PHX","Phoenix, AZ","AZ","1055","1050",-5.00,0.00,16.00,7.00,"1123","1114",-9.00,0.00,0.00,"",0.00,148.00,144.00,121.00,1.00,868.00,,,,,,
2016,7,2,6,2016-07-02,"AA",19805,"AA","542",14107,"PHX","Phoenix, AZ","AZ",11298,"DFW","Dallas/Fort Worth, TX","TX","0500","0458",-2.00,0.00,16.00,14.00,"0922","0920",-2.00,0.00,0.00,"",0.00,142.00,142.00,112.00,1.00,868.00,,,,,,
2016,7,2,6,2016-07-02,"AA",19805,"AA","543",14100,"PHL","Philadelphia, PA","PA",11298,"DFW","Dallas/Fort Worth, TX","TX","0921","0932",11.00,11.00,31.00,8.00,"1145","1201",16.00,16.00,0.00,"",0.00,204.00,209.00,170.00,1.00,1303.00,11.00,0.00,5.00,0.00,0.00,
2016,7,2,6,2016-07-02,"AA",19805,"AA","543",14122,"PIT","Pittsburgh, PA","PA",14100,"PHL","Philadelphia, PA","PA","0710","0701",-9.00,0.00,14.00,5.00,"0835","0805",-30.00,0.00,0.00,"",0.00,85.00,64.00,45.00,1.00,268.00,,,,,,
2016,7,2,6,2016-07-02,"AA",19805,"AA","544",11298,"DFW","Dallas/Fort Worth, TX","TX",14107,"PHX","Phoenix, AZ","AZ","1741","1738",-3.00,0.00,14.00,3.00,"1805","1757",-8.00,0.00,0.00,"",0.00,144.00,139.00,122.00,1.00,868.00,,,,,,
2016,7,2,6,2016-07-02,"AA",19805,"AA","544",14107,"PHX","Phoenix, AZ","AZ",11298,"DFW","Dallas/Fort Worth, TX","TX","1219","1214",-5.00,0.00,12.00,8.00,"1644","1627",-17.00,0.00,0.00,"",0.00,145.00,133.00,113.00,1.00,868.00,,,,,,
2016,7,2,6,2016-07-02,"AA",19805,"AA","545",12892,"LAX","Los Angeles, CA","CA",14107,"PHX","Phoenix, AZ","AZ","1620","1651",31.00,31.00,27.00,6.00,"1750","1823",33.00,33.00,0.00,"",0.00,90.00,92.00,59.00,1.00,370.00,21.00,0.00,2.00,0.00,10.00,
2016,7,2,6,2016-07-02,"AA",19805,"AA","545",14107,"PHX","Phoenix, AZ","AZ",11298,"DFW","Dallas/Fort Worth, TX","TX","1855","1919",24.00,24.00,11.00,7.00,"2321","2328",7.00,7.00,0.00,"",0.00,146.00,129.00,111.00,1.00,868.00,,,,,,
2016,7,2,6,2016-07-02,"AA",19805,"AA","546",11298,"DFW","Dallas/Fort Worth, TX","TX",14107,"PHX","Phoenix, AZ","AZ","2030","2028",-2.00,0.00,13.00,6.00,"2057","2044",-13.00,0.00,0.00,"",0.00,147.00,136.00,117.00,1.00,868.00,,,,,,
2016,7,2,6,2016-07-02,"AA",19805,"AA","548",14107,"PHX","Phoenix, AZ","AZ",13342,"MKE","Milwaukee, WI","WI","1850","1848",-2.00,0.00,15.00,5.00,"0010","2400",-10.00,0.00,0.00,"",0.00,200.00,192.00,172.00,1.00,1460.00,,,,,,
2016,7,2,6,2016-07-02,"AA",19805,"AA","549",14107,"PHX","Phoenix, AZ","AZ",11298,"DFW","Dallas/Fort Worth, TX","TX","0635","0631",-4.00,0.00,34.00,13.00,"1059","1113",14.00,14.00,0.00,"",0.00,144.00,162.00,115.00,1.00,868.00,,,,,,
2016,7,2,6,2016-07-02,"AA",19805,"AA","550",11298,"DFW","Dallas/Fort Worth, TX","TX",11057,"CLT","Charlotte, NC","NC","1850","1848",-2.00,0.00,13.00,6.00,"2232","2158",-34.00,0.00,0.00,"",0.00,162.00,130.00,111.00,1.00,936.00,,,,,,
2016,7,2,6,2016-07-02,"AA",19805,"AA","550",14107,"PHX","Phoenix, AZ","AZ",11298,"DFW","Dallas/Fort Worth, TX","TX","1321","1324",3.00,3.00,13.00,13.00,"1745","1748",3.00,3.00,0.00,"",0.00,144.00,144.00,118.00,1.00,868.00,,,,,,
2016,7,2,6,2016-07-02,"AA",19805,"AA","551",14107,"PHX","Phoenix, AZ","AZ",11298,"DFW","Dallas/Fort Worth, TX","TX","1505","1503",-2.00,0.00,13.00,17.00,"1929","1928",-1.00,0.00,0.00,"",0.00,144.00,145.00,115.00,1.00,868.00,,,,,,
2016,7,2,6,2016-07-02,"AA",19805,"AA","552",12892,"LAX","Los Angeles, CA","CA",13198,"MCI","Kansas City, MO","MO","0815","0823",8.00,8.00,18.00,8.00,"1343","1331",-12.00,0.00,0.00,"",0.00,208.00,188.00,162.00,1.00,1363.00,,,,,,
2016,7,2,6,2016-07-02,"AA",19805,"AA","552",13198,"MCI","Kansas City, MO","MO",14107,"PHX","Phoenix, AZ","AZ","1445","1441",-4.00,0.00,13.00,5.00,"1534","1522",-12.00,0.00,0.00,"",0.00,169.00,161.00,143.00,1.00,1044.00,,,,,,
2016,7,2,6,2016-07-02,"AA",19805,"AA","552",14107,"PHX","Phoenix, AZ","AZ",14893,"SMF","Sacramento, CA","CA","1635","1633",-2.00,0.00,10.00,4.00,"1826","1816",-10.00,0.00,0.00,"",0.00,111.00,103.00,89.00,1.00,647.00,,,,,,
2016,7,2,6,2016-07-02,"AA",19805,"AA","554",14570,"RNO","Reno, NV","NV",14107,"PHX","Phoenix, AZ","AZ","0605","",,,,,"0748","",,,1.00,"A",0.00,103.00,,,1.00,601.00,,,,,,
2016,7,2,6,2016-07-02,"AA",19805,"AA","557",11057,"CLT","Charlotte, NC","NC",14771,"SFO","San Francisco, CA","CA","2220","2219",-1.00,0.00,19.00,9.00,"0042","0051",9.00,9.00,0.00,"",0.00,322.00,332.00,304.00,1.00,2296.00,,,,,,
2016,7,2,6,2016-07-02,"AA",19805,"AA","557",11697,"FLL","Fort Lauderdale, FL","FL",11057,"CLT","Charlotte, NC","NC","1920","1930",10.00,10.00,13.00,7.00,"2123","2121",-2.00,0.00,0.00,"",0.00,123.00,111.00,91.00,1.00,632.00,,,,,,
2016,7,2,6,2016-07-02,"AA",19805,"AA","559",11057,"CLT","Charlotte, NC","NC",14100,"PHL","Philadelphia, PA","PA","1620","1620",0.00,0.00,11.00,6.00,"1807","1745",-22.00,0.00,0.00,"",0.00,107.00,85.00,68.00,1.00,449.00,,,,,,
2016,7,2,6,2016-07-02,"AA",19805,"AA","560",11298,"DFW","Dallas/Fort Worth, TX","TX",11278,"DCA","Washington, DC","VA","1655","1652",-3.00,0.00,17.00,3.00,"2054","2038",-16.00,0.00,0.00,"",0.00,179.00,166.00,146.00,1.00,1192.00,,,,,,
2016,7,2,6,2016-07-02,"AA",19805,"AA","560",14107,"PHX","Phoenix, AZ","AZ",11298,"DFW","Dallas/Fort Worth, TX","TX","1045","1044",-1.00,0.00,15.00,9.00,"1516","1456",-20.00,0.00,0.00,"",0.00,151.00,132.00,108.00,1.00,868.00,,,,,,
2016,7,2,6,2016-07-02,"AA",19805,"AA","561",14107,"PHX","Phoenix, AZ","AZ",12889,"LAS","Las Vegas, NV","NV","1001","1132",91.00,91.00,14.00,8.00,"1112","1240",88.00,88.00,0.00,"",0.00,71.00,68.00,46.00,1.00,255.00,36.00,0.00,0.00,0.00,52.00,
2016,7,2,6,2016-07-02,"AA",19805,"AA","562",11298,"DFW","Dallas/Fort Worth, TX","TX",14100,"PHL","Philadelphia, PA","PA","0600","0641",41.00,41.00,15.00,4.00,"1014","1049",35.00,35.00,0.00,"",0.00,194.00,188.00,169.00,1.00,1303.00,35.00,0.00,0.00,0.00,0.00,
2016,7,2,6,2016-07-02,"AA",19805,"AA","563",11278,"DCA","Washington, DC","VA",14107,"PHX","Phoenix, AZ","AZ","1715","1709",-6.00,0.00,21.00,4.00,"1908","1906",-2.00,0.00,0.00,"",0.00,293.00,297.00,272.00,1.00,1979.00,,,,,,
2016,7,2,6,2016-07-02,"AA",19805,"AA","563",14107,"PHX","Phoenix, AZ","AZ",14679,"SAN","San Diego, CA","CA","2020","2017",-3.00,0.00,19.00,3.00,"2130","2127",-3.00,0.00,0.00,"",0.00,70.00,70.00,48.00,1.00,304.00,,,,,,
2016,7,2,6,2016-07-02,"AA",19805,"AA","564",14893,"SMF","Sacramento, CA","CA",14107,"PHX","Phoenix, AZ","AZ","1915","1904",-11.00,0.00,8.00,5.00,"2103","2051",-12.00,0.00,0.00,"",0.00,108.00,107.00,94.00,1.00,647.00,,,,,,
2016,7,2,6,2016-07-02,"AA",19805,"AA","565",11057,"CLT","Charlotte, NC","NC",11298,"DFW","Dallas/Fort Worth, TX","TX","1830","1828",-2.00,0.00,9.00,5.00,"2015","1954",-21.00,0.00,0.00,"",0.00,165.00,146.00,132.00,1.00,936.00,,,,,,
2016,7,2,6,2016-07-02,"AA",19805,"AA","566",14107,"PHX","Phoenix, AZ","AZ",13204,"MCO","Orlando, FL","FL","1218","1218",0.00,0.00,17.00,5.00,"1934","1924",-10.00,0.00,0.00,"",0.00,256.00,246.00,224.00,1.00,1849.00,,,,,,
2016,7,2,6,2016-07-02,"AA",19805,"AA","567",14107,"PHX","Phoenix, AZ","AZ",13204,"MCO","Orlando, FL","FL","0851","0845",-6.00,0.00,26.00,27.00,"1615","1643",28.00,28.00,0.00,"",0.00,264.00,298.00,245.00,1.00,1849.00,0.00,0.00,28.00,0.00,0.00,
2016,7,2,6,2016-07-02,"AA",19805,"AA","567",14679,"SAN","San Diego, CA","CA",14107,"PHX","Phoenix, AZ","AZ","0625","0621",-4.00,0.00,25.00,10.00,"0752","0744",-8.00,0.00,0.00,"",0.00,87.00,83.00,48.00,1.00,304.00,,,,,,
2016,7,2,6,2016-07-02,"AA",19805,"AA","572",12892,"LAX","Los Angeles, CA","CA",13487,"MSP","Minneapolis, MN","MN","2359","2354",-5.00,0.00,12.00,4.00,"0543","0511",-32.00,0.00,0.00,"",0.00,224.00,197.00,181.00,1.00,1535.00,,,,,,
2016,7,2,6,2016-07-02,"AA",19805,"AA","574",12892,"LAX","Los Angeles, CA","CA",14107,"PHX","Phoenix, AZ","AZ","1230","1248",18.00,18.00,15.00,10.00,"1401","1408",7.00,7.00,0.00,"",0.00,91.00,80.00,55.00,1.00,370.00,,,,,,
2016,7,2,6,2016-07-02,"AA",19805,"AA","574",14107,"PHX","Phoenix, AZ","AZ",15304,"TPA","Tampa, FL","FL","1620","1621",1.00,1.00,10.00,3.00,"2322","2308",-14.00,0.00,0.00,"",0.00,242.00,227.00,214.00,1.00,1788.00,,,,,,
2016,7,2,6,2016-07-02,"AA",19805,"AA","575",11298,"DFW","Dallas/Fort Worth, TX","TX",14107,"PHX","Phoenix, AZ","AZ","1255","1256",1.00,1.00,13.00,4.00,"1323","1315",-8.00,0.00,0.00,"",0.00,148.00,139.00,122.00,1.00,868.00,,,,,,
2016,7,2,6,2016-07-02,"AA",19805,"AA","576",11057,"CLT","Charlotte, NC","NC",11298,"DFW","Dallas/Fort Worth, TX","TX","1920","1918",-2.00,0.00,17.00,10.00,"2059","2051",-8.00,0.00,0.00,"",0.00,159.00,153.00,126.00,1.00,936.00,,,,,,
2016,7,2,6,2016-07-02,"AA",19805,"AA","576",11298,"DFW","Dallas/Fort Worth, TX","TX",12889,"LAS","Las Vegas, NV","NV","2210","2202",-8.00,0.00,21.00,7.00,"2258","2251",-7.00,0.00,0.00,"",0.00,168.00,169.00,141.00,1.00,1055.00,,,,,,
2016,7,2,6,2016-07-02,"AA",19805,"AA","577",14100,"PHL","Philadelphia, PA","PA",12889,"LAS","Las Vegas, NV","NV","0800","0758",-2.00,0.00,18.00,7.00,"1018","1009",-9.00,0.00,0.00,"",0.00,318.00,311.00,286.00,1.00,2176.00,,,,,,
2016,7,2,6,2016-07-02,"AA",19805,"AA","578",10721,"BOS","Boston, MA","MA",11057,"CLT","Charlotte, NC","NC","1251","1300",9.00,9.00,20.00,18.00,"1512","1524",12.00,12.00,0.00,"",0.00,141.00,144.00,106.00,1.00,728.00,,,,,,
2016,7,2,6,2016-07-02,"AA",19805,"AA","578",11057,"CLT","Charlotte, NC","NC",12339,"IND","Indianapolis, IN","IN","1630","1624",-6.00,0.00,17.00,6.00,"1809","1753",-16.00,0.00,0.00,"",0.00,99.00,89.00,66.00,1.00,427.00,,,,,,
2016,7,2,6,2016-07-02,"AA",19805,"AA","579",14679,"SAN","San Diego, CA","CA",11057,"CLT","Charlotte, NC","NC","2235","2232",-3.00,0.00,12.00,6.00,"0608","0604",-4.00,0.00,0.00,"",0.00,273.00,272.00,254.00,1.00,2077.00,,,,,,
2016,7,2,6,2016-07-02,"AA",19805,"AA","580",11066,"CMH","Columbus, OH","OH",14107,"PHX","Phoenix, AZ","AZ","1805","1815",10.00,10.00,11.00,9.00,"1907","1928",21.00,21.00,0.00,"",0.00,242.00,253.00,233.00,1.00,1670.00,0.00,0.00,11.00,0.00,10.00,
2016,7,2,6,2016-07-02,"AA",19805,"AA","580",14107,"PHX","Phoenix, AZ","AZ",11884,"GEG","Spokane, WA","WA","2005","2010",5.00,5.00,12.00,6.00,"2237","2243",6.00,6.00,0.00,"",0.00,152.00,153.00,135.00,1.00,1020.00,,,,,,
2016,7,2,6,2016-07-02,"AA",19805,"AA","581",11057,"CLT","Charlotte, NC","NC",13204,"MCO","Orlando, FL","FL","1445","1452",7.00,7.00,19.00,17.00,"1623","1651",28.00,28.00,0.00,"",0.00,98.00,119.00,83.00,1.00,468.00,7.00,0.00,21.00,0.00,0.00,
2016,7,2,6,2016-07-02,"AA",19805,"AA","581",12953,"LGA","New York, NY","NY",11057,"CLT","Charlotte, NC","NC","1130","1124",-6.00,0.00,16.00,10.00,"1342","1321",-21.00,0.00,0.00,"",0.00,132.00,117.00,91.00,1.00,544.00,,,,,,
2016,7,2,6,2016-07-02,"AA",19805,"AA","582",11433,"DTW","Detroit, MI","MI",14107,"PHX","Phoenix, AZ","AZ","0735","0733",-2.00,0.00,11.00,19.00,"0900","0907",7.00,7.00,0.00,"",0.00,265.00,274.00,244.00,1.00,1671.00,,,,,,
2016,7,2,6,2016-07-02,"AA",19805,"AA","582",14107,"PHX","Phoenix, AZ","AZ",13342,"MKE","Milwaukee, WI","WI","1008","0959",-9.00,0.00,19.00,4.00,"1530","1512",-18.00,0.00,0.00,"",0.00,202.00,193.00,170.00,1.00,1460.00,,,,,,
2016,7,2,6,2016-07-02,"AA",19805,"AA","583",13487,"MSP","Minneapolis, MN","MN",12892,"LAX","Los Angeles, CA","CA","0650","0745",55.00,55.00,19.00,5.00,"0900","0935",35.00,35.00,0.00,"",0.00,250.00,230.00,206.00,1.00,1535.00,0.00,0.00,0.00,0.00,35.00,
2016,7,2,6,2016-07-02,"AA",19805,"AA","585",11298,"DFW","Dallas/Fort Worth, TX","TX",14100,"PHL","Philadelphia, PA","PA","0725","1002",157.00,157.00,14.00,5.00,"1145","1404",139.00,139.00,0.00,"",0.00,200.00,182.00,163.00,1.00,1303.00,139.00,0.00,0.00,0.00,0.00,
2016,7,2,6,2016-07-02,"AA",19805,"AA","585",14747,"SEA","Seattle, WA","WA",11298,"DFW","Dallas/Fort Worth, TX","TX","0020","0028",8.00,8.00,13.00,18.00,"0602","0617",15.00,15.00,0.00,"",0.00,222.00,229.00,198.00,1.00,1660.00,8.00,0.00,7.00,0.00,0.00,
2016,7,2,6,2016-07-02,"AA",19805,"AA","586",11066,"CMH","Columbus, OH","OH",14107,"PHX","Phoenix, AZ","AZ","0750","0743",-7.00,0.00,17.00,13.00,"0906","0904",-2.00,0.00,0.00,"",0.00,256.00,261.00,231.00,1.00,1670.00,,,,,,
2016,7,2,6,2016-07-02,"AA",19805,"AA","586",14107,"PHX","Phoenix, AZ","AZ",11884,"GEG","Spokane, WA","WA","1028","1143",75.00,75.00,11.00,4.00,"1307","1405",58.00,58.00,0.00,"",0.00,159.00,142.00,127.00,1.00,1020.00,0.00,0.00,0.00,0.00,58.00,
2016,7,2,6,2016-07-02,"AA",19805,"AA","590",13796,"OAK","Oakland, CA","CA",14107,"PHX","Phoenix, AZ","AZ","1230","1226",-4.00,0.00,11.00,8.00,"1426","1414",-12.00,0.00,0.00,"",0.00,116.00,108.00,89.00,1.00,646.00,,,,,,
2016,7,2,6,2016-07-02,"AA",19805,"AA","591",11298,"DFW","Dallas/Fort Worth, TX","TX",14100,"PHL","Philadelphia, PA","PA","1830","1835",5.00,5.00,23.00,9.00,"2251","2247",-4.00,0.00,0.00,"",0.00,201.00,192.00,160.00,1.00,1303.00,,,,,,
2016,7,2,6,2016-07-02,"AA",19805,"AA","591",14100,"PHL","Philadelphia, PA","PA",11298,"DFW","Dallas/Fort Worth, TX","TX","1430","1513",43.00,43.00,11.00,9.00,"1655","1726",31.00,31.00,0.00,"",0.00,205.00,193.00,173.00,1.00,1303.00,10.00,0.00,0.00,0.00,21.00,
2016,7,2,6,2016-07-02,"AA",19805,"AA","592",10713,"BOI","Boise, ID","ID",14107,"PHX","Phoenix, AZ","AZ","0635","0629",-6.00,0.00,13.00,4.00,"0738","0727",-11.00,0.00,0.00,"",0.00,123.00,118.00,101.00,1.00,735.00,,,,,,
2016,7,2,6,2016-07-02,"AA",19805,"AA","592",13198,"MCI","Kansas City, MO","MO",12892,"LAX","Los Angeles, CA","CA","1420","1415",-5.00,0.00,19.00,13.00,"1603","1553",-10.00,0.00,0.00,"",0.00,223.00,218.00,186.00,1.00,1363.00,,,,,,
2016,7,2,6,2016-07-02,"AA",19805,"AA","592",14107,"PHX","Phoenix, AZ","AZ",13198,"MCI","Kansas City, MO","MO","0851","0846",-5.00,0.00,15.00,7.00,"1338","1315",-23.00,0.00,0.00,"",0.00,167.00,149.00,127.00,1.00,1044.00,,,,,,
2016,7,2,6,2016-07-02,"AA",19805,"AA","593",14107,"PHX","Phoenix, AZ","AZ",13930,"ORD","Chicago, IL","IL","0852","0853",1.00,1.00,21.00,13.00,"1435","1422",-13.00,0.00,0.00,"",0.00,223.00,209.00,175.00,1.00,1440.00,,,,,,
2016,7,2,6,2016-07-02,"AA",19805,"AA","593",14893,"SMF","Sacramento, CA","CA",14107,"PHX","Phoenix, AZ","AZ","0600","0554",-6.00,0.00,13.00,9.00,"0749","0744",-5.00,0.00,0.00,"",0.00,109.00,110.00,88.00,1.00,647.00,,,,,,
2016,7,2,6,2016-07-02,"AA",19805,"AA","594",14107,"PHX","Phoenix, AZ","AZ",12266,"IAH","Houston, TX","TX","1519","1614",55.00,55.00,15.00,5.00,"1955","2042",47.00,47.00,0.00,"",0.00,156.00,148.00,128.00,1.00,1009.00,12.00,0.00,0.00,0.00,35.00,
2016,7,2,6,2016-07-02,"AA",19805,"AA","594",14570,"RNO","Reno, NV","NV",14107,"PHX","Phoenix, AZ","AZ","1225","1258",33.00,33.00,15.00,4.00,"1410","1439",29.00,29.00,0.00,"",0.00,105.00,101.00,82.00,1.00,601.00,10.00,0.00,0.00,0.00,19.00,
2016,7,2,6,2016-07-02,"AA",19805,"AA","595",14107,"PHX","Phoenix, AZ","AZ",11278,"DCA","Washington, DC","VA","0844","0841",-3.00,0.00,16.00,4.00,"1609","1551",-18.00,0.00,0.00,"",0.00,265.00,250.00,230.00,1.00,1979.00,,,,,,
2016,7,2,6,2016-07-02,"AA",19805,"AA","595",14747,"SEA","Seattle, WA","WA",14107,"PHX","Phoenix, AZ","AZ","0500","0457",-3.00,0.00,14.00,5.00,"0746","0739",-7.00,0.00,0.00,"",0.00,166.00,162.00,143.00,1.00,1107.00,,,,,,
2016,7,2,6,2016-07-02,"AA",19805,"AA","597",14100,"PHL","Philadelphia, PA","PA",12892,"LAX","Los Angeles, CA","CA","0955","1003",8.00,8.00,25.00,13.00,"1248","1248",0.00,0.00,0.00,"",0.00,353.00,345.00,307.00,1.00,2402.00,,,,,,
2016,7,2,6,2016-07-02,"AA",19805,"AA","598",12892,"LAX","Los Angeles, CA","CA",14100,"PHL","Philadelphia, PA","PA","1355","1402",7.00,7.00,24.00,4.00,"2214","2201",-13.00,0.00,0.00,"",0.00,319.00,299.00,271.00,1.00,2402.00,,,,,,
2016,7,2,6,2016-07-02,"AA",19805,"AA","599",13871,"OMA","Omaha, NE","NE",14107,"PHX","Phoenix, AZ","AZ","1450","1450",0.00,0.00,11.00,7.00,"1532","1527",-5.00,0.00,0.00,"",0.00,162.00,157.00,139.00,1.00,1037.00,,,,,,
2016,7,2,6,2016-07-02,"AA",19805,"AA","599",14107,"PHX","Phoenix, AZ","AZ",14831,"SJC","San Jose, CA","CA","1640","1636",-4.00,0.00,10.00,2.00,"1825","1816",-9.00,0.00,0.00,"",0.00,105.00,100.00,88.00,1.00,621.00,,,,,,
2016,7,2,6,2016-07-02,"AA",19805,"AA","600",11057,"CLT","Charlotte, NC","NC",14107,"PHX","Phoenix, AZ","AZ","0945","0941",-4.00,0.00,21.00,4.00,"1111","1054",-17.00,0.00,0.00,"",0.00,266.00,253.00,228.00,1.00,1773.00,,,,,,
2016,7,2,6,2016-07-02,"AA",19805,"AA","602",11057,"CLT","Charlotte, NC","NC",10721,"BOS","Boston, MA","MA","1310","1306",-4.00,0.00,16.00,5.00,"1525","1504",-21.00,0.00,0.00,"",0.00,135.00,118.00,97.00,1.00,728.00,,,,,,
2016,7,2,6,2016-07-02,"AA",19805,"AA","602",14635,"RSW","Fort Myers, FL","FL",11057,"CLT","Charlotte, NC","NC","1025","1016",-9.00,0.00,13.00,13.00,"1220","1205",-15.00,0.00,0.00,"",0.00,115.00,109.00,83.00,1.00,600.00,,,,,,
2016,7,2,6,2016-07-02,"AA",19805,"AA","603",14107,"PHX","Phoenix, AZ","AZ",14747,"SEA","Seattle, WA","WA","2028","2025",-3.00,0.00,21.00,11.00,"2326","2334",8.00,8.00,0.00,"",0.00,178.00,189.00,157.00,1.00,1107.00,,,,,,
2016,7,2,6,2016-07-02,"AA",19805,"AA","604",12892,"LAX","Los Angeles, CA","CA",13487,"MSP","Minneapolis, MN","MN","0950","0959",9.00,9.00,25.00,5.00,"1538","1526",-12.00,0.00,0.00,"",0.00,228.00,207.00,177.00,1.00,1535.00,,,,,,
2016,7,2,6,2016-07-02,"AA",19805,"AA","604",13487,"MSP","Minneapolis, MN","MN",12892,"LAX","Los Angeles, CA","CA","1645","1641",-4.00,0.00,12.00,23.00,"1855","1844",-11.00,0.00,0.00,"",0.00,250.00,243.00,208.00,1.00,1535.00,,,,,,
2016,7,2,6,2016-07-02,"AA",19805,"AA","606",11298,"DFW","Dallas/Fort Worth, TX","TX",14107,"PHX","Phoenix, AZ","AZ","1845","1840",-5.00,0.00,23.00,19.00,"1915","1920",5.00,5.00,0.00,"",0.00,150.00,160.00,118.00,1.00,868.00,,,,,,
2016,7,2,6,2016-07-02,"AA",19805,"AA","606",14679,"SAN","San Diego, CA","CA",11298,"DFW","Dallas/Fort Worth, TX","TX","1247","1245",-2.00,0.00,17.00,13.00,"1745","1746",1.00,1.00,0.00,"",0.00,178.00,181.00,151.00,1.00,1171.00,,,,,,
2016,7,2,6,2016-07-02,"AA",19805,"AA","607",12889,"LAS","Las Vegas, NV","NV",14100,"PHL","Philadelphia, PA","PA","2235","2231",-4.00,0.00,16.00,7.00,"0614","0600",-14.00,0.00,0.00,"",0.00,279.00,269.00,246.00,1.00,2176.00,,,,,,
2016,7,2,6,2016-07-02,"AA",19805,"AA","608",12892,"LAX","Los Angeles, CA","CA",14107,"PHX","Phoenix, AZ","AZ","1745","1742",-3.00,0.00,13.00,8.00,"1915","1903",-12.00,0.00,0.00,"",0.00,90.00,81.00,60.00,1.00,370.00,,,,,,
2016,7,2,6,2016-07-02,"AA",19805,"AA","608",14107,"PHX","Phoenix, AZ","AZ",12889,"LAS","Las Vegas, NV","NV","2022","2019",-3.00,0.00,26.00,8.00,"2132","2135",3.00,3.00,0.00,"",0.00,70.00,76.00,42.00,1.00,255.00,,,,,,
2016,7,2,6,2016-07-02,"AA",19805,"AA","609",11057,"CLT","Charlotte, NC","NC",14747,"SEA","Seattle, WA","WA","1810","1810",0.00,0.00,15.00,9.00,"2048","2035",-13.00,0.00,0.00,"",0.00,338.00,325.00,301.00,1.00,2279.00,,,,,,
2016,7,2,6,2016-07-02,"AA",19805,"AA","610",13796,"OAK","Oakland, CA","CA",14107,"PHX","Phoenix, AZ","AZ","0600","0555",-5.00,0.00,17.00,9.00,"0758","0750",-8.00,0.00,0.00,"",0.00,118.00,115.00,89.00,1.00,646.00,,,,,,
2016,7,2,6,2016-07-02,"AA",19805,"AA","610",14107,"PHX","Phoenix, AZ","AZ",10397,"ATL","Atlanta, GA","GA","0859","0929",30.00,30.00,19.00,7.00,"1553","1626",33.00,33.00,0.00,"",0.00,234.00,237.00,211.00,1.00,1587.00,7.00,0.00,3.00,0.00,23.00,
2016,7,2,6,2016-07-02,"AA",19805,"AA","612",14057,"PDX","Portland, OR","OR",14107,"PHX","Phoenix, AZ","AZ","0840","0842",2.00,2.00,8.00,3.00,"1112","1105",-7.00,0.00,0.00,"",0.00,152.00,143.00,132.00,1.00,1009.00,,,,,,
2016,7,2,6,2016-07-02,"AA",19805,"AA","612",14107,"PHX","Phoenix, AZ","AZ",10397,"ATL","Atlanta, GA","GA","1220","1218",-2.00,0.00,15.00,8.00,"1905","1856",-9.00,0.00,0.00,"",0.00,225.00,218.00,195.00,1.00,1587.00,,,,,,
2016,7,2,6,2016-07-02,"AA",19805,"AA","615",14100,"PHL","Philadelphia, PA","PA",14771,"SFO","San Francisco, CA","CA","0740","0738",-2.00,0.00,15.00,4.00,"1039","1035",-4.00,0.00,0.00,"",0.00,359.00,357.00,338.00,1.00,2521.00,,,,,,
2016,7,2,6,2016-07-02,"AA",19805,"AA","616",11057,"CLT","Charlotte, NC","NC",11292,"DEN","Denver, CO","CO","1625","1621",-4.00,0.00,14.00,11.00,"1759","1803",4.00,4.00,0.00,"",0.00,214.00,222.00,197.00,1.00,1337.00,,,,,,
2016,7,2,6,2016-07-02,"AA",19805,"AA","617",11057,"CLT","Charlotte, NC","NC",14843,"SJU","San Juan, PR","PR","1305","1325",20.00,20.00,23.00,4.00,"1649","1722",33.00,33.00,0.00,"",0.00,224.00,237.00,210.00,1.00,1475.00,10.00,0.00,13.00,0.00,10.00,
2016,7,2,6,2016-07-02,"AA",19805,"AA","617",11292,"DEN","Denver, CO","CO",11057,"CLT","Charlotte, NC","NC","0645","0639",-6.00,0.00,16.00,13.00,"1202","1220",18.00,18.00,0.00,"",0.00,197.00,221.00,192.00,1.00,1337.00,0.00,0.00,18.00,0.00,0.00,
2016,7,2,6,2016-07-02,"AA",19805,"AA","618",11298,"DFW","Dallas/Fort Worth, TX","TX",12889,"LAS","Las Vegas, NV","NV","1635","1634",-1.00,0.00,20.00,7.00,"1723","1729",6.00,6.00,0.00,"",0.00,168.00,175.00,148.00,1.00,1055.00,,,,,,
2016,7,2,6,2016-07-02,"AA",19805,"AA","618",12889,"LAS","Las Vegas, NV","NV",11298,"DFW","Dallas/Fort Worth, TX","TX","1815","1821",6.00,6.00,17.00,18.00,"2253","2312",19.00,19.00,0.00,"",0.00,158.00,171.00,136.00,1.00,1055.00,2.00,0.00,13.00,0.00,4.00,
2016,7,2,6,2016-07-02,"AA",19805,"AA","619",11057,"CLT","Charlotte, NC","NC",14771,"SFO","San Francisco, CA","CA","1955","1955",0.00,0.00,15.00,4.00,"2213","2206",-7.00,0.00,0.00,"",0.00,318.00,311.00,292.00,1.00,2296.00,,,,,,
2016,7,2,6,2016-07-02,"AA",19805,"AA","621",11057,"CLT","Charlotte, NC","NC",14107,"PHX","Phoenix, AZ","AZ","0740","0738",-2.00,0.00,16.00,37.00,"0905","0929",24.00,24.00,0.00,"",0.00,265.00,291.00,238.00,1.00,1773.00,0.00,0.00,24.00,0.00,0.00,
2016,7,2,6,2016-07-02,"AA",19805,"AA","621",14107,"PHX","Phoenix, AZ","AZ",14908,"SNA","Santa Ana, CA","CA","1014","1022",8.00,8.00,24.00,4.00,"1135","1144",9.00,9.00,0.00,"",0.00,81.00,82.00,54.00,1.00,338.00,,,,,,
2016,7,2,6,2016-07-02,"AA",19805,"AA","623",14107,"PHX","Phoenix, AZ","AZ",12982,"LIH","Lihue, HI","HI","1345","1339",-6.00,0.00,19.00,7.00,"1724","1717",-7.00,0.00,0.00,"",0.00,399.00,398.00,372.00,1.00,2979.00,,,,,,
2016,7,2,6,2016-07-02,"AA",19805,"AA","624",14747,"SEA","Seattle, WA","WA",11057,"CLT","Charlotte, NC","NC","2214","2210",-4.00,0.00,16.00,6.00,"0605","0540",-25.00,0.00,0.00,"",0.00,291.00,270.00,248.00,1.00,2279.00,,,,,,
2016,7,2,6,2016-07-02,"AA",19805,"AA","625",14107,"PHX","Phoenix, AZ","AZ",10713,"BOI","Boise, ID","ID","0940","0939",-1.00,0.00,13.00,5.00,"1241","1232",-9.00,0.00,0.00,"",0.00,121.00,113.00,95.00,1.00,735.00,,,,,,
2016,7,2,6,2016-07-02,"AA",19805,"AA","627",14107,"PHX","Phoenix, AZ","AZ",13796,"OAK","Oakland, CA","CA","2009","2005",-4.00,0.00,19.00,5.00,"2204","2158",-6.00,0.00,0.00,"",0.00,115.00,113.00,89.00,1.00,646.00,,,,,,
2016,7,2,6,2016-07-02,"AA",19805,"AA","628",11057,"CLT","Charlotte, NC","NC",14107,"PHX","Phoenix, AZ","AZ","1300","1253",-7.00,0.00,11.00,4.00,"1417","1355",-22.00,0.00,0.00,"",0.00,257.00,242.00,227.00,1.00,1773.00,,,,,,
2016,7,2,6,2016-07-02,"AA",19805,"AA","628",13930,"ORD","Chicago, IL","IL",11057,"CLT","Charlotte, NC","NC","0900","0858",-2.00,0.00,12.00,7.00,"1158","1139",-19.00,0.00,0.00,"",0.00,118.00,101.00,82.00,1.00,599.00,,,,,,
2016,7,2,6,2016-07-02,"AA",19805,"AA","629",13342,"MKE","Milwaukee, WI","WI",14107,"PHX","Phoenix, AZ","AZ","1725","1715",-10.00,0.00,10.00,5.00,"1904","1841",-23.00,0.00,0.00,"",0.00,219.00,206.00,191.00,1.00,1460.00,,,,,,
2016,7,2,6,2016-07-02,"AA",19805,"AA","629",14107,"PHX","Phoenix, AZ","AZ",14908,"SNA","Santa Ana, CA","CA","2019","2012",-7.00,0.00,13.00,6.00,"2136","2122",-14.00,0.00,0.00,"",0.00,77.00,70.00,51.00,1.00,338.00,,,,,,
2016,7,2,6,2016-07-02,"AA",19805,"AA","630",12173,"HNL","Honolulu, HI","HI",14107,"PHX","Phoenix, AZ","AZ","2015","2008",-7.00,0.00,17.00,5.00,"0518","0459",-19.00,0.00,0.00,"",0.00,363.00,351.00,329.00,1.00,2917.00,,,,,,
2016,7,2,6,2016-07-02,"AA",19805,"AA","631",12173,"HNL","Honolulu, HI","HI",14107,"PHX","Phoenix, AZ","AZ","2110","2109",-1.00,0.00,14.00,5.00,"0604","0557",-7.00,0.00,0.00,"",0.00,354.00,348.00,329.00,1.00,2917.00,,,,,,
2016,7,2,6,2016-07-02,"AA",19805,"AA","633",14107,"PHX","Phoenix, AZ","AZ",13830,"OGG","Kahului, HI","HI","1350","1350",0.00,0.00,26.00,9.00,"1718","1724",6.00,6.00,0.00,"",0.00,388.00,394.00,359.00,1.00,2845.00,,,,,,
2016,7,2,6,2016-07-02,"AA",19805,"AA","634",14107,"PHX","Phoenix, AZ","AZ",14122,"PIT","Pittsburgh, PA","PA","1605","1634",29.00,29.00,10.00,4.00,"2300","2313",13.00,13.00,0.00,"",0.00,235.00,219.00,205.00,1.00,1814.00,,,,,,
2016,7,2,6,2016-07-02,"AA",19805,"AA","635",10713,"BOI","Boise, ID","ID",14107,"PHX","Phoenix, AZ","AZ","1321","1317",-4.00,0.00,9.00,7.00,"1424","1411",-13.00,0.00,0.00,"",0.00,123.00,114.00,98.00,1.00,735.00,,,,,,
2016,7,2,6,2016-07-02,"AA",19805,"AA","635",14107,"PHX","Phoenix, AZ","AZ",12892,"LAX","Los Angeles, CA","CA","1600","1559",-1.00,0.00,9.00,17.00,"1728","1719",-9.00,0.00,0.00,"",0.00,88.00,80.00,54.00,1.00,370.00,,,,,,
2016,7,2,6,2016-07-02,"AA",19805,"AA","636",14107,"PHX","Phoenix, AZ","AZ",12889,"LAS","Las Vegas, NV","NV","1715","1718",3.00,3.00,11.00,6.00,"1820","1815",-5.00,0.00,0.00,"",0.00,65.00,57.00,40.00,1.00,255.00,,,,,,
2016,7,2,6,2016-07-02,"AA",19805,"AA","637",11057,"CLT","Charlotte, NC","NC",12889,"LAS","Las Vegas, NV","NV","1645","1643",-2.00,0.00,23.00,6.00,"1828","1822",-6.00,0.00,0.00,"",0.00,283.00,279.00,250.00,1.00,1916.00,,,,,,
2016,7,2,6,2016-07-02,"AA",19805,"AA","637",13204,"MCO","Orlando, FL","FL",11057,"CLT","Charlotte, NC","NC","1347","1350",3.00,3.00,22.00,6.00,"1530","1531",1.00,1.00,0.00,"",0.00,103.00,101.00,73.00,1.00,468.00,,,,,,
2016,7,2,6,2016-07-02,"AA",19805,"AA","639",11292,"DEN","Denver, CO","CO",14107,"PHX","Phoenix, AZ","AZ","1218","1339",81.00,81.00,15.00,9.00,"1305","1431",86.00,86.00,0.00,"",0.00,107.00,112.00,88.00,1.00,602.00,0.00,0.00,5.00,0.00,81.00,
2016,7,2,6,2016-07-02,"AA",19805,"AA","639",14107,"PHX","Phoenix, AZ","AZ",14679,"SAN","San Diego, CA","CA","1405","1403",-2.00,0.00,22.00,7.00,"1515","1520",5.00,5.00,0.00,"",0.00,70.00,77.00,48.00,1.00,304.00,,,,,,
2016,7,2,6,2016-07-02,"AA",19805,"AA","639",14679,"SAN","San Diego, CA","CA",11298,"DFW","Dallas/Fort Worth, TX","TX","1605","1600",-5.00,0.00,15.00,8.00,"2105","2047",-18.00,0.00,0.00,"",0.00,180.00,167.00,144.00,1.00,1171.00,,,,,,
2016,7,2,6,2016-07-02,"AA",19805,"AA","640",13204,"MCO","Orlando, FL","FL",14107,"PHX","Phoenix, AZ","AZ","1735","1752",17.00,17.00,15.00,8.00,"1856","1858",2.00,2.00,0.00,"",0.00,261.00,246.00,223.00,1.00,1849.00,,,,,,
2016,7,2,6,2016-07-02,"AA",19805,"AA","640",14107,"PHX","Phoenix, AZ","AZ",12892,"LAX","Los Angeles, CA","CA","2002","2000",-2.00,0.00,9.00,35.00,"2137","2140",3.00,3.00,0.00,"",0.00,95.00,100.00,56.00,1.00,370.00,,,,,,
2016,7,2,6,2016-07-02,"AA",19805,"AA","642",10721,"BOS","Boston, MA","MA",14107,"PHX","Phoenix, AZ","AZ","1130","1123",-7.00,0.00,15.00,4.00,"1402","1337",-25.00,0.00,0.00,"",0.00,332.00,314.00,295.00,1.00,2300.00,,,,,,
2016,7,2,6,2016-07-02,"AA",19805,"AA","642",14107,"PHX","Phoenix, AZ","AZ",11292,"DEN","Denver, CO","CO","1455","1451",-4.00,0.00,9.00,15.00,"1740","1735",-5.00,0.00,0.00,"",0.00,105.00,104.00,80.00,1.00,602.00,,,,,,
2016,7,2,6,2016-07-02,"AA",19805,"AA","643",11057,"CLT","Charlotte, NC","NC",12889,"LAS","Las Vegas, NV","NV","2005","2004",-1.00,0.00,22.00,7.00,"2141","2141",0.00,0.00,0.00,"",0.00,276.00,277.00,248.00,1.00,1916.00,,,,,,
2016,7,2,6,2016-07-02,"AA",19805,"AA","645",13830,"OGG","Kahului, HI","HI",14107,"PHX","Phoenix, AZ","AZ","2220","",,,,,"0658","",,,1.00,"C",0.00,338.00,,,1.00,2845.00,,,,,,
2016,7,2,6,2016-07-02,"AA",19805,"AA","646",14107,"PHX","Phoenix, AZ","AZ",10721,"BOS","Boston, MA","MA","0905","0905",0.00,0.00,29.00,6.00,"1712","1657",-15.00,0.00,0.00,"",0.00,307.00,292.00,257.00,1.00,2300.00,,,,,,
2016,7,2,6,2016-07-02,"AA",19805,"AA","646",14908,"SNA","Santa Ana, CA","CA",14107,"PHX","Phoenix, AZ","AZ","0645","0639",-6.00,0.00,29.00,7.00,"0811","0805",-6.00,0.00,0.00,"",0.00,86.00,86.00,50.00,1.00,338.00,,,,,,
2016,7,2,6,2016-07-02,"AA",19805,"AA","647",14107,"PHX","Phoenix, AZ","AZ",13891,"ONT","Ontario, CA","CA","0950","0951",1.00,1.00,15.00,6.00,"1105","1100",-5.00,0.00,0.00,"",0.00,75.00,69.00,48.00,1.00,325.00,,,,,,
2016,7,2,6,2016-07-02,"AA",19805,"AA","647",14122,"PIT","Pittsburgh, PA","PA",14107,"PHX","Phoenix, AZ","AZ","0740","0812",32.00,32.00,41.00,8.00,"0911","1005",54.00,54.00,0.00,"",0.00,271.00,293.00,244.00,1.00,1814.00,32.00,0.00,22.00,0.00,0.00,
2016,7,2,6,2016-07-02,"AA",19805,"AA","648",14679,"SAN","San Diego, CA","CA",14100,"PHL","Philadelphia, PA","PA","2205","2159",-6.00,0.00,16.00,37.00,"0609","0628",19.00,19.00,0.00,"",0.00,304.00,329.00,276.00,1.00,2370.00,0.00,0.00,19.00,0.00,0.00,
2016,7,2,6,2016-07-02,"AA",19805,"AA","649",11298,"DFW","Dallas/Fort Worth, TX","TX",11057,"CLT","Charlotte, NC","NC","1440","1436",-4.00,0.00,14.00,16.00,"1822","1803",-19.00,0.00,0.00,"",0.00,162.00,147.00,117.00,1.00,936.00,,,,,,
2016,7,2,6,2016-07-02,"AA",19805,"AA","649",14107,"PHX","Phoenix, AZ","AZ",11298,"DFW","Dallas/Fort Worth, TX","TX","0859","0857",-2.00,0.00,15.00,17.00,"1335","1320",-15.00,0.00,0.00,"",0.00,156.00,143.00,111.00,1.00,868.00,,,,,,
2016,7,2,6,2016-07-02,"AA",19805,"AA","649",14771,"SFO","San Francisco, CA","CA",14107,"PHX","Phoenix, AZ","AZ","0600","0558",-2.00,0.00,15.00,7.00,"0800","0751",-9.00,0.00,0.00,"",0.00,120.00,113.00,91.00,1.00,651.00,,,,,,
2016,7,2,6,2016-07-02,"AA",19805,"AA","650",12892,"LAX","Los Angeles, CA","CA",14100,"PHL","Philadelphia, PA","PA","2200","2250",50.00,50.00,18.00,3.00,"0617","0635",18.00,18.00,0.00,"",0.00,317.00,285.00,264.00,1.00,2402.00,6.00,0.00,0.00,0.00,12.00,
2016,7,2,6,2016-07-02,"AA",19805,"AA","651",11057,"CLT","Charlotte, NC","NC",11292,"DEN","Denver, CO","CO","1820","1910",50.00,50.00,20.00,11.00,"1954","2047",53.00,53.00,0.00,"",0.00,214.00,217.00,186.00,1.00,1337.00,0.00,0.00,3.00,0.00,50.00,
2016,7,2,6,2016-07-02,"AA",19805,"AA","651",13204,"MCO","Orlando, FL","FL",11057,"CLT","Charlotte, NC","NC","1535","1540",5.00,5.00,67.00,9.00,"1725","1815",50.00,50.00,0.00,"",0.00,110.00,155.00,79.00,1.00,468.00,0.00,5.00,45.00,0.00,0.00,
2016,7,2,6,2016-07-02,"AA",19805,"AA","652",14107,"PHX","Phoenix, AZ","AZ",15016,"STL","St. Louis, MO","MO","0846","0900",14.00,14.00,24.00,3.00,"1349","1354",5.00,5.00,0.00,"",0.00,183.00,174.00,147.00,1.00,1262.00,,,,,,
2016,7,2,6,2016-07-02,"AA",19805,"AA","652",14869,"SLC","Salt Lake City, UT","UT",14107,"PHX","Phoenix, AZ","AZ","0715","0713",-2.00,0.00,21.00,4.00,"0750","0746",-4.00,0.00,0.00,"",0.00,95.00,93.00,68.00,1.00,507.00,,,,,,
2016,7,2,6,2016-07-02,"AA",19805,"AA","653",10299,"ANC","Anchorage, AK","AK",12892,"LAX","Los Angeles, CA","CA","2335","2331",-4.00,0.00,12.00,14.00,"0610","0536",-34.00,0.00,0.00,"",0.00,335.00,305.00,279.00,1.00,2345.00,,,,,,
2016,7,2,6,2016-07-02,"AA",19805,"AA","653",10713,"BOI","Boise, ID","ID",11298,"DFW","Dallas/Fort Worth, TX","TX","0717","0714",-3.00,0.00,11.00,11.00,"1130","1109",-21.00,0.00,0.00,"",0.00,193.00,175.00,153.00,1.00,1272.00,,,,,,
2016,7,2,6,2016-07-02,"AA",19805,"AA","653",11298,"DFW","Dallas/Fort Worth, TX","TX",12266,"IAH","Houston, TX","TX","1245","1243",-2.00,0.00,18.00,5.00,"1354","1348",-6.00,0.00,0.00,"",0.00,69.00,65.00,42.00,1.00,224.00,,,,,,
2016,7,2,6,2016-07-02,"AA",19805,"AA","653",12266,"IAH","Houston, TX","TX",14107,"PHX","Phoenix, AZ","AZ","1455","1448",-7.00,0.00,13.00,10.00,"1539","1521",-18.00,0.00,0.00,"",0.00,164.00,153.00,130.00,1.00,1009.00,,,,,,
2016,7,2,6,2016-07-02,"AA",19805,"AA","653",14107,"PHX","Phoenix, AZ","AZ",10299,"ANC","Anchorage, AK","AK","1715","1707",-8.00,0.00,11.00,3.00,"2151","2143",-8.00,0.00,0.00,"",0.00,336.00,336.00,322.00,1.00,2552.00,,,,,,
2016,7,2,6,2016-07-02,"AA",19805,"AA","654",12889,"LAS","Las Vegas, NV","NV",14100,"PHL","Philadelphia, PA","PA","1405","1356",-9.00,0.00,15.00,4.00,"2150","2120",-30.00,0.00,0.00,"",0.00,285.00,264.00,245.00,1.00,2176.00,,,,,,
2016,7,2,6,2016-07-02,"AA",19805,"AA","656",10721,"BOS","Boston, MA","MA",14100,"PHL","Philadelphia, PA","PA","0800","0800",0.00,0.00,21.00,4.00,"0930","0925",-5.00,0.00,0.00,"",0.00,90.00,85.00,60.00,1.00,280.00,,,,,,
2016,7,2,6,2016-07-02,"AA",19805,"AA","656",14100,"PHL","Philadelphia, PA","PA",14771,"SFO","San Francisco, CA","CA","1025","1031",6.00,6.00,18.00,8.00,"1328","1320",-8.00,0.00,0.00,"",0.00,363.00,349.00,323.00,1.00,2521.00,,,,,,
2016,7,2,6,2016-07-02,"AA",19805,"AA","657",11057,"CLT","Charlotte, NC","NC",12266,"IAH","Houston, TX","TX","1320","1318",-2.00,0.00,13.00,7.00,"1452","1437",-15.00,0.00,0.00,"",0.00,152.00,139.00,119.00,1.00,912.00,,,,,,
2016,7,2,6,2016-07-02,"AA",19805,"AA","657",11697,"FLL","Fort Lauderdale, FL","FL",11057,"CLT","Charlotte, NC","NC","1025","1017",-8.00,0.00,16.00,6.00,"1222","1214",-8.00,0.00,0.00,"",0.00,117.00,117.00,95.00,1.00,632.00,,,,,,
2016,7,2,6,2016-07-02,"AA",19805,"AA","658",11057,"CLT","Charlotte, NC","NC",12889,"LAS","Las Vegas, NV","NV","0805","0803",-2.00,0.00,17.00,9.00,"0947","0928",-19.00,0.00,0.00,"",0.00,282.00,265.00,239.00,1.00,1916.00,,,,,,
2016,7,2,6,2016-07-02,"AA",19805,"AA","659",11066,"CMH","Columbus, OH","OH",12892,"LAX","Los Angeles, CA","CA","1655","1650",-5.00,0.00,23.00,7.00,"1840","1836",-4.00,0.00,0.00,"",0.00,285.00,286.00,256.00,1.00,1995.00,,,,,,
2016,7,2,6,2016-07-02,"AA",19805,"AA","659",12892,"LAX","Los Angeles, CA","CA",14107,"PHX","Phoenix, AZ","AZ","1930","1926",-4.00,0.00,12.00,7.00,"2102","2044",-18.00,0.00,0.00,"",0.00,92.00,78.00,59.00,1.00,370.00,,,,,,
2016,7,2,6,2016-07-02,"AA",19805,"AA","660",12892,"LAX","Los Angeles, CA","CA",14100,"PHL","Philadelphia, PA","PA","1105","1110",5.00,5.00,28.00,5.00,"1925","1939",14.00,14.00,0.00,"",0.00,320.00,329.00,296.00,1.00,2402.00,,,,,,
2016,7,2,6,2016-07-02,"AA",19805,"AA","662",11057,"CLT","Charlotte, NC","NC",14771,"SFO","San Francisco, CA","CA","0730","0725",-5.00,0.00,23.00,8.00,"0950","1023",33.00,33.00,0.00,"",0.00,320.00,358.00,327.00,1.00,2296.00,0.00,0.00,33.00,0.00,0.00,
2016,7,2,6,2016-07-02,"AA",19805,"AA","663",14107,"PHX","Phoenix, AZ","AZ",12758,"KOA","Kona, HI","HI","1040","1037",-3.00,0.00,19.00,3.00,"1405","1401",-4.00,0.00,0.00,"",0.00,385.00,384.00,362.00,1.00,2860.00,,,,,,
2016,7,2,6,2016-07-02,"AA",19805,"AA","664",12758,"KOA","Kona, HI","HI",14107,"PHX","Phoenix, AZ","AZ","2250","2235",-15.00,0.00,6.00,6.00,"0732","0706",-26.00,0.00,0.00,"",0.00,342.00,331.00,319.00,1.00,2860.00,,,,,,
2016,7,2,6,2016-07-02,"AA",19805,"AA","665",14107,"PHX","Phoenix, AZ","AZ",11066,"CMH","Columbus, OH","OH","0842","0835",-7.00,0.00,15.00,2.00,"1530","1520",-10.00,0.00,0.00,"",0.00,228.00,225.00,208.00,1.00,1670.00,,,,,,
2016,7,2,6,2016-07-02,"AA",19805,"AA","668",14100,"PHL","Philadelphia, PA","PA",11292,"DEN","Denver, CO","CO","2100","2052",-8.00,0.00,18.00,9.00,"2309","2258",-11.00,0.00,0.00,"",0.00,249.00,246.00,219.00,1.00,1558.00,,,,,,
2016,7,2,6,2016-07-02,"AA",19805,"AA","669",11292,"DEN","Denver, CO","CO",14100,"PHL","Philadelphia, PA","PA","0030","0031",1.00,1.00,20.00,7.00,"0556","0556",0.00,0.00,0.00,"",0.00,206.00,205.00,178.00,1.00,1558.00,,,,,,
2016,7,2,6,2016-07-02,"AA",19805,"AA","670",11298,"DFW","Dallas/Fort Worth, TX","TX",12889,"LAS","Las Vegas, NV","NV","1240","1238",-2.00,0.00,18.00,7.00,"1332","1324",-8.00,0.00,0.00,"",0.00,172.00,166.00,141.00,1.00,1055.00,,,,,,
2016,7,2,6,2016-07-02,"AA",19805,"AA","670",12889,"LAS","Las Vegas, NV","NV",11298,"DFW","Dallas/Fort Worth, TX","TX","1436","1428",-8.00,0.00,9.00,8.00,"1924","1906",-18.00,0.00,0.00,"",0.00,168.00,158.00,141.00,1.00,1055.00,,,,,,
2016,7,2,6,2016-07-02,"AA",19805,"AA","671",13303,"MIA","Miami, FL","FL",14100,"PHL","Philadelphia, PA","PA","2152","2148",-4.00,0.00,23.00,5.00,"0044","0038",-6.00,0.00,0.00,"",0.00,172.00,170.00,142.00,1.00,1013.00,,,,,,
2016,7,2,6,2016-07-02,"AA",19805,"AA","672",12889,"LAS","Las Vegas, NV","NV",11298,"DFW","Dallas/Fort Worth, TX","TX","0615","0609",-6.00,0.00,17.00,14.00,"1059","1055",-4.00,0.00,0.00,"",0.00,164.00,166.00,135.00,1.00,1055.00,,,,,,
2016,7,2,6,2016-07-02,"AA",19805,"AA","673",10257,"ALB","Albany, NY","NY",11057,"CLT","Charlotte, NC","NC","1445","1511",26.00,26.00,7.00,8.00,"1658","1704",6.00,6.00,0.00,"",0.00,133.00,113.00,98.00,1.00,646.00,,,,,,
2016,7,2,6,2016-07-02,"AA",19805,"AA","673",11057,"CLT","Charlotte, NC","NC",12266,"IAH","Houston, TX","TX","1759","1755",-4.00,0.00,18.00,9.00,"1927","1927",0.00,0.00,0.00,"",0.00,148.00,152.00,125.00,1.00,912.00,,,,,,
2016,7,2,6,2016-07-02,"AA",19805,"AA","674",14100,"PHL","Philadelphia, PA","PA",14679,"SAN","San Diego, CA","CA","0755","0753",-2.00,0.00,55.00,3.00,"1027","1059",32.00,32.00,0.00,"",0.00,332.00,366.00,308.00,1.00,2370.00,0.00,0.00,32.00,0.00,0.00,
2016,7,2,6,2016-07-02,"AA",19805,"AA","675",11298,"DFW","Dallas/Fort Worth, TX","TX",14057,"PDX","Portland, OR","OR","2200","2300",60.00,60.00,16.00,4.00,"2353","0044",51.00,51.00,0.00,"",0.00,233.00,224.00,204.00,1.00,1616.00,51.00,0.00,0.00,0.00,0.00,
2016,7,2,6,2016-07-02,"AA",19805,"AA","675",14100,"PHL","Philadelphia, PA","PA",11298,"DFW","Dallas/Fort Worth, TX","TX","1800","1759",-1.00,0.00,13.00,9.00,"2039","2015",-24.00,0.00,0.00,"",0.00,219.00,196.00,174.00,1.00,1303.00,,,,,,
2016,7,2,6,2016-07-02,"AA",19805,"AA","676",12892,"LAX","Los Angeles, CA","CA",10299,"ANC","Anchorage, AK","AK","1937","2010",33.00,33.00,13.00,4.00,"0020","0032",12.00,12.00,0.00,"",0.00,343.00,322.00,305.00,1.00,2345.00,,,,,,
2016,7,2,6,2016-07-02,"AA",19805,"AA","677",12889,"LAS","Las Vegas, NV","NV",14100,"PHL","Philadelphia, PA","PA","0655","0649",-6.00,0.00,12.00,3.00,"1434","1418",-16.00,0.00,0.00,"",0.00,279.00,269.00,254.00,1.00,2176.00,,,,,,
2016,7,2,6,2016-07-02,"AA",19805,"AA","678",11057,"CLT","Charlotte, NC","NC",12892,"LAX","Los Angeles, CA","CA","1805","1840",35.00,35.00,15.00,9.00,"2014","2034",20.00,20.00,0.00,"",0.00,309.00,294.00,270.00,1.00,2125.00,6.00,0.00,0.00,13.00,1.00,
2016,7,2,6,2016-07-02,"AA",19805,"AA","680",14107,"PHX","Phoenix, AZ","AZ",11278,"DCA","Washington, DC","VA","1340","1344",4.00,4.00,22.00,5.00,"2100","2114",14.00,14.00,0.00,"",0.00,260.00,270.00,243.00,1.00,1979.00,,,,,,
2016,7,2,6,2016-07-02,"AA",19805,"AA","684",14107,"PHX","Phoenix, AZ","AZ",12982,"LIH","Lihue, HI","HI","1015","1016",1.00,1.00,23.00,5.00,"1401","1357",-4.00,0.00,0.00,"",0.00,406.00,401.00,373.00,1.00,2979.00,,,,,,
2016,7,2,6,2016-07-02,"AA",19805,"AA","685",11057,"CLT","Charlotte, NC","NC",15016,"STL","St. Louis, MO","MO","1115","1114",-1.00,0.00,11.00,3.00,"1206","1157",-9.00,0.00,0.00,"",0.00,111.00,103.00,89.00,1.00,575.00,,,,,,
2016,7,2,6,2016-07-02,"AA",19805,"AA","685",14576,"ROC","Rochester, NY","NY",11057,"CLT","Charlotte, NC","NC","0810","0800",-10.00,0.00,9.00,13.00,"1008","0949",-19.00,0.00,0.00,"",0.00,118.00,109.00,87.00,1.00,573.00,,,,,,
2016,7,2,6,2016-07-02,"AA",19805,"AA","686",11292,"DEN","Denver, CO","CO",14100,"PHL","Philadelphia, PA","PA","0705","0808",63.00,63.00,15.00,3.00,"1236","1324",48.00,48.00,0.00,"",0.00,211.00,196.00,178.00,1.00,1558.00,48.00,0.00,0.00,0.00,0.00,
2016,7,2,6,2016-07-02,"AA",19805,"AA","686",14100,"PHL","Philadelphia, PA","PA",14107,"PHX","Phoenix, AZ","AZ","1405","1413",8.00,8.00,13.00,6.00,"1603","1605",2.00,2.00,0.00,"",0.00,298.00,292.00,273.00,1.00,2075.00,,,,,,
2016,7,2,6,2016-07-02,"AA",19805,"AA","686",14107,"PHX","Phoenix, AZ","AZ",14771,"SFO","San Francisco, CA","CA","1709","1708",-1.00,0.00,12.00,5.00,"1905","1856",-9.00,0.00,0.00,"",0.00,116.00,108.00,91.00,1.00,651.00,,,,,,
2016,7,2,6,2016-07-02,"AA",19805,"AA","687",12982,"LIH","Lihue, HI","HI",14107,"PHX","Phoenix, AZ","AZ","2110","2053",-17.00,0.00,11.00,4.00,"0604","0548",-16.00,0.00,0.00,"",0.00,354.00,355.00,340.00,1.00,2979.00,,,,,,
2016,7,2,6,2016-07-02,"AA",19805,"AA","688",12892,"LAX","Los Angeles, CA","CA",14100,"PHL","Philadelphia, PA","PA","0005","0031",26.00,26.00,22.00,4.00,"0825","0849",24.00,24.00,0.00,"",0.00,320.00,318.00,292.00,1.00,2402.00,9.00,0.00,0.00,0.00,15.00,
2016,7,2,6,2016-07-02,"AA",19805,"AA","689",14100,"PHL","Philadelphia, PA","PA",12889,"LAS","Las Vegas, NV","NV","1010","1003",-7.00,0.00,23.00,6.00,"1233","1229",-4.00,0.00,0.00,"",0.00,323.00,326.00,297.00,1.00,2176.00,,,,,,
2016,7,2,6,2016-07-02,"AA",19805,"AA","690",14107,"PHX","Phoenix, AZ","AZ",12173,"HNL","Honolulu, HI","HI","1100","1054",-6.00,0.00,13.00,5.00,"1433","1424",-9.00,0.00,0.00,"",0.00,393.00,390.00,372.00,1.00,2917.00,,,,,,
2016,7,2,6,2016-07-02,"AA",19805,"AA","691",11057,"CLT","Charlotte, NC","NC",13204,"MCO","Orlando, FL","FL","1305","1258",-7.00,0.00,19.00,9.00,"1441","1438",-3.00,0.00,0.00,"",0.00,96.00,100.00,72.00,1.00,468.00,,,,,,
2016,7,2,6,2016-07-02,"AA",19805,"AA","691",14107,"PHX","Phoenix, AZ","AZ",11057,"CLT","Charlotte, NC","NC","0505","0459",-6.00,0.00,14.00,20.00,"1209","1203",-6.00,0.00,0.00,"",0.00,244.00,244.00,210.00,1.00,1773.00,,,,,,
2016,7,2,6,2016-07-02,"AA",19805,"AA","692",14107,"PHX","Phoenix, AZ","AZ",12173,"HNL","Honolulu, HI","HI","1035","1037",2.00,2.00,21.00,19.00,"1415","1425",10.00,10.00,0.00,"",0.00,400.00,408.00,368.00,1.00,2917.00,,,,,,
2016,7,2,6,2016-07-02,"AA",19805,"AA","693",12173,"HNL","Honolulu, HI","HI",14107,"PHX","Phoenix, AZ","AZ","2220","2346",86.00,86.00,14.00,8.00,"0713","0841",88.00,88.00,0.00,"",0.00,353.00,355.00,333.00,1.00,2917.00,86.00,0.00,2.00,0.00,0.00,
2016,7,2,6,2016-07-02,"AA",19805,"AA","694",11298,"DFW","Dallas/Fort Worth, TX","TX",14107,"PHX","Phoenix, AZ","AZ","1205","1216",11.00,11.00,16.00,3.00,"1228","1238",10.00,10.00,0.00,"",0.00,143.00,142.00,123.00,1.00,868.00,,,,,,
2016,7,2,6,2016-07-02,"AA",19805,"AA","694",14107,"PHX","Phoenix, AZ","AZ",12173,"HNL","Honolulu, HI","HI","1400","1402",2.00,2.00,24.00,3.00,"1734","1728",-6.00,0.00,0.00,"",0.00,394.00,386.00,359.00,1.00,2917.00,,,,,,
2016,7,2,6,2016-07-02,"AA",19805,"AA","695",11057,"CLT","Charlotte, NC","NC",14107,"PHX","Phoenix, AZ","AZ","1435","1442",7.00,7.00,12.00,6.00,"1551","1549",-2.00,0.00,0.00,"",0.00,256.00,247.00,229.00,1.00,1773.00,,,,,,
2016,7,2,6,2016-07-02,"AA",19805,"AA","695",13204,"MCO","Orlando, FL","FL",11057,"CLT","Charlotte, NC","NC","1200","1157",-3.00,0.00,13.00,12.00,"1340","1336",-4.00,0.00,0.00,"",0.00,100.00,99.00,74.00,1.00,468.00,,,,,,
2016,7,2,6,2016-07-02,"AA",19805,"AA","695",14107,"PHX","Phoenix, AZ","AZ",12892,"LAX","Los Angeles, CA","CA","1715","1714",-1.00,0.00,11.00,8.00,"1843","1827",-16.00,0.00,0.00,"",0.00,88.00,73.00,54.00,1.00,370.00,,,,,,
2016,7,2,6,2016-07-02,"AA",19805,"AA","696",12892,"LAX","Los Angeles, CA","CA",11057,"CLT","Charlotte, NC","NC","2240","2256",16.00,16.00,20.00,7.00,"0635","0631",-4.00,0.00,0.00,"",0.00,295.00,275.00,248.00,1.00,2125.00,,,,,,
2016,7,2,6,2016-07-02,"AA",19805,"AA","697",12982,"LIH","Lihue, HI","HI",14107,"PHX","Phoenix, AZ","AZ","2210","2154",-16.00,0.00,16.00,4.00,"0707","0651",-16.00,0.00,0.00,"",0.00,357.00,357.00,337.00,1.00,2979.00,,,,,,
2016,7,2,6,2016-07-02,"AA",19805,"AA","698",11298,"DFW","Dallas/Fort Worth, TX","TX",14679,"SAN","San Diego, CA","CA","1100","1101",1.00,1.00,18.00,5.00,"1157","1159",2.00,2.00,0.00,"",0.00,177.00,178.00,155.00,1.00,1171.00,,,,,,
2016,7,2,6,2016-07-02,"AA",19805,"AA","698",13204,"MCO","Orlando, FL","FL",11298,"DFW","Dallas/Fort Worth, TX","TX","0800","0826",26.00,26.00,4.00,11.00,"0944","0958",14.00,14.00,0.00,"",0.00,164.00,152.00,137.00,1.00,985.00,,,,,,
2016,7,2,6,2016-07-02,"AA",19805,"AA","699",14831,"SJC","San Jose, CA","CA",14107,"PHX","Phoenix, AZ","AZ","1910","1900",-10.00,0.00,10.00,5.00,"2101","2045",-16.00,0.00,0.00,"",0.00,111.00,105.00,90.00,1.00,621.00,,,,,,
2016,7,2,6,2016-07-02,"AA",19805,"AA","700",12892,"LAX","Los Angeles, CA","CA",14100,"PHL","Philadelphia, PA","PA","0620","0627",7.00,7.00,21.00,6.00,"1437","1451",14.00,14.00,0.00,"",0.00,317.00,324.00,297.00,1.00,2402.00,,,,,,
2016,7,2,6,2016-07-02,"AA",19805,"AA","701",14100,"PHL","Philadelphia, PA","PA",12892,"LAX","Los Angeles, CA","CA","1605","1617",12.00,12.00,20.00,8.00,"1857","1859",2.00,2.00,0.00,"",0.00,352.00,342.00,314.00,1.00,2402.00,,,,,,
2016,7,2,6,2016-07-02,"AA",19805,"AA","702",11298,"DFW","Dallas/Fort Worth, TX","TX",14100,"PHL","Philadelphia, PA","PA","1245","1307",22.00,22.00,19.00,7.00,"1705","1726",21.00,21.00,0.00,"",0.00,200.00,199.00,173.00,1.00,1303.00,20.00,0.00,0.00,0.00,1.00,
2016,7,2,6,2016-07-02,"AA",19805,"AA","703",11057,"CLT","Charlotte, NC","NC",10821,"BWI","Baltimore, MD","MD","1759","1757",-2.00,0.00,15.00,52.00,"1924","1958",34.00,34.00,0.00,"",0.00,85.00,121.00,54.00,1.00,361.00,0.00,0.00,34.00,0.00,0.00,
2016,7,2,6,2016-07-02,"AA",19805,"AA","704",14771,"SFO","San Francisco, CA","CA",11057,"CLT","Charlotte, NC","NC","0700","0700",0.00,0.00,13.00,13.00,"1503","1449",-14.00,0.00,0.00,"",0.00,303.00,289.00,263.00,1.00,2296.00,,,,,,
2016,7,2,6,2016-07-02,"AA",19805,"AA","705",11057,"CLT","Charlotte, NC","NC",14771,"SFO","San Francisco, CA","CA","1620","1619",-1.00,0.00,21.00,5.00,"1845","1842",-3.00,0.00,0.00,"",0.00,325.00,323.00,297.00,1.00,2296.00,,,,,,
2016,7,2,6,2016-07-02,"AA",19805,"AA","706",12339,"IND","Indianapolis, IN","IN",14107,"PHX","Phoenix, AZ","AZ","1820","1817",-3.00,0.00,13.00,10.00,"1900","1908",8.00,8.00,0.00,"",0.00,220.00,231.00,208.00,1.00,1488.00,,,,,,
2016,7,2,6,2016-07-02,"AA",19805,"AA","706",12892,"LAX","Los Angeles, CA","CA",12339,"IND","Indianapolis, IN","IN","0945","1015",30.00,30.00,22.00,5.00,"1659","1717",18.00,18.00,0.00,"",0.00,254.00,242.00,215.00,1.00,1814.00,8.00,0.00,0.00,0.00,10.00,
2016,7,2,6,2016-07-02,"AA",19805,"AA","707",14100,"PHL","Philadelphia, PA","PA",14107,"PHX","Phoenix, AZ","AZ","0810","0807",-3.00,0.00,19.00,4.00,"1012","1003",-9.00,0.00,0.00,"",0.00,302.00,296.00,273.00,1.00,2075.00,,,,,,
2016,7,2,6,2016-07-02,"AA",19805,"AA","709",11057,"CLT","Charlotte, NC","NC",14100,"PHL","Philadelphia, PA","PA","1730","1744",14.00,14.00,11.00,7.00,"1907","1911",4.00,4.00,0.00,"",0.00,97.00,87.00,69.00,1.00,449.00,,,,,,
2016,7,2,6,2016-07-02,"AA",19805,"AA","709",14100,"PHL","Philadelphia, PA","PA",14771,"SFO","San Francisco, CA","CA","2025","2023",-2.00,0.00,24.00,7.00,"2319","2325",6.00,6.00,0.00,"",0.00,354.00,362.00,331.00,1.00,2521.00,,,,,,
2016,7,2,6,2016-07-02,"AA",19805,"AA","711",13930,"ORD","Chicago, IL","IL",14107,"PHX","Phoenix, AZ","AZ","1408","1407",-1.00,0.00,25.00,5.00,"1553","1551",-2.00,0.00,0.00,"",0.00,225.00,224.00,194.00,1.00,1440.00,,,,,,
2016,7,2,6,2016-07-02,"AA",19805,"AA","712",15304,"TPA","Tampa, FL","FL",11278,"DCA","Washington, DC","VA","0830","0843",13.00,13.00,10.00,2.00,"1043","1048",5.00,5.00,0.00,"",0.00,133.00,125.00,113.00,1.00,814.00,,,,,,
2016,7,2,6,2016-07-02,"AA",19805,"AA","715",14100,"PHL","Philadelphia, PA","PA",10721,"BOS","Boston, MA","MA","1745","1741",-4.00,0.00,14.00,9.00,"1909","1859",-10.00,0.00,0.00,"",0.00,84.00,78.00,55.00,1.00,280.00,,,,,,
2016,7,2,6,2016-07-02,"AA",19805,"AA","716",12892,"LAX","Los Angeles, CA","CA",14100,"PHL","Philadelphia, PA","PA","0830","0848",18.00,18.00,30.00,4.00,"1654","1717",23.00,23.00,0.00,"",0.00,324.00,329.00,295.00,1.00,2402.00,18.00,0.00,5.00,0.00,0.00,
2016,7,2,6,2016-07-02,"AA",19805,"AA","717",14100,"PHL","Philadelphia, PA","PA",12892,"LAX","Los Angeles, CA","CA","2035","2042",7.00,7.00,21.00,9.00,"2322","2328",6.00,6.00,0.00,"",0.00,347.00,346.00,316.00,1.00,2402.00,,,,,,
2016,7,2,6,2016-07-02,"AA",19805,"AA","720",11298,"DFW","Dallas/Fort Worth, TX","TX",11057,"CLT","Charlotte, NC","NC","1255","1306",11.00,11.00,16.00,33.00,"1635","1652",17.00,17.00,0.00,"",0.00,160.00,166.00,117.00,1.00,936.00,11.00,0.00,6.00,0.00,0.00,
2016,7,2,6,2016-07-02,"AA",19805,"AA","722",14771,"SFO","San Francisco, CA","CA",14100,"PHL","Philadelphia, PA","PA","1050","1046",-4.00,0.00,14.00,8.00,"1912","1851",-21.00,0.00,0.00,"",0.00,322.00,305.00,283.00,1.00,2521.00,,,,,,
2016,7,2,6,2016-07-02,"AA",19805,"AA","723",14100,"PHL","Philadelphia, PA","PA",14771,"SFO","San Francisco, CA","CA","1620","1614",-6.00,0.00,20.00,5.00,"1923","1907",-16.00,0.00,0.00,"",0.00,363.00,353.00,328.00,1.00,2521.00,,,,,,
2016,7,2,6,2016-07-02,"AA",19805,"AA","724",12892,"LAX","Los Angeles, CA","CA",11057,"CLT","Charlotte, NC","NC","0730","0725",-5.00,0.00,21.00,8.00,"1522","1504",-18.00,0.00,0.00,"",0.00,292.00,279.00,250.00,1.00,2125.00,,,,,,
2016,7,2,6,2016-07-02,"AA",19805,"AA","725",11057,"CLT","Charlotte, NC","NC",12892,"LAX","Los Angeles, CA","CA","1640","1703",23.00,23.00,18.00,6.00,"1850","1900",10.00,10.00,0.00,"",0.00,310.00,297.00,273.00,1.00,2125.00,,,,,,
2016,7,2,6,2016-07-02,"AA",19805,"AA","728",14747,"SEA","Seattle, WA","WA",14100,"PHL","Philadelphia, PA","PA","0815","0811",-4.00,0.00,25.00,5.00,"1625","1604",-21.00,0.00,0.00,"",0.00,310.00,293.00,263.00,1.00,2378.00,,,,,,
2016,7,2,6,2016-07-02,"AA",19805,"AA","729",14100,"PHL","Philadelphia, PA","PA",14747,"SEA","Seattle, WA","WA","1745","1741",-4.00,0.00,22.00,11.00,"2035","2247",,,0.00,"",1.00,350.00,,,1.00,2378.00,,,,,,
2016,7,2,6,2016-07-02,"AA",19805,"AA","730",15304,"TPA","Tampa, FL","FL",11057,"CLT","Charlotte, NC","NC","1535","1607",32.00,32.00,14.00,10.00,"1723","1745",22.00,22.00,0.00,"",0.00,108.00,98.00,74.00,1.00,507.00,4.00,0.00,0.00,0.00,18.00,
2016,7,2,6,2016-07-02,"AA",19805,"AA","731",11057,"CLT","Charlotte, NC","NC",15304,"TPA","Tampa, FL","FL","1800","1755",-5.00,0.00,11.00,3.00,"1939","1918",-21.00,0.00,0.00,"",0.00,99.00,83.00,69.00,1.00,507.00,,,,,,
2016,7,2,6,2016-07-02,"AA",19805,"AA","734",12889,"LAS","Las Vegas, NV","NV",14100,"PHL","Philadelphia, PA","PA","1059","1057",-2.00,0.00,16.00,4.00,"1842","1823",-19.00,0.00,0.00,"",0.00,283.00,266.00,246.00,1.00,2176.00,,,,,,
2016,7,2,6,2016-07-02,"AA",19805,"AA","735",14100,"PHL","Philadelphia, PA","PA",12889,"LAS","Las Vegas, NV","NV","1615","1625",10.00,10.00,17.00,9.00,"1837","1839",2.00,2.00,0.00,"",0.00,322.00,314.00,288.00,1.00,2176.00,,,,,,
2016,7,2,6,2016-07-02,"AA",19805,"AA","738",10721,"BOS","Boston, MA","MA",14100,"PHL","Philadelphia, PA","PA","1755","1803",8.00,8.00,21.00,11.00,"1931","1942",11.00,11.00,0.00,"",0.00,96.00,99.00,67.00,1.00,280.00,,,,,,
2016,7,2,6,2016-07-02,"AA",19805,"AA","739",14100,"PHL","Philadelphia, PA","PA",10721,"BOS","Boston, MA","MA","1535","1547",12.00,12.00,12.00,4.00,"1656","1653",-3.00,0.00,0.00,"",0.00,81.00,66.00,50.00,1.00,280.00,,,,,,
2016,7,2,6,2016-07-02,"AA",19805,"AA","740",14843,"SJU","San Juan, PR","PR",14100,"PHL","Philadelphia, PA","PA","0815","0902",47.00,47.00,13.00,2.00,"1233","1335",62.00,62.00,0.00,"",0.00,258.00,273.00,258.00,1.00,1576.00,0.00,47.00,15.00,0.00,0.00,
2016,7,2,6,2016-07-02,"AA",19805,"AA","741",14100,"PHL","Philadelphia, PA","PA",14843,"SJU","San Juan, PR","PR","1805","1823",18.00,18.00,26.00,6.00,"2234","2307",33.00,33.00,0.00,"",0.00,269.00,284.00,252.00,1.00,1576.00,6.00,0.00,15.00,0.00,12.00,
2016,7,2,6,2016-07-02,"AA",19805,"AA","742",13930,"ORD","Chicago, IL","IL",14100,"PHL","Philadelphia, PA","PA","1205","1212",7.00,7.00,16.00,4.00,"1513","1507",-6.00,0.00,0.00,"",0.00,128.00,115.00,95.00,1.00,678.00,,,,,,
2016,7,2,6,2016-07-02,"AA",19805,"AA","743",14100,"PHL","Philadelphia, PA","PA",13930,"ORD","Chicago, IL","IL","2030","2033",3.00,3.00,16.00,26.00,"2153","2201",8.00,8.00,0.00,"",0.00,143.00,148.00,106.00,1.00,678.00,,,,,,
2016,7,2,6,2016-07-02,"AA",19805,"AA","744",12266,"IAH","Houston, TX","TX",11057,"CLT","Charlotte, NC","NC","1608","1605",-3.00,0.00,13.00,11.00,"1945","1935",-10.00,0.00,0.00,"",0.00,157.00,150.00,126.00,1.00,912.00,,,,,,
2016,7,2,6,2016-07-02,"AA",19805,"AA","745",11057,"CLT","Charlotte, NC","NC",12266,"IAH","Houston, TX","TX","2210","2216",6.00,6.00,15.00,10.00,"2340","2335",-5.00,0.00,0.00,"",0.00,150.00,139.00,114.00,1.00,912.00,,,,,,
2016,7,2,6,2016-07-02,"AA",19805,"AA","746",13204,"MCO","Orlando, FL","FL",11057,"CLT","Charlotte, NC","NC","1714","1741",27.00,27.00,21.00,10.00,"1905","1926",21.00,21.00,0.00,"",0.00,111.00,105.00,74.00,1.00,468.00,0.00,0.00,0.00,0.00,21.00,
2016,7,2,6,2016-07-02,"AA",19805,"AA","747",11057,"CLT","Charlotte, NC","NC",13204,"MCO","Orlando, FL","FL","2015","2033",18.00,18.00,13.00,10.00,"2151","2159",8.00,8.00,0.00,"",0.00,96.00,86.00,63.00,1.00,468.00,,,,,,
2016,7,2,6,2016-07-02,"AA",19805,"AA","748",12889,"LAS","Las Vegas, NV","NV",11057,"CLT","Charlotte, NC","NC","0800","0753",-7.00,0.00,15.00,11.00,"1519","1500",-19.00,0.00,0.00,"",0.00,259.00,247.00,221.00,1.00,1916.00,,,,,,
2016,7,2,6,2016-07-02,"AA",19805,"AA","749",11057,"CLT","Charlotte, NC","NC",12889,"LAS","Las Vegas, NV","NV","1820","1847",27.00,27.00,18.00,8.00,"2001","2021",20.00,20.00,0.00,"",0.00,281.00,274.00,248.00,1.00,1916.00,5.00,0.00,0.00,0.00,15.00,
2016,7,2,6,2016-07-02,"AA",19805,"AA","752",10397,"ATL","Atlanta, GA","GA",11057,"CLT","Charlotte, NC","NC","0550","0551",1.00,1.00,12.00,22.00,"0657","0708",11.00,11.00,0.00,"",0.00,67.00,77.00,43.00,1.00,226.00,,,,,,
2016,7,2,6,2016-07-02,"AA",19805,"AA","752",11057,"CLT","Charlotte, NC","NC",14843,"SJU","San Juan, PR","PR","0800","0807",7.00,7.00,23.00,8.00,"1148","1202",14.00,14.00,0.00,"",0.00,228.00,235.00,204.00,1.00,1475.00,,,,,,
2016,7,2,6,2016-07-02,"AA",19805,"AA","754",14679,"SAN","San Diego, CA","CA",14100,"PHL","Philadelphia, PA","PA","0845","0845",0.00,0.00,15.00,23.00,"1658","1707",9.00,9.00,0.00,"",0.00,313.00,322.00,284.00,1.00,2370.00,,,,,,
2016,7,2,6,2016-07-02,"AA",19805,"AA","755",14100,"PHL","Philadelphia, PA","PA",14679,"SAN","San Diego, CA","CA","1815","1822",7.00,7.00,23.00,3.00,"2057","2057",0.00,0.00,0.00,"",0.00,342.00,335.00,309.00,1.00,2370.00,,,,,,
2016,7,2,6,2016-07-02,"AA",19805,"AA","756",11057,"CLT","Charlotte, NC","NC",15016,"STL","St. Louis, MO","MO","1430","1429",-1.00,0.00,12.00,2.00,"1525","1522",-3.00,0.00,0.00,"",0.00,115.00,113.00,99.00,1.00,575.00,,,,,,
2016,7,2,6,2016-07-02,"AA",19805,"AA","756",13495,"MSY","New Orleans, LA","LA",11057,"CLT","Charlotte, NC","NC","1050","1045",-5.00,0.00,8.00,7.00,"1344","1333",-11.00,0.00,0.00,"",0.00,114.00,108.00,93.00,1.00,651.00,,,,,,
2016,7,2,6,2016-07-02,"AA",19805,"AA","758",14771,"SFO","San Francisco, CA","CA",14100,"PHL","Philadelphia, PA","PA","0630","0629",-1.00,0.00,15.00,5.00,"1453","1433",-20.00,0.00,0.00,"",0.00,323.00,304.00,284.00,1.00,2521.00,,,,,,
2016,7,2,6,2016-07-02,"AA",19805,"AA","759",14100,"PHL","Philadelphia, PA","PA",14771,"SFO","San Francisco, CA","CA","1800","1754",-6.00,0.00,13.00,4.00,"2106","2034",-32.00,0.00,0.00,"",0.00,366.00,340.00,323.00,1.00,2521.00,,,,,,
2016,7,2,6,2016-07-02,"AA",19805,"AA","760",11057,"CLT","Charlotte, NC","NC",10397,"ATL","Atlanta, GA","GA","2030","2028",-2.00,0.00,15.00,12.00,"2145","2133",-12.00,0.00,0.00,"",0.00,75.00,65.00,38.00,1.00,226.00,,,,,,
2016,7,2,6,2016-07-02,"AA",19805,"AA","760",13303,"MIA","Miami, FL","FL",11057,"CLT","Charlotte, NC","NC","1710","1717",7.00,7.00,14.00,5.00,"1923","1909",-14.00,0.00,0.00,"",0.00,133.00,112.00,93.00,1.00,650.00,,,,,,
2016,7,2,6,2016-07-02,"AA",19805,"AA","760",14107,"PHX","Phoenix, AZ","AZ",13303,"MIA","Miami, FL","FL","0839","0849",10.00,10.00,25.00,5.00,"1606","1619",13.00,13.00,0.00,"",0.00,267.00,270.00,240.00,1.00,1972.00,,,,,,
2016,7,2,6,2016-07-02,"AA",19805,"AA","761",11298,"DFW","Dallas/Fort Worth, TX","TX",14107,"PHX","Phoenix, AZ","AZ","0715","0721",6.00,6.00,20.00,8.00,"0740","0753",13.00,13.00,0.00,"",0.00,145.00,152.00,124.00,1.00,868.00,,,,,,
2016,7,2,6,2016-07-02,"AA",19805,"AA","763",14100,"PHL","Philadelphia, PA","PA",14747,"SEA","Seattle, WA","WA","0735","0740",5.00,5.00,34.00,10.00,"1027","1052",25.00,25.00,0.00,"",0.00,352.00,372.00,328.00,1.00,2378.00,5.00,0.00,20.00,0.00,0.00,
2016,7,2,6,2016-07-02,"AA",19805,"AA","764",15304,"TPA","Tampa, FL","FL",14100,"PHL","Philadelphia, PA","PA","0800","0757",-3.00,0.00,13.00,10.00,"1030","1026",-4.00,0.00,0.00,"",0.00,150.00,149.00,126.00,1.00,920.00,,,,,,
2016,7,2,6,2016-07-02,"AA",19805,"AA","765",10423,"AUS","Austin, TX","TX",11057,"CLT","Charlotte, NC","NC","1345","1915",330.00,330.00,10.00,13.00,"1727","2252",325.00,325.00,0.00,"",0.00,162.00,157.00,134.00,1.00,1032.00,23.00,0.00,0.00,0.00,302.00,
2016,7,2,6,2016-07-02,"AA",19805,"AA","765",11057,"CLT","Charlotte, NC","NC",15016,"STL","St. Louis, MO","MO","1815","1828",13.00,13.00,18.00,3.00,"1916","1920",4.00,4.00,0.00,"",0.00,121.00,112.00,91.00,1.00,575.00,,,,,,
2016,7,2,6,2016-07-02,"AA",19805,"AA","765",14107,"PHX","Phoenix, AZ","AZ",10423,"AUS","Austin, TX","TX","0842","0837",-5.00,0.00,18.00,6.00,"1304","1550",,,0.00,"",1.00,142.00,,,1.00,872.00,,,,,,
2016,7,2,6,2016-07-02,"AA",19805,"AA","766",14747,"SEA","Seattle, WA","WA",14100,"PHL","Philadelphia, PA","PA","1125","1143",18.00,18.00,20.00,10.00,"1937","1940",3.00,3.00,0.00,"",0.00,312.00,297.00,267.00,1.00,2378.00,,,,,,
2016,7,2,6,2016-07-02,"AA",19805,"AA","767",14100,"PHL","Philadelphia, PA","PA",14107,"PHX","Phoenix, AZ","AZ","0659","0653",-6.00,0.00,19.00,15.00,"0850","0915",25.00,25.00,0.00,"",0.00,291.00,322.00,288.00,1.00,2075.00,0.00,0.00,25.00,0.00,0.00,
2016,7,2,6,2016-07-02,"AA",19805,"AA","767",14107,"PHX","Phoenix, AZ","AZ",11057,"CLT","Charlotte, NC","NC","1005","1011",6.00,6.00,24.00,14.00,"1715","1716",1.00,1.00,0.00,"",0.00,250.00,245.00,207.00,1.00,1773.00,,,,,,
2016,7,2,6,2016-07-02,"AA",19805,"AA","768",13204,"MCO","Orlando, FL","FL",14100,"PHL","Philadelphia, PA","PA","1515","1641",86.00,86.00,25.00,5.00,"1749","1909",80.00,80.00,0.00,"",0.00,154.00,148.00,118.00,1.00,861.00,0.00,60.00,0.00,0.00,20.00,
2016,7,2,6,2016-07-02,"AA",19805,"AA","769",14100,"PHL","Philadelphia, PA","PA",13204,"MCO","Orlando, FL","FL","1600","1604",4.00,4.00,15.00,6.00,"1836","1821",-15.00,0.00,0.00,"",0.00,156.00,137.00,116.00,1.00,861.00,,,,,,
2016,7,2,6,2016-07-02,"AA",19805,"AA","770",13204,"MCO","Orlando, FL","FL",11057,"CLT","Charlotte, NC","NC","0830","0921",51.00,51.00,9.00,9.00,"1013","1055",42.00,42.00,0.00,"",0.00,103.00,94.00,76.00,1.00,468.00,42.00,0.00,0.00,0.00,0.00,
2016,7,2,6,2016-07-02,"AA",19805,"AA","771",14100,"PHL","Philadelphia, PA","PA",14843,"SJU","San Juan, PR","PR","0950","0944",-6.00,0.00,18.00,5.00,"1421","1415",-6.00,0.00,0.00,"",0.00,271.00,271.00,248.00,1.00,1576.00,,,,,,
2016,7,2,6,2016-07-02,"AA",19805,"AA","772",14843,"SJU","San Juan, PR","PR",14100,"PHL","Philadelphia, PA","PA","1515","1506",-9.00,0.00,15.00,3.00,"1944","1936",-8.00,0.00,0.00,"",0.00,269.00,270.00,252.00,1.00,1576.00,,,,,,
2016,7,2,6,2016-07-02,"AA",19805,"AA","773",14100,"PHL","Philadelphia, PA","PA",14843,"SJU","San Juan, PR","PR","1155","1155",0.00,0.00,11.00,7.00,"1616","1628",12.00,12.00,0.00,"",0.00,261.00,273.00,255.00,1.00,1576.00,,,,,,
2016,7,2,6,2016-07-02,"AA",19805,"AA","774",14771,"SFO","San Francisco, CA","CA",14100,"PHL","Philadelphia, PA","PA","1330","1326",-4.00,0.00,15.00,15.00,"2152","2144",-8.00,0.00,0.00,"",0.00,322.00,318.00,288.00,1.00,2521.00,,,,,,
2016,7,2,6,2016-07-02,"AA",19805,"AA","776",14107,"PHX","Phoenix, AZ","AZ",14100,"PHL","Philadelphia, PA","PA","1215","1211",-4.00,0.00,12.00,4.00,"1950","1931",-19.00,0.00,0.00,"",0.00,275.00,260.00,244.00,1.00,2075.00,,,,,,
2016,7,2,6,2016-07-02,"AA",19805,"AA","777",14100,"PHL","Philadelphia, PA","PA",14107,"PHX","Phoenix, AZ","AZ","1555","1618",23.00,23.00,21.00,6.00,"1758","1810",12.00,12.00,0.00,"",0.00,303.00,292.00,265.00,1.00,2075.00,,,,,,
2016,7,2,6,2016-07-02,"AA",19805,"AA","781",14100,"PHL","Philadelphia, PA","PA",12892,"LAX","Los Angeles, CA","CA","0745","0741",-4.00,0.00,20.00,8.00,"1033","1019",-14.00,0.00,0.00,"",0.00,348.00,338.00,310.00,1.00,2402.00,,,,,,
2016,7,2,6,2016-07-02,"AA",19805,"AA","782",14027,"PBI","West Palm Beach/Palm Beach, FL","FL",14100,"PHL","Philadelphia, PA","PA","0600","0557",-3.00,0.00,11.00,4.00,"0837","0829",-8.00,0.00,0.00,"",0.00,157.00,152.00,137.00,1.00,951.00,,,,,,
2016,7,2,6,2016-07-02,"AA",19805,"AA","783",11057,"CLT","Charlotte, NC","NC",14843,"SJU","San Juan, PR","PR","1145","1138",-7.00,0.00,28.00,7.00,"1537","1537",0.00,0.00,0.00,"",0.00,232.00,239.00,204.00,1.00,1475.00,,,,,,
2016,7,2,6,2016-07-02,"AA",19805,"AA","783",12266,"IAH","Houston, TX","TX",11057,"CLT","Charlotte, NC","NC","0705","0710",5.00,5.00,12.00,13.00,"1038","1034",-4.00,0.00,0.00,"",0.00,153.00,144.00,119.00,1.00,912.00,,,,,,
2016,7,2,6,2016-07-02,"AA",19805,"AA","784",14100,"PHL","Philadelphia, PA","PA",12889,"LAS","Las Vegas, NV","NV","1905","1901",-4.00,0.00,11.00,7.00,"2121","2102",-19.00,0.00,0.00,"",0.00,316.00,301.00,283.00,1.00,2176.00,,,,,,
2016,7,2,6,2016-07-02,"AA",19805,"AA","785",14100,"PHL","Philadelphia, PA","PA",12892,"LAX","Los Angeles, CA","CA","1800","1824",24.00,24.00,30.00,20.00,"2057","2133",36.00,36.00,0.00,"",0.00,357.00,369.00,319.00,1.00,2402.00,24.00,0.00,12.00,0.00,0.00,
2016,7,2,6,2016-07-02,"AA",19805,"AA","786",10397,"ATL","Atlanta, GA","GA",11057,"CLT","Charlotte, NC","NC","1535","1528",-7.00,0.00,22.00,15.00,"1702","1652",-10.00,0.00,0.00,"",0.00,87.00,84.00,47.00,1.00,226.00,,,,,,
2016,7,2,6,2016-07-02,"AA",19805,"AA","788",14100,"PHL","Philadelphia, PA","PA",11057,"CLT","Charlotte, NC","NC","1140","1143",3.00,3.00,9.00,15.00,"1330","1319",-11.00,0.00,0.00,"",0.00,110.00,96.00,72.00,1.00,449.00,,,,,,
2016,7,2,6,2016-07-02,"AA",19805,"AA","788",14492,"RDU","Raleigh/Durham, NC","NC",14100,"PHL","Philadelphia, PA","PA","0900","0916",16.00,16.00,11.00,9.00,"1029","1030",1.00,1.00,0.00,"",0.00,89.00,74.00,54.00,1.00,337.00,,,,,,
2016,7,2,6,2016-07-02,"AA",19805,"AA","793",10721,"BOS","Boston, MA","MA",11057,"CLT","Charlotte, NC","NC","1710","1729",19.00,19.00,28.00,26.00,"1939","2010",31.00,31.00,0.00,"",0.00,149.00,161.00,107.00,1.00,728.00,5.00,0.00,12.00,0.00,14.00,
2016,7,2,6,2016-07-02,"AA",19805,"AA","793",11057,"CLT","Charlotte, NC","NC",15016,"STL","St. Louis, MO","MO","2035","2034",-1.00,0.00,11.00,4.00,"2133","2119",-14.00,0.00,0.00,"",0.00,118.00,105.00,90.00,1.00,575.00,,,,,,
2016,7,2,6,2016-07-02,"AA",19805,"AA","797",14100,"PHL","Philadelphia, PA","PA",12892,"LAX","Los Angeles, CA","CA","1355","1355",0.00,0.00,12.00,8.00,"1637","1632",-5.00,0.00,0.00,"",0.00,342.00,337.00,317.00,1.00,2402.00,,,,,,
2016,7,2,6,2016-07-02,"AA",19805,"AA","798",13303,"MIA","Miami, FL","FL",14100,"PHL","Philadelphia, PA","PA","1408","1416",8.00,8.00,40.00,4.00,"1650","1725",35.00,35.00,0.00,"",0.00,162.00,189.00,145.00,1.00,1013.00,8.00,0.00,27.00,0.00,0.00,
2016,7,2,6,2016-07-02,"AA",19805,"AA","799",14100,"PHL","Philadelphia, PA","PA",13303,"MIA","Miami, FL","FL","1745","1756",11.00,11.00,21.00,5.00,"2037","2050",13.00,13.00,0.00,"",0.00,172.00,174.00,148.00,1.00,1013.00,,,,,,
2016,7,2,6,2016-07-02,"AA",19805,"AA","803",14107,"PHX","Phoenix, AZ","AZ",11423,"DSM","Des Moines, IA","IA","1848","1840",-8.00,0.00,14.00,5.00,"2334","2323",-11.00,0.00,0.00,"",0.00,166.00,163.00,144.00,1.00,1150.00,,,,,,
2016,7,2,6,2016-07-02,"AA",19805,"AA","804",11057,"CLT","Charlotte, NC","NC",15024,"STT","Charlotte Amalie, VI","VI","0950","0940",-10.00,0.00,37.00,5.00,"1342","1356",14.00,14.00,0.00,"",0.00,232.00,256.00,214.00,1.00,1520.00,,,,,,
2016,7,2,6,2016-07-02,"AA",19805,"AA","804",15024,"STT","Charlotte Amalie, VI","VI",11057,"CLT","Charlotte, NC","NC","1436","1436",0.00,0.00,35.00,5.00,"1825","1830",5.00,5.00,0.00,"",0.00,229.00,234.00,194.00,1.00,1520.00,,,,,,
2016,7,2,6,2016-07-02,"AA",19805,"AA","807",14100,"PHL","Philadelphia, PA","PA",14679,"SAN","San Diego, CA","CA","1605","1600",-5.00,0.00,31.00,4.00,"1844","1855",11.00,11.00,0.00,"",0.00,339.00,355.00,320.00,1.00,2370.00,,,,,,
2016,7,2,6,2016-07-02,"AA",19805,"AA","808",15024,"STT","Charlotte Amalie, VI","VI",11057,"CLT","Charlotte, NC","NC","1635","1632",-3.00,0.00,11.00,5.00,"2028","1956",-32.00,0.00,0.00,"",0.00,233.00,204.00,188.00,1.00,1520.00,,,,,,
2016,7,2,6,2016-07-02,"AA",19805,"AA","809",12889,"LAS","Las Vegas, NV","NV",14100,"PHL","Philadelphia, PA","PA","0055","0116",21.00,21.00,16.00,3.00,"0832","0844",12.00,12.00,0.00,"",0.00,277.00,268.00,249.00,1.00,2176.00,,,,,,
2016,7,2,6,2016-07-02,"AA",19805,"AA","810",14100,"PHL","Philadelphia, PA","PA",12889,"LAS","Las Vegas, NV","NV","2125","2157",32.00,32.00,17.00,6.00,"2339","0003",24.00,24.00,0.00,"",0.00,314.00,306.00,283.00,1.00,2176.00,0.00,0.00,0.00,0.00,24.00,
2016,7,2,6,2016-07-02,"AA",19805,"AA","812",11433,"DTW","Detroit, MI","MI",14100,"PHL","Philadelphia, PA","PA","0956","1004",8.00,8.00,8.00,4.00,"1134","1118",-16.00,0.00,0.00,"",0.00,98.00,74.00,62.00,1.00,453.00,,,,,,
2016,7,2,6,2016-07-02,"AA",19805,"AA","812",14100,"PHL","Philadelphia, PA","PA",11433,"DTW","Detroit, MI","MI","0730","0729",-1.00,0.00,33.00,10.00,"0916","0928",12.00,12.00,0.00,"",0.00,106.00,119.00,76.00,1.00,453.00,,,,,,
2016,7,2,6,2016-07-02,"AA",19805,"AA","813",11057,"CLT","Charlotte, NC","NC",15027,"STX","Christiansted, VI","VI","1140","1134",-6.00,0.00,21.00,2.00,"1536","1522",-14.00,0.00,0.00,"",0.00,236.00,228.00,205.00,1.00,1562.00,,,,,,
2016,7,2,6,2016-07-02,"AA",19805,"AA","813",15027,"STX","Christiansted, VI","VI",11057,"CLT","Charlotte, NC","NC","1620","1609",-11.00,0.00,11.00,24.00,"2021","2015",-6.00,0.00,0.00,"",0.00,241.00,246.00,211.00,1.00,1562.00,,,,,,
2016,7,2,6,2016-07-02,"AA",19805,"AA","814",15304,"TPA","Tampa, FL","FL",14100,"PHL","Philadelphia, PA","PA","1400","1421",21.00,21.00,21.00,7.00,"1635","1703",28.00,28.00,0.00,"",0.00,155.00,162.00,134.00,1.00,920.00,0.00,10.00,7.00,0.00,11.00,
2016,7,2,6,2016-07-02,"AA",19805,"AA","816",14100,"PHL","Philadelphia, PA","PA",11057,"CLT","Charlotte, NC","NC","1015","1013",-2.00,0.00,26.00,12.00,"1210","1201",-9.00,0.00,0.00,"",0.00,115.00,108.00,70.00,1.00,449.00,,,,,,
2016,7,2,6,2016-07-02,"AA",19805,"AA","819",10821,"BWI","Baltimore, MD","MD",11057,"CLT","Charlotte, NC","NC","0700","0658",-2.00,0.00,22.00,7.00,"0831","0822",-9.00,0.00,0.00,"",0.00,91.00,84.00,55.00,1.00,361.00,,,,,,
2016,7,2,6,2016-07-02,"AA",19805,"AA","821",14100,"PHL","Philadelphia, PA","PA",11057,"CLT","Charlotte, NC","NC","0820","0818",-2.00,0.00,23.00,17.00,"1008","1004",-4.00,0.00,0.00,"",0.00,108.00,106.00,66.00,1.00,449.00,,,,,,
2016,7,2,6,2016-07-02,"AA",19805,"AA","823",11042,"CLE","Cleveland, OH","OH",11057,"CLT","Charlotte, NC","NC","0655","0650",-5.00,0.00,17.00,13.00,"0833","0824",-9.00,0.00,0.00,"",0.00,98.00,94.00,64.00,1.00,430.00,,,,,,
2016,7,2,6,2016-07-02,"AA",19805,"AA","824",11057,"CLT","Charlotte, NC","NC",14100,"PHL","Philadelphia, PA","PA","0736","0734",-2.00,0.00,15.00,8.00,"0917","0906",-11.00,0.00,0.00,"",0.00,101.00,92.00,69.00,1.00,449.00,,,,,,
2016,7,2,6,2016-07-02,"AA",19805,"AA","826",14100,"PHL","Philadelphia, PA","PA",14869,"SLC","Salt Lake City, UT","UT","1759","1927",88.00,88.00,19.00,5.00,"2056","2213",77.00,77.00,0.00,"",0.00,297.00,286.00,262.00,1.00,1927.00,77.00,0.00,0.00,0.00,0.00,
2016,7,2,6,2016-07-02,"AA",19805,"AA","832",14771,"SFO","San Francisco, CA","CA",14100,"PHL","Philadelphia, PA","PA","0030","0028",-2.00,0.00,12.00,7.00,"0847","0827",-20.00,0.00,0.00,"",0.00,317.00,299.00,280.00,1.00,2521.00,,,,,,
2016,7,2,6,2016-07-02,"AA",19805,"AA","833",11057,"CLT","Charlotte, NC","NC",15024,"STT","Charlotte Amalie, VI","VI","1150","1155",5.00,5.00,29.00,4.00,"1539","1544",5.00,5.00,0.00,"",0.00,229.00,229.00,196.00,1.00,1520.00,,,,,,
2016,7,2,6,2016-07-02,"AA",19805,"AA","834",14100,"PHL","Philadelphia, PA","PA",15304,"TPA","Tampa, FL","FL","1805","1820",15.00,15.00,24.00,3.00,"2050","2050",0.00,0.00,0.00,"",0.00,165.00,150.00,123.00,1.00,920.00,,,,,,
2016,7,2,6,2016-07-02,"AA",19805,"AA","837",15024,"STT","Charlotte Amalie, VI","VI",14100,"PHL","Philadelphia, PA","PA","1505","1450",-15.00,0.00,18.00,5.00,"1859","1844",-15.00,0.00,0.00,"",0.00,234.00,234.00,211.00,1.00,1605.00,,,,,,
2016,7,2,6,2016-07-02,"AA",19805,"AA","838",14908,"SNA","Santa Ana, CA","CA",14107,"PHX","Phoenix, AZ","AZ","1011","0959",-12.00,0.00,13.00,9.00,"1124","1112",-12.00,0.00,0.00,"",0.00,73.00,73.00,51.00,1.00,338.00,,,,,,
2016,7,2,6,2016-07-02,"AA",19805,"AA","839",14100,"PHL","Philadelphia, PA","PA",13204,"MCO","Orlando, FL","FL","2055","2056",1.00,1.00,22.00,7.00,"2327","2319",-8.00,0.00,0.00,"",0.00,152.00,143.00,114.00,1.00,861.00,,,,,,
2016,7,2,6,2016-07-02,"AA",19805,"AA","840",12889,"LAS","Las Vegas, NV","NV",11057,"CLT","Charlotte, NC","NC","0055","0110",15.00,15.00,20.00,10.00,"0809","0826",17.00,17.00,0.00,"",0.00,254.00,256.00,226.00,1.00,1916.00,0.00,15.00,2.00,0.00,0.00,
2016,7,2,6,2016-07-02,"AA",19805,"AA","841",11278,"DCA","Washington, DC","VA",11057,"CLT","Charlotte, NC","NC","0659","0654",-5.00,0.00,21.00,5.00,"0830","0809",-21.00,0.00,0.00,"",0.00,91.00,75.00,49.00,1.00,331.00,,,,,,
2016,7,2,6,2016-07-02,"AA",19805,"AA","843",11057,"CLT","Charlotte, NC","NC",10397,"ATL","Atlanta, GA","GA","1324","1319",-5.00,0.00,11.00,8.00,"1444","1416",-28.00,0.00,0.00,"",0.00,80.00,57.00,38.00,1.00,226.00,,,,,,
2016,7,2,6,2016-07-02,"AA",19805,"AA","843",12953,"LGA","New York, NY","NY",11057,"CLT","Charlotte, NC","NC","0955","1016",21.00,21.00,24.00,12.00,"1205","1220",15.00,15.00,0.00,"",0.00,130.00,124.00,88.00,1.00,544.00,15.00,0.00,0.00,0.00,0.00,
2016,7,2,6,2016-07-02,"AA",19805,"AA","845",13930,"ORD","Chicago, IL","IL",14100,"PHL","Philadelphia, PA","PA","0545","0541",-4.00,0.00,15.00,3.00,"0843","0827",-16.00,0.00,0.00,"",0.00,118.00,106.00,88.00,1.00,678.00,,,,,,
2016,7,2,6,2016-07-02,"AA",19805,"AA","849",14100,"PHL","Philadelphia, PA","PA",10721,"BOS","Boston, MA","MA","2250","2314",24.00,24.00,10.00,4.00,"0005","0013",8.00,8.00,0.00,"",0.00,75.00,59.00,45.00,1.00,280.00,,,,,,
2016,7,2,6,2016-07-02,"AA",19805,"AA","850",10257,"ALB","Albany, NY","NY",11057,"CLT","Charlotte, NC","NC","0805","0803",-2.00,0.00,19.00,11.00,"1019","1012",-7.00,0.00,0.00,"",0.00,134.00,129.00,99.00,1.00,646.00,,,,,,
2016,7,2,6,2016-07-02,"AA",19805,"AA","850",11057,"CLT","Charlotte, NC","NC",10693,"BNA","Nashville, TN","TN","1140","1241",61.00,61.00,10.00,6.00,"1208","1248",40.00,40.00,0.00,"",0.00,88.00,67.00,51.00,1.00,328.00,40.00,0.00,0.00,0.00,0.00,
2016,7,2,6,2016-07-02,"AA",19805,"AA","851",14100,"PHL","Philadelphia, PA","PA",11292,"DEN","Denver, CO","CO","1800","1808",8.00,8.00,15.00,11.00,"2017","2004",-13.00,0.00,0.00,"",0.00,257.00,236.00,210.00,1.00,1558.00,,,,,,
2016,7,2,6,2016-07-02,"AA",19805,"AA","852",11057,"CLT","Charlotte, NC","NC",14576,"ROC","Rochester, NY","NY","1610","1708",58.00,58.00,30.00,7.00,"1756","1909",73.00,73.00,0.00,"",0.00,106.00,121.00,84.00,1.00,573.00,58.00,0.00,15.00,0.00,0.00,
2016,7,2,6,2016-07-02,"AA",19805,"AA","853",11057,"CLT","Charlotte, NC","NC",13930,"ORD","Chicago, IL","IL","1305","1310",5.00,5.00,14.00,15.00,"1409","1408",-1.00,0.00,0.00,"",0.00,124.00,118.00,89.00,1.00,599.00,,,,,,
2016,7,2,6,2016-07-02,"AA",19805,"AA","853",13204,"MCO","Orlando, FL","FL",11057,"CLT","Charlotte, NC","NC","1020","1028",8.00,8.00,12.00,10.00,"1202","1159",-3.00,0.00,0.00,"",0.00,102.00,91.00,69.00,1.00,468.00,,,,,,
2016,7,2,6,2016-07-02,"AA",19805,"AA","853",13930,"ORD","Chicago, IL","IL",14107,"PHX","Phoenix, AZ","AZ","1530","1526",-4.00,0.00,13.00,4.00,"1711","1658",-13.00,0.00,0.00,"",0.00,221.00,212.00,195.00,1.00,1440.00,,,,,,
2016,7,2,6,2016-07-02,"AA",19805,"AA","856",11057,"CLT","Charlotte, NC","NC",11278,"DCA","Washington, DC","VA","1949","1956",7.00,7.00,19.00,4.00,"2108","2109",1.00,1.00,0.00,"",0.00,79.00,73.00,50.00,1.00,331.00,,,,,,
2016,7,2,6,2016-07-02,"AA",19805,"AA","858",10821,"BWI","Baltimore, MD","MD",11057,"CLT","Charlotte, NC","NC","0845","0838",-7.00,0.00,21.00,23.00,"1021","1021",0.00,0.00,0.00,"",0.00,96.00,103.00,59.00,1.00,361.00,,,,,,
2016,7,2,6,2016-07-02,"AA",19805,"AA","862",11278,"DCA","Washington, DC","VA",13204,"MCO","Orlando, FL","FL","0759","0755",-4.00,0.00,11.00,11.00,"1018","0959",-19.00,0.00,0.00,"",0.00,139.00,124.00,102.00,1.00,759.00,,,,,,
2016,7,2,6,2016-07-02,"AA",19805,"AA","862",13204,"MCO","Orlando, FL","FL",11278,"DCA","Washington, DC","VA","1105","1101",-4.00,0.00,13.00,4.00,"1313","1258",-15.00,0.00,0.00,"",0.00,128.00,117.00,100.00,1.00,759.00,,,,,,
2016,7,2,6,2016-07-02,"AA",19805,"AA","863",14524,"RIC","Richmond, VA","VA",11057,"CLT","Charlotte, NC","NC","0900","0851",-9.00,0.00,13.00,16.00,"1018","1006",-12.00,0.00,0.00,"",0.00,78.00,75.00,46.00,1.00,257.00,,,,,,
2016,7,2,6,2016-07-02,"AA",19805,"AA","867",10693,"BNA","Nashville, TN","TN",11057,"CLT","Charlotte, NC","NC","0745","0741",-4.00,0.00,12.00,8.00,"1014","0948",-26.00,0.00,0.00,"",0.00,89.00,67.00,47.00,1.00,328.00,,,,,,
2016,7,2,6,2016-07-02,"AA",19805,"AA","874",10529,"BDL","Hartford, CT","CT",11057,"CLT","Charlotte, NC","NC","0620","0805",105.00,105.00,37.00,9.00,"0822","1041",139.00,139.00,0.00,"",0.00,122.00,156.00,110.00,1.00,644.00,105.00,0.00,34.00,0.00,0.00,
2016,7,2,6,2016-07-02,"AA",19805,"AA","875",10721,"BOS","Boston, MA","MA",11057,"CLT","Charlotte, NC","NC","0750","0744",-6.00,0.00,26.00,17.00,"1018","1007",-11.00,0.00,0.00,"",0.00,148.00,143.00,100.00,1.00,728.00,,,,,,
2016,7,2,6,2016-07-02,"AA",19805,"AA","876",11278,"DCA","Washington, DC","VA",11057,"CLT","Charlotte, NC","NC","0855","0851",-4.00,0.00,19.00,15.00,"1027","1019",-8.00,0.00,0.00,"",0.00,92.00,88.00,54.00,1.00,331.00,,,,,,
2016,7,2,6,2016-07-02,"AA",19805,"AA","877",11057,"CLT","Charlotte, NC","NC",11433,"DTW","Detroit, MI","MI","2220","2219",-1.00,0.00,18.00,6.00,"0008","2359",-9.00,0.00,0.00,"",0.00,108.00,100.00,76.00,1.00,500.00,,,,,,
2016,7,2,6,2016-07-02,"AA",19805,"AA","884",11618,"EWR","Newark, NJ","NJ",11057,"CLT","Charlotte, NC","NC","0600","",,,,,"0749","",,,1.00,"A",0.00,109.00,,,1.00,529.00,,,,,,
2016,7,2,6,2016-07-02,"AA",19805,"AA","885",12953,"LGA","New York, NY","NY",11057,"CLT","Charlotte, NC","NC","0755","0839",44.00,44.00,16.00,11.00,"0956","1026",30.00,30.00,0.00,"",0.00,121.00,107.00,80.00,1.00,544.00,30.00,0.00,0.00,0.00,0.00,
2016,7,2,6,2016-07-02,"AA",19805,"AA","889",11298,"DFW","Dallas/Fort Worth, TX","TX",14107,"PHX","Phoenix, AZ","AZ","2233","2226",-7.00,0.00,13.00,5.00,"2256","2243",-13.00,0.00,0.00,"",0.00,143.00,137.00,119.00,1.00,868.00,,,,,,
2016,7,2,6,2016-07-02,"AA",19805,"AA","890",11057,"CLT","Charlotte, NC","NC",11298,"DFW","Dallas/Fort Worth, TX","TX","2210","2207",-3.00,0.00,13.00,6.00,"2350","2332",-18.00,0.00,0.00,"",0.00,160.00,145.00,126.00,1.00,936.00,,,,,,
2016,7,2,6,2016-07-02,"AA",19805,"AA","890",13204,"MCO","Orlando, FL","FL",11057,"CLT","Charlotte, NC","NC","1920","1912",-8.00,0.00,28.00,10.00,"2108","2106",-2.00,0.00,0.00,"",0.00,108.00,114.00,76.00,1.00,468.00,,,,,,
2016,7,2,6,2016-07-02,"AA",19805,"AA","891",11057,"CLT","Charlotte, NC","NC",11298,"DFW","Dallas/Fort Worth, TX","TX","1425","1426",1.00,1.00,16.00,11.00,"1604","1557",-7.00,0.00,0.00,"",0.00,159.00,151.00,124.00,1.00,936.00,,,,,,
2016,7,2,6,2016-07-02,"AA",19805,"AA","891",13930,"ORD","Chicago, IL","IL",11057,"CLT","Charlotte, NC","NC","1025","1025",0.00,0.00,26.00,7.00,"1321","1322",1.00,1.00,0.00,"",0.00,116.00,117.00,84.00,1.00,599.00,,,,,,
2016,7,2,6,2016-07-02,"AA",19805,"AA","893",12266,"IAH","Houston, TX","TX",11057,"CLT","Charlotte, NC","NC","0515","0546",31.00,31.00,10.00,5.00,"0841","0900",19.00,19.00,0.00,"",0.00,146.00,134.00,119.00,1.00,912.00,19.00,0.00,0.00,0.00,0.00,
2016,7,2,6,2016-07-02,"AA",19805,"AA","894",10721,"BOS","Boston, MA","MA",11057,"CLT","Charlotte, NC","NC","0935","0925",-10.00,0.00,17.00,18.00,"1157","1150",-7.00,0.00,0.00,"",0.00,142.00,145.00,110.00,1.00,728.00,,,,,,
2016,7,2,6,2016-07-02,"AA",19805,"AA","896",14107,"PHX","Phoenix, AZ","AZ",11423,"DSM","Des Moines, IA","IA","0848","0922",34.00,34.00,19.00,2.00,"1339","1356",17.00,17.00,0.00,"",0.00,171.00,154.00,133.00,1.00,1150.00,17.00,0.00,0.00,0.00,0.00,
2016,7,2,6,2016-07-02,"AA",19805,"AA","898",14771,"SFO","San Francisco, CA","CA",11057,"CLT","Charlotte, NC","NC","2215","2217",2.00,2.00,11.00,6.00,"0608","0601",-7.00,0.00,0.00,"",0.00,293.00,284.00,267.00,1.00,2296.00,,,,,,
2016,7,2,6,2016-07-02,"AA",19805,"AA","899",14122,"PIT","Pittsburgh, PA","PA",11057,"CLT","Charlotte, NC","NC","0520","0518",-2.00,0.00,13.00,5.00,"0639","0630",-9.00,0.00,0.00,"",0.00,79.00,72.00,54.00,1.00,366.00,,,,,,
2016,7,2,6,2016-07-02,"AA",19805,"AA","1652",10397,"ATL","Atlanta, GA","GA",13303,"MIA","Miami, FL","FL","1700","1723",23.00,23.00,15.00,4.00,"1902","1909",7.00,7.00,0.00,"",0.00,122.00,106.00,87.00,1.00,594.00,,,,,,
2016,7,2,6,2016-07-02,"AA",19805,"AA","1652",11042,"CLE","Cleveland, OH","OH",11057,"CLT","Charlotte, NC","NC","1205","1213",8.00,8.00,16.00,12.00,"1338","1355",17.00,17.00,0.00,"",0.00,93.00,102.00,74.00,1.00,430.00,0.00,0.00,9.00,0.00,8.00,
2016,7,2,6,2016-07-02,"AA",19805,"AA","1652",11057,"CLT","Charlotte, NC","NC",10397,"ATL","Atlanta, GA","GA","1445","1440",-5.00,0.00,37.00,5.00,"1602","1602",0.00,0.00,0.00,"",0.00,77.00,82.00,40.00,1.00,226.00,,,,,,
2016,7,2,6,2016-07-02,"AA",19805,"AA","1652",13303,"MIA","Miami, FL","FL",14869,"SLC","Salt Lake City, UT","UT","2006","2029",23.00,23.00,15.00,11.00,"2315","2315",0.00,0.00,0.00,"",0.00,309.00,286.00,260.00,1.00,2088.00,,,,,,
2016,7,2,6,2016-07-02,"AA",19805,"AA","1656",10693,"BNA","Nashville, TN","TN",12892,"LAX","Los Angeles, CA","CA","1631","1636",5.00,5.00,12.00,12.00,"1855","1858",3.00,3.00,0.00,"",0.00,264.00,262.00,238.00,1.00,1797.00,,,,,,
2016,7,2,6,2016-07-02,"AA",19805,"AA","1658",10721,"BOS","Boston, MA","MA",14100,"PHL","Philadelphia, PA","PA","0600","0553",-7.00,0.00,13.00,3.00,"0727","0708",-19.00,0.00,0.00,"",0.00,87.00,75.00,59.00,1.00,280.00,,,,,,
2016,7,2,6,2016-07-02,"AA",19805,"AA","1659",14100,"PHL","Philadelphia, PA","PA",10721,"BOS","Boston, MA","MA","1115","1110",-5.00,0.00,14.00,6.00,"1234","1218",-16.00,0.00,0.00,"",0.00,79.00,68.00,48.00,1.00,280.00,,,,,,
2016,7,2,6,2016-07-02,"AA",19805,"AA","1661",14100,"PHL","Philadelphia, PA","PA",10721,"BOS","Boston, MA","MA","1220","1215",-5.00,0.00,11.00,6.00,"1336","1321",-15.00,0.00,0.00,"",0.00,76.00,66.00,49.00,1.00,280.00,,,,,,
2016,7,2,6,2016-07-02,"AA",19805,"AA","1662",10721,"BOS","Boston, MA","MA",14100,"PHL","Philadelphia, PA","PA","0900","1024",84.00,84.00,17.00,2.00,"1030","1142",72.00,72.00,0.00,"",0.00,90.00,78.00,59.00,1.00,280.00,72.00,0.00,0.00,0.00,0.00,
2016,7,2,6,2016-07-02,"AA",19805,"AA","1664",10721,"BOS","Boston, MA","MA",14100,"PHL","Philadelphia, PA","PA","1100","1059",-1.00,0.00,18.00,4.00,"1232","1219",-13.00,0.00,0.00,"",0.00,92.00,80.00,58.00,1.00,280.00,,,,,,
2016,7,2,6,2016-07-02,"AA",19805,"AA","1670",10721,"BOS","Boston, MA","MA",14100,"PHL","Philadelphia, PA","PA","1315","1313",-2.00,0.00,32.00,4.00,"1454","1455",1.00,1.00,0.00,"",0.00,99.00,102.00,66.00,1.00,280.00,,,,,,
2016,7,2,6,2016-07-02,"AA",19805,"AA","1671",14100,"PHL","Philadelphia, PA","PA",10721,"BOS","Boston, MA","MA","2015","2020",5.00,5.00,11.00,4.00,"2133","2128",-5.00,0.00,0.00,"",0.00,78.00,68.00,53.00,1.00,280.00,,,,,,
2016,7,2,6,2016-07-02,"AA",19805,"AA","1672",10721,"BOS","Boston, MA","MA",14100,"PHL","Philadelphia, PA","PA","1500","1453",-7.00,0.00,48.00,3.00,"1642","1656",14.00,14.00,0.00,"",0.00,102.00,123.00,72.00,1.00,280.00,,,,,,
2016,7,2,6,2016-07-02,"AA",19805,"AA","1673",14100,"PHL","Philadelphia, PA","PA",10721,"BOS","Boston, MA","MA","2115","2114",-1.00,0.00,11.00,4.00,"2241","2219",-22.00,0.00,0.00,"",0.00,86.00,65.00,50.00,1.00,280.00,,,,,,
2016,7,2,6,2016-07-02,"AA",19805,"AA","1674",12889,"LAS","Las Vegas, NV","NV",13303,"MIA","Miami, FL","FL","2200","2154",-6.00,0.00,13.00,5.00,"0541","0529",-12.00,0.00,0.00,"",0.00,281.00,275.00,257.00,1.00,2174.00,,,,,,
2016,7,2,6,2016-07-02,"AA",19805,"AA","1676",14100,"PHL","Philadelphia, PA","PA",13487,"MSP","Minneapolis, MN","MN","1830","1824",-6.00,0.00,23.00,8.00,"2036","2028",-8.00,0.00,0.00,"",0.00,186.00,184.00,153.00,1.00,980.00,,,,,,
2016,7,2,6,2016-07-02,"AA",19805,"AA","1677",10397,"ATL","Atlanta, GA","GA",12953,"LGA","New York, NY","NY","1448","1444",-4.00,0.00,16.00,6.00,"1701","1647",-14.00,0.00,0.00,"",0.00,133.00,123.00,101.00,1.00,762.00,,,,,,
2016,7,2,6,2016-07-02,"AA",19805,"AA","1677",12953,"LGA","New York, NY","NY",10397,"ATL","Atlanta, GA","GA","1125","1118",-7.00,0.00,16.00,21.00,"1406","1343",-23.00,0.00,0.00,"",0.00,161.00,145.00,108.00,1.00,762.00,,,,,,
2016,7,2,6,2016-07-02,"AA",19805,"AA","1678",14679,"SAN","San Diego, CA","CA",14107,"PHX","Phoenix, AZ","AZ","1930","1926",-4.00,0.00,12.00,4.00,"2046","2032",-14.00,0.00,0.00,"",0.00,76.00,66.00,50.00,1.00,304.00,,,,,,
2016,7,2,6,2016-07-02,"AA",19805,"AA","1679",10721,"BOS","Boston, MA","MA",14100,"PHL","Philadelphia, PA","PA","2000","1956",-4.00,0.00,16.00,4.00,"2131","2117",-14.00,0.00,0.00,"",0.00,91.00,81.00,61.00,1.00,280.00,,,,,,
2016,7,2,6,2016-07-02,"AA",19805,"AA","1680",14100,"PHL","Philadelphia, PA","PA",14027,"PBI","West Palm Beach/Palm Beach, FL","FL","1620","1616",-4.00,0.00,19.00,3.00,"1909","1905",-4.00,0.00,0.00,"",0.00,169.00,169.00,147.00,1.00,951.00,,,,,,
2016,7,2,6,2016-07-02,"AA",19805,"AA","1682",13198,"MCI","Kansas City, MO","MO",14100,"PHL","Philadelphia, PA","PA","0550","0554",4.00,4.00,11.00,4.00,"0930","0905",-25.00,0.00,0.00,"",0.00,160.00,131.00,116.00,1.00,1038.00,,,,,,
2016,7,2,6,2016-07-02,"AA",19805,"AA","1684",11298,"DFW","Dallas/Fort Worth, TX","TX",13204,"MCO","Orlando, FL","FL","1100","1100",0.00,0.00,18.00,5.00,"1441","1444",3.00,3.00,0.00,"",0.00,161.00,164.00,141.00,1.00,985.00,,,,,,
2016,7,2,6,2016-07-02,"AA",19805,"AA","1684",14100,"PHL","Philadelphia, PA","PA",11298,"DFW","Dallas/Fort Worth, TX","TX","0723","0723",0.00,0.00,13.00,25.00,"0950","1001",11.00,11.00,0.00,"",0.00,207.00,218.00,180.00,1.00,1303.00,,,,,,
2016,7,2,6,2016-07-02,"AA",19805,"AA","1685",12478,"JFK","New York, NY","NY",11057,"CLT","Charlotte, NC","NC","1030","1030",0.00,0.00,22.00,6.00,"1227","1223",-4.00,0.00,0.00,"",0.00,117.00,113.00,85.00,1.00,541.00,,,,,,
2016,7,2,6,2016-07-02,"AA",19805,"AA","1686",14100,"PHL","Philadelphia, PA","PA",13487,"MSP","Minneapolis, MN","MN","1120","1118",-2.00,0.00,18.00,6.00,"1310","1320",10.00,10.00,0.00,"",0.00,170.00,182.00,158.00,1.00,980.00,,,,,,
2016,7,2,6,2016-07-02,"AA",19805,"AA","1688",11298,"DFW","Dallas/Fort Worth, TX","TX",13204,"MCO","Orlando, FL","FL","1840","1935",55.00,55.00,26.00,9.00,"2222","2327",65.00,65.00,0.00,"",0.00,162.00,172.00,137.00,1.00,985.00,12.00,0.00,10.00,0.00,43.00,
2016,7,2,6,2016-07-02,"AA",19805,"AA","1688",13204,"MCO","Orlando, FL","FL",11298,"DFW","Dallas/Fort Worth, TX","TX","1540","1644",64.00,64.00,21.00,9.00,"1724","1828",64.00,64.00,0.00,"",0.00,164.00,164.00,134.00,1.00,985.00,0.00,64.00,0.00,0.00,0.00,
2016,7,2,6,2016-07-02,"AA",19805,"AA","1689",14100,"PHL","Philadelphia, PA","PA",14492,"RDU","Raleigh/Durham, NC","NC","1125","1119",-6.00,0.00,11.00,4.00,"1248","1229",-19.00,0.00,0.00,"",0.00,83.00,70.00,55.00,1.00,337.00,,,,,,
2016,7,2,6,2016-07-02,"AA",19805,"AA","1689",14492,"RDU","Raleigh/Durham, NC","NC",14100,"PHL","Philadelphia, PA","PA","1330","1327",-3.00,0.00,12.00,14.00,"1456","1450",-6.00,0.00,0.00,"",0.00,86.00,83.00,57.00,1.00,337.00,,,,,,
2016,7,2,6,2016-07-02,"AA",19805,"AA","1693",11298,"DFW","Dallas/Fort Worth, TX","TX",12889,"LAS","Las Vegas, NV","NV","1905","1857",-8.00,0.00,22.00,7.00,"1955","2000",5.00,5.00,0.00,"",0.00,170.00,183.00,154.00,1.00,1055.00,,,,,,
2016,7,2,6,2016-07-02,"AA",19805,"AA","1694",13303,"MIA","Miami, FL","FL",11292,"DEN","Denver, CO","CO","1125","1131",6.00,6.00,16.00,7.00,"1341","1332",-9.00,0.00,0.00,"",0.00,256.00,241.00,218.00,1.00,1709.00,,,,,,
2016,7,2,6,2016-07-02,"AA",19805,"AA","1695",11292,"DEN","Denver, CO","CO",14107,"PHX","Phoenix, AZ","AZ","1829","1822",-7.00,0.00,12.00,6.00,"1920","1909",-11.00,0.00,0.00,"",0.00,111.00,107.00,89.00,1.00,602.00,,,,,,
2016,7,2,6,2016-07-02,"AA",19805,"AA","1700",11057,"CLT","Charlotte, NC","NC",10529,"BDL","Hartford, CT","CT","1429","1428",-1.00,0.00,12.00,3.00,"1624","1613",-11.00,0.00,0.00,"",0.00,115.00,105.00,90.00,1.00,644.00,,,,,,
2016,7,2,6,2016-07-02,"AA",19805,"AA","1701",13495,"MSY","New Orleans, LA","LA",11057,"CLT","Charlotte, NC","NC","0725","0720",-5.00,0.00,10.00,16.00,"1023","1017",-6.00,0.00,0.00,"",0.00,118.00,117.00,91.00,1.00,651.00,,,,,,
2016,7,2,6,2016-07-02,"AA",19805,"AA","1702",11057,"CLT","Charlotte, NC","NC",13303,"MIA","Miami, FL","FL","1820","1823",3.00,3.00,12.00,20.00,"2026","2026",0.00,0.00,0.00,"",0.00,126.00,123.00,91.00,1.00,650.00,,,,,,
2016,7,2,6,2016-07-02,"AA",19805,"AA","1702",13198,"MCI","Kansas City, MO","MO",11057,"CLT","Charlotte, NC","NC","1355","1403",8.00,8.00,13.00,10.00,"1714","1708",-6.00,0.00,0.00,"",0.00,139.00,125.00,102.00,1.00,808.00,,,,,,
2016,7,2,6,2016-07-02,"AA",19805,"AA","1703",11057,"CLT","Charlotte, NC","NC",11042,"CLE","Cleveland, OH","OH","2024","2024",0.00,0.00,11.00,6.00,"2156","2147",-9.00,0.00,0.00,"",0.00,92.00,83.00,66.00,1.00,430.00,,,,,,
2016,7,2,6,2016-07-02,"AA",19805,"AA","1704",11057,"CLT","Charlotte, NC","NC",10529,"BDL","Hartford, CT","CT","2210","2244",34.00,34.00,16.00,3.00,"0005","0032",27.00,27.00,0.00,"",0.00,115.00,108.00,89.00,1.00,644.00,27.00,0.00,0.00,0.00,0.00,
2016,7,2,6,2016-07-02,"AA",19805,"AA","1705",12889,"LAS","Las Vegas, NV","NV",12892,"LAX","Los Angeles, CA","CA","1310","1320",10.00,10.00,26.00,12.00,"1429","1442",13.00,13.00,0.00,"",0.00,79.00,82.00,44.00,1.00,236.00,,,,,,
2016,7,2,6,2016-07-02,"AA",19805,"AA","1705",12892,"LAX","Los Angeles, CA","CA",12889,"LAS","Las Vegas, NV","NV","1105","1059",-6.00,0.00,16.00,6.00,"1224","1208",-16.00,0.00,0.00,"",0.00,79.00,69.00,47.00,1.00,236.00,,,,,,
2016,7,2,6,2016-07-02,"AA",19805,"AA","1707",12451,"JAX","Jacksonville, FL","FL",11057,"CLT","Charlotte, NC","NC","0845","0842",-3.00,0.00,16.00,19.00,"1009","1015",6.00,6.00,0.00,"",0.00,84.00,93.00,58.00,1.00,328.00,,,,,,
2016,7,2,6,2016-07-02,"AA",19805,"AA","1708",11057,"CLT","Charlotte, NC","NC",11697,"FLL","Fort Lauderdale, FL","FL","0945","0943",-2.00,0.00,30.00,2.00,"1150","1142",-8.00,0.00,0.00,"",0.00,125.00,119.00,87.00,1.00,632.00,,,,,,
2016,7,2,6,2016-07-02,"AA",19805,"AA","1708",13487,"MSP","Minneapolis, MN","MN",11057,"CLT","Charlotte, NC","NC","0520","0515",-5.00,0.00,11.00,7.00,"0849","0822",-27.00,0.00,0.00,"",0.00,149.00,127.00,109.00,1.00,930.00,,,,,,
2016,7,2,6,2016-07-02,"AA",19805,"AA","1709",14747,"SEA","Seattle, WA","WA",11057,"CLT","Charlotte, NC","NC","0045","0052",7.00,7.00,14.00,8.00,"0840","0825",-15.00,0.00,0.00,"",0.00,295.00,273.00,251.00,1.00,2279.00,,,,,,
2016,7,2,6,2016-07-02,"AA",19805,"AA","1710",14100,"PHL","Philadelphia, PA","PA",15024,"STT","Charlotte Amalie, VI","VI","0955","0949",-6.00,0.00,29.00,10.00,"1359","1353",-6.00,0.00,0.00,"",0.00,244.00,244.00,205.00,1.00,1605.00,,,,,,
2016,7,2,6,2016-07-02,"AA",19805,"AA","1711",10821,"BWI","Baltimore, MD","MD",11057,"CLT","Charlotte, NC","NC","0515","0511",-4.00,0.00,12.00,7.00,"0634","0625",-9.00,0.00,0.00,"",0.00,79.00,74.00,55.00,1.00,361.00,,,,,,
2016,7,2,6,2016-07-02,"AA",19805,"AA","1712",14107,"PHX","Phoenix, AZ","AZ",14100,"PHL","Philadelphia, PA","PA","1457","1455",-2.00,0.00,11.00,6.00,"2229","2205",-24.00,0.00,0.00,"",0.00,272.00,250.00,233.00,1.00,2075.00,,,,,,
2016,7,2,6,2016-07-02,"AA",19805,"AA","1714",13198,"MCI","Kansas City, MO","MO",13303,"MIA","Miami, FL","FL","0615","0628",13.00,13.00,12.00,17.00,"1025","1033",8.00,8.00,0.00,"",0.00,190.00,185.00,156.00,1.00,1251.00,,,,,,
2016,7,2,6,2016-07-02,"AA",19805,"AA","1716",12451,"JAX","Jacksonville, FL","FL",12953,"LGA","New York, NY","NY","0757","0754",-3.00,0.00,12.00,9.00,"1030","1002",-28.00,0.00,0.00,"",0.00,153.00,128.00,107.00,1.00,833.00,,,,,,
2016,7,2,6,2016-07-02,"AA",19805,"AA","1717",11057,"CLT","Charlotte, NC","NC",11697,"FLL","Fort Lauderdale, FL","FL","2210","2210",0.00,0.00,16.00,3.00,"0005","2350",-15.00,0.00,0.00,"",0.00,115.00,100.00,81.00,1.00,632.00,,,,,,
2016,7,2,6,2016-07-02,"AA",19805,"AA","1717",14771,"SFO","San Francisco, CA","CA",11057,"CLT","Charlotte, NC","NC","1305","1259",-6.00,0.00,13.00,16.00,"2110","2107",-3.00,0.00,0.00,"",0.00,305.00,308.00,279.00,1.00,2296.00,,,,,,
2016,7,2,6,2016-07-02,"AA",19805,"AA","1718",13204,"MCO","Orlando, FL","FL",11278,"DCA","Washington, DC","VA","0830","0834",4.00,4.00,13.00,5.00,"1038","1036",-2.00,0.00,0.00,"",0.00,128.00,122.00,104.00,1.00,759.00,,,,,,
2016,7,2,6,2016-07-02,"AA",19805,"AA","1719",11057,"CLT","Charlotte, NC","NC",11697,"FLL","Fort Lauderdale, FL","FL","1625","1621",-4.00,0.00,46.00,3.00,"1825","1840",15.00,15.00,0.00,"",0.00,120.00,139.00,90.00,1.00,632.00,0.00,0.00,15.00,0.00,0.00,
2016,7,2,6,2016-07-02,"AA",19805,"AA","1719",11298,"DFW","Dallas/Fort Worth, TX","TX",11057,"CLT","Charlotte, NC","NC","1155","1152",-3.00,0.00,12.00,11.00,"1528","1512",-16.00,0.00,0.00,"",0.00,153.00,140.00,117.00,1.00,936.00,,,,,,
2016,7,2,6,2016-07-02,"AA",19805,"AA","1720",11057,"CLT","Charlotte, NC","NC",13230,"MDT","Harrisburg, PA","PA","1955","2001",6.00,6.00,16.00,10.00,"2123","2134",11.00,11.00,0.00,"",0.00,88.00,93.00,67.00,1.00,413.00,,,,,,
2016,7,2,6,2016-07-02,"AA",19805,"AA","1720",11278,"DCA","Washington, DC","VA",11057,"CLT","Charlotte, NC","NC","1735","1732",-3.00,0.00,14.00,2.00,"1907","1844",-23.00,0.00,0.00,"",0.00,92.00,72.00,56.00,1.00,331.00,,,,,,
2016,7,2,6,2016-07-02,"AA",19805,"AA","1720",15304,"TPA","Tampa, FL","FL",11278,"DCA","Washington, DC","VA","1430","1448",18.00,18.00,15.00,3.00,"1646","1653",7.00,7.00,0.00,"",0.00,136.00,125.00,107.00,1.00,814.00,,,,,,
2016,7,2,6,2016-07-02,"AA",19805,"AA","1721",10721,"BOS","Boston, MA","MA",11057,"CLT","Charlotte, NC","NC","1435","1432",-3.00,0.00,18.00,20.00,"1700","1658",-2.00,0.00,0.00,"",0.00,145.00,146.00,108.00,1.00,728.00,,,,,,
2016,7,2,6,2016-07-02,"AA",19805,"AA","1721",11057,"CLT","Charlotte, NC","NC",11618,"EWR","Newark, NJ","NJ","1805","1805",0.00,0.00,17.00,7.00,"1958","1946",-12.00,0.00,0.00,"",0.00,113.00,101.00,77.00,1.00,529.00,,,,,,
2016,7,2,6,2016-07-02,"AA",19805,"AA","1723",11057,"CLT","Charlotte, NC","NC",14747,"SEA","Seattle, WA","WA","0725","0743",18.00,18.00,15.00,10.00,"0954","1018",24.00,24.00,0.00,"",0.00,329.00,335.00,310.00,1.00,2279.00,18.00,0.00,6.00,0.00,0.00,
2016,7,2,6,2016-07-02,"AA",19805,"AA","1723",14492,"RDU","Raleigh/Durham, NC","NC",11057,"CLT","Charlotte, NC","NC","0525","0526",1.00,1.00,13.00,6.00,"0618","0614",-4.00,0.00,0.00,"",0.00,53.00,48.00,29.00,1.00,130.00,,,,,,
2016,7,2,6,2016-07-02,"AA",19805,"AA","1725",11057,"CLT","Charlotte, NC","NC",13204,"MCO","Orlando, FL","FL","0740","0745",5.00,5.00,26.00,9.00,"0922","0925",3.00,3.00,0.00,"",0.00,102.00,100.00,65.00,1.00,468.00,,,,,,
2016,7,2,6,2016-07-02,"AA",19805,"AA","1725",11292,"DEN","Denver, CO","CO",11057,"CLT","Charlotte, NC","NC","0115","0114",-1.00,0.00,24.00,7.00,"0619","0622",3.00,3.00,0.00,"",0.00,184.00,188.00,157.00,1.00,1337.00,,,,,,
2016,7,2,6,2016-07-02,"AA",19805,"AA","1727",10397,"ATL","Atlanta, GA","GA",14100,"PHL","Philadelphia, PA","PA","1045","1035",-10.00,0.00,12.00,2.00,"1248","1223",-25.00,0.00,0.00,"",0.00,123.00,108.00,94.00,1.00,666.00,,,,,,
2016,7,2,6,2016-07-02,"AA",19805,"AA","1727",14100,"PHL","Philadelphia, PA","PA",10397,"ATL","Atlanta, GA","GA","0745","0740",-5.00,0.00,24.00,7.00,"1003","0944",-19.00,0.00,0.00,"",0.00,138.00,124.00,93.00,1.00,666.00,,,,,,
2016,7,2,6,2016-07-02,"AA",19805,"AA","1728",13204,"MCO","Orlando, FL","FL",14100,"PHL","Philadelphia, PA","PA","1210","1206",-4.00,0.00,39.00,6.00,"1438","1453",15.00,15.00,0.00,"",0.00,148.00,167.00,122.00,1.00,861.00,0.00,0.00,15.00,0.00,0.00,
2016,7,2,6,2016-07-02,"AA",19805,"AA","1728",14100,"PHL","Philadelphia, PA","PA",13204,"MCO","Orlando, FL","FL","0805","0811",6.00,6.00,21.00,9.00,"1039","1034",-5.00,0.00,0.00,"",0.00,154.00,143.00,113.00,1.00,861.00,,,,,,
2016,7,2,6,2016-07-02,"AA",19805,"AA","1729",11057,"CLT","Charlotte, NC","NC",13204,"MCO","Orlando, FL","FL","1120","1117",-3.00,0.00,13.00,12.00,"1255","1258",3.00,3.00,0.00,"",0.00,95.00,101.00,76.00,1.00,468.00,,,,,,
2016,7,2,6,2016-07-02,"AA",19805,"AA","1729",13930,"ORD","Chicago, IL","IL",11057,"CLT","Charlotte, NC","NC","0715","0713",-2.00,0.00,17.00,16.00,"1011","1009",-2.00,0.00,0.00,"",0.00,116.00,116.00,83.00,1.00,599.00,,,,,,
2016,7,2,6,2016-07-02,"AA",19805,"AA","1730",11057,"CLT","Charlotte, NC","NC",11278,"DCA","Washington, DC","VA","1130","1130",0.00,0.00,34.00,2.00,"1257","1300",3.00,3.00,0.00,"",0.00,87.00,90.00,54.00,1.00,331.00,,,,,,
2016,7,2,6,2016-07-02,"AA",19805,"AA","1730",14492,"RDU","Raleigh/Durham, NC","NC",11057,"CLT","Charlotte, NC","NC","0935","0939",4.00,4.00,7.00,9.00,"1040","1026",-14.00,0.00,0.00,"",0.00,65.00,47.00,31.00,1.00,130.00,,,,,,
2016,7,2,6,2016-07-02,"AA",19805,"AA","1733",11057,"CLT","Charlotte, NC","NC",13204,"MCO","Orlando, FL","FL","1815","1926",71.00,71.00,17.00,10.00,"1955","2057",62.00,62.00,0.00,"",0.00,100.00,91.00,64.00,1.00,468.00,37.00,0.00,0.00,0.00,25.00,
2016,7,2,6,2016-07-02,"AA",19805,"AA","1733",14100,"PHL","Philadelphia, PA","PA",11057,"CLT","Charlotte, NC","NC","1530","1605",35.00,35.00,23.00,7.00,"1715","1749",34.00,34.00,0.00,"",0.00,105.00,104.00,74.00,1.00,449.00,5.00,0.00,0.00,0.00,29.00,
2016,7,2,6,2016-07-02,"AA",19805,"AA","1735",11057,"CLT","Charlotte, NC","NC",12889,"LAS","Las Vegas, NV","NV","1120","1117",-3.00,0.00,11.00,7.00,"1255","1241",-14.00,0.00,0.00,"",0.00,275.00,264.00,246.00,1.00,1916.00,,,,,,
2016,7,2,6,2016-07-02,"AA",19805,"AA","1735",13487,"MSP","Minneapolis, MN","MN",11057,"CLT","Charlotte, NC","NC","0646","1023",217.00,217.00,14.00,9.00,"1020","1340",200.00,200.00,0.00,"",0.00,154.00,137.00,114.00,1.00,930.00,200.00,0.00,0.00,0.00,0.00,
2016,7,2,6,2016-07-02,"AA",19805,"AA","1736",11057,"CLT","Charlotte, NC","NC",12451,"JAX","Jacksonville, FL","FL","1150","1147",-3.00,0.00,24.00,3.00,"1315","1315",0.00,0.00,0.00,"",0.00,85.00,88.00,61.00,1.00,328.00,,,,,,
2016,7,2,6,2016-07-02,"AA",19805,"AA","1736",14683,"SAT","San Antonio, TX","TX",11057,"CLT","Charlotte, NC","NC","0650","0652",2.00,2.00,13.00,8.00,"1039","1037",-2.00,0.00,0.00,"",0.00,169.00,165.00,144.00,1.00,1095.00,,,,,,
2016,7,2,6,2016-07-02,"AA",19805,"AA","1739",13230,"MDT","Harrisburg, PA","PA",11057,"CLT","Charlotte, NC","NC","0900","0908",8.00,8.00,16.00,9.00,"1033","1038",5.00,5.00,0.00,"",0.00,93.00,90.00,65.00,1.00,413.00,,,,,,
2016,7,2,6,2016-07-02,"AA",19805,"AA","1740",11057,"CLT","Charlotte, NC","NC",12953,"LGA","New York, NY","NY","1805","1805",0.00,0.00,18.00,6.00,"2000","1946",-14.00,0.00,0.00,"",0.00,115.00,101.00,77.00,1.00,544.00,,,,,,
2016,7,2,6,2016-07-02,"AA",19805,"AA","1740",14492,"RDU","Raleigh/Durham, NC","NC",11057,"CLT","Charlotte, NC","NC","1610","1608",-2.00,0.00,11.00,11.00,"1712","1700",-12.00,0.00,0.00,"",0.00,62.00,52.00,30.00,1.00,130.00,,,,,,
2016,7,2,6,2016-07-02,"AA",19805,"AA","1742",14107,"PHX","Phoenix, AZ","AZ",11298,"DFW","Dallas/Fort Worth, TX","TX","0720","0717",-3.00,0.00,15.00,11.00,"1148","1138",-10.00,0.00,0.00,"",0.00,148.00,141.00,115.00,1.00,868.00,,,,,,
2016,7,2,6,2016-07-02,"AA",19805,"AA","1743",14100,"PHL","Philadelphia, PA","PA",11298,"DFW","Dallas/Fort Worth, TX","TX","1625","1625",0.00,0.00,21.00,12.00,"1904","1854",-10.00,0.00,0.00,"",0.00,219.00,209.00,176.00,1.00,1303.00,,,,,,
2016,7,2,6,2016-07-02,"AA",19805,"AA","1745",11057,"CLT","Charlotte, NC","NC",14122,"PIT","Pittsburgh, PA","PA","1630","1627",-3.00,0.00,15.00,4.00,"1759","1747",-12.00,0.00,0.00,"",0.00,89.00,80.00,61.00,1.00,366.00,,,,,,
2016,7,2,6,2016-07-02,"AA",19805,"AA","1745",12451,"JAX","Jacksonville, FL","FL",11057,"CLT","Charlotte, NC","NC","1358","1355",-3.00,0.00,11.00,8.00,"1522","1513",-9.00,0.00,0.00,"",0.00,84.00,78.00,59.00,1.00,328.00,,,,,,
2016,7,2,6,2016-07-02,"AA",19805,"AA","1746",14100,"PHL","Philadelphia, PA","PA",13204,"MCO","Orlando, FL","FL","1130","1237",67.00,67.00,10.00,7.00,"1358","1446",48.00,48.00,0.00,"",0.00,148.00,129.00,112.00,1.00,861.00,0.00,0.00,0.00,0.00,48.00,
2016,7,2,6,2016-07-02,"AA",19805,"AA","1747",11057,"CLT","Charlotte, NC","NC",14122,"PIT","Pittsburgh, PA","PA","1954","1952",-2.00,0.00,15.00,5.00,"2116","2106",-10.00,0.00,0.00,"",0.00,82.00,74.00,54.00,1.00,366.00,,,,,,
2016,7,2,6,2016-07-02,"AA",19805,"AA","1748",14100,"PHL","Philadelphia, PA","PA",13204,"MCO","Orlando, FL","FL","1405","1450",45.00,45.00,12.00,3.00,"1632","1714",42.00,42.00,0.00,"",0.00,147.00,144.00,129.00,1.00,861.00,19.00,0.00,0.00,0.00,23.00,
2016,7,2,6,2016-07-02,"AA",19805,"AA","1750",11057,"CLT","Charlotte, NC","NC",11278,"DCA","Washington, DC","VA","1755","1751",-4.00,0.00,13.00,4.00,"1917","1858",-19.00,0.00,0.00,"",0.00,82.00,67.00,50.00,1.00,331.00,,,,,,
2016,7,2,6,2016-07-02,"AA",19805,"AA","1751",14100,"PHL","Philadelphia, PA","PA",14635,"RSW","Fort Myers, FL","FL","1830","1825",-5.00,0.00,28.00,4.00,"2132","2118",-14.00,0.00,0.00,"",0.00,182.00,173.00,141.00,1.00,993.00,,,,,,
2016,7,2,6,2016-07-02,"AA",19805,"AA","1753",14307,"PVD","Providence, RI","RI",11057,"CLT","Charlotte, NC","NC","0600","0601",1.00,1.00,11.00,7.00,"0809","0758",-11.00,0.00,0.00,"",0.00,129.00,117.00,99.00,1.00,683.00,,,,,,
2016,7,2,6,2016-07-02,"AA",19805,"AA","1754",11057,"CLT","Charlotte, NC","NC",10529,"BDL","Hartford, CT","CT","2025","2051",26.00,26.00,12.00,3.00,"2222","2237",15.00,15.00,0.00,"",0.00,117.00,106.00,91.00,1.00,644.00,11.00,0.00,0.00,0.00,4.00,
2016,7,2,6,2016-07-02,"AA",19805,"AA","1754",13930,"ORD","Chicago, IL","IL",11057,"CLT","Charlotte, NC","NC","1550","1545",-5.00,0.00,12.00,10.00,"1846","1829",-17.00,0.00,0.00,"",0.00,116.00,104.00,82.00,1.00,599.00,,,,,,
2016,7,2,6,2016-07-02,"AA",19805,"AA","1755",10397,"ATL","Atlanta, GA","GA",14100,"PHL","Philadelphia, PA","PA","1735","1733",-2.00,0.00,14.00,8.00,"1945","1937",-8.00,0.00,0.00,"",0.00,130.00,124.00,102.00,1.00,666.00,,,,,,
2016,7,2,6,2016-07-02,"AA",19805,"AA","1755",14100,"PHL","Philadelphia, PA","PA",14492,"RDU","Raleigh/Durham, NC","NC","2050","2044",-6.00,0.00,10.00,4.00,"2217","2151",-26.00,0.00,0.00,"",0.00,87.00,67.00,53.00,1.00,337.00,,,,,,
2016,7,2,6,2016-07-02,"AA",19805,"AA","1756",11057,"CLT","Charlotte, NC","NC",10529,"BDL","Hartford, CT","CT","1135","1141",6.00,6.00,19.00,3.00,"1336","1329",-7.00,0.00,0.00,"",0.00,121.00,108.00,86.00,1.00,644.00,,,,,,
2016,7,2,6,2016-07-02,"AA",19805,"AA","1756",11697,"FLL","Fort Lauderdale, FL","FL",11057,"CLT","Charlotte, NC","NC","0805","0759",-6.00,0.00,10.00,24.00,"1009","1011",2.00,2.00,0.00,"",0.00,124.00,132.00,98.00,1.00,632.00,,,,,,
2016,7,2,6,2016-07-02,"AA",19805,"AA","1757",13204,"MCO","Orlando, FL","FL",14100,"PHL","Philadelphia, PA","PA","0810","0809",-1.00,0.00,13.00,6.00,"1036","1029",-7.00,0.00,0.00,"",0.00,146.00,140.00,121.00,1.00,861.00,,,,,,
2016,7,2,6,2016-07-02,"AA",19805,"AA","1760",11057,"CLT","Charlotte, NC","NC",11697,"FLL","Fort Lauderdale, FL","FL","1430","1427",-3.00,0.00,11.00,3.00,"1625","1608",-17.00,0.00,0.00,"",0.00,115.00,101.00,87.00,1.00,632.00,,,,,,
2016,7,2,6,2016-07-02,"AA",19805,"AA","1760",14107,"PHX","Phoenix, AZ","AZ",11057,"CLT","Charlotte, NC","NC","0620","0619",-1.00,0.00,15.00,19.00,"1325","1336",11.00,11.00,0.00,"",0.00,245.00,257.00,223.00,1.00,1773.00,,,,,,
2016,7,2,6,2016-07-02,"AA",19805,"AA","1761",11278,"DCA","Washington, DC","VA",15304,"TPA","Tampa, FL","FL","1930","1927",-3.00,0.00,16.00,3.00,"2150","2132",-18.00,0.00,0.00,"",0.00,140.00,125.00,106.00,1.00,814.00,,,,,,
2016,7,2,6,2016-07-02,"AA",19805,"AA","1763",11298,"DFW","Dallas/Fort Worth, TX","TX",12889,"LAS","Las Vegas, NV","NV","0715","0713",-2.00,0.00,17.00,7.00,"0802","0756",-6.00,0.00,0.00,"",0.00,167.00,163.00,139.00,1.00,1055.00,,,,,,
2016,7,2,6,2016-07-02,"AA",19805,"AA","1763",12889,"LAS","Las Vegas, NV","NV",11298,"DFW","Dallas/Fort Worth, TX","TX","0852","0852",0.00,0.00,10.00,12.00,"1336","1323",-13.00,0.00,0.00,"",0.00,164.00,151.00,129.00,1.00,1055.00,,,,,,
2016,7,2,6,2016-07-02,"AA",19805,"AA","1764",11697,"FLL","Fort Lauderdale, FL","FL",11278,"DCA","Washington, DC","VA","0700","0652",-8.00,0.00,17.00,3.00,"0929","0916",-13.00,0.00,0.00,"",0.00,149.00,144.00,124.00,1.00,899.00,,,,,,
2016,7,2,6,2016-07-02,"AA",19805,"AA","1769",10529,"BDL","Hartford, CT","CT",11057,"CLT","Charlotte, NC","NC","1705","1702",-3.00,0.00,9.00,5.00,"1913","1849",-24.00,0.00,0.00,"",0.00,128.00,107.00,93.00,1.00,644.00,,,,,,
2016,7,2,6,2016-07-02,"AA",19805,"AA","1769",11057,"CLT","Charlotte, NC","NC",13198,"MCI","Kansas City, MO","MO","2010","2024",14.00,14.00,10.00,7.00,"2136","2143",7.00,7.00,0.00,"",0.00,146.00,139.00,122.00,1.00,808.00,,,,,,
2016,7,2,6,2016-07-02,"AA",19805,"AA","1772",11057,"CLT","Charlotte, NC","NC",11298,"DFW","Dallas/Fort Worth, TX","TX","0925","0924",-1.00,0.00,23.00,14.00,"1108","1108",0.00,0.00,0.00,"",0.00,163.00,164.00,127.00,1.00,936.00,,,,,,
2016,7,2,6,2016-07-02,"AA",19805,"AA","1772",11697,"FLL","Fort Lauderdale, FL","FL",11057,"CLT","Charlotte, NC","NC","0625","0618",-7.00,0.00,12.00,11.00,"0821","0815",-6.00,0.00,0.00,"",0.00,116.00,117.00,94.00,1.00,632.00,,,,,,
2016,7,2,6,2016-07-02,"AA",19805,"AA","1775",11057,"CLT","Charlotte, NC","NC",11298,"DFW","Dallas/Fort Worth, TX","TX","1613","1608",-5.00,0.00,14.00,13.00,"1755","1739",-16.00,0.00,0.00,"",0.00,162.00,151.00,124.00,1.00,936.00,,,,,,
2016,7,2,6,2016-07-02,"AA",19805,"AA","1775",14747,"SEA","Seattle, WA","WA",11057,"CLT","Charlotte, NC","NC","0700","0657",-3.00,0.00,23.00,9.00,"1506","1447",-19.00,0.00,0.00,"",0.00,306.00,290.00,258.00,1.00,2279.00,,,,,,
2016,7,2,6,2016-07-02,"AA",19805,"AA","1778",11298,"DFW","Dallas/Fort Worth, TX","TX",11057,"CLT","Charlotte, NC","NC","0850","0845",-5.00,0.00,19.00,15.00,"1229","1223",-6.00,0.00,0.00,"",0.00,159.00,158.00,124.00,1.00,936.00,,,,,,
2016,7,2,6,2016-07-02,"AA",19805,"AA","1780",11057,"CLT","Charlotte, NC","NC",11042,"CLE","Cleveland, OH","OH","0940","0955",15.00,15.00,27.00,8.00,"1121","1140",19.00,19.00,0.00,"",0.00,101.00,105.00,70.00,1.00,430.00,15.00,0.00,4.00,0.00,0.00,
2016,7,2,6,2016-07-02,"AA",19805,"AA","1780",12339,"IND","Indianapolis, IN","IN",11057,"CLT","Charlotte, NC","NC","0705","0658",-7.00,0.00,20.00,14.00,"0845","0838",-7.00,0.00,0.00,"",0.00,100.00,100.00,66.00,1.00,427.00,,,,,,
2016,7,2,6,2016-07-02,"AA",19805,"AA","1782",10721,"BOS","Boston, MA","MA",14100,"PHL","Philadelphia, PA","PA","0500","0454",-6.00,0.00,14.00,5.00,"0622","0612",-10.00,0.00,0.00,"",0.00,82.00,78.00,59.00,1.00,280.00,,,,,,
2016,7,2,6,2016-07-02,"AA",19805,"AA","1783",11057,"CLT","Charlotte, NC","NC",10721,"BOS","Boston, MA","MA","2029","2051",22.00,22.00,11.00,6.00,"2240","2241",1.00,1.00,0.00,"",0.00,131.00,110.00,93.00,1.00,728.00,,,,,,
2016,7,2,6,2016-07-02,"AA",19805,"AA","1783",12892,"LAX","Los Angeles, CA","CA",11057,"CLT","Charlotte, NC","NC","1135","1143",8.00,8.00,18.00,15.00,"1927","1937",10.00,10.00,0.00,"",0.00,292.00,294.00,261.00,1.00,2125.00,,,,,,
2016,7,2,6,2016-07-02,"AA",19805,"AA","1785",11278,"DCA","Washington, DC","VA",13495,"MSY","New Orleans, LA","LA","1345","1339",-6.00,0.00,11.00,3.00,"1525","1511",-14.00,0.00,0.00,"",0.00,160.00,152.00,138.00,1.00,969.00,,,,,,
2016,7,2,6,2016-07-02,"AA",19805,"AA","1785",13495,"MSY","New Orleans, LA","LA",11278,"DCA","Washington, DC","VA","1615","1604",-11.00,0.00,9.00,5.00,"1942","1914",-28.00,0.00,0.00,"",0.00,147.00,130.00,116.00,1.00,969.00,,,,,,
2016,7,2,6,2016-07-02,"AA",19805,"AA","1786",14100,"PHL","Philadelphia, PA","PA",13204,"MCO","Orlando, FL","FL","1845","2000",75.00,75.00,10.00,6.00,"2124","2204",40.00,40.00,0.00,"",0.00,159.00,124.00,108.00,1.00,861.00,0.00,0.00,0.00,0.00,40.00,
2016,7,2,6,2016-07-02,"AA",19805,"AA","1787",11057,"CLT","Charlotte, NC","NC",14057,"PDX","Portland, OR","OR","1811","1829",18.00,18.00,24.00,3.00,"2043","2054",11.00,11.00,0.00,"",0.00,332.00,325.00,298.00,1.00,2282.00,,,,,,
2016,7,2,6,2016-07-02,"AA",19805,"AA","1788",11057,"CLT","Charlotte, NC","NC",13930,"ORD","Chicago, IL","IL","2239","2239",0.00,0.00,23.00,6.00,"2345","2334",-11.00,0.00,0.00,"",0.00,126.00,115.00,86.00,1.00,599.00,,,,,,
2016,7,2,6,2016-07-02,"AA",19805,"AA","1790",11697,"FLL","Fort Lauderdale, FL","FL",14100,"PHL","Philadelphia, PA","PA","1405","1434",29.00,29.00,23.00,7.00,"1656","1722",26.00,26.00,0.00,"",0.00,171.00,168.00,138.00,1.00,992.00,0.00,26.00,0.00,0.00,0.00,
2016,7,2,6,2016-07-02,"AA",19805,"AA","1791",11057,"CLT","Charlotte, NC","NC",15304,"TPA","Tampa, FL","FL","1630","1630",0.00,0.00,14.00,3.00,"1812","1802",-10.00,0.00,0.00,"",0.00,102.00,92.00,75.00,1.00,507.00,,,,,,
2016,7,2,6,2016-07-02,"AA",19805,"AA","1791",15016,"STL","St. Louis, MO","MO",11057,"CLT","Charlotte, NC","NC","1250","1250",0.00,0.00,14.00,6.00,"1541","1526",-15.00,0.00,0.00,"",0.00,111.00,96.00,76.00,1.00,575.00,,,,,,
2016,7,2,6,2016-07-02,"AA",19805,"AA","1793",11057,"CLT","Charlotte, NC","NC",14122,"PIT","Pittsburgh, PA","PA","2225","2229",4.00,4.00,26.00,3.00,"2348","2359",11.00,11.00,0.00,"",0.00,83.00,90.00,61.00,1.00,366.00,,,,,,
2016,7,2,6,2016-07-02,"AA",19805,"AA","1793",14100,"PHL","Philadelphia, PA","PA",11057,"CLT","Charlotte, NC","NC","1930","1928",-2.00,0.00,21.00,9.00,"2116","2106",-10.00,0.00,0.00,"",0.00,106.00,98.00,68.00,1.00,449.00,,,,,,
2016,7,2,6,2016-07-02,"AA",19805,"AA","1794",11057,"CLT","Charlotte, NC","NC",14747,"SEA","Seattle, WA","WA","2020","2022",2.00,2.00,20.00,8.00,"2254","2247",-7.00,0.00,0.00,"",0.00,334.00,325.00,297.00,1.00,2279.00,,,,,,
2016,7,2,6,2016-07-02,"AA",19805,"AA","1795",11057,"CLT","Charlotte, NC","NC",10994,"CHS","Charleston, SC","SC","0925","0925",0.00,0.00,20.00,3.00,"1028","1017",-11.00,0.00,0.00,"",0.00,63.00,52.00,29.00,1.00,168.00,,,,,,
2016,7,2,6,2016-07-02,"AA",19805,"AA","1795",14100,"PHL","Philadelphia, PA","PA",11057,"CLT","Charlotte, NC","NC","0630","0629",-1.00,0.00,13.00,4.00,"0813","0752",-21.00,0.00,0.00,"",0.00,103.00,83.00,66.00,1.00,449.00,,,,,,
2016,7,2,6,2016-07-02,"AA",19805,"AA","1796",11057,"CLT","Charlotte, NC","NC",14100,"PHL","Philadelphia, PA","PA","2215","2352",97.00,97.00,14.00,4.00,"2354","0110",76.00,76.00,0.00,"",0.00,99.00,78.00,60.00,1.00,449.00,76.00,0.00,0.00,0.00,0.00,
2016,7,2,6,2016-07-02,"AA",19805,"AA","1798",11057,"CLT","Charlotte, NC","NC",14100,"PHL","Philadelphia, PA","PA","2005","2001",-4.00,0.00,11.00,3.00,"2145","2127",-18.00,0.00,0.00,"",0.00,100.00,86.00,72.00,1.00,449.00,,,,,,
2016,7,2,6,2016-07-02,"AA",19805,"AA","1799",11057,"CLT","Charlotte, NC","NC",14771,"SFO","San Francisco, CA","CA","1805","1802",-3.00,0.00,21.00,5.00,"2028","2016",-12.00,0.00,0.00,"",0.00,323.00,314.00,288.00,1.00,2296.00,,,,,,
2016,7,2,6,2016-07-02,"AA",19805,"AA","1802",13871,"OMA","Omaha, NE","NE",14107,"PHX","Phoenix, AZ","AZ","0800","0756",-4.00,0.00,12.00,9.00,"0857","0845",-12.00,0.00,0.00,"",0.00,177.00,169.00,148.00,1.00,1037.00,,,,,,
2016,7,2,6,2016-07-02,"AA",19805,"AA","1803",14107,"PHX","Phoenix, AZ","AZ",14100,"PHL","Philadelphia, PA","PA","1115","1111",-4.00,0.00,14.00,6.00,"1850","1817",-33.00,0.00,0.00,"",0.00,275.00,246.00,226.00,1.00,2075.00,,,,,,
2016,7,2,6,2016-07-02,"AA",19805,"AA","1804",12892,"LAX","Los Angeles, CA","CA",14747,"SEA","Seattle, WA","WA","1405","1403",-2.00,0.00,22.00,8.00,"1650","1646",-4.00,0.00,0.00,"",0.00,165.00,163.00,133.00,1.00,954.00,,,,,,
2016,7,2,6,2016-07-02,"AA",19805,"AA","1804",14747,"SEA","Seattle, WA","WA",12892,"LAX","Los Angeles, CA","CA","1730","1731",1.00,1.00,11.00,19.00,"2017","2004",-13.00,0.00,0.00,"",0.00,167.00,153.00,123.00,1.00,954.00,,,,,,
2016,7,2,6,2016-07-02,"AA",19805,"AA","1806",10529,"BDL","Hartford, CT","CT",11057,"CLT","Charlotte, NC","NC","1435","1432",-3.00,0.00,11.00,20.00,"1643","1637",-6.00,0.00,0.00,"",0.00,128.00,125.00,94.00,1.00,644.00,,,,,,
2016,7,2,6,2016-07-02,"AA",19805,"AA","1806",11057,"CLT","Charlotte, NC","NC",10721,"BOS","Boston, MA","MA","1756","1751",-5.00,0.00,12.00,6.00,"2006","1946",-20.00,0.00,0.00,"",0.00,130.00,115.00,97.00,1.00,728.00,,,,,,
2016,7,2,6,2016-07-02,"AA",19805,"AA","1808",11057,"CLT","Charlotte, NC","NC",15304,"TPA","Tampa, FL","FL","1309","1314",5.00,5.00,20.00,4.00,"1445","1511",26.00,26.00,0.00,"",0.00,96.00,117.00,93.00,1.00,507.00,0.00,0.00,21.00,0.00,5.00,
2016,7,2,6,2016-07-02,"AA",19805,"AA","1809",11057,"CLT","Charlotte, NC","NC",13495,"MSY","New Orleans, LA","LA","1900","1856",-4.00,0.00,14.00,3.00,"1950","1937",-13.00,0.00,0.00,"",0.00,110.00,101.00,84.00,1.00,651.00,,,,,,
2016,7,2,6,2016-07-02,"AA",19805,"AA","1809",12953,"LGA","New York, NY","NY",11057,"CLT","Charlotte, NC","NC","1555","1553",-2.00,0.00,22.00,7.00,"1809","1741",-28.00,0.00,0.00,"",0.00,134.00,108.00,79.00,1.00,544.00,,,,,,
2016,7,2,6,2016-07-02,"AA",19805,"AA","1810",11057,"CLT","Charlotte, NC","NC",15304,"TPA","Tampa, FL","FL","1455","1505",10.00,10.00,16.00,3.00,"1633","1705",32.00,32.00,0.00,"",0.00,98.00,120.00,101.00,1.00,507.00,10.00,0.00,22.00,0.00,0.00,
2016,7,2,6,2016-07-02,"AA",19805,"AA","1810",12892,"LAX","Los Angeles, CA","CA",11057,"CLT","Charlotte, NC","NC","0600","0555",-5.00,0.00,13.00,16.00,"1352","1345",-7.00,0.00,0.00,"",0.00,292.00,290.00,261.00,1.00,2125.00,,,,,,
2016,7,2,6,2016-07-02,"AA",19805,"AA","1811",11292,"DEN","Denver, CO","CO",11057,"CLT","Charlotte, NC","NC","1205","1203",-2.00,0.00,11.00,8.00,"1724","1715",-9.00,0.00,0.00,"",0.00,199.00,192.00,173.00,1.00,1337.00,,,,,,
2016,7,2,6,2016-07-02,"AA",19805,"AA","1812",11057,"CLT","Charlotte, NC","NC",10721,"BOS","Boston, MA","MA","2215","2241",26.00,26.00,34.00,5.00,"0025","0058",33.00,33.00,0.00,"",0.00,130.00,137.00,98.00,1.00,728.00,26.00,0.00,7.00,0.00,0.00,
2016,7,2,6,2016-07-02,"AA",19805,"AA","1814",11057,"CLT","Charlotte, NC","NC",10397,"ATL","Atlanta, GA","GA","1135","1131",-4.00,0.00,21.00,11.00,"1254","1243",-11.00,0.00,0.00,"",0.00,79.00,72.00,40.00,1.00,226.00,,,,,,
2016,7,2,6,2016-07-02,"AA",19805,"AA","1815",14027,"PBI","West Palm Beach/Palm Beach, FL","FL",14100,"PHL","Philadelphia, PA","PA","1410","1405",-5.00,0.00,11.00,3.00,"1654","1627",-27.00,0.00,0.00,"",0.00,164.00,142.00,128.00,1.00,951.00,,,,,,
2016,7,2,6,2016-07-02,"AA",19805,"AA","1816",11057,"CLT","Charlotte, NC","NC",15024,"STT","Charlotte Amalie, VI","VI","0745","0900",75.00,75.00,18.00,3.00,"1133","1252",79.00,79.00,0.00,"",0.00,228.00,232.00,211.00,1.00,1520.00,75.00,0.00,4.00,0.00,0.00,
2016,7,2,6,2016-07-02,"AA",19805,"AA","1816",15024,"STT","Charlotte Amalie, VI","VI",11057,"CLT","Charlotte, NC","NC","1230","1330",60.00,60.00,19.00,4.00,"1619","1709",50.00,50.00,0.00,"",0.00,229.00,219.00,196.00,1.00,1520.00,50.00,0.00,0.00,0.00,0.00,
2016,7,2,6,2016-07-02,"AA",19805,"AA","1817",13495,"MSY","New Orleans, LA","LA",14100,"PHL","Philadelphia, PA","PA","1609","1600",-9.00,0.00,9.00,3.00,"1954","1942",-12.00,0.00,0.00,"",0.00,165.00,162.00,150.00,1.00,1089.00,,,,,,
2016,7,2,6,2016-07-02,"AA",19805,"AA","1817",14100,"PHL","Philadelphia, PA","PA",13495,"MSY","New Orleans, LA","LA","1335","1326",-9.00,0.00,9.00,4.00,"1527","1500",-27.00,0.00,0.00,"",0.00,172.00,154.00,141.00,1.00,1089.00,,,,,,
2016,7,2,6,2016-07-02,"AA",19805,"AA","1818",10529,"BDL","Hartford, CT","CT",14100,"PHL","Philadelphia, PA","PA","1143","1144",1.00,1.00,21.00,6.00,"1303","1258",-5.00,0.00,0.00,"",0.00,80.00,74.00,47.00,1.00,196.00,,,,,,
2016,7,2,6,2016-07-02,"AA",19805,"AA","1818",14100,"PHL","Philadelphia, PA","PA",10529,"BDL","Hartford, CT","CT","0949","0943",-6.00,0.00,37.00,2.00,"1102","1101",-1.00,0.00,0.00,"",0.00,73.00,78.00,39.00,1.00,196.00,,,,,,
2016,7,2,6,2016-07-02,"AA",19805,"AA","1819",10994,"CHS","Charleston, SC","SC",14100,"PHL","Philadelphia, PA","PA","1805","1756",-9.00,0.00,13.00,4.00,"1952","1941",-11.00,0.00,0.00,"",0.00,107.00,105.00,88.00,1.00,550.00,,,,,,
2016,7,2,6,2016-07-02,"AA",19805,"AA","1819",14100,"PHL","Philadelphia, PA","PA",10994,"CHS","Charleston, SC","SC","1535","1533",-2.00,0.00,13.00,5.00,"1723","1713",-10.00,0.00,0.00,"",0.00,108.00,100.00,82.00,1.00,550.00,,,,,,
2016,7,2,6,2016-07-02,"AA",19805,"AA","1820",11057,"CLT","Charlotte, NC","NC",14635,"RSW","Fort Myers, FL","FL","2209","2218",9.00,9.00,10.00,4.00,"2357","2353",-4.00,0.00,0.00,"",0.00,108.00,95.00,81.00,1.00,600.00,,,,,,
2016,7,2,6,2016-07-02,"AA",19805,"AA","1821",12889,"LAS","Las Vegas, NV","NV",14107,"PHX","Phoenix, AZ","AZ","0740","0729",-11.00,0.00,14.00,40.00,"0903","0906",3.00,3.00,0.00,"",0.00,83.00,97.00,43.00,1.00,255.00,,,,,,
2016,7,2,6,2016-07-02,"AA",19805,"AA","1822",14100,"PHL","Philadelphia, PA","PA",14027,"PBI","West Palm Beach/Palm Beach, FL","FL","1005","1004",-1.00,0.00,28.00,4.00,"1258","1240",-18.00,0.00,0.00,"",0.00,173.00,156.00,124.00,1.00,951.00,,,,,,
2016,7,2,6,2016-07-02,"AA",19805,"AA","1825",15304,"TPA","Tampa, FL","FL",11057,"CLT","Charlotte, NC","NC","1345","1357",12.00,12.00,25.00,14.00,"1530","1552",22.00,22.00,0.00,"",0.00,105.00,115.00,76.00,1.00,507.00,0.00,12.00,10.00,0.00,0.00,
2016,7,2,6,2016-07-02,"AA",19805,"AA","1826",14100,"PHL","Philadelphia, PA","PA",14107,"PHX","Phoenix, AZ","AZ","1040","1036",-4.00,0.00,15.00,4.00,"1237","1221",-16.00,0.00,0.00,"",0.00,297.00,285.00,266.00,1.00,2075.00,,,,,,
2016,7,2,6,2016-07-02,"AA",19805,"AA","1826",14107,"PHX","Phoenix, AZ","AZ",12889,"LAS","Las Vegas, NV","NV","1405","1401",-4.00,0.00,22.00,5.00,"1515","1507",-8.00,0.00,0.00,"",0.00,70.00,66.00,39.00,1.00,255.00,,,,,,
2016,7,2,6,2016-07-02,"AA",19805,"AA","1828",11292,"DEN","Denver, CO","CO",13303,"MIA","Miami, FL","FL","1440","1438",-2.00,0.00,25.00,4.00,"2031","2039",8.00,8.00,0.00,"",0.00,231.00,241.00,212.00,1.00,1709.00,,,,,,
2016,7,2,6,2016-07-02,"AA",19805,"AA","1828",13303,"MIA","Miami, FL","FL",11057,"CLT","Charlotte, NC","NC","2132","2126",-6.00,0.00,23.00,6.00,"2343","2324",-19.00,0.00,0.00,"",0.00,131.00,118.00,89.00,1.00,650.00,,,,,,
2016,7,2,6,2016-07-02,"AA",19805,"AA","1830",14747,"SEA","Seattle, WA","WA",11057,"CLT","Charlotte, NC","NC","1100","1122",22.00,22.00,26.00,10.00,"1909","1913",4.00,4.00,0.00,"",0.00,309.00,291.00,255.00,1.00,2279.00,,,,,,
2016,7,2,6,2016-07-02,"AA",19805,"AA","1831",10529,"BDL","Hartford, CT","CT",11057,"CLT","Charlotte, NC","NC","0815","0813",-2.00,0.00,17.00,10.00,"1032","1035",3.00,3.00,0.00,"",0.00,137.00,142.00,115.00,1.00,644.00,,,,,,
2016,7,2,6,2016-07-02,"AA",19805,"AA","1831",11057,"CLT","Charlotte, NC","NC",13303,"MIA","Miami, FL","FL","1145","1148",3.00,3.00,29.00,8.00,"1354","1357",3.00,3.00,0.00,"",0.00,129.00,129.00,92.00,1.00,650.00,,,,,,
2016,7,2,6,2016-07-02,"AA",19805,"AA","1832",12892,"LAX","Los Angeles, CA","CA",14747,"SEA","Seattle, WA","WA","1105","1123",18.00,18.00,19.00,8.00,"1351","1359",8.00,8.00,0.00,"",0.00,166.00,156.00,129.00,1.00,954.00,,,,,,
2016,7,2,6,2016-07-02,"AA",19805,"AA","1832",14747,"SEA","Seattle, WA","WA",12892,"LAX","Los Angeles, CA","CA","1435","1444",9.00,9.00,14.00,7.00,"1727","1705",-22.00,0.00,0.00,"",0.00,172.00,141.00,120.00,1.00,954.00,,,,,,
2016,7,2,6,2016-07-02,"AA",19805,"AA","1834",11057,"CLT","Charlotte, NC","NC",13931,"ORF","Norfolk, VA","VA","2230","2230",0.00,0.00,12.00,4.00,"2339","2330",-9.00,0.00,0.00,"",0.00,69.00,60.00,44.00,1.00,290.00,,,,,,
2016,7,2,6,2016-07-02,"AA",19805,"AA","1836",13303,"MIA","Miami, FL","FL",14107,"PHX","Phoenix, AZ","AZ","0715","0711",-4.00,0.00,24.00,10.00,"0900","0849",-11.00,0.00,0.00,"",0.00,285.00,278.00,244.00,1.00,1972.00,,,,,,
2016,7,2,6,2016-07-02,"AA",19805,"AA","1837",11057,"CLT","Charlotte, NC","NC",14635,"RSW","Fort Myers, FL","FL","0745","0740",-5.00,0.00,13.00,4.00,"0941","0922",-19.00,0.00,0.00,"",0.00,116.00,102.00,85.00,1.00,600.00,,,,,,
2016,7,2,6,2016-07-02,"AA",19805,"AA","1838",13204,"MCO","Orlando, FL","FL",14100,"PHL","Philadelphia, PA","PA","1250","1244",-6.00,0.00,36.00,4.00,"1518","1522",4.00,4.00,0.00,"",0.00,148.00,158.00,118.00,1.00,861.00,,,,,,
2016,7,2,6,2016-07-02,"AA",19805,"AA","1838",14100,"PHL","Philadelphia, PA","PA",13204,"MCO","Orlando, FL","FL","0930","0927",-3.00,0.00,12.00,8.00,"1200","1138",-22.00,0.00,0.00,"",0.00,150.00,131.00,111.00,1.00,861.00,,,,,,
2016,7,2,6,2016-07-02,"AA",19805,"AA","1839",10792,"BUF","Buffalo, NY","NY",11057,"CLT","Charlotte, NC","NC","0619","0611",-8.00,0.00,10.00,11.00,"0810","0749",-21.00,0.00,0.00,"",0.00,111.00,98.00,77.00,1.00,546.00,,,,,,
2016,7,2,6,2016-07-02,"AA",19805,"AA","1839",11057,"CLT","Charlotte, NC","NC",14100,"PHL","Philadelphia, PA","PA","0900","0900",0.00,0.00,9.00,3.00,"1035","1022",-13.00,0.00,0.00,"",0.00,95.00,82.00,70.00,1.00,449.00,,,,,,
2016,7,2,6,2016-07-02,"AA",19805,"AA","1840",11057,"CLT","Charlotte, NC","NC",14122,"PIT","Pittsburgh, PA","PA","1815","1821",6.00,6.00,11.00,4.00,"1943","1937",-6.00,0.00,0.00,"",0.00,88.00,76.00,61.00,1.00,366.00,,,,,,
2016,7,2,6,2016-07-02,"AA",19805,"AA","1840",11618,"EWR","Newark, NJ","NJ",11057,"CLT","Charlotte, NC","NC","1505","1509",4.00,4.00,15.00,11.00,"1701","1653",-8.00,0.00,0.00,"",0.00,116.00,104.00,78.00,1.00,529.00,,,,,,
2016,7,2,6,2016-07-02,"AA",19805,"AA","1841",11278,"DCA","Washington, DC","VA",15304,"TPA","Tampa, FL","FL","1520","1518",-2.00,0.00,22.00,4.00,"1747","1730",-17.00,0.00,0.00,"",0.00,147.00,132.00,106.00,1.00,814.00,,,,,,
2016,7,2,6,2016-07-02,"AA",19805,"AA","1844",11057,"CLT","Charlotte, NC","NC",13930,"ORD","Chicago, IL","IL","1125","1122",-3.00,0.00,17.00,16.00,"1230","1224",-6.00,0.00,0.00,"",0.00,125.00,122.00,89.00,1.00,599.00,,,,,,
2016,7,2,6,2016-07-02,"AA",19805,"AA","1844",15304,"TPA","Tampa, FL","FL",11057,"CLT","Charlotte, NC","NC","0835","",,,,,"1024","",,,1.00,"A",0.00,109.00,,,1.00,507.00,,,,,,
2016,7,2,6,2016-07-02,"AA",19805,"AA","1845",14100,"PHL","Philadelphia, PA","PA",10721,"BOS","Boston, MA","MA","1830","1826",-4.00,0.00,22.00,6.00,"2005","1945",-20.00,0.00,0.00,"",0.00,95.00,79.00,51.00,1.00,280.00,,,,,,
2016,7,2,6,2016-07-02,"AA",19805,"AA","1847",11057,"CLT","Charlotte, NC","NC",14100,"PHL","Philadelphia, PA","PA","1115","1136",21.00,21.00,29.00,3.00,"1250","1316",26.00,26.00,0.00,"",0.00,95.00,100.00,68.00,1.00,449.00,21.00,0.00,5.00,0.00,0.00,
2016,7,2,6,2016-07-02,"AA",19805,"AA","1847",12953,"LGA","New York, NY","NY",11057,"CLT","Charlotte, NC","NC","0825","0820",-5.00,0.00,19.00,16.00,"1030","1015",-15.00,0.00,0.00,"",0.00,125.00,115.00,80.00,1.00,544.00,,,,,,
2016,7,2,6,2016-07-02,"AA",19805,"AA","1848",11697,"FLL","Fort Lauderdale, FL","FL",14100,"PHL","Philadelphia, PA","PA","0605","0603",-2.00,0.00,15.00,3.00,"0849","0846",-3.00,0.00,0.00,"",0.00,164.00,163.00,145.00,1.00,992.00,,,,,,
2016,7,2,6,2016-07-02,"AA",19805,"AA","1850",13204,"MCO","Orlando, FL","FL",14100,"PHL","Philadelphia, PA","PA","1020","1012",-8.00,0.00,14.00,3.00,"1241","1231",-10.00,0.00,0.00,"",0.00,141.00,139.00,122.00,1.00,861.00,,,,,,
2016,7,2,6,2016-07-02,"AA",19805,"AA","1850",14100,"PHL","Philadelphia, PA","PA",13204,"MCO","Orlando, FL","FL","0655","0653",-2.00,0.00,10.00,13.00,"0915","0911",-4.00,0.00,0.00,"",0.00,140.00,138.00,115.00,1.00,861.00,,,,,,
2016,7,2,6,2016-07-02,"AA",19805,"AA","1851",11057,"CLT","Charlotte, NC","NC",13930,"ORD","Chicago, IL","IL","2000","2006",6.00,6.00,13.00,8.00,"2107","2055",-12.00,0.00,0.00,"",0.00,127.00,109.00,88.00,1.00,599.00,,,,,,
2016,7,2,6,2016-07-02,"AA",19805,"AA","1852",11057,"CLT","Charlotte, NC","NC",14843,"SJU","San Juan, PR","PR","0950","0948",-2.00,0.00,38.00,8.00,"1342","1358",16.00,16.00,0.00,"",0.00,232.00,250.00,204.00,1.00,1475.00,0.00,0.00,16.00,0.00,0.00,
2016,7,2,6,2016-07-02,"AA",19805,"AA","1852",12892,"LAX","Los Angeles, CA","CA",11057,"CLT","Charlotte, NC","NC","0055","0054",-1.00,0.00,15.00,10.00,"0847","0821",-26.00,0.00,0.00,"",0.00,292.00,267.00,242.00,1.00,2125.00,,,,,,
2016,7,2,6,2016-07-02,"AA",19805,"AA","1853",11057,"CLT","Charlotte, NC","NC",14635,"RSW","Fort Myers, FL","FL","0950","0946",-4.00,0.00,28.00,2.00,"1151","1140",-11.00,0.00,0.00,"",0.00,121.00,114.00,84.00,1.00,600.00,,,,,,
2016,7,2,6,2016-07-02,"AA",19805,"AA","1853",15016,"STL","St. Louis, MO","MO",11057,"CLT","Charlotte, NC","NC","0600","0610",10.00,10.00,13.00,6.00,"0853","0842",-11.00,0.00,0.00,"",0.00,113.00,92.00,73.00,1.00,575.00,,,,,,
2016,7,2,6,2016-07-02,"AA",19805,"AA","1854",11057,"CLT","Charlotte, NC","NC",10397,"ATL","Atlanta, GA","GA","2255","2249",-6.00,0.00,25.00,5.00,"0006","2356",-10.00,0.00,0.00,"",0.00,71.00,67.00,37.00,1.00,226.00,,,,,,
2016,7,2,6,2016-07-02,"AA",19805,"AA","1854",14107,"PHX","Phoenix, AZ","AZ",11057,"CLT","Charlotte, NC","NC","1456","1458",2.00,2.00,16.00,9.00,"2200","2153",-7.00,0.00,0.00,"",0.00,244.00,235.00,210.00,1.00,1773.00,,,,,,
2016,7,2,6,2016-07-02,"AA",19805,"AA","1854",14908,"SNA","Santa Ana, CA","CA",14107,"PHX","Phoenix, AZ","AZ","1225","1230",5.00,5.00,12.00,4.00,"1342","1334",-8.00,0.00,0.00,"",0.00,77.00,64.00,48.00,1.00,338.00,,,,,,
2016,7,2,6,2016-07-02,"AA",19805,"AA","1856",14107,"PHX","Phoenix, AZ","AZ",14100,"PHL","Philadelphia, PA","PA","0700","0658",-2.00,0.00,14.00,3.00,"1434","1422",-12.00,0.00,0.00,"",0.00,274.00,264.00,247.00,1.00,2075.00,,,,,,
2016,7,2,6,2016-07-02,"AA",19805,"AA","1857",11057,"CLT","Charlotte, NC","NC",13204,"MCO","Orlando, FL","FL","2220","2226",6.00,6.00,12.00,12.00,"2356","2357",1.00,1.00,0.00,"",0.00,96.00,91.00,67.00,1.00,468.00,,,,,,
2016,7,2,6,2016-07-02,"AA",19805,"AA","1857",11292,"DEN","Denver, CO","CO",11057,"CLT","Charlotte, NC","NC","1600","1606",6.00,6.00,15.00,11.00,"2118","2117",-1.00,0.00,0.00,"",0.00,198.00,191.00,165.00,1.00,1337.00,,,,,,
2016,7,2,6,2016-07-02,"AA",19805,"AA","1859",15096,"SYR","Syracuse, NY","NY",11057,"CLT","Charlotte, NC","NC","0800","0756",-4.00,0.00,16.00,13.00,"1006","0957",-9.00,0.00,0.00,"",0.00,126.00,121.00,92.00,1.00,603.00,,,,,,
2016,7,2,6,2016-07-02,"AA",19805,"AA","1861",11057,"CLT","Charlotte, NC","NC",14492,"RDU","Raleigh/Durham, NC","NC","2015","2046",31.00,31.00,11.00,3.00,"2110","2127",17.00,17.00,0.00,"",0.00,55.00,41.00,27.00,1.00,130.00,17.00,0.00,0.00,0.00,0.00,
2016,7,2,6,2016-07-02,"AA",19805,"AA","1861",15016,"STL","St. Louis, MO","MO",11057,"CLT","Charlotte, NC","NC","1605","1611",6.00,6.00,9.00,14.00,"1900","1854",-6.00,0.00,0.00,"",0.00,115.00,103.00,80.00,1.00,575.00,,,,,,
2016,7,2,6,2016-07-02,"AA",19805,"AA","1862",11057,"CLT","Charlotte, NC","NC",14107,"PHX","Phoenix, AZ","AZ","1950","2003",13.00,13.00,17.00,4.00,"2106","2104",-2.00,0.00,0.00,"",0.00,256.00,241.00,220.00,1.00,1773.00,,,,,,
2016,7,2,6,2016-07-02,"AA",19805,"AA","1862",14843,"SJU","San Juan, PR","PR",11057,"CLT","Charlotte, NC","NC","1451","1451",0.00,0.00,15.00,12.00,"1840","1849",9.00,9.00,0.00,"",0.00,229.00,238.00,211.00,1.00,1475.00,,,,,,
2016,7,2,6,2016-07-02,"AA",19805,"AA","1863",14027,"PBI","West Palm Beach/Palm Beach, FL","FL",11057,"CLT","Charlotte, NC","NC","0640","0635",-5.00,0.00,11.00,10.00,"0830","0829",-1.00,0.00,0.00,"",0.00,110.00,114.00,93.00,1.00,590.00,,,,,,
2016,7,2,6,2016-07-02,"AA",19805,"AA","1864",11057,"CLT","Charlotte, NC","NC",11278,"DCA","Washington, DC","VA","1640","1634",-6.00,0.00,27.00,2.00,"1811","1753",-18.00,0.00,0.00,"",0.00,91.00,79.00,50.00,1.00,331.00,,,,,,
2016,7,2,6,2016-07-02,"AA",19805,"AA","1864",14100,"PHL","Philadelphia, PA","PA",11057,"CLT","Charlotte, NC","NC","1350","1349",-1.00,0.00,16.00,6.00,"1535","1520",-15.00,0.00,0.00,"",0.00,105.00,91.00,69.00,1.00,449.00,,,,,,
2016,7,2,6,2016-07-02,"AA",19805,"AA","1865",11057,"CLT","Charlotte, NC","NC",11292,"DEN","Denver, CO","CO","2225","2221",-4.00,0.00,19.00,10.00,"2356","2400",4.00,4.00,0.00,"",0.00,211.00,219.00,190.00,1.00,1337.00,,,,,,
2016,7,2,6,2016-07-02,"AA",19805,"AA","1866",11057,"CLT","Charlotte, NC","NC",14027,"PBI","West Palm Beach/Palm Beach, FL","FL","0919","0918",-1.00,0.00,19.00,5.00,"1103","1101",-2.00,0.00,0.00,"",0.00,104.00,103.00,79.00,1.00,590.00,,,,,,
2016,7,2,6,2016-07-02,"AA",19805,"AA","1866",13931,"ORF","Norfolk, VA","VA",11057,"CLT","Charlotte, NC","NC","0710","0704",-6.00,0.00,16.00,8.00,"0832","0815",-17.00,0.00,0.00,"",0.00,82.00,71.00,47.00,1.00,290.00,,,,,,
2016,7,2,6,2016-07-02,"AA",19805,"AA","1867",11057,"CLT","Charlotte, NC","NC",10693,"BNA","Nashville, TN","TN","2004","2001",-3.00,0.00,16.00,7.00,"2024","2016",-8.00,0.00,0.00,"",0.00,80.00,75.00,52.00,1.00,328.00,,,,,,
2016,7,2,6,2016-07-02,"AA",19805,"AA","1872",11278,"DCA","Washington, DC","VA",13204,"MCO","Orlando, FL","FL","1145","1137",-8.00,0.00,41.00,16.00,"1401","1425",24.00,24.00,0.00,"",0.00,136.00,168.00,111.00,1.00,759.00,0.00,0.00,24.00,0.00,0.00,
2016,7,2,6,2016-07-02,"AA",19805,"AA","1872",13204,"MCO","Orlando, FL","FL",11278,"DCA","Washington, DC","VA","1550","1636",46.00,46.00,21.00,2.00,"1804","1845",41.00,41.00,0.00,"",0.00,134.00,129.00,106.00,1.00,759.00,0.00,41.00,0.00,0.00,0.00,
2016,7,2,6,2016-07-02,"AA",19805,"AA","1873",11057,"CLT","Charlotte, NC","NC",14492,"RDU","Raleigh/Durham, NC","NC","2235","2229",-6.00,0.00,15.00,2.00,"2329","2319",-10.00,0.00,0.00,"",0.00,54.00,50.00,33.00,1.00,130.00,,,,,,
2016,7,2,6,2016-07-02,"AA",19805,"AA","1873",14635,"RSW","Fort Myers, FL","FL",11057,"CLT","Charlotte, NC","NC","1915","1900",-15.00,0.00,3.00,11.00,"2111","2043",-28.00,0.00,0.00,"",0.00,116.00,103.00,89.00,1.00,600.00,,,,,,
2016,7,2,6,2016-07-02,"AA",19805,"AA","1874",11278,"DCA","Washington, DC","VA",13204,"MCO","Orlando, FL","FL","1455","1458",3.00,3.00,19.00,6.00,"1711","1708",-3.00,0.00,0.00,"",0.00,136.00,130.00,105.00,1.00,759.00,,,,,,
2016,7,2,6,2016-07-02,"AA",19805,"AA","1874",13204,"MCO","Orlando, FL","FL",11278,"DCA","Washington, DC","VA","1800","1756",-4.00,0.00,17.00,3.00,"2014","2001",-13.00,0.00,0.00,"",0.00,134.00,125.00,105.00,1.00,759.00,,,,,,
2016,7,2,6,2016-07-02,"AA",19805,"AA","1875",13303,"MIA","Miami, FL","FL",11057,"CLT","Charlotte, NC","NC","1450","1500",10.00,10.00,15.00,14.00,"1656","1713",17.00,17.00,0.00,"",0.00,126.00,133.00,104.00,1.00,650.00,8.00,0.00,7.00,0.00,2.00,
2016,7,2,6,2016-07-02,"AA",19805,"AA","1876",11278,"DCA","Washington, DC","VA",13204,"MCO","Orlando, FL","FL","1930","1929",-1.00,0.00,12.00,8.00,"2145","2134",-11.00,0.00,0.00,"",0.00,135.00,125.00,105.00,1.00,759.00,,,,,,
2016,7,2,6,2016-07-02,"AA",19805,"AA","1877",11057,"CLT","Charlotte, NC","NC",13303,"MIA","Miami, FL","FL","0700","0658",-2.00,0.00,10.00,3.00,"0856","0839",-17.00,0.00,0.00,"",0.00,116.00,101.00,88.00,1.00,650.00,,,,,,
2016,7,2,6,2016-07-02,"AA",19805,"AA","1878",11057,"CLT","Charlotte, NC","NC",11298,"DFW","Dallas/Fort Worth, TX","TX","1315","1313",-2.00,0.00,13.00,13.00,"1501","1447",-14.00,0.00,0.00,"",0.00,166.00,154.00,128.00,1.00,936.00,,,,,,
2016,7,2,6,2016-07-02,"AA",19805,"AA","1878",13303,"MIA","Miami, FL","FL",11057,"CLT","Charlotte, NC","NC","0957","0957",0.00,0.00,20.00,11.00,"1214","1202",-12.00,0.00,0.00,"",0.00,137.00,125.00,94.00,1.00,650.00,,,,,,
2016,7,2,6,2016-07-02,"AA",19805,"AA","1879",11057,"CLT","Charlotte, NC","NC",14747,"SEA","Seattle, WA","WA","1615","1614",-1.00,0.00,13.00,7.00,"1850","1832",-18.00,0.00,0.00,"",0.00,335.00,318.00,298.00,1.00,2279.00,,,,,,
2016,7,2,6,2016-07-02,"AA",19805,"AA","1879",13930,"ORD","Chicago, IL","IL",11057,"CLT","Charlotte, NC","NC","1200","1202",2.00,2.00,16.00,9.00,"1501","1443",-18.00,0.00,0.00,"",0.00,121.00,101.00,76.00,1.00,599.00,,,,,,
2016,7,2,6,2016-07-02,"AA",19805,"AA","1880",11278,"DCA","Washington, DC","VA",14027,"PBI","West Palm Beach/Palm Beach, FL","FL","1155","1150",-5.00,0.00,16.00,4.00,"1424","1406",-18.00,0.00,0.00,"",0.00,149.00,136.00,116.00,1.00,857.00,,,,,,
2016,7,2,6,2016-07-02,"AA",19805,"AA","1880",14027,"PBI","West Palm Beach/Palm Beach, FL","FL",11278,"DCA","Washington, DC","VA","1545","1543",-2.00,0.00,10.00,4.00,"1804","1801",-3.00,0.00,0.00,"",0.00,139.00,138.00,124.00,1.00,857.00,,,,,,
2016,7,2,6,2016-07-02,"AA",19805,"AA","1881",14100,"PHL","Philadelphia, PA","PA",14107,"PHX","Phoenix, AZ","AZ","1820","1842",22.00,22.00,17.00,6.00,"2035","2033",-2.00,0.00,0.00,"",0.00,315.00,291.00,268.00,1.00,2075.00,,,,,,
2016,7,2,6,2016-07-02,"AA",19805,"AA","1884",11057,"CLT","Charlotte, NC","NC",14843,"SJU","San Juan, PR","PR","1800","1755",-5.00,0.00,16.00,5.00,"2146","2126",-20.00,0.00,0.00,"",0.00,226.00,211.00,190.00,1.00,1475.00,,,,,,
2016,7,2,6,2016-07-02,"AA",19805,"AA","1884",13930,"ORD","Chicago, IL","IL",11057,"CLT","Charlotte, NC","NC","1340","1337",-3.00,0.00,13.00,26.00,"1641","1633",-8.00,0.00,0.00,"",0.00,121.00,116.00,77.00,1.00,599.00,,,,,,
2016,7,2,6,2016-07-02,"AA",19805,"AA","1887",14100,"PHL","Philadelphia, PA","PA",10397,"ATL","Atlanta, GA","GA","1435","1433",-2.00,0.00,20.00,5.00,"1643","1633",-10.00,0.00,0.00,"",0.00,128.00,120.00,95.00,1.00,666.00,,,,,,
2016,7,2,6,2016-07-02,"AA",19805,"AA","1888",14100,"PHL","Philadelphia, PA","PA",10721,"BOS","Boston, MA","MA","1915","1910",-5.00,0.00,16.00,5.00,"2039","2020",-19.00,0.00,0.00,"",0.00,84.00,70.00,49.00,1.00,280.00,,,,,,
2016,7,2,6,2016-07-02,"AA",19805,"AA","1893",11057,"CLT","Charlotte, NC","NC",10423,"AUS","Austin, TX","TX","2210","2208",-2.00,0.00,11.00,27.00,"2352","2355",3.00,3.00,0.00,"",0.00,162.00,167.00,129.00,1.00,1032.00,,,,,,
2016,7,2,6,2016-07-02,"AA",19805,"AA","1893",12478,"JFK","New York, NY","NY",11057,"CLT","Charlotte, NC","NC","1859","1904",5.00,5.00,23.00,6.00,"2113","2053",-20.00,0.00,0.00,"",0.00,134.00,109.00,80.00,1.00,541.00,,,,,,
2016,7,2,6,2016-07-02,"AA",19805,"AA","1894",14100,"PHL","Philadelphia, PA","PA",11292,"DEN","Denver, CO","CO","0805","0803",-2.00,0.00,17.00,10.00,"1013","1013",0.00,0.00,0.00,"",0.00,248.00,250.00,223.00,1.00,1558.00,,,,,,
2016,7,2,6,2016-07-02,"AA",19805,"AA","1896",14747,"SEA","Seattle, WA","WA",14107,"PHX","Phoenix, AZ","AZ","0820","0816",-4.00,0.00,24.00,3.00,"1111","1059",-12.00,0.00,0.00,"",0.00,171.00,163.00,136.00,1.00,1107.00,,,,,,
2016,7,2,6,2016-07-02,"AA",19805,"AA","1897",12889,"LAS","Las Vegas, NV","NV",11057,"CLT","Charlotte, NC","NC","1350","1348",-2.00,0.00,12.00,11.00,"2113","2056",-17.00,0.00,0.00,"",0.00,263.00,248.00,225.00,1.00,1916.00,,,,,,
2016,7,2,6,2016-07-02,"AA",19805,"AA","1898",11057,"CLT","Charlotte, NC","NC",12266,"IAH","Houston, TX","TX","0755","0748",-7.00,0.00,11.00,8.00,"0930","0908",-22.00,0.00,0.00,"",0.00,155.00,140.00,121.00,1.00,912.00,,,,,,
2016,7,2,6,2016-07-02,"AA",19805,"AA","1898",15304,"TPA","Tampa, FL","FL",11057,"CLT","Charlotte, NC","NC","0515","0512",-3.00,0.00,12.00,5.00,"0650","0649",-1.00,0.00,0.00,"",0.00,95.00,97.00,80.00,1.00,507.00,,,,,,
2016,7,2,6,2016-07-02,"AA",19805,"AA","1899",11057,"CLT","Charlotte, NC","NC",13204,"MCO","Orlando, FL","FL","1640","1643",3.00,3.00,20.00,9.00,"1823","1819",-4.00,0.00,0.00,"",0.00,103.00,96.00,67.00,1.00,468.00,,,,,,
2016,7,2,6,2016-07-02,"AA",19805,"AA","1899",12892,"LAX","Los Angeles, CA","CA",14107,"PHX","Phoenix, AZ","AZ","0600","0555",-5.00,0.00,22.00,5.00,"0730","0717",-13.00,0.00,0.00,"",0.00,90.00,82.00,55.00,1.00,370.00,,,,,,
2016,7,2,6,2016-07-02,"AA",19805,"AA","1899",14107,"PHX","Phoenix, AZ","AZ",11057,"CLT","Charlotte, NC","NC","0835","0831",-4.00,0.00,17.00,11.00,"1542","1533",-9.00,0.00,0.00,"",0.00,247.00,242.00,214.00,1.00,1773.00,,,,,,
2016,7,2,6,2016-07-02,"AA",19805,"AA","1902",11278,"DCA","Washington, DC","VA",15304,"TPA","Tampa, FL","FL","1130","1132",2.00,2.00,22.00,4.00,"1345","1406",21.00,21.00,0.00,"",0.00,135.00,154.00,128.00,1.00,814.00,0.00,0.00,19.00,0.00,2.00,
2016,7,2,6,2016-07-02,"AA",19805,"AA","1905",11057,"CLT","Charlotte, NC","NC",13204,"MCO","Orlando, FL","FL","0920","0921",1.00,1.00,12.00,10.00,"1059","1047",-12.00,0.00,0.00,"",0.00,99.00,86.00,64.00,1.00,468.00,,,,,,
2016,7,2,6,2016-07-02,"AA",19805,"AA","1905",13930,"ORD","Chicago, IL","IL",11057,"CLT","Charlotte, NC","NC","0530","0528",-2.00,0.00,12.00,10.00,"0821","0807",-14.00,0.00,0.00,"",0.00,111.00,99.00,77.00,1.00,599.00,,,,,,
2016,7,2,6,2016-07-02,"AA",19805,"AA","1908",11057,"CLT","Charlotte, NC","NC",13930,"ORD","Chicago, IL","IL","1755","1812",17.00,17.00,20.00,16.00,"1901","1922",21.00,21.00,0.00,"",0.00,126.00,130.00,94.00,1.00,599.00,17.00,0.00,4.00,0.00,0.00,
2016,7,2,6,2016-07-02,"AA",19805,"AA","1908",14771,"SFO","San Francisco, CA","CA",11057,"CLT","Charlotte, NC","NC","0849","0849",0.00,0.00,14.00,22.00,"1652","1651",-1.00,0.00,0.00,"",0.00,303.00,302.00,266.00,1.00,2296.00,,,,,,
2016,7,2,6,2016-07-02,"AA",19805,"AA","1909",11057,"CLT","Charlotte, NC","NC",13495,"MSY","New Orleans, LA","LA","0730","0728",-2.00,0.00,12.00,4.00,"0826","0809",-17.00,0.00,0.00,"",0.00,116.00,101.00,85.00,1.00,651.00,,,,,,
2016,7,2,6,2016-07-02,"AA",19805,"AA","1910",11057,"CLT","Charlotte, NC","NC",12953,"LGA","New York, NY","NY","0955","0955",0.00,0.00,32.00,6.00,"1152","1148",-4.00,0.00,0.00,"",0.00,117.00,113.00,75.00,1.00,544.00,,,,,,
2016,7,2,6,2016-07-02,"AA",19805,"AA","1910",13244,"MEM","Memphis, TN","TN",11057,"CLT","Charlotte, NC","NC","0600","0558",-2.00,0.00,12.00,10.00,"0846","0830",-16.00,0.00,0.00,"",0.00,106.00,92.00,70.00,1.00,511.00,,,,,,
2016,7,2,6,2016-07-02,"AA",19805,"AA","1911",14100,"PHL","Philadelphia, PA","PA",13930,"ORD","Chicago, IL","IL","0750","0749",-1.00,0.00,28.00,11.00,"0915","0914",-1.00,0.00,0.00,"",0.00,145.00,145.00,106.00,1.00,678.00,,,,,,
2016,7,2,6,2016-07-02,"AA",19805,"AA","1913",10721,"BOS","Boston, MA","MA",14100,"PHL","Philadelphia, PA","PA","0700","0653",-7.00,0.00,22.00,12.00,"0837","0830",-7.00,0.00,0.00,"",0.00,97.00,97.00,63.00,1.00,280.00,,,,,,
2016,7,2,6,2016-07-02,"AA",19805,"AA","1916",10721,"BOS","Boston, MA","MA",11057,"CLT","Charlotte, NC","NC","0500","0456",-4.00,0.00,13.00,6.00,"0709","0700",-9.00,0.00,0.00,"",0.00,129.00,124.00,105.00,1.00,728.00,,,,,,
2016,7,2,6,2016-07-02,"AA",19805,"AA","1916",11057,"CLT","Charlotte, NC","NC",13930,"ORD","Chicago, IL","IL","0759","0755",-4.00,0.00,20.00,18.00,"0911","0905",-6.00,0.00,0.00,"",0.00,132.00,130.00,92.00,1.00,599.00,,,,,,
2016,7,2,6,2016-07-02,"AA",19805,"AA","1917",13204,"MCO","Orlando, FL","FL",14100,"PHL","Philadelphia, PA","PA","0620","0613",-7.00,0.00,12.00,4.00,"0844","0835",-9.00,0.00,0.00,"",0.00,144.00,142.00,126.00,1.00,861.00,,,,,,
2016,7,2,6,2016-07-02,"AA",19805,"AA","1919",11057,"CLT","Charlotte, NC","NC",13303,"MIA","Miami, FL","FL","2016","2047",31.00,31.00,23.00,4.00,"2217","2241",24.00,24.00,0.00,"",0.00,121.00,114.00,87.00,1.00,650.00,24.00,0.00,0.00,0.00,0.00,
2016,7,2,6,2016-07-02,"AA",19805,"AA","1920",11057,"CLT","Charlotte, NC","NC",10821,"BWI","Baltimore, MD","MD","2020","2018",-2.00,0.00,10.00,7.00,"2146","2132",-14.00,0.00,0.00,"",0.00,86.00,74.00,57.00,1.00,361.00,,,,,,
2016,7,2,6,2016-07-02,"AA",19805,"AA","1920",15304,"TPA","Tampa, FL","FL",11057,"CLT","Charlotte, NC","NC","1725","1754",29.00,29.00,9.00,10.00,"1913","1930",17.00,17.00,0.00,"",0.00,108.00,96.00,77.00,1.00,507.00,0.00,0.00,0.00,0.00,17.00,
2016,7,2,6,2016-07-02,"AA",19805,"AA","1922",11057,"CLT","Charlotte, NC","NC",14524,"RIC","Richmond, VA","VA","2240","2232",-8.00,0.00,11.00,7.00,"2347","2329",-18.00,0.00,0.00,"",0.00,67.00,57.00,39.00,1.00,257.00,,,,,,
2016,7,2,6,2016-07-02,"AA",19805,"AA","1922",12266,"IAH","Houston, TX","TX",11057,"CLT","Charlotte, NC","NC","1740","1733",-7.00,0.00,11.00,10.00,"2115","2057",-18.00,0.00,0.00,"",0.00,155.00,144.00,123.00,1.00,912.00,,,,,,
2016,7,2,6,2016-07-02,"AA",19805,"AA","1925",10397,"ATL","Atlanta, GA","GA",11057,"CLT","Charlotte, NC","NC","0725","0723",-2.00,0.00,16.00,11.00,"0839","0837",-2.00,0.00,0.00,"",0.00,74.00,74.00,47.00,1.00,226.00,,,,,,
2016,7,2,6,2016-07-02,"AA",19805,"AA","1925",11057,"CLT","Charlotte, NC","NC",15304,"TPA","Tampa, FL","FL","0935","0939",4.00,4.00,40.00,8.00,"1117","1151",34.00,34.00,0.00,"",0.00,102.00,132.00,84.00,1.00,507.00,4.00,0.00,30.00,0.00,0.00,
2016,7,5,2,2016-07-05,"AA",19805,"AA","1939",13495,"MSY","New Orleans, LA","LA",14100,"PHL","Philadelphia, PA","PA","1815","1829",14.00,14.00,11.00,4.00,"2202","2206",4.00,4.00,0.00,"",0.00,167.00,157.00,142.00,1.00,1089.00,,,,,,
2016,7,5,2,2016-07-05,"AA",19805,"AA","1939",14100,"PHL","Philadelphia, PA","PA",13495,"MSY","New Orleans, LA","LA","1535","1530",-5.00,0.00,16.00,4.00,"1732","1731",-1.00,0.00,0.00,"",0.00,177.00,181.00,161.00,1.00,1089.00,,,,,,
2016,7,5,2,2016-07-05,"AA",19805,"AA","1940",11057,"CLT","Charlotte, NC","NC",10257,"ALB","Albany, NY","NY","2216","0039",143.00,143.00,15.00,3.00,"0014","0217",123.00,123.00,0.00,"",0.00,118.00,98.00,80.00,1.00,646.00,0.00,4.00,0.00,0.00,119.00,
2016,7,5,2,2016-07-05,"AA",19805,"AA","1940",12266,"IAH","Houston, TX","TX",11057,"CLT","Charlotte, NC","NC","1740","1735",-5.00,0.00,17.00,20.00,"2115","2117",2.00,2.00,0.00,"",0.00,155.00,162.00,125.00,1.00,912.00,,,,,,
2016,7,5,2,2016-07-05,"AA",19805,"AA","1941",11057,"CLT","Charlotte, NC","NC",11433,"DTW","Detroit, MI","MI","0919","0913",-6.00,0.00,13.00,10.00,"1107","1054",-13.00,0.00,0.00,"",0.00,108.00,101.00,78.00,1.00,500.00,,,,,,
2016,7,5,2,2016-07-05,"AA",19805,"AA","1941",14524,"RIC","Richmond, VA","VA",11057,"CLT","Charlotte, NC","NC","0700","0653",-7.00,0.00,17.00,3.00,"0817","0802",-15.00,0.00,0.00,"",0.00,77.00,69.00,49.00,1.00,257.00,,,,,,
2016,7,5,2,2016-07-05,"AA",19805,"AA","1942",11057,"CLT","Charlotte, NC","NC",10792,"BUF","Buffalo, NY","NY","0915","0911",-4.00,0.00,11.00,3.00,"1053","1044",-9.00,0.00,0.00,"",0.00,98.00,93.00,79.00,1.00,546.00,,,,,,
2016,7,5,2,2016-07-05,"AA",19805,"AA","1942",11433,"DTW","Detroit, MI","MI",11057,"CLT","Charlotte, NC","NC","0630","0624",-6.00,0.00,14.00,18.00,"0816","0811",-5.00,0.00,0.00,"",0.00,106.00,107.00,75.00,1.00,500.00,,,,,,
2016,7,5,2,2016-07-05,"AA",19805,"AA","1944",14771,"SFO","San Francisco, CA","CA",11057,"CLT","Charlotte, NC","NC","2340","0053",73.00,73.00,15.00,18.00,"0742","0848",66.00,66.00,0.00,"",0.00,302.00,295.00,262.00,1.00,2296.00,60.00,0.00,0.00,0.00,6.00,
2016,7,5,2,2016-07-05,"AA",19805,"AA","1945",10693,"BNA","Nashville, TN","TN",11057,"CLT","Charlotte, NC","NC","1717","1749",32.00,32.00,14.00,16.00,"1940","2014",34.00,34.00,0.00,"",0.00,83.00,85.00,55.00,1.00,328.00,0.00,0.00,2.00,0.00,32.00,
2016,7,5,2,2016-07-05,"AA",19805,"AA","1946",11057,"CLT","Charlotte, NC","NC",13930,"ORD","Chicago, IL","IL","0935","0934",-1.00,0.00,16.00,7.00,"1047","1027",-20.00,0.00,0.00,"",0.00,132.00,113.00,90.00,1.00,599.00,,,,,,
2016,7,5,2,2016-07-05,"AA",19805,"AA","1947",11278,"DCA","Washington, DC","VA",11697,"FLL","Fort Lauderdale, FL","FL","1805","1805",0.00,0.00,79.00,4.00,"2044","2147",63.00,63.00,0.00,"",0.00,159.00,222.00,139.00,1.00,899.00,0.00,0.00,63.00,0.00,0.00,
2016,7,5,2,2016-07-05,"AA",19805,"AA","1948",12451,"JAX","Jacksonville, FL","FL",14100,"PHL","Philadelphia, PA","PA","0640","0639",-1.00,0.00,14.00,4.00,"0847","0842",-5.00,0.00,0.00,"",0.00,127.00,123.00,105.00,1.00,742.00,,,,,,
2016,7,5,2,2016-07-05,"AA",19805,"AA","1950",11057,"CLT","Charlotte, NC","NC",11278,"DCA","Washington, DC","VA","1315","1313",-2.00,0.00,24.00,5.00,"1441","1433",-8.00,0.00,0.00,"",0.00,86.00,80.00,51.00,1.00,331.00,,,,,,
2016,7,5,2,2016-07-05,"AA",19805,"AA","1950",14100,"PHL","Philadelphia, PA","PA",11057,"CLT","Charlotte, NC","NC","1015","1011",-4.00,0.00,15.00,7.00,"1210","1143",-27.00,0.00,0.00,"",0.00,115.00,92.00,70.00,1.00,449.00,,,,,,
2016,7,5,2,2016-07-05,"AA",19805,"AA","1951",13930,"ORD","Chicago, IL","IL",14107,"PHX","Phoenix, AZ","AZ","0940","0936",-4.00,0.00,25.00,4.00,"1119","1114",-5.00,0.00,0.00,"",0.00,219.00,218.00,189.00,1.00,1440.00,,,,,,
2016,7,5,2,2016-07-05,"AA",19805,"AA","1951",14107,"PHX","Phoenix, AZ","AZ",11292,"DEN","Denver, CO","CO","1221","1218",-3.00,0.00,12.00,5.00,"1510","1452",-18.00,0.00,0.00,"",0.00,109.00,94.00,77.00,1.00,602.00,,,,,,
2016,7,5,2,2016-07-05,"AA",19805,"AA","1952",10529,"BDL","Hartford, CT","CT",11057,"CLT","Charlotte, NC","NC","1920","2012",52.00,52.00,20.00,10.00,"2123","2218",55.00,55.00,0.00,"",0.00,123.00,126.00,96.00,1.00,644.00,0.00,0.00,3.00,0.00,52.00,
2016,7,5,2,2016-07-05,"AA",19805,"AA","1952",11057,"CLT","Charlotte, NC","NC",10792,"BUF","Buffalo, NY","NY","2225","2246",21.00,21.00,21.00,3.00,"0006","0024",18.00,18.00,0.00,"",0.00,101.00,98.00,74.00,1.00,546.00,0.00,18.00,0.00,0.00,0.00,
2016,7,5,2,2016-07-05,"AA",19805,"AA","1954",11057,"CLT","Charlotte, NC","NC",12953,"LGA","New York, NY","NY","2041","2137",56.00,56.00,46.00,9.00,"2230","2350",80.00,80.00,0.00,"",0.00,109.00,133.00,78.00,1.00,544.00,35.00,0.00,24.00,0.00,21.00,
2016,7,5,2,2016-07-05,"AA",19805,"AA","1954",13930,"ORD","Chicago, IL","IL",11057,"CLT","Charlotte, NC","NC","1645","1716",31.00,31.00,16.00,12.00,"1945","2007",22.00,22.00,0.00,"",0.00,120.00,111.00,83.00,1.00,599.00,0.00,0.00,0.00,0.00,22.00,
2016,7,5,2,2016-07-05,"AA",19805,"AA","1956",11057,"CLT","Charlotte, NC","NC",14100,"PHL","Philadelphia, PA","PA","0735","0728",-7.00,0.00,20.00,12.00,"0916","0911",-5.00,0.00,0.00,"",0.00,101.00,103.00,71.00,1.00,449.00,,,,,,
2016,7,5,2,2016-07-05,"AA",19805,"AA","1959",11278,"DCA","Washington, DC","VA",15304,"TPA","Tampa, FL","FL","1935","1932",-3.00,0.00,20.00,4.00,"2155","2151",-4.00,0.00,0.00,"",0.00,140.00,139.00,115.00,1.00,814.00,,,,,,
2016,7,5,2,2016-07-05,"AA",19805,"AA","1960",11057,"CLT","Charlotte, NC","NC",10821,"BWI","Baltimore, MD","MD","0940","0940",0.00,0.00,15.00,5.00,"1112","1053",-19.00,0.00,0.00,"",0.00,92.00,73.00,53.00,1.00,361.00,,,,,,
2016,7,5,2,2016-07-05,"AA",19805,"AA","1960",15304,"TPA","Tampa, FL","FL",11057,"CLT","Charlotte, NC","NC","0650","0648",-2.00,0.00,8.00,7.00,"0832","0818",-14.00,0.00,0.00,"",0.00,102.00,90.00,75.00,1.00,507.00,,,,,,
2016,7,5,2,2016-07-05,"AA",19805,"AA","1961",10821,"BWI","Baltimore, MD","MD",11057,"CLT","Charlotte, NC","NC","0845","0842",-3.00,0.00,25.00,7.00,"1021","1010",-11.00,0.00,0.00,"",0.00,96.00,88.00,56.00,1.00,361.00,,,,,,
2016,7,5,2,2016-07-05,"AA",19805,"AA","1961",11057,"CLT","Charlotte, NC","NC",11697,"FLL","Fort Lauderdale, FL","FL","1150","1225",35.00,35.00,16.00,3.00,"1353","1418",25.00,25.00,0.00,"",0.00,123.00,113.00,94.00,1.00,632.00,25.00,0.00,0.00,0.00,0.00,
2016,7,5,2,2016-07-05,"AA",19805,"AA","1962",11057,"CLT","Charlotte, NC","NC",10821,"BWI","Baltimore, MD","MD","1645","1808",83.00,83.00,26.00,5.00,"1817","1935",78.00,78.00,0.00,"",0.00,92.00,87.00,56.00,1.00,361.00,0.00,78.00,0.00,0.00,0.00,
2016,7,5,2,2016-07-05,"AA",19805,"AA","1962",14100,"PHL","Philadelphia, PA","PA",11057,"CLT","Charlotte, NC","NC","1355","1353",-2.00,0.00,24.00,15.00,"1539","1541",2.00,2.00,0.00,"",0.00,104.00,108.00,69.00,1.00,449.00,,,,,,
2016,7,5,2,2016-07-05,"AA",19805,"AA","1964",10423,"AUS","Austin, TX","TX",11057,"CLT","Charlotte, NC","NC","0700","0653",-7.00,0.00,12.00,3.00,"1044","1029",-15.00,0.00,0.00,"",0.00,164.00,156.00,141.00,1.00,1032.00,,,,,,
2016,7,5,2,2016-07-05,"AA",19805,"AA","1964",11057,"CLT","Charlotte, NC","NC",13198,"MCI","Kansas City, MO","MO","1140","1135",-5.00,0.00,17.00,5.00,"1311","1248",-23.00,0.00,0.00,"",0.00,151.00,133.00,111.00,1.00,808.00,,,,,,
2016,7,5,2,2016-07-05,"AA",19805,"AA","1965",13930,"ORD","Chicago, IL","IL",11057,"CLT","Charlotte, NC","NC","0530","0528",-2.00,0.00,15.00,11.00,"0821","0817",-4.00,0.00,0.00,"",0.00,111.00,109.00,83.00,1.00,599.00,,,,,,
2016,7,5,2,2016-07-05,"AA",19805,"AA","1970",11057,"CLT","Charlotte, NC","NC",10821,"BWI","Baltimore, MD","MD","1319","1334",15.00,15.00,9.00,5.00,"1448","1443",-5.00,0.00,0.00,"",0.00,89.00,69.00,55.00,1.00,361.00,,,,,,
2016,7,5,2,2016-07-05,"AA",19805,"AA","1970",11697,"FLL","Fort Lauderdale, FL","FL",11057,"CLT","Charlotte, NC","NC","1025","1020",-5.00,0.00,8.00,9.00,"1222","1209",-13.00,0.00,0.00,"",0.00,117.00,109.00,92.00,1.00,632.00,,,,,,
2016,7,5,2,2016-07-05,"AA",19805,"AA","1971",12266,"IAH","Houston, TX","TX",11057,"CLT","Charlotte, NC","NC","0705","0700",-5.00,0.00,13.00,14.00,"1038","1030",-8.00,0.00,0.00,"",0.00,153.00,150.00,123.00,1.00,912.00,,,,,,
2016,7,5,2,2016-07-05,"AA",19805,"AA","1972",11057,"CLT","Charlotte, NC","NC",12478,"JFK","New York, NY","NY","1604","1942",218.00,218.00,28.00,15.00,"1759","2144",225.00,225.00,0.00,"",0.00,115.00,122.00,79.00,1.00,541.00,0.00,218.00,7.00,0.00,0.00,
2016,7,5,2,2016-07-05,"AA",19805,"AA","1972",12892,"LAX","Los Angeles, CA","CA",11057,"CLT","Charlotte, NC","NC","0705","0706",1.00,1.00,20.00,15.00,"1457","1457",0.00,0.00,0.00,"",0.00,292.00,291.00,256.00,1.00,2125.00,,,,,,
2016,7,5,2,2016-07-05,"AA",19805,"AA","1973",11057,"CLT","Charlotte, NC","NC",12339,"IND","Indianapolis, IN","IN","1312","1322",10.00,10.00,16.00,6.00,"1448","1449",1.00,1.00,0.00,"",0.00,96.00,87.00,65.00,1.00,427.00,,,,,,
2016,7,5,2,2016-07-05,"AA",19805,"AA","1974",14100,"PHL","Philadelphia, PA","PA",11697,"FLL","Fort Lauderdale, FL","FL","2000","2037",37.00,37.00,16.00,2.00,"2240","2322",42.00,42.00,0.00,"",0.00,160.00,165.00,147.00,1.00,992.00,0.00,0.00,5.00,0.00,37.00,
2016,7,5,2,2016-07-05,"AA",19805,"AA","1975",11057,"CLT","Charlotte, NC","NC",12892,"LAX","Los Angeles, CA","CA","2020","2215",115.00,115.00,11.00,27.00,"2229","0014",105.00,105.00,0.00,"",0.00,309.00,299.00,261.00,1.00,2125.00,11.00,0.00,0.00,0.00,94.00,
2016,7,5,2,2016-07-05,"AA",19805,"AA","1976",11057,"CLT","Charlotte, NC","NC",10821,"BWI","Baltimore, MD","MD","2020","2241",141.00,141.00,15.00,8.00,"2146","2358",132.00,132.00,0.00,"",0.00,86.00,77.00,54.00,1.00,361.00,0.00,110.00,0.00,0.00,22.00,
2016,7,5,2,2016-07-05,"AA",19805,"AA","1976",14107,"PHX","Phoenix, AZ","AZ",11057,"CLT","Charlotte, NC","NC","1212","1211",-1.00,0.00,15.00,21.00,"1919","1917",-2.00,0.00,0.00,"",0.00,247.00,246.00,210.00,1.00,1773.00,,,,,,
2016,7,5,2,2016-07-05,"AA",19805,"AA","1976",14771,"SFO","San Francisco, CA","CA",14107,"PHX","Phoenix, AZ","AZ","0910","0902",-8.00,0.00,18.00,4.00,"1108","1052",-16.00,0.00,0.00,"",0.00,118.00,110.00,88.00,1.00,651.00,,,,,,
2016,7,5,2,2016-07-05,"AA",19805,"AA","1977",11057,"CLT","Charlotte, NC","NC",12339,"IND","Indianapolis, IN","IN","1135","1131",-4.00,0.00,18.00,7.00,"1312","1302",-10.00,0.00,0.00,"",0.00,97.00,91.00,66.00,1.00,427.00,,,,,,
2016,7,5,2,2016-07-05,"AA",19805,"AA","1978",11042,"CLE","Cleveland, OH","OH",11057,"CLT","Charlotte, NC","NC","0655","0647",-8.00,0.00,9.00,10.00,"0833","0810",-23.00,0.00,0.00,"",0.00,98.00,83.00,64.00,1.00,430.00,,,,,,
2016,7,5,2,2016-07-05,"AA",19805,"AA","1978",11057,"CLT","Charlotte, NC","NC",12266,"IAH","Houston, TX","TX","0935","0925",-10.00,0.00,17.00,9.00,"1110","1055",-15.00,0.00,0.00,"",0.00,155.00,150.00,124.00,1.00,912.00,,,,,,
2016,7,5,2,2016-07-05,"AA",19805,"AA","1979",11057,"CLT","Charlotte, NC","NC",12323,"ILM","Wilmington, NC","NC","2010","2020",10.00,10.00,16.00,3.00,"2109","2117",8.00,8.00,0.00,"",0.00,59.00,57.00,38.00,1.00,185.00,,,,,,
2016,7,5,2,2016-07-05,"AA",19805,"AA","1980",11057,"CLT","Charlotte, NC","NC",10721,"BOS","Boston, MA","MA","0750","0746",-4.00,0.00,17.00,15.00,"1008","0950",-18.00,0.00,0.00,"",0.00,138.00,124.00,92.00,1.00,728.00,,,,,,
2016,7,5,2,2016-07-05,"AA",19805,"AA","1980",11292,"DEN","Denver, CO","CO",11057,"CLT","Charlotte, NC","NC","0115","0106",-9.00,0.00,10.00,3.00,"0619","0600",-19.00,0.00,0.00,"",0.00,184.00,174.00,161.00,1.00,1337.00,,,,,,
2016,7,5,2,2016-07-05,"AA",19805,"AA","1982",11057,"CLT","Charlotte, NC","NC",10721,"BOS","Boston, MA","MA","0940","0944",4.00,4.00,31.00,12.00,"1158","1159",1.00,1.00,0.00,"",0.00,138.00,135.00,92.00,1.00,728.00,,,,,,
2016,7,5,2,2016-07-05,"AA",19805,"AA","1982",11298,"DFW","Dallas/Fort Worth, TX","TX",11057,"CLT","Charlotte, NC","NC","0505","0533",28.00,28.00,14.00,6.00,"0837","0849",12.00,12.00,0.00,"",0.00,152.00,136.00,116.00,1.00,936.00,,,,,,
2016,7,5,2,2016-07-05,"AA",19805,"AA","1983",14100,"PHL","Philadelphia, PA","PA",14122,"PIT","Pittsburgh, PA","PA","1825","1818",-7.00,0.00,33.00,3.00,"1956","1936",-20.00,0.00,0.00,"",0.00,91.00,78.00,42.00,1.00,268.00,,,,,,
2016,7,5,2,2016-07-05,"AA",19805,"AA","1984",14524,"RIC","Richmond, VA","VA",11057,"CLT","Charlotte, NC","NC","1945","",,,,,"2057","",,,1.00,"B",0.00,72.00,,,1.00,257.00,,,,,,
2016,7,5,2,2016-07-05,"AA",19805,"AA","1985",14107,"PHX","Phoenix, AZ","AZ",14100,"PHL","Philadelphia, PA","PA","0855","0846",-9.00,0.00,35.00,10.00,"1640","1637",-3.00,0.00,0.00,"",0.00,285.00,291.00,246.00,1.00,2075.00,,,,,,
2016,7,5,2,2016-07-05,"AA",19805,"AA","1986",14100,"PHL","Philadelphia, PA","PA",12953,"LGA","New York, NY","NY","1739","1736",-3.00,0.00,14.00,10.00,"1832","1830",-2.00,0.00,0.00,"",0.00,53.00,54.00,30.00,1.00,96.00,,,,,,
2016,7,5,2,2016-07-05,"AA",19805,"AA","1987",11057,"CLT","Charlotte, NC","NC",11278,"DCA","Washington, DC","VA","2214","0004",110.00,110.00,20.00,3.00,"2334","0116",102.00,102.00,0.00,"",0.00,80.00,72.00,49.00,1.00,331.00,0.00,23.00,0.00,0.00,79.00,
2016,7,5,2,2016-07-05,"AA",19805,"AA","1987",14492,"RDU","Raleigh/Durham, NC","NC",11057,"CLT","Charlotte, NC","NC","1959","",,,,,"2101","",,,1.00,"A",0.00,62.00,,,1.00,130.00,,,,,,
2016,7,5,2,2016-07-05,"AA",19805,"AA","1988",11057,"CLT","Charlotte, NC","NC",10257,"ALB","Albany, NY","NY","1155","1150",-5.00,0.00,28.00,3.00,"1400","1350",-10.00,0.00,0.00,"",0.00,125.00,120.00,89.00,1.00,646.00,,,,,,
2016,7,5,2,2016-07-05,"AA",19805,"AA","1988",12953,"LGA","New York, NY","NY",11057,"CLT","Charlotte, NC","NC","0840","0913",33.00,33.00,26.00,5.00,"1044","1106",22.00,22.00,0.00,"",0.00,124.00,113.00,82.00,1.00,544.00,22.00,0.00,0.00,0.00,0.00,
2016,7,5,2,2016-07-05,"AA",19805,"AA","1991",14100,"PHL","Philadelphia, PA","PA",13930,"ORD","Chicago, IL","IL","0945","0944",-1.00,0.00,14.00,32.00,"1109","1109",0.00,0.00,0.00,"",0.00,144.00,145.00,99.00,1.00,678.00,,,,,,
2016,7,5,2,2016-07-05,"AA",19805,"AA","1992",11057,"CLT","Charlotte, NC","NC",14307,"PVD","Providence, RI","RI","1615","1753",98.00,98.00,11.00,5.00,"1814","1942",88.00,88.00,0.00,"",0.00,119.00,109.00,93.00,1.00,683.00,0.00,86.00,0.00,0.00,2.00,
2016,7,5,2,2016-07-05,"AA",19805,"AA","1992",12266,"IAH","Houston, TX","TX",11057,"CLT","Charlotte, NC","NC","1158","1152",-6.00,0.00,12.00,12.00,"1530","1542",12.00,12.00,0.00,"",0.00,152.00,170.00,146.00,1.00,912.00,,,,,,
2016,7,5,2,2016-07-05,"AA",19805,"AA","1993",11057,"CLT","Charlotte, NC","NC",12892,"LAX","Los Angeles, CA","CA","0735","0735",0.00,0.00,12.00,67.00,"0941","1028",47.00,47.00,0.00,"",0.00,306.00,353.00,274.00,1.00,2125.00,0.00,0.00,47.00,0.00,0.00,
2016,7,5,2,2016-07-05,"AA",19805,"AA","1994",13930,"ORD","Chicago, IL","IL",14100,"PHL","Philadelphia, PA","PA","1535","1556",21.00,21.00,22.00,4.00,"1839","1852",13.00,13.00,0.00,"",0.00,124.00,116.00,90.00,1.00,678.00,,,,,,
2016,7,5,2,2016-07-05,"AA",19805,"AA","1994",14100,"PHL","Philadelphia, PA","PA",13930,"ORD","Chicago, IL","IL","1325","1335",10.00,10.00,16.00,9.00,"1439","1438",-1.00,0.00,0.00,"",0.00,134.00,123.00,98.00,1.00,678.00,,,,,,
2016,7,5,2,2016-07-05,"AA",19805,"AA","1995",14100,"PHL","Philadelphia, PA","PA",13930,"ORD","Chicago, IL","IL","1425","1433",8.00,8.00,15.00,16.00,"1544","1541",-3.00,0.00,0.00,"",0.00,139.00,128.00,97.00,1.00,678.00,,,,,,
2016,7,5,2,2016-07-05,"AA",19805,"AA","1997",13930,"ORD","Chicago, IL","IL",14100,"PHL","Philadelphia, PA","PA","1644","1637",-7.00,0.00,12.00,4.00,"1951","1921",-30.00,0.00,0.00,"",0.00,127.00,104.00,88.00,1.00,678.00,,,,,,
2016,7,5,2,2016-07-05,"AA",19805,"AA","1998",11057,"CLT","Charlotte, NC","NC",10821,"BWI","Baltimore, MD","MD","2231","2347",76.00,76.00,25.00,7.00,"2357","0110",73.00,73.00,0.00,"",0.00,86.00,83.00,51.00,1.00,361.00,0.00,73.00,0.00,0.00,0.00,
2016,7,5,2,2016-07-05,"AA",19805,"AA","1998",13198,"MCI","Kansas City, MO","MO",11057,"CLT","Charlotte, NC","NC","1825","2018",113.00,113.00,17.00,28.00,"2141","2346",125.00,125.00,0.00,"",0.00,136.00,148.00,103.00,1.00,808.00,0.00,0.00,12.00,0.00,113.00,
2016,7,5,2,2016-07-05,"AA",19805,"AA","1999",11057,"CLT","Charlotte, NC","NC",10721,"BOS","Boston, MA","MA","1610","1711",61.00,61.00,14.00,11.00,"1822","1916",54.00,54.00,0.00,"",0.00,132.00,125.00,100.00,1.00,728.00,0.00,54.00,0.00,0.00,0.00,
2016,7,5,2,2016-07-05,"AA",19805,"AA","1999",13930,"ORD","Chicago, IL","IL",11057,"CLT","Charlotte, NC","NC","1205","1205",0.00,0.00,22.00,21.00,"1506","1512",6.00,6.00,0.00,"",0.00,121.00,127.00,84.00,1.00,599.00,,,,,,
2016,7,5,2,2016-07-05,"AA",19805,"AA","2001",14100,"PHL","Philadelphia, PA","PA",11697,"FLL","Fort Lauderdale, FL","FL","1000","1059",59.00,59.00,13.00,3.00,"1256","1326",30.00,30.00,0.00,"",0.00,176.00,147.00,131.00,1.00,992.00,30.00,0.00,0.00,0.00,0.00,
2016,7,5,2,2016-07-05,"AA",19805,"AA","2002",10792,"BUF","Buffalo, NY","NY",11057,"CLT","Charlotte, NC","NC","1135","1131",-4.00,0.00,11.00,10.00,"1326","1310",-16.00,0.00,0.00,"",0.00,111.00,99.00,78.00,1.00,546.00,,,,,,
2016,7,5,2,2016-07-05,"AA",19805,"AA","2002",11057,"CLT","Charlotte, NC","NC",10721,"BOS","Boston, MA","MA","1420","1514",54.00,54.00,34.00,8.00,"1629","1737",68.00,68.00,0.00,"",0.00,129.00,143.00,101.00,1.00,728.00,0.00,0.00,68.00,0.00,0.00,
2016,7,5,2,2016-07-05,"AA",19805,"AA","2005",14100,"PHL","Philadelphia, PA","PA",11057,"CLT","Charlotte, NC","NC","2045","2040",-5.00,0.00,18.00,17.00,"2235","2237",2.00,2.00,0.00,"",0.00,110.00,117.00,82.00,1.00,449.00,,,,,,
2016,7,5,2,2016-07-05,"AA",19805,"AA","2006",11057,"CLT","Charlotte, NC","NC",14524,"RIC","Richmond, VA","VA","2025","",,,,,"2132","",,,1.00,"A",0.00,67.00,,,1.00,257.00,,,,,,
2016,7,5,2,2016-07-05,"AA",19805,"AA","2007",12953,"LGA","New York, NY","NY",14100,"PHL","Philadelphia, PA","PA","1930","1930",0.00,0.00,12.00,10.00,"2042","2022",-20.00,0.00,0.00,"",0.00,72.00,52.00,30.00,1.00,96.00,,,,,,
2016,7,5,2,2016-07-05,"AA",19805,"AA","2007",14100,"PHL","Philadelphia, PA","PA",12451,"JAX","Jacksonville, FL","FL","2130","2131",1.00,1.00,13.00,4.00,"2338","2332",-6.00,0.00,0.00,"",0.00,128.00,121.00,104.00,1.00,742.00,,,,,,
2016,7,5,2,2016-07-05,"AA",19805,"AA","2008",13204,"MCO","Orlando, FL","FL",14100,"PHL","Philadelphia, PA","PA","1930","1924",-6.00,0.00,13.00,3.00,"2155","2151",-4.00,0.00,0.00,"",0.00,145.00,147.00,131.00,1.00,861.00,,,,,,
2016,7,5,2,2016-07-05,"AA",19805,"AA","2010",11057,"CLT","Charlotte, NC","NC",14100,"PHL","Philadelphia, PA","PA","0635","0632",-3.00,0.00,12.00,3.00,"0810","0756",-14.00,0.00,0.00,"",0.00,95.00,84.00,69.00,1.00,449.00,,,,,,
2016,7,5,2,2016-07-05,"AA",19805,"AA","2011",15304,"TPA","Tampa, FL","FL",11057,"CLT","Charlotte, NC","NC","0515","0515",0.00,0.00,10.00,6.00,"0650","0645",-5.00,0.00,0.00,"",0.00,95.00,90.00,74.00,1.00,507.00,,,,,,
2016,7,5,2,2016-07-05,"AA",19805,"AA","2012",10529,"BDL","Hartford, CT","CT",14100,"PHL","Philadelphia, PA","PA","0925","0921",-4.00,0.00,24.00,3.00,"1045","1048",3.00,3.00,0.00,"",0.00,80.00,87.00,60.00,1.00,196.00,,,,,,
2016,7,5,2,2016-07-05,"AA",19805,"AA","2012",14100,"PHL","Philadelphia, PA","PA",10529,"BDL","Hartford, CT","CT","0730","0724",-6.00,0.00,12.00,4.00,"0838","0823",-15.00,0.00,0.00,"",0.00,68.00,59.00,43.00,1.00,196.00,,,,,,
2016,7,5,2,2016-07-05,"AA",19805,"AA","2014",14869,"SLC","Salt Lake City, UT","UT",11057,"CLT","Charlotte, NC","NC","0015","0020",5.00,5.00,11.00,4.00,"0605","0557",-8.00,0.00,0.00,"",0.00,230.00,217.00,202.00,1.00,1727.00,,,,,,
2016,7,5,2,2016-07-05,"AA",19805,"AA","2015",15096,"SYR","Syracuse, NY","NY",11057,"CLT","Charlotte, NC","NC","1844","2009",85.00,85.00,15.00,129.00,"2042","0003",201.00,201.00,0.00,"",0.00,118.00,234.00,90.00,1.00,603.00,0.00,0.00,116.00,0.00,85.00,
2016,7,5,2,2016-07-05,"AA",19805,"AA","2016",14100,"PHL","Philadelphia, PA","PA",10397,"ATL","Atlanta, GA","GA","0945","1100",75.00,75.00,22.00,10.00,"1202","1342",100.00,100.00,0.00,"",0.00,137.00,162.00,130.00,1.00,666.00,75.00,0.00,25.00,0.00,0.00,
2016,7,5,2,2016-07-05,"AA",19805,"AA","2017",11057,"CLT","Charlotte, NC","NC",12953,"LGA","New York, NY","NY","2200","",,,,,"2345","",,,1.00,"C",0.00,105.00,,,1.00,544.00,,,,,,
2016,7,5,2,2016-07-05,"AA",19805,"AA","2017",14843,"SJU","San Juan, PR","PR",11057,"CLT","Charlotte, NC","NC","1640","1640",0.00,0.00,12.00,37.00,"2026","2036",10.00,10.00,0.00,"",0.00,226.00,236.00,187.00,1.00,1475.00,,,,,,
2016,7,5,2,2016-07-05,"AA",19805,"AA","2018",14635,"RSW","Fort Myers, FL","FL",14100,"PHL","Philadelphia, PA","PA","0745","0736",-9.00,0.00,11.00,4.00,"1026","1000",-26.00,0.00,0.00,"",0.00,161.00,144.00,129.00,1.00,993.00,,,,,,
2016,7,5,2,2016-07-05,"AA",19805,"AA","2019",14679,"SAN","San Diego, CA","CA",14100,"PHL","Philadelphia, PA","PA","1130","1131",1.00,1.00,26.00,5.00,"1945","1939",-6.00,0.00,0.00,"",0.00,315.00,308.00,277.00,1.00,2370.00,,,,,,
2016,7,5,2,2016-07-05,"AA",19805,"AA","2020",14107,"PHX","Phoenix, AZ","AZ",11057,"CLT","Charlotte, NC","NC","2315","2315",0.00,0.00,20.00,4.00,"0614","0618",4.00,4.00,0.00,"",0.00,239.00,243.00,219.00,1.00,1773.00,,,,,,
2016,7,5,2,2016-07-05,"AA",19805,"AA","2022",11697,"FLL","Fort Lauderdale, FL","FL",14100,"PHL","Philadelphia, PA","PA","1930","1926",-4.00,0.00,21.00,4.00,"2210","2211",1.00,1.00,0.00,"",0.00,160.00,165.00,140.00,1.00,992.00,,,,,,
2016,7,5,2,2016-07-05,"AA",19805,"AA","2022",14100,"PHL","Philadelphia, PA","PA",11697,"FLL","Fort Lauderdale, FL","FL","1550","1550",0.00,0.00,20.00,4.00,"1840","1833",-7.00,0.00,0.00,"",0.00,170.00,163.00,139.00,1.00,992.00,,,,,,
2016,7,5,2,2016-07-05,"AA",19805,"AA","2023",11278,"DCA","Washington, DC","VA",14107,"PHX","Phoenix, AZ","AZ","1055","1101",6.00,6.00,14.00,6.00,"1238","1226",-12.00,0.00,0.00,"",0.00,283.00,265.00,245.00,1.00,1979.00,,,,,,
2016,7,5,2,2016-07-05,"AA",19805,"AA","2023",11298,"DFW","Dallas/Fort Worth, TX","TX",11278,"DCA","Washington, DC","VA","0600","0555",-5.00,0.00,15.00,7.00,"0952","0946",-6.00,0.00,0.00,"",0.00,172.00,171.00,149.00,1.00,1192.00,,,,,,
2016,7,5,2,2016-07-05,"AA",19805,"AA","2023",14107,"PHX","Phoenix, AZ","AZ",12892,"LAX","Los Angeles, CA","CA","1349","1537",108.00,108.00,17.00,8.00,"1518","1701",103.00,103.00,0.00,"",0.00,89.00,84.00,59.00,1.00,370.00,103.00,0.00,0.00,0.00,0.00,
2016,7,5,2,2016-07-05,"AA",19805,"AA","2024",14100,"PHL","Philadelphia, PA","PA",14492,"RDU","Raleigh/Durham, NC","NC","2255","2250",-5.00,0.00,8.00,5.00,"0010","2355",-15.00,0.00,0.00,"",0.00,75.00,65.00,52.00,1.00,337.00,,,,,,
2016,7,5,2,2016-07-05,"AA",19805,"AA","2025",14492,"RDU","Raleigh/Durham, NC","NC",14100,"PHL","Philadelphia, PA","PA","0520","0519",-1.00,0.00,14.00,4.00,"0640","0623",-17.00,0.00,0.00,"",0.00,80.00,64.00,46.00,1.00,337.00,,,,,,
2016,7,5,2,2016-07-05,"AA",19805,"AA","2026",14107,"PHX","Phoenix, AZ","AZ",14100,"PHL","Philadelphia, PA","PA","2240","2255",15.00,15.00,18.00,3.00,"0610","0615",5.00,5.00,0.00,"",0.00,270.00,260.00,239.00,1.00,2075.00,,,,,,
2016,7,5,2,2016-07-05,"AA",19805,"AA","2028",11042,"CLE","Cleveland, OH","OH",11057,"CLT","Charlotte, NC","NC","1520","1512",-8.00,0.00,14.00,93.00,"1659","2316",,,0.00,"",1.00,99.00,,,1.00,430.00,,,,,,
2016,7,5,2,2016-07-05,"AA",19805,"AA","2028",11057,"CLT","Charlotte, NC","NC",14524,"RIC","Richmond, VA","VA","1754","",,,,,"1901","",,,1.00,"A",0.00,67.00,,,1.00,257.00,,,,,,
2016,7,5,2,2016-07-05,"AA",19805,"AA","2030",12953,"LGA","New York, NY","NY",14100,"PHL","Philadelphia, PA","PA","1520","1517",-3.00,0.00,14.00,3.00,"1648","1610",-38.00,0.00,0.00,"",0.00,88.00,53.00,36.00,1.00,96.00,,,,,,
2016,7,5,2,2016-07-05,"AA",19805,"AA","2032",10397,"ATL","Atlanta, GA","GA",11057,"CLT","Charlotte, NC","NC","1335","1811",276.00,276.00,29.00,9.00,"1454","1941",287.00,287.00,0.00,"",0.00,79.00,90.00,52.00,1.00,226.00,0.00,211.00,11.00,0.00,65.00,
2016,7,5,2,2016-07-05,"AA",19805,"AA","2032",11057,"CLT","Charlotte, NC","NC",12451,"JAX","Jacksonville, FL","FL","1540","2051",311.00,311.00,20.00,5.00,"1654","2208",314.00,314.00,0.00,"",0.00,74.00,77.00,52.00,1.00,328.00,25.00,0.00,3.00,0.00,286.00,
2016,7,5,2,2016-07-05,"AA",19805,"AA","2033",12953,"LGA","New York, NY","NY",14100,"PHL","Philadelphia, PA","PA","0555","0553",-2.00,0.00,17.00,4.00,"0700","0650",-10.00,0.00,0.00,"",0.00,65.00,57.00,36.00,1.00,96.00,,,,,,
2016,7,5,2,2016-07-05,"AA",19805,"AA","2033",14100,"PHL","Philadelphia, PA","PA",12451,"JAX","Jacksonville, FL","FL","0755","0749",-6.00,0.00,27.00,5.00,"1008","1001",-7.00,0.00,0.00,"",0.00,133.00,132.00,100.00,1.00,742.00,,,,,,
2016,7,5,2,2016-07-05,"AA",19805,"AA","2034",12451,"JAX","Jacksonville, FL","FL",14100,"PHL","Philadelphia, PA","PA","1050","1046",-4.00,0.00,14.00,3.00,"1252","1243",-9.00,0.00,0.00,"",0.00,122.00,117.00,100.00,1.00,742.00,,,,,,
2016,7,5,2,2016-07-05,"AA",19805,"AA","2035",11057,"CLT","Charlotte, NC","NC",12451,"JAX","Jacksonville, FL","FL","2215","2315",60.00,60.00,13.00,5.00,"2331","0024",53.00,53.00,0.00,"",0.00,76.00,69.00,51.00,1.00,328.00,0.00,0.00,0.00,0.00,53.00,
2016,7,5,2,2016-07-05,"AA",19805,"AA","2035",13487,"MSP","Minneapolis, MN","MN",11057,"CLT","Charlotte, NC","NC","1730","1811",41.00,41.00,,,"2101","",,,1.00,"A",0.00,151.00,,,1.00,930.00,,,,,,
2016,7,5,2,2016-07-05,"AA",19805,"AA","2036",11057,"CLT","Charlotte, NC","NC",15096,"SYR","Syracuse, NY","NY","1610","1758",108.00,108.00,17.00,4.00,"1759","1940",101.00,101.00,0.00,"",0.00,109.00,102.00,81.00,1.00,603.00,0.00,85.00,0.00,0.00,16.00,
2016,7,5,2,2016-07-05,"AA",19805,"AA","2036",12451,"JAX","Jacksonville, FL","FL",11057,"CLT","Charlotte, NC","NC","1358","1351",-7.00,0.00,10.00,27.00,"1522","1532",10.00,10.00,0.00,"",0.00,84.00,101.00,64.00,1.00,328.00,,,,,,
2016,7,5,2,2016-07-05,"AA",19805,"AA","2038",11057,"CLT","Charlotte, NC","NC",14307,"PVD","Providence, RI","RI","2205","2352",107.00,107.00,16.00,4.00,"2359","0142",103.00,103.00,0.00,"",0.00,114.00,110.00,90.00,1.00,683.00,0.00,103.00,0.00,0.00,0.00,
2016,7,5,2,2016-07-05,"AA",19805,"AA","2039",11057,"CLT","Charlotte, NC","NC",13487,"MSP","Minneapolis, MN","MN","2215","0128",193.00,193.00,19.00,5.00,"2356","0338",222.00,222.00,0.00,"",0.00,161.00,190.00,166.00,1.00,930.00,193.00,0.00,29.00,0.00,0.00,
2016,7,5,2,2016-07-05,"AA",19805,"AA","2039",15304,"TPA","Tampa, FL","FL",11057,"CLT","Charlotte, NC","NC","1910","",,,,,"2056","",,,1.00,"C",0.00,106.00,,,1.00,507.00,,,,,,
2016,7,5,2,2016-07-05,"AA",19805,"AA","2040",14100,"PHL","Philadelphia, PA","PA",11278,"DCA","Washington, DC","VA","1400","1353",-7.00,0.00,15.00,6.00,"1457","1445",-12.00,0.00,0.00,"",0.00,57.00,52.00,31.00,1.00,119.00,,,,,,
2016,7,5,2,2016-07-05,"AA",19805,"AA","2041",11278,"DCA","Washington, DC","VA",14100,"PHL","Philadelphia, PA","PA","1545","1541",-4.00,0.00,21.00,3.00,"1654","1640",-14.00,0.00,0.00,"",0.00,69.00,59.00,35.00,1.00,119.00,,,,,,
2016,7,5,2,2016-07-05,"AA",19805,"AA","2042",11057,"CLT","Charlotte, NC","NC",12478,"JFK","New York, NY","NY","0730","0729",-1.00,0.00,14.00,10.00,"0925","0912",-13.00,0.00,0.00,"",0.00,115.00,103.00,79.00,1.00,541.00,,,,,,
2016,7,5,2,2016-07-05,"AA",19805,"AA","2043",10792,"BUF","Buffalo, NY","NY",11057,"CLT","Charlotte, NC","NC","1910","1959",49.00,49.00,8.00,90.00,"2101","2254",113.00,113.00,0.00,"",0.00,111.00,175.00,77.00,1.00,546.00,3.00,0.00,64.00,0.00,46.00,
2016,7,5,2,2016-07-05,"AA",19805,"AA","2043",11057,"CLT","Charlotte, NC","NC",14027,"PBI","West Palm Beach/Palm Beach, FL","FL","2210","0104",174.00,174.00,23.00,4.00,"2357","0258",181.00,181.00,0.00,"",0.00,107.00,114.00,87.00,1.00,590.00,16.00,0.00,7.00,0.00,158.00,
2016,7,5,2,2016-07-05,"AA",19805,"AA","2044",11057,"CLT","Charlotte, NC","NC",13495,"MSY","New Orleans, LA","LA","1435","1432",-3.00,0.00,21.00,2.00,"1528","1522",-6.00,0.00,0.00,"",0.00,113.00,110.00,87.00,1.00,651.00,,,,,,
2016,7,5,2,2016-07-05,"AA",19805,"AA","2044",11278,"DCA","Washington, DC","VA",11057,"CLT","Charlotte, NC","NC","1159","1157",-2.00,0.00,19.00,10.00,"1323","1320",-3.00,0.00,0.00,"",0.00,84.00,83.00,54.00,1.00,331.00,,,,,,
2016,7,5,2,2016-07-05,"AA",19805,"AA","2045",14843,"SJU","San Juan, PR","PR",14100,"PHL","Philadelphia, PA","PA","1740","1732",-8.00,0.00,11.00,3.00,"2158","2120",-38.00,0.00,0.00,"",0.00,258.00,228.00,214.00,1.00,1576.00,,,,,,
2016,7,5,2,2016-07-05,"AA",19805,"AA","2046",11057,"CLT","Charlotte, NC","NC",14635,"RSW","Fort Myers, FL","FL","1630","1810",100.00,100.00,16.00,4.00,"1827","1956",89.00,89.00,0.00,"",0.00,117.00,106.00,86.00,1.00,600.00,0.00,89.00,0.00,0.00,0.00,
2016,7,5,2,2016-07-05,"AA",19805,"AA","2046",11697,"FLL","Fort Lauderdale, FL","FL",11057,"CLT","Charlotte, NC","NC","1305","1326",21.00,21.00,14.00,15.00,"1512","1527",15.00,15.00,0.00,"",0.00,127.00,121.00,92.00,1.00,632.00,15.00,0.00,0.00,0.00,0.00,
2016,7,5,2,2016-07-05,"AA",19805,"AA","2048",14100,"PHL","Philadelphia, PA","PA",12339,"IND","Indianapolis, IN","IN","1810","1814",4.00,4.00,31.00,5.00,"2020","2013",-7.00,0.00,0.00,"",0.00,130.00,119.00,83.00,1.00,588.00,,,,,,
2016,7,5,2,2016-07-05,"AA",19805,"AA","2050",11057,"CLT","Charlotte, NC","NC",12953,"LGA","New York, NY","NY","1610","1806",116.00,116.00,27.00,9.00,"1803","1956",113.00,113.00,0.00,"",0.00,113.00,110.00,74.00,1.00,544.00,0.00,102.00,0.00,0.00,11.00,
2016,7,5,2,2016-07-05,"AA",19805,"AA","2050",14747,"SEA","Seattle, WA","WA",11057,"CLT","Charlotte, NC","NC","0700","0712",12.00,12.00,11.00,36.00,"1506","1521",15.00,15.00,0.00,"",0.00,306.00,309.00,262.00,1.00,2279.00,12.00,0.00,3.00,0.00,0.00,
2016,7,5,2,2016-07-05,"AA",19805,"AA","2051",14100,"PHL","Philadelphia, PA","PA",13303,"MIA","Miami, FL","FL","0955","0956",1.00,1.00,24.00,13.00,"1253","1245",-8.00,0.00,0.00,"",0.00,178.00,169.00,132.00,1.00,1013.00,,,,,,
2016,7,5,2,2016-07-05,"AA",19805,"AA","2052",10257,"ALB","Albany, NY","NY",11057,"CLT","Charlotte, NC","NC","1445","1436",-9.00,0.00,21.00,26.00,"1658","1821",83.00,83.00,0.00,"",0.00,133.00,225.00,178.00,1.00,646.00,0.00,0.00,83.00,0.00,0.00,
2016,7,5,2,2016-07-05,"AA",19805,"AA","2052",11057,"CLT","Charlotte, NC","NC",14321,"PWM","Portland, ME","ME","1800","2003",123.00,123.00,20.00,3.00,"2015","2213",118.00,118.00,0.00,"",0.00,135.00,130.00,107.00,1.00,813.00,0.00,0.00,0.00,0.00,118.00,
2016,7,5,2,2016-07-05,"AA",19805,"AA","2053",11057,"CLT","Charlotte, NC","NC",15304,"TPA","Tampa, FL","FL","1120","1115",-5.00,0.00,10.00,3.00,"1255","1241",-14.00,0.00,0.00,"",0.00,95.00,86.00,73.00,1.00,507.00,,,,,,
2016,7,5,2,2016-07-05,"AA",19805,"AA","2053",14100,"PHL","Philadelphia, PA","PA",11057,"CLT","Charlotte, NC","NC","0815","0848",33.00,33.00,15.00,6.00,"1005","1018",13.00,13.00,0.00,"",0.00,110.00,90.00,69.00,1.00,449.00,,,,,,
2016,7,5,2,2016-07-05,"AA",19805,"AA","2054",11057,"CLT","Charlotte, NC","NC",14100,"PHL","Philadelphia, PA","PA","1300","1257",-3.00,0.00,11.00,4.00,"1440","1417",-23.00,0.00,0.00,"",0.00,100.00,80.00,65.00,1.00,449.00,,,,,,
2016,7,5,2,2016-07-05,"AA",19805,"AA","2054",15304,"TPA","Tampa, FL","FL",11057,"CLT","Charlotte, NC","NC","1020","1013",-7.00,0.00,8.00,13.00,"1205","1148",-17.00,0.00,0.00,"",0.00,105.00,95.00,74.00,1.00,507.00,,,,,,
2016,7,5,2,2016-07-05,"AA",19805,"AA","2055",11057,"CLT","Charlotte, NC","NC",13930,"ORD","Chicago, IL","IL","1439","1436",-3.00,0.00,44.00,16.00,"1549","1628",39.00,39.00,0.00,"",0.00,130.00,172.00,112.00,1.00,599.00,0.00,0.00,39.00,0.00,0.00,
2016,7,5,2,2016-07-05,"AA",19805,"AA","2055",14107,"PHX","Phoenix, AZ","AZ",11057,"CLT","Charlotte, NC","NC","0630","0625",-5.00,0.00,20.00,10.00,"1336","1324",-12.00,0.00,0.00,"",0.00,246.00,239.00,209.00,1.00,1773.00,,,,,,
2016,7,5,2,2016-07-05,"AA",19805,"AA","2056",11057,"CLT","Charlotte, NC","NC",14492,"RDU","Raleigh/Durham, NC","NC","1545","1552",7.00,7.00,14.00,3.00,"1635","1641",6.00,6.00,0.00,"",0.00,50.00,49.00,32.00,1.00,130.00,,,,,,
2016,7,5,2,2016-07-05,"AA",19805,"AA","2057",11057,"CLT","Charlotte, NC","NC",12892,"LAX","Los Angeles, CA","CA","0940","0938",-2.00,0.00,17.00,15.00,"1154","1140",-14.00,0.00,0.00,"",0.00,314.00,302.00,270.00,1.00,2125.00,,,,,,
2016,7,5,2,2016-07-05,"AA",19805,"AA","2059",11057,"CLT","Charlotte, NC","NC",13303,"MIA","Miami, FL","FL","1420","1425",5.00,5.00,10.00,4.00,"1619","1614",-5.00,0.00,0.00,"",0.00,119.00,109.00,95.00,1.00,650.00,,,,,,
2016,7,5,2,2016-07-05,"AA",19805,"AA","2059",11292,"DEN","Denver, CO","CO",11057,"CLT","Charlotte, NC","NC","0805","0757",-8.00,0.00,17.00,9.00,"1317","1301",-16.00,0.00,0.00,"",0.00,192.00,184.00,158.00,1.00,1337.00,,,,,,
2016,7,5,2,2016-07-05,"AA",19805,"AA","2059",13303,"MIA","Miami, FL","FL",12889,"LAS","Las Vegas, NV","NV","1725","1724",-1.00,0.00,17.00,5.00,"1933","1916",-17.00,0.00,0.00,"",0.00,308.00,292.00,270.00,1.00,2174.00,,,,,,
2016,7,5,2,2016-07-05,"AA",19805,"AA","2060",11057,"CLT","Charlotte, NC","NC",12953,"LGA","New York, NY","NY","0610","0607",-3.00,0.00,17.00,4.00,"0754","0744",-10.00,0.00,0.00,"",0.00,104.00,97.00,76.00,1.00,544.00,,,,,,
2016,7,5,2,2016-07-05,"AA",19805,"AA","2061",10821,"BWI","Baltimore, MD","MD",11057,"CLT","Charlotte, NC","NC","1715","1729",14.00,14.00,51.00,5.00,"1850","1929",39.00,39.00,0.00,"",0.00,95.00,120.00,64.00,1.00,361.00,0.00,0.00,39.00,0.00,0.00,
2016,7,5,2,2016-07-05,"AA",19805,"AA","2061",11057,"CLT","Charlotte, NC","NC",14027,"PBI","West Palm Beach/Palm Beach, FL","FL","1945","2013",28.00,28.00,17.00,4.00,"2129","2156",27.00,27.00,0.00,"",0.00,104.00,103.00,82.00,1.00,590.00,0.00,27.00,0.00,0.00,0.00,
2016,7,5,2,2016-07-05,"AA",19805,"AA","2062",10397,"ATL","Atlanta, GA","GA",11057,"CLT","Charlotte, NC","NC","0550","0615",25.00,25.00,16.00,4.00,"0657","0716",19.00,19.00,0.00,"",0.00,67.00,61.00,41.00,1.00,226.00,19.00,0.00,0.00,0.00,0.00,
2016,7,5,2,2016-07-05,"AA",19805,"AA","2062",11057,"CLT","Charlotte, NC","NC",12953,"LGA","New York, NY","NY","0759","0812",13.00,13.00,17.00,9.00,"0954","0959",5.00,5.00,0.00,"",0.00,115.00,107.00,81.00,1.00,544.00,,,,,,
2016,7,5,2,2016-07-05,"AA",19805,"AA","2063",11057,"CLT","Charlotte, NC","NC",10821,"BWI","Baltimore, MD","MD","1455","1515",20.00,20.00,25.00,6.00,"1624","1643",19.00,19.00,0.00,"",0.00,89.00,88.00,57.00,1.00,361.00,19.00,0.00,0.00,0.00,0.00,
2016,7,5,2,2016-07-05,"AA",19805,"AA","2063",14492,"RDU","Raleigh/Durham, NC","NC",11057,"CLT","Charlotte, NC","NC","1259","1255",-4.00,0.00,11.00,7.00,"1358","1341",-17.00,0.00,0.00,"",0.00,59.00,46.00,28.00,1.00,130.00,,,,,,
2016,7,5,2,2016-07-05,"AA",19805,"AA","2064",11057,"CLT","Charlotte, NC","NC",12953,"LGA","New York, NY","NY","1140","1154",14.00,14.00,16.00,7.00,"1336","1333",-3.00,0.00,0.00,"",0.00,116.00,99.00,76.00,1.00,544.00,,,,,,
2016,7,5,2,2016-07-05,"AA",19805,"AA","2064",15304,"TPA","Tampa, FL","FL",11057,"CLT","Charlotte, NC","NC","0845","0846",1.00,1.00,9.00,10.00,"1034","1021",-13.00,0.00,0.00,"",0.00,109.00,95.00,76.00,1.00,507.00,,,,,,
2016,7,5,2,2016-07-05,"AA",19805,"AA","2065",11057,"CLT","Charlotte, NC","NC",12266,"IAH","Houston, TX","TX","1120","1120",0.00,0.00,13.00,7.00,"1247","1244",-3.00,0.00,0.00,"",0.00,147.00,144.00,124.00,1.00,912.00,,,,,,
2016,7,5,2,2016-07-05,"AA",19805,"AA","2065",14122,"PIT","Pittsburgh, PA","PA",11057,"CLT","Charlotte, NC","NC","0849","0841",-8.00,0.00,12.00,13.00,"1023","1005",-18.00,0.00,0.00,"",0.00,94.00,84.00,59.00,1.00,366.00,,,,,,
2016,7,5,2,2016-07-05,"AA",19805,"AA","2066",11057,"CLT","Charlotte, NC","NC",12953,"LGA","New York, NY","NY","1309","1315",6.00,6.00,20.00,18.00,"1500","1511",11.00,11.00,0.00,"",0.00,111.00,116.00,78.00,1.00,544.00,,,,,,
2016,7,5,2,2016-07-05,"AA",19805,"AA","2067",11057,"CLT","Charlotte, NC","NC",11433,"DTW","Detroit, MI","MI","1800","2222",262.00,262.00,18.00,11.00,"1951","0004",253.00,253.00,0.00,"",0.00,111.00,102.00,73.00,1.00,500.00,19.00,0.00,0.00,0.00,234.00,
2016,7,5,2,2016-07-05,"AA",19805,"AA","2067",14122,"PIT","Pittsburgh, PA","PA",11057,"CLT","Charlotte, NC","NC","1526","1519",-7.00,0.00,10.00,35.00,"1659","2056",,,0.00,"",1.00,93.00,,,1.00,366.00,,,,,,
2016,7,5,2,2016-07-05,"AA",19805,"AA","2068",11057,"CLT","Charlotte, NC","NC",12953,"LGA","New York, NY","NY","1426","1455",29.00,29.00,17.00,13.00,"1614","1643",29.00,29.00,0.00,"",0.00,108.00,108.00,78.00,1.00,544.00,29.00,0.00,0.00,0.00,0.00,
2016,7,5,2,2016-07-05,"AA",19805,"AA","2068",13930,"ORD","Chicago, IL","IL",11057,"CLT","Charlotte, NC","NC","1024","1017",-7.00,0.00,10.00,12.00,"1320","1259",-21.00,0.00,0.00,"",0.00,116.00,102.00,80.00,1.00,599.00,,,,,,
2016,7,5,2,2016-07-05,"AA",19805,"AA","2069",10994,"CHS","Charleston, SC","SC",11057,"CLT","Charlotte, NC","NC","1250","1241",-9.00,0.00,12.00,14.00,"1400","1343",-17.00,0.00,0.00,"",0.00,70.00,62.00,36.00,1.00,168.00,,,,,,
2016,7,5,2,2016-07-05,"AA",19805,"AA","2069",11057,"CLT","Charlotte, NC","NC",12266,"IAH","Houston, TX","TX","1459","1457",-2.00,0.00,20.00,9.00,"1631","1622",-9.00,0.00,0.00,"",0.00,152.00,145.00,116.00,1.00,912.00,,,,,,
2016,7,5,2,2016-07-05,"AA",19805,"AA","2070",11057,"CLT","Charlotte, NC","NC",11042,"CLE","Cleveland, OH","OH","2225","0025",120.00,120.00,14.00,6.00,"2356","0146",110.00,110.00,0.00,"",0.00,91.00,81.00,61.00,1.00,430.00,0.00,11.00,0.00,0.00,99.00,
2016,7,5,2,2016-07-05,"AA",19805,"AA","2070",14307,"PVD","Providence, RI","RI",11057,"CLT","Charlotte, NC","NC","1905","2056",111.00,111.00,16.00,31.00,"2117","2328",131.00,131.00,0.00,"",0.00,132.00,152.00,105.00,1.00,683.00,34.00,0.00,20.00,0.00,77.00,
2016,7,5,2,2016-07-05,"AA",19805,"AA","2071",14492,"RDU","Raleigh/Durham, NC","NC",14100,"PHL","Philadelphia, PA","PA","0700","0704",4.00,4.00,14.00,4.00,"0829","0819",-10.00,0.00,0.00,"",0.00,89.00,75.00,57.00,1.00,337.00,,,,,,
2016,7,5,2,2016-07-05,"AA",19805,"AA","2072",10397,"ATL","Atlanta, GA","GA",14100,"PHL","Philadelphia, PA","PA","1242","1410",88.00,88.00,92.00,11.00,"1449","1729",160.00,160.00,0.00,"",0.00,127.00,199.00,96.00,1.00,666.00,0.00,0.00,72.00,0.00,88.00,
2016,7,5,2,2016-07-05,"AA",19805,"AA","2073",14100,"PHL","Philadelphia, PA","PA",12953,"LGA","New York, NY","NY","1340","1335",-5.00,0.00,12.00,6.00,"1435","1423",-12.00,0.00,0.00,"",0.00,55.00,48.00,30.00,1.00,96.00,,,,,,
2016,7,5,2,2016-07-05,"AA",19805,"AA","2074",14100,"PHL","Philadelphia, PA","PA",12953,"LGA","New York, NY","NY","2032","2034",2.00,2.00,12.00,9.00,"2130","2128",-2.00,0.00,0.00,"",0.00,58.00,54.00,33.00,1.00,96.00,,,,,,
2016,7,5,2,2016-07-05,"AA",19805,"AA","2075",12889,"LAS","Las Vegas, NV","NV",11057,"CLT","Charlotte, NC","NC","1134","1133",-1.00,0.00,18.00,17.00,"1854","1857",3.00,3.00,0.00,"",0.00,260.00,264.00,229.00,1.00,1916.00,,,,,,
2016,7,5,2,2016-07-05,"AA",19805,"AA","2077",11057,"CLT","Charlotte, NC","NC",14524,"RIC","Richmond, VA","VA","1245","1240",-5.00,0.00,11.00,3.00,"1348","1334",-14.00,0.00,0.00,"",0.00,63.00,54.00,40.00,1.00,257.00,,,,,,
2016,7,5,2,2016-07-05,"AA",19805,"AA","2077",11278,"DCA","Washington, DC","VA",11057,"CLT","Charlotte, NC","NC","1021","1020",-1.00,0.00,13.00,6.00,"1150","1131",-19.00,0.00,0.00,"",0.00,89.00,71.00,52.00,1.00,331.00,,,,,,
2016,7,5,2,2016-07-05,"AA",19805,"AA","2077",15304,"TPA","Tampa, FL","FL",11278,"DCA","Washington, DC","VA","0710","0708",-2.00,0.00,16.00,15.00,"0926","0929",3.00,3.00,0.00,"",0.00,136.00,141.00,110.00,1.00,814.00,,,,,,
2016,7,5,2,2016-07-05,"AA",19805,"AA","2078",11057,"CLT","Charlotte, NC","NC",11042,"CLE","Cleveland, OH","OH","1300","1255",-5.00,0.00,21.00,10.00,"1430","1433",3.00,3.00,0.00,"",0.00,90.00,98.00,67.00,1.00,430.00,,,,,,
2016,7,5,2,2016-07-05,"AA",19805,"AA","2078",14122,"PIT","Pittsburgh, PA","PA",11057,"CLT","Charlotte, NC","NC","1035","1024",-11.00,0.00,14.00,21.00,"1204","1201",-3.00,0.00,0.00,"",0.00,89.00,97.00,62.00,1.00,366.00,,,,,,
2016,7,5,2,2016-07-05,"AA",19805,"AA","2079",14100,"PHL","Philadelphia, PA","PA",10397,"ATL","Atlanta, GA","GA","1135","1133",-2.00,0.00,24.00,10.00,"1348","1404",16.00,16.00,0.00,"",0.00,133.00,151.00,117.00,1.00,666.00,0.00,0.00,16.00,0.00,0.00,
2016,7,5,2,2016-07-05,"AA",19805,"AA","2080",14100,"PHL","Philadelphia, PA","PA",14635,"RSW","Fort Myers, FL","FL","1000","0956",-4.00,0.00,16.00,8.00,"1301","1249",-12.00,0.00,0.00,"",0.00,181.00,173.00,149.00,1.00,993.00,,,,,,
2016,7,5,2,2016-07-05,"AA",19805,"AA","2080",14635,"RSW","Fort Myers, FL","FL",14100,"PHL","Philadelphia, PA","PA","1355","1352",-3.00,0.00,9.00,9.00,"1637","1617",-20.00,0.00,0.00,"",0.00,162.00,145.00,127.00,1.00,993.00,,,,,,
2016,7,5,2,2016-07-05,"AA",19805,"AA","2081",14100,"PHL","Philadelphia, PA","PA",15304,"TPA","Tampa, FL","FL","1600","1602",2.00,2.00,35.00,4.00,"1842","1849",7.00,7.00,0.00,"",0.00,162.00,167.00,128.00,1.00,920.00,,,,,,
2016,7,5,2,2016-07-05,"AA",19805,"AA","2081",15304,"TPA","Tampa, FL","FL",14100,"PHL","Philadelphia, PA","PA","1925","1942",17.00,17.00,11.00,5.00,"2155","2203",8.00,8.00,0.00,"",0.00,150.00,141.00,125.00,1.00,920.00,,,,,,
2016,7,5,2,2016-07-05,"AA",19805,"AA","2082",12889,"LAS","Las Vegas, NV","NV",11298,"DFW","Dallas/Fort Worth, TX","TX","0700","0702",2.00,2.00,12.00,10.00,"1142","1136",-6.00,0.00,0.00,"",0.00,162.00,154.00,132.00,1.00,1055.00,,,,,,
2016,7,5,2,2016-07-05,"AA",19805,"AA","2085",10397,"ATL","Atlanta, GA","GA",14100,"PHL","Philadelphia, PA","PA","0635","0652",17.00,17.00,13.00,4.00,"0835","0846",11.00,11.00,0.00,"",0.00,120.00,114.00,97.00,1.00,666.00,,,,,,
2016,7,5,2,2016-07-05,"AA",19805,"AA","2086",11057,"CLT","Charlotte, NC","NC",13487,"MSP","Minneapolis, MN","MN","1800","",,,,,"1944","",,,1.00,"A",0.00,164.00,,,1.00,930.00,,,,,,
2016,7,5,2,2016-07-05,"AA",19805,"AA","2086",12953,"LGA","New York, NY","NY",11057,"CLT","Charlotte, NC","NC","1445","1451",6.00,6.00,26.00,35.00,"1654","1830",96.00,96.00,0.00,"",0.00,129.00,219.00,158.00,1.00,544.00,0.00,0.00,90.00,0.00,6.00,
2016,7,5,2,2016-07-05,"AA",19805,"AA","2087",14100,"PHL","Philadelphia, PA","PA",15304,"TPA","Tampa, FL","FL","0805","0845",40.00,40.00,16.00,2.00,"1046","1107",21.00,21.00,0.00,"",0.00,161.00,142.00,124.00,1.00,920.00,21.00,0.00,0.00,0.00,0.00,
2016,7,5,2,2016-07-05,"AA",19805,"AA","2089",13303,"MIA","Miami, FL","FL",15304,"TPA","Tampa, FL","FL","0942","1042",60.00,60.00,16.00,4.00,"1052","1141",49.00,49.00,0.00,"",0.00,70.00,59.00,39.00,1.00,204.00,49.00,0.00,0.00,0.00,0.00,
2016,7,5,2,2016-07-05,"AA",19805,"AA","2089",15304,"TPA","Tampa, FL","FL",13303,"MIA","Miami, FL","FL","1200","1232",32.00,32.00,11.00,11.00,"1301","1333",32.00,32.00,0.00,"",0.00,61.00,61.00,39.00,1.00,204.00,1.00,0.00,0.00,0.00,31.00,
2016,7,5,2,2016-07-05,"AA",19805,"AA","2090",12892,"LAX","Los Angeles, CA","CA",10693,"BNA","Nashville, TN","TN","0940","1009",29.00,29.00,22.00,6.00,"1551","1608",17.00,17.00,0.00,"",0.00,251.00,239.00,211.00,1.00,1797.00,7.00,0.00,0.00,0.00,10.00,
2016,7,5,2,2016-07-05,"AA",19805,"AA","2091",11057,"CLT","Charlotte, NC","NC",11298,"DFW","Dallas/Fort Worth, TX","TX","0730","0736",6.00,6.00,14.00,7.00,"0914","0901",-13.00,0.00,0.00,"",0.00,164.00,145.00,124.00,1.00,936.00,,,,,,
2016,7,5,2,2016-07-05,"AA",19805,"AA","2091",11298,"DFW","Dallas/Fort Worth, TX","TX",11057,"CLT","Charlotte, NC","NC","1025","1027",2.00,2.00,22.00,9.00,"1401","1403",2.00,2.00,0.00,"",0.00,156.00,156.00,125.00,1.00,936.00,,,,,,
2016,7,5,2,2016-07-05,"AA",19805,"AA","2093",10423,"AUS","Austin, TX","TX",14100,"PHL","Philadelphia, PA","PA","1255","1248",-7.00,0.00,10.00,4.00,"1723","1700",-23.00,0.00,0.00,"",0.00,208.00,192.00,178.00,1.00,1430.00,,,,,,
2016,7,5,2,2016-07-05,"AA",19805,"AA","2093",14100,"PHL","Philadelphia, PA","PA",10423,"AUS","Austin, TX","TX","0929","0929",0.00,0.00,14.00,8.00,"1204","1201",-3.00,0.00,0.00,"",0.00,215.00,212.00,190.00,1.00,1430.00,,,,,,
2016,7,5,2,2016-07-05,"AA",19805,"AA","2094",14100,"PHL","Philadelphia, PA","PA",10423,"AUS","Austin, TX","TX","1815","1806",-9.00,0.00,18.00,7.00,"2108","2038",-30.00,0.00,0.00,"",0.00,233.00,212.00,187.00,1.00,1430.00,,,,,,
2016,7,5,2,2016-07-05,"AA",19805,"AA","2095",10423,"AUS","Austin, TX","TX",14100,"PHL","Philadelphia, PA","PA","0810","0803",-7.00,0.00,14.00,2.00,"1239","1224",-15.00,0.00,0.00,"",0.00,209.00,201.00,185.00,1.00,1430.00,,,,,,
2016,7,5,2,2016-07-05,"AA",19805,"AA","2096",14100,"PHL","Philadelphia, PA","PA",13198,"MCI","Kansas City, MO","MO","0915","0909",-6.00,0.00,40.00,5.00,"1103","1108",5.00,5.00,0.00,"",0.00,168.00,179.00,134.00,1.00,1038.00,,,,,,
2016,7,5,2,2016-07-05,"AA",19805,"AA","2096",14307,"PVD","Providence, RI","RI",14100,"PHL","Philadelphia, PA","PA","0710","0702",-8.00,0.00,16.00,4.00,"0826","0814",-12.00,0.00,0.00,"",0.00,76.00,72.00,52.00,1.00,237.00,,,,,,
2016,7,5,2,2016-07-05,"AA",19805,"AA","2097",13198,"MCI","Kansas City, MO","MO",14100,"PHL","Philadelphia, PA","PA","1145","1142",-3.00,0.00,12.00,4.00,"1525","1513",-12.00,0.00,0.00,"",0.00,160.00,151.00,135.00,1.00,1038.00,,,,,,
2016,7,5,2,2016-07-05,"AA",19805,"AA","2098",11298,"DFW","Dallas/Fort Worth, TX","TX",12889,"LAS","Las Vegas, NV","NV","1450","1453",3.00,3.00,21.00,23.00,"1540","1555",15.00,15.00,0.00,"",0.00,170.00,182.00,138.00,1.00,1055.00,0.00,0.00,12.00,0.00,3.00,
2016,7,5,2,2016-07-05,"AA",19805,"AA","2098",12889,"LAS","Las Vegas, NV","NV",11298,"DFW","Dallas/Fort Worth, TX","TX","1635","1727",52.00,52.00,8.00,7.00,"2116","2151",35.00,35.00,0.00,"",0.00,161.00,144.00,129.00,1.00,1055.00,28.00,0.00,0.00,0.00,7.00,
2016,7,5,2,2016-07-05,"AA",19805,"AA","2115",12953,"LGA","New York, NY","NY",11278,"DCA","Washington, DC","VA","0559","0555",-4.00,0.00,16.00,4.00,"0659","0657",-2.00,0.00,0.00,"",0.00,60.00,62.00,42.00,1.00,214.00,,,,,,
2016,7,5,2,2016-07-05,"AA",19805,"AA","2116",10721,"BOS","Boston, MA","MA",11278,"DCA","Washington, DC","VA","2000","1956",-4.00,0.00,12.00,64.00,"2141","2226",45.00,45.00,0.00,"",0.00,101.00,150.00,74.00,1.00,399.00,0.00,0.00,45.00,0.00,0.00,
2016,7,5,2,2016-07-05,"AA",19805,"AA","2116",11278,"DCA","Washington, DC","VA",10721,"BOS","Boston, MA","MA","1730","1723",-7.00,0.00,18.00,7.00,"1905","1848",-17.00,0.00,0.00,"",0.00,95.00,85.00,60.00,1.00,399.00,,,,,,
2016,7,5,2,2016-07-05,"AA",19805,"AA","2117",11278,"DCA","Washington, DC","VA",12953,"LGA","New York, NY","NY","2200","2236",36.00,36.00,17.00,6.00,"2308","2343",35.00,35.00,0.00,"",0.00,68.00,67.00,44.00,1.00,214.00,3.00,0.00,0.00,0.00,32.00,
2016,7,5,2,2016-07-05,"AA",19805,"AA","2118",10721,"BOS","Boston, MA","MA",12953,"LGA","New York, NY","NY","1800","1800",0.00,0.00,17.00,7.00,"1922","1906",-16.00,0.00,0.00,"",0.00,82.00,66.00,42.00,1.00,184.00,,,,,,
2016,7,5,2,2016-07-05,"AA",19805,"AA","2118",12953,"LGA","New York, NY","NY",10721,"BOS","Boston, MA","MA","1600","1628",28.00,28.00,18.00,7.00,"1717","1728",11.00,11.00,0.00,"",0.00,77.00,60.00,35.00,1.00,184.00,,,,,,
2016,7,5,2,2016-07-05,"AA",19805,"AA","2119",10721,"BOS","Boston, MA","MA",11278,"DCA","Washington, DC","VA","1600","1557",-3.00,0.00,10.00,11.00,"1733","1719",-14.00,0.00,0.00,"",0.00,93.00,82.00,61.00,1.00,399.00,,,,,,
2016,7,5,2,2016-07-05,"AA",19805,"AA","2119",11278,"DCA","Washington, DC","VA",10721,"BOS","Boston, MA","MA","1330","1326",-4.00,0.00,51.00,5.00,"1454","1521",27.00,27.00,0.00,"",0.00,84.00,115.00,59.00,1.00,399.00,0.00,0.00,27.00,0.00,0.00,
2016,7,5,2,2016-07-05,"AA",19805,"AA","2120",10721,"BOS","Boston, MA","MA",11278,"DCA","Washington, DC","VA","1900","1855",-5.00,0.00,10.00,5.00,"2038","2012",-26.00,0.00,0.00,"",0.00,98.00,77.00,62.00,1.00,399.00,,,,,,
2016,7,5,2,2016-07-05,"AA",19805,"AA","2120",11278,"DCA","Washington, DC","VA",10721,"BOS","Boston, MA","MA","1630","1623",-7.00,0.00,15.00,7.00,"1758","1744",-14.00,0.00,0.00,"",0.00,88.00,81.00,59.00,1.00,399.00,,,,,,
2016,7,5,2,2016-07-05,"AA",19805,"AA","2121",10721,"BOS","Boston, MA","MA",12953,"LGA","New York, NY","NY","1100","1053",-7.00,0.00,27.00,7.00,"1212","1215",3.00,3.00,0.00,"",0.00,72.00,82.00,48.00,1.00,184.00,,,,,,
2016,7,5,2,2016-07-05,"AA",19805,"AA","2121",12953,"LGA","New York, NY","NY",10721,"BOS","Boston, MA","MA","0900","0852",-8.00,0.00,24.00,10.00,"1018","1000",-18.00,0.00,0.00,"",0.00,78.00,68.00,34.00,1.00,184.00,,,,,,
2016,7,5,2,2016-07-05,"AA",19805,"AA","2122",12953,"LGA","New York, NY","NY",10721,"BOS","Boston, MA","MA","1900","1854",-6.00,0.00,13.00,4.00,"2012","1944",-28.00,0.00,0.00,"",0.00,72.00,50.00,33.00,1.00,184.00,,,,,,
2016,7,5,2,2016-07-05,"AA",19805,"AA","2123",12953,"LGA","New York, NY","NY",11278,"DCA","Washington, DC","VA","0659","0656",-3.00,0.00,14.00,23.00,"0808","0817",9.00,9.00,0.00,"",0.00,69.00,81.00,44.00,1.00,214.00,,,,,,
2016,7,5,2,2016-07-05,"AA",19805,"AA","2124",10721,"BOS","Boston, MA","MA",11278,"DCA","Washington, DC","VA","1800","1805",5.00,5.00,16.00,19.00,"1944","1946",2.00,2.00,0.00,"",0.00,104.00,101.00,66.00,1.00,399.00,,,,,,
2016,7,5,2,2016-07-05,"AA",19805,"AA","2124",11278,"DCA","Washington, DC","VA",10721,"BOS","Boston, MA","MA","1530","1524",-6.00,0.00,61.00,6.00,"1700","1730",30.00,30.00,0.00,"",0.00,90.00,126.00,59.00,1.00,399.00,0.00,0.00,30.00,0.00,0.00,
2016,7,5,2,2016-07-05,"AA",19805,"AA","2125",11278,"DCA","Washington, DC","VA",12953,"LGA","New York, NY","NY","0800","0910",70.00,70.00,24.00,11.00,"0920","1025",65.00,65.00,0.00,"",0.00,80.00,75.00,40.00,1.00,214.00,65.00,0.00,0.00,0.00,0.00,
2016,7,5,2,2016-07-05,"AA",19805,"AA","2125",12953,"LGA","New York, NY","NY",11278,"DCA","Washington, DC","VA","1000","1001",1.00,1.00,38.00,10.00,"1128","1134",6.00,6.00,0.00,"",0.00,88.00,93.00,45.00,1.00,214.00,,,,,,
2016,7,5,2,2016-07-05,"AA",19805,"AA","2126",10721,"BOS","Boston, MA","MA",12953,"LGA","New York, NY","NY","0800","0756",-4.00,0.00,20.00,7.00,"0916","0904",-12.00,0.00,0.00,"",0.00,76.00,68.00,41.00,1.00,184.00,,,,,,
2016,7,5,2,2016-07-05,"AA",19805,"AA","2126",12953,"LGA","New York, NY","NY",10721,"BOS","Boston, MA","MA","0600","0554",-6.00,0.00,23.00,7.00,"0702","0657",-5.00,0.00,0.00,"",0.00,62.00,63.00,33.00,1.00,184.00,,,,,,
2016,7,5,2,2016-07-05,"AA",19805,"AA","2127",10721,"BOS","Boston, MA","MA",11278,"DCA","Washington, DC","VA","0700","0656",-4.00,0.00,14.00,24.00,"0838","0834",-4.00,0.00,0.00,"",0.00,98.00,98.00,60.00,1.00,399.00,,,,,,
2016,7,5,2,2016-07-05,"AA",19805,"AA","2128",12953,"LGA","New York, NY","NY",10721,"BOS","Boston, MA","MA","2000","1954",-6.00,0.00,21.00,10.00,"2114","2058",-16.00,0.00,0.00,"",0.00,74.00,64.00,33.00,1.00,184.00,,,,,,
2016,7,5,2,2016-07-05,"AA",19805,"AA","2129",10721,"BOS","Boston, MA","MA",11278,"DCA","Washington, DC","VA","1300","1257",-3.00,0.00,16.00,10.00,"1437","1430",-7.00,0.00,0.00,"",0.00,97.00,93.00,67.00,1.00,399.00,,,,,,
2016,7,5,2,2016-07-05,"AA",19805,"AA","2129",11278,"DCA","Washington, DC","VA",10721,"BOS","Boston, MA","MA","1030","1031",1.00,1.00,23.00,6.00,"1200","1202",2.00,2.00,0.00,"",0.00,90.00,91.00,62.00,1.00,399.00,,,,,,
2016,7,5,2,2016-07-05,"AA",19805,"AA","2130",10721,"BOS","Boston, MA","MA",11278,"DCA","Washington, DC","VA","1000","0956",-4.00,0.00,14.00,14.00,"1127","1134",7.00,7.00,0.00,"",0.00,87.00,98.00,70.00,1.00,399.00,,,,,,
2016,7,5,2,2016-07-05,"AA",19805,"AA","2130",11278,"DCA","Washington, DC","VA",10721,"BOS","Boston, MA","MA","0730","0726",-4.00,0.00,21.00,7.00,"0856","0851",-5.00,0.00,0.00,"",0.00,86.00,85.00,57.00,1.00,399.00,,,,,,
2016,7,5,2,2016-07-05,"AA",19805,"AA","2131",10721,"BOS","Boston, MA","MA",12953,"LGA","New York, NY","NY","1500","1511",11.00,11.00,14.00,8.00,"1623","1612",-11.00,0.00,0.00,"",0.00,83.00,61.00,39.00,1.00,184.00,,,,,,
2016,7,5,2,2016-07-05,"AA",19805,"AA","2131",12953,"LGA","New York, NY","NY",10721,"BOS","Boston, MA","MA","1300","1253",-7.00,0.00,61.00,8.00,"1413","1436",23.00,23.00,0.00,"",0.00,73.00,103.00,34.00,1.00,184.00,0.00,0.00,23.00,0.00,0.00,
2016,7,5,2,2016-07-05,"AA",19805,"AA","2133",11278,"DCA","Washington, DC","VA",12953,"LGA","New York, NY","NY","0900","0921",21.00,21.00,48.00,7.00,"1026","1059",33.00,33.00,0.00,"",0.00,86.00,98.00,43.00,1.00,214.00,21.00,0.00,12.00,0.00,0.00,
2016,7,5,2,2016-07-05,"AA",19805,"AA","2133",12953,"LGA","New York, NY","NY",11278,"DCA","Washington, DC","VA","1100","1143",43.00,43.00,27.00,1.00,"1220","1256",36.00,36.00,0.00,"",0.00,80.00,73.00,45.00,1.00,214.00,12.00,0.00,0.00,0.00,24.00,
2016,7,5,2,2016-07-05,"AA",19805,"AA","2134",10721,"BOS","Boston, MA","MA",11278,"DCA","Washington, DC","VA","2100","2050",-10.00,0.00,12.00,7.00,"2237","2219",-18.00,0.00,0.00,"",0.00,97.00,89.00,70.00,1.00,399.00,,,,,,
2016,7,5,2,2016-07-05,"AA",19805,"AA","2134",11278,"DCA","Washington, DC","VA",10721,"BOS","Boston, MA","MA","1830","1820",-10.00,0.00,23.00,10.00,"2002","1955",-7.00,0.00,0.00,"",0.00,92.00,95.00,62.00,1.00,399.00,,,,,,
2016,7,5,2,2016-07-05,"AA",19805,"AA","2135",11278,"DCA","Washington, DC","VA",12953,"LGA","New York, NY","NY","1200","1159",-1.00,0.00,14.00,26.00,"1320","1317",-3.00,0.00,0.00,"",0.00,80.00,78.00,38.00,1.00,214.00,,,,,,
2016,7,5,2,2016-07-05,"AA",19805,"AA","2135",12953,"LGA","New York, NY","NY",11278,"DCA","Washington, DC","VA","1400","1359",-1.00,0.00,14.00,30.00,"1521","1527",6.00,6.00,0.00,"",0.00,81.00,88.00,44.00,1.00,214.00,,,,,,
2016,7,5,2,2016-07-05,"AA",19805,"AA","2136",10721,"BOS","Boston, MA","MA",12953,"LGA","New York, NY","NY","1200","1155",-5.00,0.00,17.00,6.00,"1316","1304",-12.00,0.00,0.00,"",0.00,76.00,69.00,46.00,1.00,184.00,,,,,,
2016,7,5,2,2016-07-05,"AA",19805,"AA","2136",12953,"LGA","New York, NY","NY",10721,"BOS","Boston, MA","MA","1000","0951",-9.00,0.00,36.00,9.00,"1120","1109",-11.00,0.00,0.00,"",0.00,80.00,78.00,33.00,1.00,184.00,,,,,,
2016,7,5,2,2016-07-05,"AA",19805,"AA","2137",11278,"DCA","Washington, DC","VA",12953,"LGA","New York, NY","NY","0600","0557",-3.00,0.00,19.00,4.00,"0659","0656",-3.00,0.00,0.00,"",0.00,59.00,59.00,36.00,1.00,214.00,,,,,,
2016,7,5,2,2016-07-05,"AA",19805,"AA","2137",12953,"LGA","New York, NY","NY",11278,"DCA","Washington, DC","VA","0800","0758",-2.00,0.00,18.00,15.00,"0920","0918",-2.00,0.00,0.00,"",0.00,80.00,80.00,47.00,1.00,214.00,,,,,,
2016,7,5,2,2016-07-05,"AA",19805,"AA","2138",11278,"DCA","Washington, DC","VA",10721,"BOS","Boston, MA","MA","2200","2155",-5.00,0.00,36.00,6.00,"2325","2342",17.00,17.00,0.00,"",0.00,85.00,107.00,65.00,1.00,399.00,0.00,0.00,17.00,0.00,0.00,
2016,7,5,2,2016-07-05,"AA",19805,"AA","2139",10721,"BOS","Boston, MA","MA",11278,"DCA","Washington, DC","VA","1200","1153",-7.00,0.00,12.00,2.00,"1329","1314",-15.00,0.00,0.00,"",0.00,89.00,81.00,67.00,1.00,399.00,,,,,,
2016,7,5,2,2016-07-05,"AA",19805,"AA","2139",11278,"DCA","Washington, DC","VA",10721,"BOS","Boston, MA","MA","0930","0937",7.00,7.00,9.00,7.00,"1055","1048",-7.00,0.00,0.00,"",0.00,85.00,71.00,55.00,1.00,399.00,,,,,,
2016,7,5,2,2016-07-05,"AA",19805,"AA","2140",11278,"DCA","Washington, DC","VA",10721,"BOS","Boston, MA","MA","1930","1935",5.00,5.00,10.00,19.00,"2058","2100",2.00,2.00,0.00,"",0.00,88.00,85.00,56.00,1.00,399.00,,,,,,
2016,7,5,2,2016-07-05,"AA",19805,"AA","2141",10721,"BOS","Boston, MA","MA",12953,"LGA","New York, NY","NY","1900","1853",-7.00,0.00,13.00,17.00,"2022","2002",-20.00,0.00,0.00,"",0.00,82.00,69.00,39.00,1.00,184.00,,,,,,
2016,7,5,2,2016-07-05,"AA",19805,"AA","2141",12953,"LGA","New York, NY","NY",10721,"BOS","Boston, MA","MA","1700","1655",-5.00,0.00,31.00,14.00,"1814","1816",2.00,2.00,0.00,"",0.00,74.00,81.00,36.00,1.00,184.00,,,,,,
2016,7,5,2,2016-07-05,"AA",19805,"AA","2142",10721,"BOS","Boston, MA","MA",11278,"DCA","Washington, DC","VA","1500","1458",-2.00,0.00,12.00,3.00,"1638","1630",-8.00,0.00,0.00,"",0.00,98.00,92.00,77.00,1.00,399.00,,,,,,
2016,7,5,2,2016-07-05,"AA",19805,"AA","2142",11278,"DCA","Washington, DC","VA",10721,"BOS","Boston, MA","MA","1230","1223",-7.00,0.00,16.00,8.00,"1354","1347",-7.00,0.00,0.00,"",0.00,84.00,84.00,60.00,1.00,399.00,,,,,,
2016,7,5,2,2016-07-05,"AA",19805,"AA","2143",11278,"DCA","Washington, DC","VA",12953,"LGA","New York, NY","NY","1300","1336",36.00,36.00,32.00,5.00,"1422","1454",32.00,32.00,0.00,"",0.00,82.00,78.00,41.00,1.00,214.00,9.00,0.00,0.00,0.00,23.00,
2016,7,5,2,2016-07-05,"AA",19805,"AA","2143",12953,"LGA","New York, NY","NY",11278,"DCA","Washington, DC","VA","1500","1528",28.00,28.00,22.00,2.00,"1625","1637",12.00,12.00,0.00,"",0.00,85.00,69.00,45.00,1.00,214.00,,,,,,
2016,7,5,2,2016-07-05,"AA",19805,"AA","2144",11278,"DCA","Washington, DC","VA",12953,"LGA","New York, NY","NY","0659","0800",61.00,61.00,16.00,9.00,"0803","0910",67.00,67.00,0.00,"",0.00,64.00,70.00,45.00,1.00,214.00,61.00,0.00,6.00,0.00,0.00,
2016,7,5,2,2016-07-05,"AA",19805,"AA","2144",12953,"LGA","New York, NY","NY",11278,"DCA","Washington, DC","VA","0900","0936",36.00,36.00,20.00,5.00,"1022","1046",24.00,24.00,0.00,"",0.00,82.00,70.00,45.00,1.00,214.00,24.00,0.00,0.00,0.00,0.00,
2016,7,5,2,2016-07-05,"AA",19805,"AA","2145",11278,"DCA","Washington, DC","VA",12953,"LGA","New York, NY","NY","1600","1602",2.00,2.00,39.00,7.00,"1727","1731",4.00,4.00,0.00,"",0.00,87.00,89.00,43.00,1.00,214.00,,,,,,
2016,7,5,2,2016-07-05,"AA",19805,"AA","2145",12953,"LGA","New York, NY","NY",11278,"DCA","Washington, DC","VA","1800","1809",9.00,9.00,14.00,2.00,"1927","1913",-14.00,0.00,0.00,"",0.00,87.00,64.00,48.00,1.00,214.00,,,,,,
2016,7,5,2,2016-07-05,"AA",19805,"AA","2146",10721,"BOS","Boston, MA","MA",12953,"LGA","New York, NY","NY","1600","1555",-5.00,0.00,18.00,20.00,"1720","1718",-2.00,0.00,0.00,"",0.00,80.00,83.00,45.00,1.00,184.00,,,,,,
2016,7,5,2,2016-07-05,"AA",19805,"AA","2146",12953,"LGA","New York, NY","NY",10721,"BOS","Boston, MA","MA","1400","1353",-7.00,0.00,29.00,8.00,"1511","1505",-6.00,0.00,0.00,"",0.00,71.00,72.00,35.00,1.00,184.00,,,,,,
2016,7,5,2,2016-07-05,"AA",19805,"AA","2147",11278,"DCA","Washington, DC","VA",12953,"LGA","New York, NY","NY","1000","0958",-2.00,0.00,20.00,6.00,"1120","1106",-14.00,0.00,0.00,"",0.00,80.00,68.00,42.00,1.00,214.00,,,,,,
2016,7,5,2,2016-07-05,"AA",19805,"AA","2147",12953,"LGA","New York, NY","NY",11278,"DCA","Washington, DC","VA","1200","1156",-4.00,0.00,38.00,14.00,"1323","1331",8.00,8.00,0.00,"",0.00,83.00,95.00,43.00,1.00,214.00,,,,,,
2016,7,5,2,2016-07-05,"AA",19805,"AA","2148",10721,"BOS","Boston, MA","MA",12953,"LGA","New York, NY","NY","0600","0600",0.00,0.00,28.00,5.00,"0715","0724",9.00,9.00,0.00,"",0.00,75.00,84.00,51.00,1.00,184.00,,,,,,
2016,7,5,2,2016-07-05,"AA",19805,"AA","2149",10721,"BOS","Boston, MA","MA",11278,"DCA","Washington, DC","VA","1700","1737",37.00,37.00,11.00,2.00,"1838","1855",17.00,17.00,0.00,"",0.00,98.00,78.00,65.00,1.00,399.00,0.00,0.00,17.00,0.00,0.00,
2016,7,5,2,2016-07-05,"AA",19805,"AA","2149",11278,"DCA","Washington, DC","VA",10721,"BOS","Boston, MA","MA","1430","1445",15.00,15.00,72.00,6.00,"1556","1701",65.00,65.00,0.00,"",0.00,86.00,136.00,58.00,1.00,399.00,15.00,0.00,50.00,0.00,0.00,
2016,7,5,2,2016-07-05,"AA",19805,"AA","2150",11278,"DCA","Washington, DC","VA",10721,"BOS","Boston, MA","MA","2100","2054",-6.00,0.00,12.00,9.00,"2225","2214",-11.00,0.00,0.00,"",0.00,85.00,80.00,59.00,1.00,399.00,,,,,,
2016,7,5,2,2016-07-05,"AA",19805,"AA","2152",10721,"BOS","Boston, MA","MA",12953,"LGA","New York, NY","NY","0900","0900",0.00,0.00,19.00,15.00,"1021","1021",0.00,0.00,0.00,"",0.00,81.00,81.00,47.00,1.00,184.00,,,,,,
2016,7,5,2,2016-07-05,"AA",19805,"AA","2152",12953,"LGA","New York, NY","NY",10721,"BOS","Boston, MA","MA","0700","0728",28.00,28.00,14.00,10.00,"0807","0834",27.00,27.00,0.00,"",0.00,67.00,66.00,42.00,1.00,184.00,27.00,0.00,0.00,0.00,0.00,
2016,7,5,2,2016-07-05,"AA",19805,"AA","2153",11278,"DCA","Washington, DC","VA",12953,"LGA","New York, NY","NY","1700","1710",10.00,10.00,17.00,12.00,"1825","1820",-5.00,0.00,0.00,"",0.00,85.00,70.00,41.00,1.00,214.00,,,,,,
2016,7,5,2,2016-07-05,"AA",19805,"AA","2153",12953,"LGA","New York, NY","NY",11278,"DCA","Washington, DC","VA","1900","1859",-1.00,0.00,21.00,3.00,"2023","2004",-19.00,0.00,0.00,"",0.00,83.00,65.00,41.00,1.00,214.00,,,,,,
2016,7,5,2,2016-07-05,"AA",19805,"AA","2154",11278,"DCA","Washington, DC","VA",12953,"LGA","New York, NY","NY","1100","1126",26.00,26.00,24.00,7.00,"1216","1236",20.00,20.00,0.00,"",0.00,76.00,70.00,39.00,1.00,214.00,8.00,0.00,0.00,0.00,12.00,
2016,7,5,2,2016-07-05,"AA",19805,"AA","2154",12953,"LGA","New York, NY","NY",11278,"DCA","Washington, DC","VA","1300","1310",10.00,10.00,17.00,17.00,"1424","1424",0.00,0.00,0.00,"",0.00,84.00,74.00,40.00,1.00,214.00,,,,,,
2016,7,5,2,2016-07-05,"AA",19805,"AA","2156",12953,"LGA","New York, NY","NY",10721,"BOS","Boston, MA","MA","1800","1754",-6.00,0.00,16.00,9.00,"1915","1853",-22.00,0.00,0.00,"",0.00,75.00,59.00,34.00,1.00,184.00,,,,,,
2016,7,5,2,2016-07-05,"AA",19805,"AA","2157",11278,"DCA","Washington, DC","VA",12953,"LGA","New York, NY","NY","1400","1424",24.00,24.00,38.00,8.00,"1528","1555",27.00,27.00,0.00,"",0.00,88.00,91.00,45.00,1.00,214.00,23.00,0.00,3.00,0.00,1.00,
2016,7,5,2,2016-07-05,"AA",19805,"AA","2157",12953,"LGA","New York, NY","NY",11278,"DCA","Washington, DC","VA","1600","1623",23.00,23.00,22.00,5.00,"1730","1731",1.00,1.00,0.00,"",0.00,90.00,68.00,41.00,1.00,214.00,,,,,,
2016,7,5,2,2016-07-05,"AA",19805,"AA","2158",10721,"BOS","Boston, MA","MA",12953,"LGA","New York, NY","NY","1000","0955",-5.00,0.00,18.00,6.00,"1117","1101",-16.00,0.00,0.00,"",0.00,77.00,66.00,42.00,1.00,184.00,,,,,,
2016,7,5,2,2016-07-05,"AA",19805,"AA","2158",12953,"LGA","New York, NY","NY",10721,"BOS","Boston, MA","MA","0800","0800",0.00,0.00,18.00,12.00,"0906","0903",-3.00,0.00,0.00,"",0.00,66.00,63.00,33.00,1.00,184.00,,,,,,
2016,7,5,2,2016-07-05,"AA",19805,"AA","2159",10721,"BOS","Boston, MA","MA",11278,"DCA","Washington, DC","VA","0600","0559",-1.00,0.00,14.00,5.00,"0731","0727",-4.00,0.00,0.00,"",0.00,91.00,88.00,69.00,1.00,399.00,,,,,,
2016,7,5,2,2016-07-05,"AA",19805,"AA","2160",10721,"BOS","Boston, MA","MA",11278,"DCA","Washington, DC","VA","0900","0854",-6.00,0.00,15.00,18.00,"1028","1034",6.00,6.00,0.00,"",0.00,88.00,100.00,67.00,1.00,399.00,,,,,,
2016,7,5,2,2016-07-05,"AA",19805,"AA","2160",11278,"DCA","Washington, DC","VA",10721,"BOS","Boston, MA","MA","0630","0627",-3.00,0.00,14.00,10.00,"0753","0806",13.00,13.00,0.00,"",0.00,83.00,99.00,75.00,1.00,399.00,,,,,,
2016,7,5,2,2016-07-05,"AA",19805,"AA","2162",10721,"BOS","Boston, MA","MA",12953,"LGA","New York, NY","NY","1300","1252",-8.00,0.00,14.00,7.00,"1418","1359",-19.00,0.00,0.00,"",0.00,78.00,67.00,46.00,1.00,184.00,,,,,,
2016,7,5,2,2016-07-05,"AA",19805,"AA","2162",12953,"LGA","New York, NY","NY",10721,"BOS","Boston, MA","MA","1100","1051",-9.00,0.00,23.00,7.00,"1219","1158",-21.00,0.00,0.00,"",0.00,79.00,67.00,37.00,1.00,184.00,,,,,,
2016,7,5,2,2016-07-05,"AA",19805,"AA","2164",11278,"DCA","Washington, DC","VA",12953,"LGA","New York, NY","NY","1500","1455",-5.00,0.00,19.00,12.00,"1626","1608",-18.00,0.00,0.00,"",0.00,86.00,73.00,42.00,1.00,214.00,,,,,,
2016,7,5,2,2016-07-05,"AA",19805,"AA","2164",12953,"LGA","New York, NY","NY",11278,"DCA","Washington, DC","VA","1700","1659",-1.00,0.00,38.00,4.00,"1828","1829",1.00,1.00,0.00,"",0.00,88.00,90.00,48.00,1.00,214.00,,,,,,
2016,7,5,2,2016-07-05,"AA",19805,"AA","2165",10721,"BOS","Boston, MA","MA",12953,"LGA","New York, NY","NY","0630","0627",-3.00,0.00,17.00,5.00,"0745","0743",-2.00,0.00,0.00,"",0.00,75.00,76.00,54.00,1.00,184.00,,,,,,
2016,7,5,2,2016-07-05,"AA",19805,"AA","2167",11278,"DCA","Washington, DC","VA",12953,"LGA","New York, NY","NY","1800","1809",9.00,9.00,22.00,7.00,"1928","1922",-6.00,0.00,0.00,"",0.00,88.00,73.00,44.00,1.00,214.00,,,,,,
2016,7,5,2,2016-07-05,"AA",19805,"AA","2167",12953,"LGA","New York, NY","NY",11278,"DCA","Washington, DC","VA","2000","2102",62.00,62.00,11.00,10.00,"2124","2203",39.00,39.00,0.00,"",0.00,84.00,61.00,40.00,1.00,214.00,0.00,0.00,0.00,0.00,39.00,
2016,7,5,2,2016-07-05,"AA",19805,"AA","2168",10721,"BOS","Boston, MA","MA",12953,"LGA","New York, NY","NY","1400","1502",62.00,62.00,14.00,9.00,"1518","1607",49.00,49.00,0.00,"",0.00,78.00,65.00,42.00,1.00,184.00,0.00,0.00,49.00,0.00,0.00,
2016,7,5,2,2016-07-05,"AA",19805,"AA","2168",12953,"LGA","New York, NY","NY",10721,"BOS","Boston, MA","MA","1200","1157",-3.00,0.00,106.00,8.00,"1315","1428",73.00,73.00,0.00,"",0.00,75.00,151.00,37.00,1.00,184.00,0.00,0.00,73.00,0.00,0.00,
2016,7,5,2,2016-07-05,"AA",19805,"AA","2169",10721,"BOS","Boston, MA","MA",11278,"DCA","Washington, DC","VA","1100","1055",-5.00,0.00,12.00,3.00,"1227","1212",-15.00,0.00,0.00,"",0.00,87.00,77.00,62.00,1.00,399.00,,,,,,
2016,7,5,2,2016-07-05,"AA",19805,"AA","2169",11278,"DCA","Washington, DC","VA",10721,"BOS","Boston, MA","MA","0830","0830",0.00,0.00,19.00,6.00,"0956","0952",-4.00,0.00,0.00,"",0.00,86.00,82.00,57.00,1.00,399.00,,,,,,
2016,7,5,2,2016-07-05,"AA",19805,"AA","2170",10721,"BOS","Boston, MA","MA",11278,"DCA","Washington, DC","VA","1400","1355",-5.00,0.00,10.00,27.00,"1535","1542",7.00,7.00,0.00,"",0.00,95.00,107.00,70.00,1.00,399.00,,,,,,
2016,7,5,2,2016-07-05,"AA",19805,"AA","2170",11278,"DCA","Washington, DC","VA",10721,"BOS","Boston, MA","MA","1130","1125",-5.00,0.00,11.00,7.00,"1255","1240",-15.00,0.00,0.00,"",0.00,85.00,75.00,57.00,1.00,399.00,,,,,,
2016,7,5,2,2016-07-05,"AA",19805,"AA","2171",10721,"BOS","Boston, MA","MA",12953,"LGA","New York, NY","NY","0700","0652",-8.00,0.00,16.00,5.00,"0820","0819",-1.00,0.00,0.00,"",0.00,80.00,87.00,66.00,1.00,184.00,,,,,,
2016,7,5,2,2016-07-05,"AA",19805,"AA","2172",10721,"BOS","Boston, MA","MA",12953,"LGA","New York, NY","NY","1700","1654",-6.00,0.00,10.00,7.00,"1820","1751",-29.00,0.00,0.00,"",0.00,80.00,57.00,40.00,1.00,184.00,,,,,,
2016,7,5,2,2016-07-05,"AA",19805,"AA","2172",12953,"LGA","New York, NY","NY",10721,"BOS","Boston, MA","MA","1500","1454",-6.00,0.00,52.00,3.00,"1614","1622",8.00,8.00,0.00,"",0.00,74.00,88.00,33.00,1.00,184.00,,,,,,
2016,7,5,2,2016-07-05,"AA",19805,"AA","2173",10721,"BOS","Boston, MA","MA",11278,"DCA","Washington, DC","VA","0800","0751",-9.00,0.00,20.00,5.00,"0938","0927",-11.00,0.00,0.00,"",0.00,98.00,96.00,71.00,1.00,399.00,,,,,,
2016,7,5,2,2016-07-05,"AA",19805,"AA","2174",11278,"DCA","Washington, DC","VA",12953,"LGA","New York, NY","NY","1900","1858",-2.00,0.00,25.00,7.00,"2026","2009",-17.00,0.00,0.00,"",0.00,86.00,71.00,39.00,1.00,214.00,,,,,,
2016,7,6,3,2016-07-06,"AA",19805,"AA","400",11057,"CLT","Charlotte, NC","NC",14107,"PHX","Phoenix, AZ","AZ","1750","1750",0.00,0.00,14.00,12.00,"1907","1910",3.00,3.00,0.00,"",0.00,257.00,260.00,234.00,1.00,1773.00,,,,,,
2016,7,6,3,2016-07-06,"AA",19805,"AA","400",14107,"PHX","Phoenix, AZ","AZ",14771,"SFO","San Francisco, CA","CA","2025","2019",-6.00,0.00,19.00,5.00,"2226","2217",-9.00,0.00,0.00,"",0.00,121.00,118.00,94.00,1.00,651.00,,,,,,
2016,7,6,3,2016-07-06,"AA",19805,"AA","401",14100,"PHL","Philadelphia, PA","PA",11298,"DFW","Dallas/Fort Worth, TX","TX","2030","2029",-1.00,0.00,21.00,6.00,"2257","2254",-3.00,0.00,0.00,"",0.00,207.00,205.00,178.00,1.00,1303.00,,,,,,
2016,7,6,3,2016-07-06,"AA",19805,"AA","402",12889,"LAS","Las Vegas, NV","NV",11298,"DFW","Dallas/Fort Worth, TX","TX","0115","0113",-2.00,0.00,10.00,6.00,"0558","0535",-23.00,0.00,0.00,"",0.00,163.00,142.00,126.00,1.00,1055.00,,,,,,
2016,7,6,3,2016-07-06,"AA",19805,"AA","403",13871,"OMA","Omaha, NE","NE",14107,"PHX","Phoenix, AZ","AZ","0600","0556",-4.00,0.00,13.00,10.00,"0645","0644",-1.00,0.00,0.00,"",0.00,165.00,168.00,145.00,1.00,1037.00,,,,,,
2016,7,6,3,2016-07-06,"AA",19805,"AA","403",14107,"PHX","Phoenix, AZ","AZ",14771,"SFO","San Francisco, CA","CA","0745","0740",-5.00,0.00,20.00,4.00,"0949","0942",-7.00,0.00,0.00,"",0.00,124.00,122.00,98.00,1.00,651.00,,,,,,
2016,7,6,3,2016-07-06,"AA",19805,"AA","404",11278,"DCA","Washington, DC","VA",11298,"DFW","Dallas/Fort Worth, TX","TX","0715","0715",0.00,0.00,19.00,13.00,"0927","0939",12.00,12.00,0.00,"",0.00,192.00,204.00,172.00,1.00,1192.00,,,,,,
2016,7,6,3,2016-07-06,"AA",19805,"AA","404",11298,"DFW","Dallas/Fort Worth, TX","TX",14100,"PHL","Philadelphia, PA","PA","1030","1038",8.00,8.00,16.00,6.00,"1450","1447",-3.00,0.00,0.00,"",0.00,200.00,189.00,167.00,1.00,1303.00,,,,,,
2016,7,6,3,2016-07-06,"AA",19805,"AA","406",12889,"LAS","Las Vegas, NV","NV",14107,"PHX","Phoenix, AZ","AZ","0645","0645",0.00,0.00,13.00,4.00,"0750","0746",-4.00,0.00,0.00,"",0.00,65.00,61.00,44.00,1.00,255.00,,,,,,
2016,7,6,3,2016-07-06,"AA",19805,"AA","406",14107,"PHX","Phoenix, AZ","AZ",11433,"DTW","Detroit, MI","MI","0854","0852",-2.00,0.00,36.00,17.00,"1553","1617",24.00,24.00,0.00,"",0.00,239.00,265.00,212.00,1.00,1671.00,0.00,0.00,24.00,0.00,0.00,
2016,7,6,3,2016-07-06,"AA",19805,"AA","407",10721,"BOS","Boston, MA","MA",14107,"PHX","Phoenix, AZ","AZ","1015","1011",-4.00,0.00,20.00,3.00,"1243","1235",-8.00,0.00,0.00,"",0.00,328.00,324.00,301.00,1.00,2300.00,,,,,,
2016,7,6,3,2016-07-06,"AA",19805,"AA","407",14107,"PHX","Phoenix, AZ","AZ",14771,"SFO","San Francisco, CA","CA","1354","1353",-1.00,0.00,16.00,5.00,"1553","1553",0.00,0.00,0.00,"",0.00,119.00,120.00,99.00,1.00,651.00,,,,,,
2016,7,6,3,2016-07-06,"AA",19805,"AA","408",11057,"CLT","Charlotte, NC","NC",14107,"PHX","Phoenix, AZ","AZ","0739","0744",5.00,5.00,30.00,5.00,"0901","0911",10.00,10.00,0.00,"",0.00,262.00,267.00,232.00,1.00,1773.00,,,,,,
2016,7,6,3,2016-07-06,"AA",19805,"AA","409",10529,"BDL","Hartford, CT","CT",11057,"CLT","Charlotte, NC","NC","0815","0808",-7.00,0.00,27.00,9.00,"1032","1044",12.00,12.00,0.00,"",0.00,137.00,156.00,120.00,1.00,644.00,,,,,,
2016,7,6,3,2016-07-06,"AA",19805,"AA","409",11057,"CLT","Charlotte, NC","NC",11292,"DEN","Denver, CO","CO","1150","1146",-4.00,0.00,31.00,14.00,"1325","1331",6.00,6.00,0.00,"",0.00,215.00,225.00,180.00,1.00,1337.00,,,,,,
2016,7,6,3,2016-07-06,"AA",19805,"AA","409",11292,"DEN","Denver, CO","CO",14107,"PHX","Phoenix, AZ","AZ","1445","1540",55.00,55.00,12.00,4.00,"1536","1622",46.00,46.00,0.00,"",0.00,111.00,102.00,86.00,1.00,602.00,46.00,0.00,0.00,0.00,0.00,
2016,7,6,3,2016-07-06,"AA",19805,"AA","409",14107,"PHX","Phoenix, AZ","AZ",14057,"PDX","Portland, OR","OR","1655","1710",15.00,15.00,14.00,3.00,"1930","1942",12.00,12.00,0.00,"",0.00,155.00,152.00,135.00,1.00,1009.00,,,,,,
2016,7,6,3,2016-07-06,"AA",19805,"AA","410",12339,"IND","Indianapolis, IN","IN",14107,"PHX","Phoenix, AZ","AZ","0605","0558",-7.00,0.00,15.00,9.00,"0645","0642",-3.00,0.00,0.00,"",0.00,220.00,224.00,200.00,1.00,1488.00,,,,,,
2016,7,6,3,2016-07-06,"AA",19805,"AA","411",14107,"PHX","Phoenix, AZ","AZ",12266,"IAH","Houston, TX","TX","2150","2146",-4.00,0.00,10.00,6.00,"0225","0207",-18.00,0.00,0.00,"",0.00,155.00,141.00,125.00,1.00,1009.00,,,,,,
2016,7,6,3,2016-07-06,"AA",19805,"AA","411",14570,"RNO","Reno, NV","NV",14107,"PHX","Phoenix, AZ","AZ","1915","1907",-8.00,0.00,12.00,5.00,"2101","2049",-12.00,0.00,0.00,"",0.00,106.00,102.00,85.00,1.00,601.00,,,,,,
2016,7,6,3,2016-07-06,"AA",19805,"AA","412",14107,"PHX","Phoenix, AZ","AZ",11433,"DTW","Detroit, MI","MI","1620","1623",3.00,3.00,10.00,7.00,"2307","2251",-16.00,0.00,0.00,"",0.00,227.00,208.00,191.00,1.00,1671.00,,,,,,
2016,7,6,3,2016-07-06,"AA",19805,"AA","413",10397,"ATL","Atlanta, GA","GA",14107,"PHX","Phoenix, AZ","AZ","1159","1159",0.00,0.00,31.00,6.00,"1247","1308",21.00,21.00,0.00,"",0.00,228.00,249.00,212.00,1.00,1587.00,0.00,0.00,21.00,0.00,0.00,
2016,7,6,3,2016-07-06,"AA",19805,"AA","413",11057,"CLT","Charlotte, NC","NC",10397,"ATL","Atlanta, GA","GA","0940","0941",1.00,1.00,17.00,6.00,"1101","1047",-14.00,0.00,0.00,"",0.00,81.00,66.00,43.00,1.00,226.00,,,,,,
2016,7,6,3,2016-07-06,"AA",19805,"AA","413",14027,"PBI","West Palm Beach/Palm Beach, FL","FL",11057,"CLT","Charlotte, NC","NC","0640","0634",-6.00,0.00,10.00,5.00,"0830","0813",-17.00,0.00,0.00,"",0.00,110.00,99.00,84.00,1.00,590.00,,,,,,
2016,7,6,3,2016-07-06,"AA",19805,"AA","413",14107,"PHX","Phoenix, AZ","AZ",14747,"SEA","Seattle, WA","WA","1358","1407",9.00,9.00,10.00,8.00,"1654","1703",9.00,9.00,0.00,"",0.00,176.00,176.00,158.00,1.00,1107.00,,,,,,
2016,7,6,3,2016-07-06,"AA",19805,"AA","414",12892,"LAX","Los Angeles, CA","CA",10693,"BNA","Nashville, TN","TN","2225","2226",1.00,1.00,13.00,13.00,"0430","0859",,,0.00,"",1.00,245.00,,,1.00,1797.00,,,,,,
2016,7,6,3,2016-07-06,"AA",19805,"AA","415",14107,"PHX","Phoenix, AZ","AZ",13930,"ORD","Chicago, IL","IL","0045","0039",-6.00,0.00,11.00,32.00,"0611","0635",24.00,24.00,0.00,"",0.00,206.00,236.00,193.00,1.00,1440.00,0.00,0.00,24.00,0.00,0.00,
2016,7,6,3,2016-07-06,"AA",19805,"AA","417",14107,"PHX","Phoenix, AZ","AZ",11433,"DTW","Detroit, MI","MI","2340","0012",32.00,32.00,13.00,9.00,"0625","0650",25.00,25.00,0.00,"",0.00,225.00,218.00,196.00,1.00,1671.00,25.00,0.00,0.00,0.00,0.00,
2016,7,6,3,2016-07-06,"AA",19805,"AA","419",14107,"PHX","Phoenix, AZ","AZ",14831,"SJC","San Jose, CA","CA","2006","2012",6.00,6.00,17.00,3.00,"2155","2159",4.00,4.00,0.00,"",0.00,109.00,107.00,87.00,1.00,621.00,,,,,,
2016,7,6,3,2016-07-06,"AA",19805,"AA","420",14831,"SJC","San Jose, CA","CA",14107,"PHX","Phoenix, AZ","AZ","0620","0620",0.00,0.00,18.00,3.00,"0815","0803",-12.00,0.00,0.00,"",0.00,115.00,103.00,82.00,1.00,621.00,,,,,,
2016,7,6,3,2016-07-06,"AA",19805,"AA","421",14869,"SLC","Salt Lake City, UT","UT",14107,"PHX","Phoenix, AZ","AZ","2020","2013",-7.00,0.00,15.00,5.00,"2058","2050",-8.00,0.00,0.00,"",0.00,98.00,97.00,77.00,1.00,507.00,,,,,,
2016,7,6,3,2016-07-06,"AA",19805,"AA","422",14107,"PHX","Phoenix, AZ","AZ",13871,"OMA","Omaha, NE","NE","1851","1851",0.00,0.00,21.00,4.00,"2323","2323",0.00,0.00,0.00,"",0.00,152.00,152.00,127.00,1.00,1037.00,,,,,,
2016,7,6,3,2016-07-06,"AA",19805,"AA","423",14107,"PHX","Phoenix, AZ","AZ",11057,"CLT","Charlotte, NC","NC","0115","0128",13.00,13.00,11.00,15.00,"0815","0823",8.00,8.00,0.00,"",0.00,240.00,235.00,209.00,1.00,1773.00,,,,,,
2016,7,6,3,2016-07-06,"AA",19805,"AA","426",10693,"BNA","Nashville, TN","TN",12892,"LAX","Los Angeles, CA","CA","0630","0630",0.00,0.00,12.00,21.00,"0855","0902",7.00,7.00,0.00,"",0.00,265.00,272.00,239.00,1.00,1797.00,,,,,,
2016,7,6,3,2016-07-06,"AA",19805,"AA","428",11057,"CLT","Charlotte, NC","NC",11292,"DEN","Denver, CO","CO","0735","0734",-1.00,0.00,17.00,8.00,"0904","0906",2.00,2.00,0.00,"",0.00,209.00,212.00,187.00,1.00,1337.00,,,,,,
2016,7,6,3,2016-07-06,"AA",19805,"AA","428",11292,"DEN","Denver, CO","CO",11057,"CLT","Charlotte, NC","NC","1005","1007",2.00,2.00,30.00,10.00,"1524","1551",27.00,27.00,0.00,"",0.00,199.00,224.00,184.00,1.00,1337.00,2.00,0.00,25.00,0.00,0.00,
2016,7,6,3,2016-07-06,"AA",19805,"AA","429",14107,"PHX","Phoenix, AZ","AZ",13930,"ORD","Chicago, IL","IL","1520","1513",-7.00,0.00,11.00,14.00,"2052","2036",-16.00,0.00,0.00,"",0.00,212.00,203.00,178.00,1.00,1440.00,,,,,,
2016,7,6,3,2016-07-06,"AA",19805,"AA","430",14107,"PHX","Phoenix, AZ","AZ",11433,"DTW","Detroit, MI","MI","1847","1842",-5.00,0.00,11.00,9.00,"0137","0114",-23.00,0.00,0.00,"",0.00,230.00,212.00,192.00,1.00,1671.00,,,,,,
2016,7,6,3,2016-07-06,"AA",19805,"AA","431",11298,"DFW","Dallas/Fort Worth, TX","TX",12889,"LAS","Las Vegas, NV","NV","2040","2036",-4.00,0.00,22.00,7.00,"2131","2126",-5.00,0.00,0.00,"",0.00,171.00,170.00,141.00,1.00,1055.00,,,,,,
2016,7,6,3,2016-07-06,"AA",19805,"AA","431",12889,"LAS","Las Vegas, NV","NV",11057,"CLT","Charlotte, NC","NC","2259","2300",1.00,1.00,13.00,7.00,"0608","0603",-5.00,0.00,0.00,"",0.00,249.00,243.00,223.00,1.00,1916.00,,,,,,
2016,7,6,3,2016-07-06,"AA",19805,"AA","432",14107,"PHX","Phoenix, AZ","AZ",13830,"OGG","Kahului, HI","HI","1040","1039",-1.00,0.00,18.00,5.00,"1410","1432",22.00,22.00,0.00,"",0.00,390.00,413.00,390.00,1.00,2845.00,0.00,0.00,22.00,0.00,0.00,
2016,7,6,3,2016-07-06,"AA",19805,"AA","433",11278,"DCA","Washington, DC","VA",14107,"PHX","Phoenix, AZ","AZ","0710","0705",-5.00,0.00,17.00,4.00,"0909","0853",-16.00,0.00,0.00,"",0.00,299.00,288.00,267.00,1.00,1979.00,,,,,,
2016,7,6,3,2016-07-06,"AA",19805,"AA","433",14107,"PHX","Phoenix, AZ","AZ",14771,"SFO","San Francisco, CA","CA","1017","1039",22.00,22.00,18.00,16.00,"1223","1250",27.00,27.00,0.00,"",0.00,126.00,131.00,97.00,1.00,651.00,0.00,0.00,5.00,0.00,22.00,
2016,7,6,3,2016-07-06,"AA",19805,"AA","434",14771,"SFO","San Francisco, CA","CA",14100,"PHL","Philadelphia, PA","PA","2150","2146",-4.00,0.00,18.00,10.00,"0601","0606",5.00,5.00,0.00,"",0.00,311.00,320.00,292.00,1.00,2521.00,,,,,,
2016,7,6,3,2016-07-06,"AA",19805,"AA","437",13930,"ORD","Chicago, IL","IL",14100,"PHL","Philadelphia, PA","PA","2045","2039",-6.00,0.00,18.00,3.00,"2348","2328",-20.00,0.00,0.00,"",0.00,123.00,109.00,88.00,1.00,678.00,,,,,,
2016,7,6,3,2016-07-06,"AA",19805,"AA","438",11298,"DFW","Dallas/Fort Worth, TX","TX",14747,"SEA","Seattle, WA","WA","2225","2221",-4.00,0.00,22.00,14.00,"0039","0041",2.00,2.00,0.00,"",0.00,254.00,260.00,224.00,1.00,1660.00,,,,,,
2016,7,6,3,2016-07-06,"AA",19805,"AA","438",14107,"PHX","Phoenix, AZ","AZ",11298,"DFW","Dallas/Fort Worth, TX","TX","1645","1637",-8.00,0.00,12.00,10.00,"2108","2056",-12.00,0.00,0.00,"",0.00,143.00,139.00,117.00,1.00,868.00,,,,,,
2016,7,6,3,2016-07-06,"AA",19805,"AA","439",14107,"PHX","Phoenix, AZ","AZ",14893,"SMF","Sacramento, CA","CA","0716","0715",-1.00,0.00,16.00,4.00,"0910","0908",-2.00,0.00,0.00,"",0.00,114.00,113.00,93.00,1.00,647.00,,,,,,
2016,7,6,3,2016-07-06,"AA",19805,"AA","442",14747,"SEA","Seattle, WA","WA",14107,"PHX","Phoenix, AZ","AZ","1759","1757",-2.00,0.00,16.00,5.00,"2052","2035",-17.00,0.00,0.00,"",0.00,173.00,158.00,137.00,1.00,1107.00,,,,,,
2016,7,6,3,2016-07-06,"AA",19805,"AA","445",11057,"CLT","Charlotte, NC","NC",11292,"DEN","Denver, CO","CO","0930","0941",11.00,11.00,30.00,9.00,"1104","1136",32.00,32.00,0.00,"",0.00,214.00,235.00,196.00,1.00,1337.00,0.00,0.00,21.00,11.00,0.00,
2016,7,6,3,2016-07-06,"AA",19805,"AA","446",14100,"PHL","Philadelphia, PA","PA",14107,"PHX","Phoenix, AZ","AZ","2000","1956",-4.00,0.00,12.00,6.00,"2157","2139",-18.00,0.00,0.00,"",0.00,297.00,283.00,265.00,1.00,2075.00,,,,,,
2016,7,6,3,2016-07-06,"AA",19805,"AA","446",14107,"PHX","Phoenix, AZ","AZ",14771,"SFO","San Francisco, CA","CA","2259","2255",-4.00,0.00,20.00,3.00,"0054","0050",-4.00,0.00,0.00,"",0.00,115.00,115.00,92.00,1.00,651.00,,,,,,
2016,7,6,3,2016-07-06,"AA",19805,"AA","447",11057,"CLT","Charlotte, NC","NC",14679,"SAN","San Diego, CA","CA","1625","1656",31.00,31.00,37.00,4.00,"1816","1907",51.00,51.00,0.00,"",0.00,291.00,311.00,270.00,1.00,2077.00,4.00,0.00,20.00,0.00,27.00,
2016,7,6,3,2016-07-06,"AA",19805,"AA","448",11298,"DFW","Dallas/Fort Worth, TX","TX",14107,"PHX","Phoenix, AZ","AZ","0850","0851",1.00,1.00,33.00,3.00,"0919","0925",6.00,6.00,0.00,"",0.00,149.00,154.00,118.00,1.00,868.00,,,,,,
2016,7,6,3,2016-07-06,"AA",19805,"AA","449",11066,"CMH","Columbus, OH","OH",14107,"PHX","Phoenix, AZ","AZ","1805","1803",-2.00,0.00,7.00,5.00,"1907","1901",-6.00,0.00,0.00,"",0.00,242.00,238.00,226.00,1.00,1670.00,,,,,,
2016,7,6,3,2016-07-06,"AA",19805,"AA","449",14107,"PHX","Phoenix, AZ","AZ",10713,"BOI","Boise, ID","ID","2007","2002",-5.00,0.00,17.00,3.00,"2309","2300",-9.00,0.00,0.00,"",0.00,122.00,118.00,98.00,1.00,735.00,,,,,,
2016,7,6,3,2016-07-06,"AA",19805,"AA","450",14100,"PHL","Philadelphia, PA","PA",14107,"PHX","Phoenix, AZ","AZ","1040","1035",-5.00,0.00,14.00,5.00,"1237","1219",-18.00,0.00,0.00,"",0.00,297.00,284.00,265.00,1.00,2075.00,,,,,,
2016,7,6,3,2016-07-06,"AA",19805,"AA","450",14107,"PHX","Phoenix, AZ","AZ",14869,"SLC","Salt Lake City, UT","UT","1345","1343",-2.00,0.00,11.00,4.00,"1620","1604",-16.00,0.00,0.00,"",0.00,95.00,81.00,66.00,1.00,507.00,,,,,,
2016,7,6,3,2016-07-06,"AA",19805,"AA","451",11057,"CLT","Charlotte, NC","NC",14869,"SLC","Salt Lake City, UT","UT","2000","1958",-2.00,0.00,12.00,7.00,"2220","2213",-7.00,0.00,0.00,"",0.00,260.00,255.00,236.00,1.00,1727.00,,,,,,
2016,7,6,3,2016-07-06,"AA",19805,"AA","453",15016,"STL","St. Louis, MO","MO",14107,"PHX","Phoenix, AZ","AZ","1755","1746",-9.00,0.00,9.00,8.00,"1910","1856",-14.00,0.00,0.00,"",0.00,195.00,190.00,173.00,1.00,1262.00,,,,,,
2016,7,6,3,2016-07-06,"AA",19805,"AA","454",14107,"PHX","Phoenix, AZ","AZ",14869,"SLC","Salt Lake City, UT","UT","2018","2011",-7.00,0.00,23.00,7.00,"2255","2250",-5.00,0.00,0.00,"",0.00,97.00,99.00,69.00,1.00,507.00,,,,,,
2016,7,6,3,2016-07-06,"AA",19805,"AA","454",14771,"SFO","San Francisco, CA","CA",14107,"PHX","Phoenix, AZ","AZ","1700","1648",-12.00,0.00,21.00,4.00,"1903","1842",-21.00,0.00,0.00,"",0.00,123.00,114.00,89.00,1.00,651.00,,,,,,
2016,7,6,3,2016-07-06,"AA",19805,"AA","454",14869,"SLC","Salt Lake City, UT","UT",14100,"PHL","Philadelphia, PA","PA","2359","2353",-6.00,0.00,12.00,7.00,"0604","0556",-8.00,0.00,0.00,"",0.00,245.00,243.00,224.00,1.00,1927.00,,,,,,
2016,7,6,3,2016-07-06,"AA",19805,"AA","456",14107,"PHX","Phoenix, AZ","AZ",14869,"SLC","Salt Lake City, UT","UT","1656","1655",-1.00,0.00,9.00,4.00,"1928","1916",-12.00,0.00,0.00,"",0.00,92.00,81.00,68.00,1.00,507.00,,,,,,
2016,7,6,3,2016-07-06,"AA",19805,"AA","456",15016,"STL","St. Louis, MO","MO",14107,"PHX","Phoenix, AZ","AZ","1440","1539",59.00,59.00,29.00,8.00,"1550","1716",86.00,86.00,0.00,"",0.00,190.00,217.00,180.00,1.00,1262.00,59.00,0.00,27.00,0.00,0.00,
2016,7,6,3,2016-07-06,"AA",19805,"AA","457",13204,"MCO","Orlando, FL","FL",14107,"PHX","Phoenix, AZ","AZ","0735","0731",-4.00,0.00,13.00,5.00,"0907","0843",-24.00,0.00,0.00,"",0.00,272.00,252.00,234.00,1.00,1849.00,,,,,,
2016,7,6,3,2016-07-06,"AA",19805,"AA","458",14679,"SAN","San Diego, CA","CA",11057,"CLT","Charlotte, NC","NC","0730","",,,,,"1515","",,,1.00,"A",0.00,285.00,,,1.00,2077.00,,,,,,
2016,7,6,3,2016-07-06,"AA",19805,"AA","459",14107,"PHX","Phoenix, AZ","AZ",11292,"DEN","Denver, CO","CO","0839","0828",-11.00,0.00,12.00,7.00,"1128","1106",-22.00,0.00,0.00,"",0.00,109.00,98.00,79.00,1.00,602.00,,,,,,
2016,7,6,3,2016-07-06,"AA",19805,"AA","460",12339,"IND","Indianapolis, IN","IN",12892,"LAX","Los Angeles, CA","CA","1710","1702",-8.00,0.00,13.00,9.00,"1838","1826",-12.00,0.00,0.00,"",0.00,268.00,264.00,242.00,1.00,1814.00,,,,,,
2016,7,6,3,2016-07-06,"AA",19805,"AA","460",14107,"PHX","Phoenix, AZ","AZ",12339,"IND","Indianapolis, IN","IN","0856","0851",-5.00,0.00,34.00,8.00,"1530","1532",2.00,2.00,0.00,"",0.00,214.00,221.00,179.00,1.00,1488.00,,,,,,
2016,7,6,3,2016-07-06,"AA",19805,"AA","461",11057,"CLT","Charlotte, NC","NC",14771,"SFO","San Francisco, CA","CA","0924","1019",55.00,55.00,17.00,5.00,"1146","1232",46.00,46.00,0.00,"",0.00,322.00,313.00,291.00,1.00,2296.00,0.00,0.00,0.00,46.00,0.00,
2016,7,6,3,2016-07-06,"AA",19805,"AA","461",13204,"MCO","Orlando, FL","FL",11057,"CLT","Charlotte, NC","NC","0640","",,,,,"0821","",,,1.00,"A",0.00,101.00,,,1.00,468.00,,,,,,
2016,7,6,3,2016-07-06,"AA",19805,"AA","463",11057,"CLT","Charlotte, NC","NC",14307,"PVD","Providence, RI","RI","1908","1909",1.00,1.00,17.00,4.00,"2102","2104",2.00,2.00,0.00,"",0.00,114.00,115.00,94.00,1.00,683.00,,,,,,
2016,7,6,3,2016-07-06,"AA",19805,"AA","463",11298,"DFW","Dallas/Fort Worth, TX","TX",11057,"CLT","Charlotte, NC","NC","1432","1452",20.00,20.00,15.00,10.00,"1812","1824",12.00,12.00,0.00,"",0.00,160.00,152.00,127.00,1.00,936.00,,,,,,
2016,7,6,3,2016-07-06,"AA",19805,"AA","464",12889,"LAS","Las Vegas, NV","NV",14107,"PHX","Phoenix, AZ","AZ","1940","1938",-2.00,0.00,8.00,5.00,"2047","2037",-10.00,0.00,0.00,"",0.00,67.00,59.00,46.00,1.00,255.00,,,,,,
2016,7,6,3,2016-07-06,"AA",19805,"AA","464",14107,"PHX","Phoenix, AZ","AZ",11298,"DFW","Dallas/Fort Worth, TX","TX","2150","2144",-6.00,0.00,14.00,6.00,"0210","0148",-22.00,0.00,0.00,"",0.00,140.00,124.00,104.00,1.00,868.00,,,,,,
2016,7,6,3,2016-07-06,"AA",19805,"AA","465",11298,"DFW","Dallas/Fort Worth, TX","TX",14107,"PHX","Phoenix, AZ","AZ","0605","0559",-6.00,0.00,19.00,6.00,"0626","0626",0.00,0.00,0.00,"",0.00,141.00,147.00,122.00,1.00,868.00,,,,,,
2016,7,6,3,2016-07-06,"AA",19805,"AA","465",14107,"PHX","Phoenix, AZ","AZ",13930,"ORD","Chicago, IL","IL","0730","0726",-4.00,0.00,24.00,10.00,"1307","1308",1.00,1.00,0.00,"",0.00,217.00,222.00,188.00,1.00,1440.00,,,,,,
2016,7,6,3,2016-07-06,"AA",19805,"AA","466",11057,"CLT","Charlotte, NC","NC",14893,"SMF","Sacramento, CA","CA","2006","2054",48.00,48.00,32.00,5.00,"2220","2325",65.00,65.00,0.00,"",0.00,314.00,331.00,294.00,1.00,2244.00,31.00,0.00,17.00,0.00,17.00,
2016,7,6,3,2016-07-06,"AA",19805,"AA","467",12892,"LAX","Los Angeles, CA","CA",14492,"RDU","Raleigh/Durham, NC","NC","2100","2113",13.00,13.00,21.00,5.00,"0500","0457",-3.00,0.00,0.00,"",0.00,300.00,284.00,258.00,1.00,2238.00,,,,,,
2016,7,6,3,2016-07-06,"AA",19805,"AA","468",14492,"RDU","Raleigh/Durham, NC","NC",12892,"LAX","Los Angeles, CA","CA","0745","1100",195.00,195.00,18.00,10.00,"1006","1309",183.00,183.00,0.00,"",0.00,321.00,309.00,281.00,1.00,2238.00,14.00,0.00,0.00,0.00,169.00,
2016,7,6,3,2016-07-06,"AA",19805,"AA","469",10721,"BOS","Boston, MA","MA",11057,"CLT","Charlotte, NC","NC","0500","0454",-6.00,0.00,14.00,5.00,"0709","0658",-11.00,0.00,0.00,"",0.00,129.00,124.00,105.00,1.00,728.00,,,,,,
2016,7,6,3,2016-07-06,"AA",19805,"AA","469",11057,"CLT","Charlotte, NC","NC",10397,"ATL","Atlanta, GA","GA","0800","0810",10.00,10.00,23.00,8.00,"0921","0925",4.00,4.00,0.00,"",0.00,81.00,75.00,44.00,1.00,226.00,,,,,,
2016,7,6,3,2016-07-06,"AA",19805,"AA","470",11057,"CLT","Charlotte, NC","NC",14679,"SAN","San Diego, CA","CA","1815","1844",29.00,29.00,32.00,3.00,"2005","2038",33.00,33.00,0.00,"",0.00,290.00,294.00,259.00,1.00,2077.00,29.00,0.00,4.00,0.00,0.00,
2016,7,6,3,2016-07-06,"AA",19805,"AA","471",13487,"MSP","Minneapolis, MN","MN",14100,"PHL","Philadelphia, PA","PA","1350","1341",-9.00,0.00,18.00,5.00,"1723","1716",-7.00,0.00,0.00,"",0.00,153.00,155.00,132.00,1.00,980.00,,,,,,
2016,7,6,3,2016-07-06,"AA",19805,"AA","472",11057,"CLT","Charlotte, NC","NC",14107,"PHX","Phoenix, AZ","AZ","2215","2247",32.00,32.00,17.00,5.00,"2333","2356",23.00,23.00,0.00,"",0.00,258.00,249.00,227.00,1.00,1773.00,23.00,0.00,0.00,0.00,0.00,
2016,7,6,3,2016-07-06,"AA",19805,"AA","472",12953,"LGA","New York, NY","NY",11057,"CLT","Charlotte, NC","NC","1859","1902",3.00,3.00,15.00,9.00,"2104","2045",-19.00,0.00,0.00,"",0.00,125.00,103.00,79.00,1.00,544.00,,,,,,
2016,7,6,3,2016-07-06,"AA",19805,"AA","473",11298,"DFW","Dallas/Fort Worth, TX","TX",10713,"BOI","Boise, ID","ID","1645","1642",-3.00,0.00,22.00,5.00,"1907","1906",-1.00,0.00,0.00,"",0.00,202.00,204.00,177.00,1.00,1272.00,,,,,,
2016,7,6,3,2016-07-06,"AA",19805,"AA","473",12266,"IAH","Houston, TX","TX",11298,"DFW","Dallas/Fort Worth, TX","TX","1424","1414",-10.00,0.00,15.00,6.00,"1535","1520",-15.00,0.00,0.00,"",0.00,71.00,66.00,45.00,1.00,224.00,,,,,,
2016,7,6,3,2016-07-06,"AA",19805,"AA","473",14107,"PHX","Phoenix, AZ","AZ",12266,"IAH","Houston, TX","TX","0850","0849",-1.00,0.00,21.00,4.00,"1338","1324",-14.00,0.00,0.00,"",0.00,168.00,155.00,130.00,1.00,1009.00,,,,,,
2016,7,6,3,2016-07-06,"AA",19805,"AA","474",14107,"PHX","Phoenix, AZ","AZ",13487,"MSP","Minneapolis, MN","MN","0844","0840",-4.00,0.00,16.00,3.00,"1348","1331",-17.00,0.00,0.00,"",0.00,184.00,171.00,152.00,1.00,1276.00,,,,,,
2016,7,6,3,2016-07-06,"AA",19805,"AA","476",14893,"SMF","Sacramento, CA","CA",11057,"CLT","Charlotte, NC","NC","2259","2256",-3.00,0.00,12.00,9.00,"0640","0634",-6.00,0.00,0.00,"",0.00,281.00,278.00,257.00,1.00,2244.00,,,,,,
2016,7,6,3,2016-07-06,"AA",19805,"AA","477",14107,"PHX","Phoenix, AZ","AZ",12266,"IAH","Houston, TX","TX","1903","1852",-11.00,0.00,28.00,11.00,"2341","2339",-2.00,0.00,0.00,"",0.00,158.00,167.00,128.00,1.00,1009.00,,,,,,
2016,7,6,3,2016-07-06,"AA",19805,"AA","477",14869,"SLC","Salt Lake City, UT","UT",14107,"PHX","Phoenix, AZ","AZ","1715","1705",-10.00,0.00,16.00,6.00,"1755","1739",-16.00,0.00,0.00,"",0.00,100.00,94.00,72.00,1.00,507.00,,,,,,
2016,7,6,3,2016-07-06,"AA",19805,"AA","478",12266,"IAH","Houston, TX","TX",14107,"PHX","Phoenix, AZ","AZ","2115","2105",-10.00,0.00,13.00,8.00,"2155","2141",-14.00,0.00,0.00,"",0.00,160.00,156.00,135.00,1.00,1009.00,,,,,,
2016,7,6,3,2016-07-06,"AA",19805,"AA","479",11057,"CLT","Charlotte, NC","NC",14831,"SJC","San Jose, CA","CA","1820","1940",80.00,80.00,14.00,5.00,"2051","2156",65.00,65.00,0.00,"",0.00,331.00,316.00,297.00,1.00,2274.00,65.00,0.00,0.00,0.00,0.00,
2016,7,6,3,2016-07-06,"AA",19805,"AA","479",12339,"IND","Indianapolis, IN","IN",11057,"CLT","Charlotte, NC","NC","1529","1521",-8.00,0.00,15.00,20.00,"1710","1703",-7.00,0.00,0.00,"",0.00,101.00,102.00,67.00,1.00,427.00,,,,,,
2016,7,6,3,2016-07-06,"AA",19805,"AA","480",14831,"SJC","San Jose, CA","CA",11057,"CLT","Charlotte, NC","NC","2215","2250",35.00,35.00,10.00,4.00,"0619","0625",6.00,6.00,0.00,"",0.00,304.00,275.00,261.00,1.00,2274.00,,,,,,
2016,7,6,3,2016-07-06,"AA",19805,"AA","482",13930,"ORD","Chicago, IL","IL",14100,"PHL","Philadelphia, PA","PA","1852","1855",3.00,3.00,27.00,2.00,"2200","2157",-3.00,0.00,0.00,"",0.00,128.00,122.00,93.00,1.00,678.00,,,,,,
2016,7,6,3,2016-07-06,"AA",19805,"AA","482",14100,"PHL","Philadelphia, PA","PA",13930,"ORD","Chicago, IL","IL","1620","1705",45.00,45.00,27.00,8.00,"1751","1814",23.00,23.00,0.00,"",0.00,151.00,129.00,94.00,1.00,678.00,23.00,0.00,0.00,0.00,0.00,
2016,7,6,3,2016-07-06,"AA",19805,"AA","483",11884,"GEG","Spokane, WA","WA",14107,"PHX","Phoenix, AZ","AZ","0840","0840",0.00,0.00,23.00,3.00,"1114","1116",2.00,2.00,0.00,"",0.00,154.00,156.00,130.00,1.00,1020.00,,,,,,
2016,7,6,3,2016-07-06,"AA",19805,"AA","483",14107,"PHX","Phoenix, AZ","AZ",15016,"STL","St. Louis, MO","MO","1213","1209",-4.00,0.00,14.00,2.00,"1710","1650",-20.00,0.00,0.00,"",0.00,177.00,161.00,145.00,1.00,1262.00,,,,,,
2016,7,6,3,2016-07-06,"AA",19805,"AA","484",10713,"BOI","Boise, ID","ID",11298,"DFW","Dallas/Fort Worth, TX","TX","0715","0715",0.00,0.00,12.00,11.00,"1128","1113",-15.00,0.00,0.00,"",0.00,193.00,178.00,155.00,1.00,1272.00,,,,,,
2016,7,6,3,2016-07-06,"AA",19805,"AA","484",11298,"DFW","Dallas/Fort Worth, TX","TX",12266,"IAH","Houston, TX","TX","1245","1317",32.00,32.00,15.00,5.00,"1354","1421",27.00,27.00,0.00,"",0.00,69.00,64.00,44.00,1.00,224.00,27.00,0.00,0.00,0.00,0.00,
2016,7,6,3,2016-07-06,"AA",19805,"AA","484",12266,"IAH","Houston, TX","TX",14107,"PHX","Phoenix, AZ","AZ","1455","1454",-1.00,0.00,10.00,4.00,"1539","1523",-16.00,0.00,0.00,"",0.00,164.00,149.00,135.00,1.00,1009.00,,,,,,
2016,7,6,3,2016-07-06,"AA",19805,"AA","484",14107,"PHX","Phoenix, AZ","AZ",11292,"DEN","Denver, CO","CO","1710","1706",-4.00,0.00,12.00,7.00,"1955","1941",-14.00,0.00,0.00,"",0.00,105.00,95.00,76.00,1.00,602.00,,,,,,
2016,7,6,3,2016-07-06,"AA",19805,"AA","485",13871,"OMA","Omaha, NE","NE",12892,"LAX","Los Angeles, CA","CA","0725","0716",-9.00,0.00,17.00,32.00,"0900","0905",5.00,5.00,0.00,"",0.00,215.00,229.00,180.00,1.00,1330.00,,,,,,
2016,7,6,3,2016-07-06,"AA",19805,"AA","486",14107,"PHX","Phoenix, AZ","AZ",13930,"ORD","Chicago, IL","IL","1856","1856",0.00,0.00,20.00,6.00,"0027","0014",-13.00,0.00,0.00,"",0.00,211.00,198.00,172.00,1.00,1440.00,,,,,,
2016,7,6,3,2016-07-06,"AA",19805,"AA","486",14771,"SFO","San Francisco, CA","CA",14107,"PHX","Phoenix, AZ","AZ","1545","1536",-9.00,0.00,20.00,5.00,"1746","1729",-17.00,0.00,0.00,"",0.00,121.00,113.00,88.00,1.00,651.00,,,,,,
2016,7,6,3,2016-07-06,"AA",19805,"AA","487",11057,"CLT","Charlotte, NC","NC",14679,"SAN","San Diego, CA","CA","0800","0811",11.00,11.00,15.00,4.00,"0951","0953",2.00,2.00,0.00,"",0.00,291.00,282.00,263.00,1.00,2077.00,,,,,,
2016,7,6,3,2016-07-06,"AA",19805,"AA","487",14679,"SAN","San Diego, CA","CA",11057,"CLT","Charlotte, NC","NC","1100","1059",-1.00,0.00,21.00,24.00,"1849","1849",0.00,0.00,0.00,"",0.00,289.00,290.00,245.00,1.00,2077.00,,,,,,
2016,7,6,3,2016-07-06,"AA",19805,"AA","489",14107,"PHX","Phoenix, AZ","AZ",14122,"PIT","Pittsburgh, PA","PA","0851","0850",-1.00,0.00,21.00,5.00,"1558","1549",-9.00,0.00,0.00,"",0.00,247.00,239.00,213.00,1.00,1814.00,,,,,,
2016,7,6,3,2016-07-06,"AA",19805,"AA","490",11292,"DEN","Denver, CO","CO",14107,"PHX","Phoenix, AZ","AZ","2055","2047",-8.00,0.00,16.00,8.00,"2147","2138",-9.00,0.00,0.00,"",0.00,112.00,111.00,87.00,1.00,602.00,,,,,,
2016,7,6,3,2016-07-06,"AA",19805,"AA","491",12892,"LAX","Los Angeles, CA","CA",14107,"PHX","Phoenix, AZ","AZ","1000","1005",5.00,5.00,22.00,6.00,"1134","1128",-6.00,0.00,0.00,"",0.00,94.00,83.00,55.00,1.00,370.00,,,,,,
2016,7,6,3,2016-07-06,"AA",19805,"AA","491",14107,"PHX","Phoenix, AZ","AZ",12892,"LAX","Los Angeles, CA","CA","0730","0724",-6.00,0.00,31.00,15.00,"0902","0916",14.00,14.00,0.00,"",0.00,92.00,112.00,66.00,1.00,370.00,,,,,,
2016,7,6,3,2016-07-06,"AA",19805,"AA","492",14107,"PHX","Phoenix, AZ","AZ",13930,"ORD","Chicago, IL","IL","1350","1345",-5.00,0.00,13.00,21.00,"1925","1912",-13.00,0.00,0.00,"",0.00,215.00,207.00,173.00,1.00,1440.00,,,,,,
2016,7,6,3,2016-07-06,"AA",19805,"AA","493",12266,"IAH","Houston, TX","TX",14107,"PHX","Phoenix, AZ","AZ","0805","1105",180.00,180.00,13.00,6.00,"0858","1141",163.00,163.00,0.00,"",0.00,173.00,156.00,137.00,1.00,1009.00,163.00,0.00,0.00,0.00,0.00,
2016,7,6,3,2016-07-06,"AA",19805,"AA","493",14107,"PHX","Phoenix, AZ","AZ",13796,"OAK","Oakland, CA","CA","0949","1000",11.00,11.00,16.00,4.00,"1143","1155",12.00,12.00,0.00,"",0.00,114.00,115.00,95.00,1.00,646.00,,,,,,
2016,7,6,3,2016-07-06,"AA",19805,"AA","494",11057,"CLT","Charlotte, NC","NC",14107,"PHX","Phoenix, AZ","AZ","1620","1631",11.00,11.00,17.00,6.00,"1742","1738",-4.00,0.00,0.00,"",0.00,262.00,247.00,224.00,1.00,1773.00,,,,,,
2016,7,6,3,2016-07-06,"AA",19805,"AA","495",13930,"ORD","Chicago, IL","IL",14107,"PHX","Phoenix, AZ","AZ","0720","0742",22.00,22.00,17.00,4.00,"0901","0922",21.00,21.00,0.00,"",0.00,221.00,220.00,199.00,1.00,1440.00,0.00,21.00,0.00,0.00,0.00,
2016,7,6,3,2016-07-06,"AA",19805,"AA","495",14107,"PHX","Phoenix, AZ","AZ",12892,"LAX","Los Angeles, CA","CA","1001","1018",17.00,17.00,29.00,11.00,"1135","1158",23.00,23.00,0.00,"",0.00,94.00,100.00,60.00,1.00,370.00,1.00,0.00,6.00,0.00,16.00,
2016,7,6,3,2016-07-06,"AA",19805,"AA","498",12889,"LAS","Las Vegas, NV","NV",14107,"PHX","Phoenix, AZ","AZ","1235","1230",-5.00,0.00,16.00,6.00,"1344","1338",-6.00,0.00,0.00,"",0.00,69.00,68.00,46.00,1.00,255.00,,,,,,
2016,7,6,3,2016-07-06,"AA",19805,"AA","498",14107,"PHX","Phoenix, AZ","AZ",11278,"DCA","Washington, DC","VA","1445","1441",-4.00,0.00,11.00,10.00,"2159","2200",1.00,1.00,0.00,"",0.00,254.00,259.00,238.00,1.00,1979.00,,,,,,
2016,7,6,3,2016-07-06,"AA",19805,"AA","500",12889,"LAS","Las Vegas, NV","NV",14107,"PHX","Phoenix, AZ","AZ","1635","1627",-8.00,0.00,10.00,4.00,"1745","1726",-19.00,0.00,0.00,"",0.00,70.00,59.00,45.00,1.00,255.00,,,,,,
2016,7,6,3,2016-07-06,"AA",19805,"AA","500",14107,"PHX","Phoenix, AZ","AZ",12339,"IND","Indianapolis, IN","IN","1853","1848",-5.00,0.00,27.00,5.00,"0118","0111",-7.00,0.00,0.00,"",0.00,205.00,203.00,171.00,1.00,1488.00,,,,,,
2016,7,6,3,2016-07-06,"AA",19805,"AA","501",12892,"LAX","Los Angeles, CA","CA",13871,"OMA","Omaha, NE","NE","1825","1820",-5.00,0.00,19.00,6.00,"2345","2323",-22.00,0.00,0.00,"",0.00,200.00,183.00,158.00,1.00,1330.00,,,,,,
2016,7,6,3,2016-07-06,"AA",19805,"AA","503",12892,"LAX","Los Angeles, CA","CA",14107,"PHX","Phoenix, AZ","AZ","0719","0928",129.00,129.00,22.00,7.00,"0849","1050",121.00,121.00,0.00,"",0.00,90.00,82.00,53.00,1.00,370.00,121.00,0.00,0.00,0.00,0.00,
2016,7,6,3,2016-07-06,"AA",19805,"AA","504",11292,"DEN","Denver, CO","CO",14107,"PHX","Phoenix, AZ","AZ","1829","1900",31.00,31.00,15.00,5.00,"1920","1952",32.00,32.00,0.00,"",0.00,111.00,112.00,92.00,1.00,602.00,2.00,0.00,1.00,0.00,29.00,
2016,7,6,3,2016-07-06,"AA",19805,"AA","506",13342,"MKE","Milwaukee, WI","WI",14107,"PHX","Phoenix, AZ","AZ","0720","0720",0.00,0.00,10.00,7.00,"0907","0900",-7.00,0.00,0.00,"",0.00,227.00,220.00,203.00,1.00,1460.00,,,,,,
2016,7,6,3,2016-07-06,"AA",19805,"AA","507",14107,"PHX","Phoenix, AZ","AZ",10721,"BOS","Boston, MA","MA","1235","1227",-8.00,0.00,15.00,17.00,"2033","2014",-19.00,0.00,0.00,"",0.00,298.00,287.00,255.00,1.00,2300.00,,,,,,
2016,7,6,3,2016-07-06,"AA",19805,"AA","508",12892,"LAX","Los Angeles, CA","CA",11066,"CMH","Columbus, OH","OH","0945","0950",5.00,5.00,27.00,5.00,"1719","1718",-1.00,0.00,0.00,"",0.00,274.00,268.00,236.00,1.00,1995.00,,,,,,
2016,7,6,3,2016-07-06,"AA",19805,"AA","509",14107,"PHX","Phoenix, AZ","AZ",12892,"LAX","Los Angeles, CA","CA","1850","1847",-3.00,0.00,27.00,6.00,"2025","2019",-6.00,0.00,0.00,"",0.00,95.00,92.00,59.00,1.00,370.00,,,,,,
2016,7,6,3,2016-07-06,"AA",19805,"AA","509",14831,"SJC","San Jose, CA","CA",14107,"PHX","Phoenix, AZ","AZ","1605","1557",-8.00,0.00,14.00,8.00,"1759","1748",-11.00,0.00,0.00,"",0.00,114.00,111.00,89.00,1.00,621.00,,,,,,
2016,7,6,3,2016-07-06,"AA",19805,"AA","511",10299,"ANC","Anchorage, AK","AK",14107,"PHX","Phoenix, AZ","AZ","0125","0118",-7.00,0.00,14.00,4.00,"0752","0728",-24.00,0.00,0.00,"",0.00,327.00,310.00,292.00,1.00,2552.00,,,,,,
2016,7,6,3,2016-07-06,"AA",19805,"AA","511",14107,"PHX","Phoenix, AZ","AZ",13871,"OMA","Omaha, NE","NE","0858","0851",-7.00,0.00,27.00,5.00,"1340","1326",-14.00,0.00,0.00,"",0.00,162.00,155.00,123.00,1.00,1037.00,,,,,,
2016,7,6,3,2016-07-06,"AA",19805,"AA","512",13830,"OGG","Kahului, HI","HI",14107,"PHX","Phoenix, AZ","AZ","2125","2122",-3.00,0.00,10.00,6.00,"0604","0551",-13.00,0.00,0.00,"",0.00,339.00,329.00,313.00,1.00,2845.00,,,,,,
2016,7,6,3,2016-07-06,"AA",19805,"AA","513",14027,"PBI","West Palm Beach/Palm Beach, FL","FL",11057,"CLT","Charlotte, NC","NC","1703","1705",2.00,2.00,18.00,8.00,"1900","1934",34.00,34.00,0.00,"",0.00,117.00,149.00,123.00,1.00,590.00,0.00,0.00,32.00,0.00,2.00,
2016,7,6,3,2016-07-06,"AA",19805,"AA","514",14107,"PHX","Phoenix, AZ","AZ",11066,"CMH","Columbus, OH","OH","1520","1512",-8.00,0.00,10.00,8.00,"2201","2150",-11.00,0.00,0.00,"",0.00,221.00,218.00,200.00,1.00,1670.00,,,,,,
2016,7,6,3,2016-07-06,"AA",19805,"AA","514",14570,"RNO","Reno, NV","NV",14107,"PHX","Phoenix, AZ","AZ","1225","1244",19.00,19.00,10.00,5.00,"1410","1419",9.00,9.00,0.00,"",0.00,105.00,95.00,80.00,1.00,601.00,,,,,,
2016,7,6,3,2016-07-06,"AA",19805,"AA","516",13204,"MCO","Orlando, FL","FL",14107,"PHX","Phoenix, AZ","AZ","1740","1829",49.00,49.00,27.00,3.00,"1901","1946",45.00,45.00,0.00,"",0.00,261.00,257.00,227.00,1.00,1849.00,45.00,0.00,0.00,0.00,0.00,
2016,7,6,3,2016-07-06,"AA",19805,"AA","516",14107,"PHX","Phoenix, AZ","AZ",14893,"SMF","Sacramento, CA","CA","2003","2010",7.00,7.00,17.00,3.00,"2159","2158",-1.00,0.00,0.00,"",0.00,116.00,108.00,88.00,1.00,647.00,,,,,,
2016,7,6,3,2016-07-06,"AA",19805,"AA","517",14100,"PHL","Philadelphia, PA","PA",14057,"PDX","Portland, OR","OR","1810","1818",8.00,8.00,42.00,5.00,"2112","2124",12.00,12.00,0.00,"",0.00,362.00,366.00,319.00,1.00,2406.00,,,,,,
2016,7,6,3,2016-07-06,"AA",19805,"AA","518",14057,"PDX","Portland, OR","OR",14100,"PHL","Philadelphia, PA","PA","2220","2231",11.00,11.00,9.00,5.00,"0618","0617",-1.00,0.00,0.00,"",0.00,298.00,286.00,272.00,1.00,2406.00,,,,,,
2016,7,6,3,2016-07-06,"AA",19805,"AA","521",14107,"PHX","Phoenix, AZ","AZ",14747,"SEA","Seattle, WA","WA","1715","1710",-5.00,0.00,14.00,5.00,"2008","2010",2.00,2.00,0.00,"",0.00,173.00,180.00,161.00,1.00,1107.00,,,,,,
2016,7,6,3,2016-07-06,"AA",19805,"AA","522",14107,"PHX","Phoenix, AZ","AZ",10821,"BWI","Baltimore, MD","MD","2350","0013",23.00,23.00,9.00,6.00,"0711","0718",7.00,7.00,0.00,"",0.00,261.00,245.00,230.00,1.00,1999.00,,,,,,
2016,7,6,3,2016-07-06,"AA",19805,"AA","523",11423,"DSM","Des Moines, IA","IA",14107,"PHX","Phoenix, AZ","AZ","1435","1431",-4.00,0.00,17.00,8.00,"1533","1533",0.00,0.00,0.00,"",0.00,178.00,182.00,157.00,1.00,1150.00,,,,,,
2016,7,6,3,2016-07-06,"AA",19805,"AA","523",14107,"PHX","Phoenix, AZ","AZ",14570,"RNO","Reno, NV","NV","1643","1638",-5.00,0.00,11.00,6.00,"1825","1817",-8.00,0.00,0.00,"",0.00,102.00,99.00,82.00,1.00,601.00,,,,,,
2016,7,6,3,2016-07-06,"AA",19805,"AA","524",11298,"DFW","Dallas/Fort Worth, TX","TX",14107,"PHX","Phoenix, AZ","AZ","1500","1725",145.00,145.00,19.00,5.00,"1526","1750",144.00,144.00,0.00,"",0.00,146.00,145.00,121.00,1.00,868.00,8.00,0.00,0.00,0.00,136.00,
2016,7,6,3,2016-07-06,"AA",19805,"AA","524",14100,"PHL","Philadelphia, PA","PA",11298,"DFW","Dallas/Fort Worth, TX","TX","1125","1353",148.00,148.00,40.00,4.00,"1356","1622",146.00,146.00,0.00,"",0.00,211.00,209.00,165.00,1.00,1303.00,145.00,0.00,0.00,0.00,1.00,
2016,7,6,3,2016-07-06,"AA",19805,"AA","525",11057,"CLT","Charlotte, NC","NC",11697,"FLL","Fort Lauderdale, FL","FL","0740","0736",-4.00,0.00,10.00,4.00,"0938","0923",-15.00,0.00,0.00,"",0.00,118.00,107.00,93.00,1.00,632.00,,,,,,
2016,7,6,3,2016-07-06,"AA",19805,"AA","525",14122,"PIT","Pittsburgh, PA","PA",11057,"CLT","Charlotte, NC","NC","0520","0515",-5.00,0.00,10.00,5.00,"0639","0634",-5.00,0.00,0.00,"",0.00,79.00,79.00,64.00,1.00,366.00,,,,,,
2016,7,6,3,2016-07-06,"AA",19805,"AA","527",13198,"MCI","Kansas City, MO","MO",14107,"PHX","Phoenix, AZ","AZ","2059","2048",-11.00,0.00,15.00,6.00,"2147","2129",-18.00,0.00,0.00,"",0.00,168.00,161.00,140.00,1.00,1044.00,,,,,,
2016,7,6,3,2016-07-06,"AA",19805,"AA","527",14107,"PHX","Phoenix, AZ","AZ",14570,"RNO","Reno, NV","NV","2245","2242",-3.00,0.00,14.00,4.00,"0026","0021",-5.00,0.00,0.00,"",0.00,101.00,99.00,81.00,1.00,601.00,,,,,,
2016,7,6,3,2016-07-06,"AA",19805,"AA","528",10721,"BOS","Boston, MA","MA",14107,"PHX","Phoenix, AZ","AZ","1625","1700",35.00,35.00,33.00,5.00,"1902","1936",34.00,34.00,0.00,"",0.00,337.00,336.00,298.00,1.00,2300.00,27.00,0.00,0.00,0.00,7.00,
2016,7,6,3,2016-07-06,"AA",19805,"AA","528",11057,"CLT","Charlotte, NC","NC",10721,"BOS","Boston, MA","MA","1310","1348",38.00,38.00,12.00,6.00,"1525","1547",22.00,22.00,0.00,"",0.00,135.00,119.00,101.00,1.00,728.00,22.00,0.00,0.00,0.00,0.00,
2016,7,6,3,2016-07-06,"AA",19805,"AA","528",14107,"PHX","Phoenix, AZ","AZ",14570,"RNO","Reno, NV","NV","2011","2024",13.00,13.00,15.00,3.00,"2157","2202",5.00,5.00,0.00,"",0.00,106.00,98.00,80.00,1.00,601.00,,,,,,
2016,7,6,3,2016-07-06,"AA",19805,"AA","529",14100,"PHL","Philadelphia, PA","PA",14747,"SEA","Seattle, WA","WA","2035","0021",226.00,226.00,17.00,5.00,"2327","0316",229.00,229.00,0.00,"",0.00,352.00,355.00,333.00,1.00,2378.00,226.00,0.00,3.00,0.00,0.00,
2016,7,6,3,2016-07-06,"AA",19805,"AA","530",14747,"SEA","Seattle, WA","WA",14100,"PHL","Philadelphia, PA","PA","2205","2202",-3.00,0.00,27.00,14.00,"0606","0621",15.00,15.00,0.00,"",0.00,301.00,319.00,278.00,1.00,2378.00,0.00,0.00,15.00,0.00,0.00,
2016,7,6,3,2016-07-06,"AA",19805,"AA","531",11433,"DTW","Detroit, MI","MI",14107,"PHX","Phoenix, AZ","AZ","0735","0732",-3.00,0.00,12.00,26.00,"0900","0909",9.00,9.00,0.00,"",0.00,265.00,277.00,239.00,1.00,1671.00,,,,,,
2016,7,6,3,2016-07-06,"AA",19805,"AA","531",14107,"PHX","Phoenix, AZ","AZ",14570,"RNO","Reno, NV","NV","0951","1012",21.00,21.00,19.00,5.00,"1138","1200",22.00,22.00,0.00,"",0.00,107.00,108.00,84.00,1.00,601.00,21.00,0.00,1.00,0.00,0.00,
2016,7,6,3,2016-07-06,"AA",19805,"AA","534",15304,"TPA","Tampa, FL","FL",14107,"PHX","Phoenix, AZ","AZ","0740","0738",-2.00,0.00,14.00,27.00,"0906","0911",5.00,5.00,0.00,"",0.00,266.00,273.00,232.00,1.00,1788.00,,,,,,
2016,7,6,3,2016-07-06,"AA",19805,"AA","536",11057,"CLT","Charlotte, NC","NC",11298,"DFW","Dallas/Fort Worth, TX","TX","0600","0607",7.00,7.00,15.00,14.00,"0738","0747",9.00,9.00,0.00,"",0.00,158.00,160.00,131.00,1.00,936.00,,,,,,
2016,7,6,3,2016-07-06,"AA",19805,"AA","536",11298,"DFW","Dallas/Fort Worth, TX","TX",14100,"PHL","Philadelphia, PA","PA","0840","0848",8.00,8.00,16.00,5.00,"1259","1255",-4.00,0.00,0.00,"",0.00,199.00,187.00,166.00,1.00,1303.00,,,,,,
2016,7,6,3,2016-07-06,"AA",19805,"AA","539",13930,"ORD","Chicago, IL","IL",14100,"PHL","Philadelphia, PA","PA","0545","0633",48.00,48.00,46.00,5.00,"0843","0952",69.00,69.00,0.00,"",0.00,118.00,139.00,88.00,1.00,678.00,0.00,48.00,21.00,0.00,0.00,
2016,7,6,3,2016-07-06,"AA",19805,"AA","539",14100,"PHL","Philadelphia, PA","PA",15304,"TPA","Tampa, FL","FL","0955","1038",43.00,43.00,13.00,4.00,"1239","1256",17.00,17.00,0.00,"",0.00,164.00,138.00,121.00,1.00,920.00,17.00,0.00,0.00,0.00,0.00,
2016,7,6,3,2016-07-06,"AA",19805,"AA","540",12266,"IAH","Houston, TX","TX",14107,"PHX","Phoenix, AZ","AZ","0600","0554",-6.00,0.00,20.00,8.00,"0638","0636",-2.00,0.00,0.00,"",0.00,158.00,162.00,134.00,1.00,1009.00,,,,,,
2016,7,6,3,2016-07-06,"AA",19805,"AA","541",10693,"BNA","Nashville, TN","TN",12892,"LAX","Los Angeles, CA","CA","1040","1035",-5.00,0.00,14.00,26.00,"1305","1306",1.00,1.00,0.00,"",0.00,265.00,271.00,231.00,1.00,1797.00,,,,,,
2016,7,6,3,2016-07-06,"AA",19805,"AA","542",11298,"DFW","Dallas/Fort Worth, TX","TX",14107,"PHX","Phoenix, AZ","AZ","1105","1150",45.00,45.00,16.00,4.00,"1133","1207",34.00,34.00,0.00,"",0.00,148.00,137.00,117.00,1.00,868.00,34.00,0.00,0.00,0.00,0.00,
2016,7,6,3,2016-07-06,"AA",19805,"AA","542",14107,"PHX","Phoenix, AZ","AZ",11298,"DFW","Dallas/Fort Worth, TX","TX","0500","0455",-5.00,0.00,11.00,12.00,"0922","0908",-14.00,0.00,0.00,"",0.00,142.00,133.00,110.00,1.00,868.00,,,,,,
2016,7,6,3,2016-07-06,"AA",19805,"AA","543",10721,"BOS","Boston, MA","MA",14100,"PHL","Philadelphia, PA","PA","0600","0553",-7.00,0.00,18.00,2.00,"0727","0708",-19.00,0.00,0.00,"",0.00,87.00,75.00,55.00,1.00,280.00,,,,,,
2016,7,6,3,2016-07-06,"AA",19805,"AA","543",14100,"PHL","Philadelphia, PA","PA",11298,"DFW","Dallas/Fort Worth, TX","TX","0917","0914",-3.00,0.00,13.00,23.00,"1139","1137",-2.00,0.00,0.00,"",0.00,202.00,203.00,167.00,1.00,1303.00,,,,,,
2016,7,6,3,2016-07-06,"AA",19805,"AA","544",11298,"DFW","Dallas/Fort Worth, TX","TX",14107,"PHX","Phoenix, AZ","AZ","1740","1746",6.00,6.00,13.00,8.00,"1804","1808",4.00,4.00,0.00,"",0.00,144.00,142.00,121.00,1.00,868.00,,,,,,
2016,7,6,3,2016-07-06,"AA",19805,"AA","544",14107,"PHX","Phoenix, AZ","AZ",11298,"DFW","Dallas/Fort Worth, TX","TX","1219","1235",16.00,16.00,18.00,11.00,"1644","1651",7.00,7.00,0.00,"",0.00,145.00,136.00,107.00,1.00,868.00,,,,,,
2016,7,6,3,2016-07-06,"AA",19805,"AA","545",12892,"LAX","Los Angeles, CA","CA",14107,"PHX","Phoenix, AZ","AZ","1620","1623",3.00,3.00,20.00,7.00,"1750","1748",-2.00,0.00,0.00,"",0.00,90.00,85.00,58.00,1.00,370.00,,,,,,
2016,7,6,3,2016-07-06,"AA",19805,"AA","545",14107,"PHX","Phoenix, AZ","AZ",11298,"DFW","Dallas/Fort Worth, TX","TX","1855","1847",-8.00,0.00,22.00,5.00,"2321","2306",-15.00,0.00,0.00,"",0.00,146.00,139.00,112.00,1.00,868.00,,,,,,
2016,7,6,3,2016-07-06,"AA",19805,"AA","546",11298,"DFW","Dallas/Fort Worth, TX","TX",14107,"PHX","Phoenix, AZ","AZ","2030","2038",8.00,8.00,15.00,5.00,"2057","2058",1.00,1.00,0.00,"",0.00,147.00,140.00,120.00,1.00,868.00,,,,,,
2016,7,6,3,2016-07-06,"AA",19805,"AA","547",13930,"ORD","Chicago, IL","IL",14107,"PHX","Phoenix, AZ","AZ","1715","1711",-4.00,0.00,20.00,5.00,"1902","1849",-13.00,0.00,0.00,"",0.00,227.00,218.00,193.00,1.00,1440.00,,,,,,
2016,7,6,3,2016-07-06,"AA",19805,"AA","547",14107,"PHX","Phoenix, AZ","AZ",11298,"DFW","Dallas/Fort Worth, TX","TX","2010","2001",-9.00,0.00,21.00,6.00,"0035","0024",-11.00,0.00,0.00,"",0.00,145.00,143.00,116.00,1.00,868.00,,,,,,
2016,7,6,3,2016-07-06,"AA",19805,"AA","548",11884,"GEG","Spokane, WA","WA",14107,"PHX","Phoenix, AZ","AZ","1510","1557",47.00,47.00,13.00,6.00,"1747","1824",37.00,37.00,0.00,"",0.00,157.00,147.00,128.00,1.00,1020.00,0.00,0.00,0.00,0.00,37.00,
2016,7,6,3,2016-07-06,"AA",19805,"AA","548",14107,"PHX","Phoenix, AZ","AZ",13342,"MKE","Milwaukee, WI","WI","1850","1900",10.00,10.00,21.00,7.00,"0010","0021",11.00,11.00,0.00,"",0.00,200.00,201.00,173.00,1.00,1460.00,,,,,,
2016,7,6,3,2016-07-06,"AA",19805,"AA","549",14107,"PHX","Phoenix, AZ","AZ",11298,"DFW","Dallas/Fort Worth, TX","TX","0635","0632",-3.00,0.00,16.00,16.00,"1100","1053",-7.00,0.00,0.00,"",0.00,145.00,141.00,109.00,1.00,868.00,,,,,,
2016,7,6,3,2016-07-06,"AA",19805,"AA","550",11298,"DFW","Dallas/Fort Worth, TX","TX",11057,"CLT","Charlotte, NC","NC","1850","1843",-7.00,0.00,27.00,12.00,"2232","2238",6.00,6.00,0.00,"",0.00,162.00,175.00,136.00,1.00,936.00,,,,,,
2016,7,6,3,2016-07-06,"AA",19805,"AA","550",13930,"ORD","Chicago, IL","IL",14107,"PHX","Phoenix, AZ","AZ","1045","1040",-5.00,0.00,31.00,2.00,"1222","1228",6.00,6.00,0.00,"",0.00,217.00,228.00,195.00,1.00,1440.00,,,,,,
2016,7,6,3,2016-07-06,"AA",19805,"AA","550",14100,"PHL","Philadelphia, PA","PA",13930,"ORD","Chicago, IL","IL","0750","0743",-7.00,0.00,54.00,20.00,"0915","0943",28.00,28.00,0.00,"",0.00,145.00,180.00,106.00,1.00,678.00,0.00,0.00,28.00,0.00,0.00,
2016,7,6,3,2016-07-06,"AA",19805,"AA","550",14107,"PHX","Phoenix, AZ","AZ",11298,"DFW","Dallas/Fort Worth, TX","TX","1320","1316",-4.00,0.00,22.00,12.00,"1744","1757",13.00,13.00,0.00,"",0.00,144.00,161.00,127.00,1.00,868.00,,,,,,
2016,7,6,3,2016-07-06,"AA",19805,"AA","551",11298,"DFW","Dallas/Fort Worth, TX","TX",14100,"PHL","Philadelphia, PA","PA","2030","2034",4.00,4.00,17.00,8.00,"0050","0044",-6.00,0.00,0.00,"",0.00,200.00,190.00,165.00,1.00,1303.00,,,,,,
2016,7,6,3,2016-07-06,"AA",19805,"AA","551",12892,"LAX","Los Angeles, CA","CA",14107,"PHX","Phoenix, AZ","AZ","1230","1253",23.00,23.00,18.00,9.00,"1401","1420",19.00,19.00,0.00,"",0.00,91.00,87.00,60.00,1.00,370.00,0.00,0.00,0.00,0.00,19.00,
2016,7,6,3,2016-07-06,"AA",19805,"AA","551",14107,"PHX","Phoenix, AZ","AZ",11298,"DFW","Dallas/Fort Worth, TX","TX","1505","1511",6.00,6.00,20.00,10.00,"1929","1936",7.00,7.00,0.00,"",0.00,144.00,145.00,115.00,1.00,868.00,,,,,,
2016,7,6,3,2016-07-06,"AA",19805,"AA","552",12892,"LAX","Los Angeles, CA","CA",13198,"MCI","Kansas City, MO","MO","0815","0829",14.00,14.00,36.00,6.00,"1343","1348",5.00,5.00,0.00,"",0.00,208.00,199.00,157.00,1.00,1363.00,,,,,,
2016,7,6,3,2016-07-06,"AA",19805,"AA","552",13198,"MCI","Kansas City, MO","MO",14107,"PHX","Phoenix, AZ","AZ","1445","1453",8.00,8.00,12.00,5.00,"1534","1533",-1.00,0.00,0.00,"",0.00,169.00,160.00,143.00,1.00,1044.00,,,,,,
2016,7,6,3,2016-07-06,"AA",19805,"AA","552",14107,"PHX","Phoenix, AZ","AZ",14893,"SMF","Sacramento, CA","CA","1635","1635",0.00,0.00,10.00,4.00,"1826","1819",-7.00,0.00,0.00,"",0.00,111.00,104.00,90.00,1.00,647.00,,,,,,
2016,7,6,3,2016-07-06,"AA",19805,"AA","556",12889,"LAS","Las Vegas, NV","NV",14107,"PHX","Phoenix, AZ","AZ","2115","2112",-3.00,0.00,10.00,6.00,"2224","2213",-11.00,0.00,0.00,"",0.00,69.00,61.00,45.00,1.00,255.00,,,,,,
2016,7,6,3,2016-07-06,"AA",19805,"AA","556",14107,"PHX","Phoenix, AZ","AZ",13204,"MCO","Orlando, FL","FL","2345","2341",-4.00,0.00,13.00,16.00,"0654","0653",-1.00,0.00,0.00,"",0.00,249.00,252.00,223.00,1.00,1849.00,,,,,,
2016,7,6,3,2016-07-06,"AA",19805,"AA","557",11057,"CLT","Charlotte, NC","NC",14771,"SFO","San Francisco, CA","CA","2220","2224",4.00,4.00,19.00,3.00,"0042","0041",-1.00,0.00,0.00,"",0.00,322.00,317.00,295.00,1.00,2296.00,,,,,,
2016,7,6,3,2016-07-06,"AA",19805,"AA","557",11697,"FLL","Fort Lauderdale, FL","FL",11057,"CLT","Charlotte, NC","NC","1920","1920",0.00,0.00,12.00,5.00,"2123","2116",-7.00,0.00,0.00,"",0.00,123.00,116.00,99.00,1.00,632.00,,,,,,
2016,7,6,3,2016-07-06,"AA",19805,"AA","559",11057,"CLT","Charlotte, NC","NC",14100,"PHL","Philadelphia, PA","PA","1620","1619",-1.00,0.00,17.00,3.00,"1807","1746",-21.00,0.00,0.00,"",0.00,107.00,87.00,67.00,1.00,449.00,,,,,,
2016,7,6,3,2016-07-06,"AA",19805,"AA","560",14107,"PHX","Phoenix, AZ","AZ",11298,"DFW","Dallas/Fort Worth, TX","TX","1045","1039",-6.00,0.00,16.00,14.00,"1516","1458",-18.00,0.00,0.00,"",0.00,151.00,139.00,109.00,1.00,868.00,,,,,,
2016,7,6,3,2016-07-06,"AA",19805,"AA","562",11298,"DFW","Dallas/Fort Worth, TX","TX",14100,"PHL","Philadelphia, PA","PA","0600","0554",-6.00,0.00,19.00,36.00,"1014","1031",17.00,17.00,0.00,"",0.00,194.00,217.00,162.00,1.00,1303.00,0.00,0.00,17.00,0.00,0.00,
2016,7,6,3,2016-07-06,"AA",19805,"AA","563",11278,"DCA","Washington, DC","VA",14107,"PHX","Phoenix, AZ","AZ","1715","1721",6.00,6.00,27.00,11.00,"1908","1919",11.00,11.00,0.00,"",0.00,293.00,298.00,260.00,1.00,1979.00,,,,,,
2016,7,6,3,2016-07-06,"AA",19805,"AA","563",14107,"PHX","Phoenix, AZ","AZ",14679,"SAN","San Diego, CA","CA","2020","2014",-6.00,0.00,19.00,6.00,"2130","2126",-4.00,0.00,0.00,"",0.00,70.00,72.00,47.00,1.00,304.00,,,,,,
2016,7,6,3,2016-07-06,"AA",19805,"AA","564",14893,"SMF","Sacramento, CA","CA",14107,"PHX","Phoenix, AZ","AZ","1915","1909",-6.00,0.00,9.00,4.00,"2103","2052",-11.00,0.00,0.00,"",0.00,108.00,103.00,90.00,1.00,647.00,,,,,,
2016,7,6,3,2016-07-06,"AA",19805,"AA","565",11057,"CLT","Charlotte, NC","NC",11298,"DFW","Dallas/Fort Worth, TX","TX","1830","1900",30.00,30.00,13.00,11.00,"2015","2026",11.00,11.00,0.00,"",0.00,165.00,146.00,122.00,1.00,936.00,,,,,,
2016,7,6,3,2016-07-06,"AA",19805,"AA","565",11298,"DFW","Dallas/Fort Worth, TX","TX",14107,"PHX","Phoenix, AZ","AZ","2125","2122",-3.00,0.00,14.00,8.00,"2147","2149",2.00,2.00,0.00,"",0.00,142.00,147.00,125.00,1.00,868.00,,,,,,
2016,7,6,3,2016-07-06,"AA",19805,"AA","565",14107,"PHX","Phoenix, AZ","AZ",12889,"LAS","Las Vegas, NV","NV","2248","2318",30.00,30.00,9.00,7.00,"2352","0014",22.00,22.00,0.00,"",0.00,64.00,56.00,40.00,1.00,255.00,7.00,0.00,0.00,0.00,15.00,
2016,7,6,3,2016-07-06,"AA",19805,"AA","566",14057,"PDX","Portland, OR","OR",14107,"PHX","Phoenix, AZ","AZ","0840","0836",-4.00,0.00,14.00,4.00,"1112","1103",-9.00,0.00,0.00,"",0.00,152.00,147.00,129.00,1.00,1009.00,,,,,,
2016,7,6,3,2016-07-06,"AA",19805,"AA","566",14107,"PHX","Phoenix, AZ","AZ",13204,"MCO","Orlando, FL","FL","1218","1239",21.00,21.00,22.00,9.00,"1934","2002",28.00,28.00,0.00,"",0.00,256.00,263.00,232.00,1.00,1849.00,21.00,0.00,7.00,0.00,0.00,
2016,7,6,3,2016-07-06,"AA",19805,"AA","567",14107,"PHX","Phoenix, AZ","AZ",13204,"MCO","Orlando, FL","FL","0858","0931",33.00,33.00,14.00,4.00,"1622","1638",16.00,16.00,0.00,"",0.00,264.00,247.00,229.00,1.00,1849.00,0.00,0.00,0.00,0.00,16.00,
2016,7,6,3,2016-07-06,"AA",19805,"AA","567",14679,"SAN","San Diego, CA","CA",14107,"PHX","Phoenix, AZ","AZ","0625","0625",0.00,0.00,31.00,3.00,"0752","0746",-6.00,0.00,0.00,"",0.00,87.00,81.00,47.00,1.00,304.00,,,,,,
2016,7,6,3,2016-07-06,"AA",19805,"AA","568",14107,"PHX","Phoenix, AZ","AZ",15304,"TPA","Tampa, FL","FL","2340","0009",29.00,29.00,11.00,4.00,"0636","0654",18.00,18.00,0.00,"",0.00,236.00,225.00,210.00,1.00,1788.00,18.00,0.00,0.00,0.00,0.00,
2016,7,6,3,2016-07-06,"AA",19805,"AA","568",14679,"SAN","San Diego, CA","CA",14107,"PHX","Phoenix, AZ","AZ","2115","2119",4.00,4.00,11.00,8.00,"2235","2226",-9.00,0.00,0.00,"",0.00,80.00,67.00,48.00,1.00,304.00,,,,,,
2016,7,6,3,2016-07-06,"AA",19805,"AA","572",12892,"LAX","Los Angeles, CA","CA",13487,"MSP","Minneapolis, MN","MN","2359","0016",17.00,17.00,38.00,5.00,"0543","0552",9.00,9.00,0.00,"",0.00,224.00,216.00,173.00,1.00,1535.00,,,,,,
2016,7,6,3,2016-07-06,"AA",19805,"AA","574",14107,"PHX","Phoenix, AZ","AZ",15304,"TPA","Tampa, FL","FL","1510","1505",-5.00,0.00,10.00,4.00,"2212","2155",-17.00,0.00,0.00,"",0.00,242.00,230.00,216.00,1.00,1788.00,,,,,,
2016,7,6,3,2016-07-06,"AA",19805,"AA","574",14831,"SJC","San Jose, CA","CA",14107,"PHX","Phoenix, AZ","AZ","1224","1225",1.00,1.00,10.00,8.00,"1416","1410",-6.00,0.00,0.00,"",0.00,112.00,105.00,87.00,1.00,621.00,,,,,,
2016,7,6,3,2016-07-06,"AA",19805,"AA","575",11298,"DFW","Dallas/Fort Worth, TX","TX",14107,"PHX","Phoenix, AZ","AZ","1325","1321",-4.00,0.00,18.00,6.00,"1349","1341",-8.00,0.00,0.00,"",0.00,144.00,140.00,116.00,1.00,868.00,,,,,,
2016,7,6,3,2016-07-06,"AA",19805,"AA","576",11057,"CLT","Charlotte, NC","NC",11298,"DFW","Dallas/Fort Worth, TX","TX","1920","1918",-2.00,0.00,15.00,12.00,"2059","2049",-10.00,0.00,0.00,"",0.00,159.00,151.00,124.00,1.00,936.00,,,,,,
2016,7,6,3,2016-07-06,"AA",19805,"AA","576",11298,"DFW","Dallas/Fort Worth, TX","TX",12889,"LAS","Las Vegas, NV","NV","2210","2207",-3.00,0.00,19.00,8.00,"2258","2256",-2.00,0.00,0.00,"",0.00,168.00,169.00,142.00,1.00,1055.00,,,,,,
2016,7,6,3,2016-07-06,"AA",19805,"AA","577",14100,"PHL","Philadelphia, PA","PA",12889,"LAS","Las Vegas, NV","NV","0800","0750",-10.00,0.00,22.00,8.00,"1018","1023",5.00,5.00,0.00,"",0.00,318.00,333.00,303.00,1.00,2176.00,,,,,,
2016,7,6,3,2016-07-06,"AA",19805,"AA","579",14679,"SAN","San Diego, CA","CA",11057,"CLT","Charlotte, NC","NC","2235","2225",-10.00,0.00,16.00,8.00,"0608","0600",-8.00,0.00,0.00,"",0.00,273.00,275.00,251.00,1.00,2077.00,,,,,,
2016,7,6,3,2016-07-06,"AA",19805,"AA","580",14107,"PHX","Phoenix, AZ","AZ",11884,"GEG","Spokane, WA","WA","2005","2014",9.00,9.00,23.00,4.00,"2237","2257",20.00,20.00,0.00,"",0.00,152.00,163.00,136.00,1.00,1020.00,9.00,0.00,11.00,0.00,0.00,
2016,7,6,3,2016-07-06,"AA",19805,"AA","580",14122,"PIT","Pittsburgh, PA","PA",14107,"PHX","Phoenix, AZ","AZ","1740","1735",-5.00,0.00,7.00,3.00,"1903","1845",-18.00,0.00,0.00,"",0.00,263.00,250.00,240.00,1.00,1814.00,,,,,,
2016,7,6,3,2016-07-06,"AA",19805,"AA","581",11057,"CLT","Charlotte, NC","NC",13204,"MCO","Orlando, FL","FL","1445","1442",-3.00,0.00,19.00,10.00,"1623","1617",-6.00,0.00,0.00,"",0.00,98.00,95.00,66.00,1.00,468.00,,,,,,
2016,7,6,3,2016-07-06,"AA",19805,"AA","581",12953,"LGA","New York, NY","NY",11057,"CLT","Charlotte, NC","NC","1130","1126",-4.00,0.00,28.00,7.00,"1342","1334",-8.00,0.00,0.00,"",0.00,132.00,128.00,93.00,1.00,544.00,,,,,,
2016,7,6,3,2016-07-06,"AA",19805,"AA","582",11423,"DSM","Des Moines, IA","IA",14107,"PHX","Phoenix, AZ","AZ","0800","0803",3.00,3.00,11.00,8.00,"0911","0900",-11.00,0.00,0.00,"",0.00,191.00,177.00,158.00,1.00,1150.00,,,,,,
2016,7,6,3,2016-07-06,"AA",19805,"AA","582",14107,"PHX","Phoenix, AZ","AZ",13342,"MKE","Milwaukee, WI","WI","1009","1006",-3.00,0.00,17.00,4.00,"1531","1519",-12.00,0.00,0.00,"",0.00,202.00,193.00,172.00,1.00,1460.00,,,,,,
2016,7,6,3,2016-07-06,"AA",19805,"AA","583",13487,"MSP","Minneapolis, MN","MN",12892,"LAX","Los Angeles, CA","CA","0650","0651",1.00,1.00,14.00,28.00,"0900","0907",7.00,7.00,0.00,"",0.00,250.00,256.00,214.00,1.00,1535.00,,,,,,
2016,7,6,3,2016-07-06,"AA",19805,"AA","585",11298,"DFW","Dallas/Fort Worth, TX","TX",14100,"PHL","Philadelphia, PA","PA","0720","0948",148.00,148.00,13.00,8.00,"1140","1349",129.00,129.00,0.00,"",0.00,200.00,181.00,160.00,1.00,1303.00,115.00,0.00,0.00,0.00,14.00,
2016,7,6,3,2016-07-06,"AA",19805,"AA","585",14747,"SEA","Seattle, WA","WA",11298,"DFW","Dallas/Fort Worth, TX","TX","0020","0109",49.00,49.00,12.00,9.00,"0602","0641",39.00,39.00,0.00,"",0.00,222.00,212.00,191.00,1.00,1660.00,39.00,0.00,0.00,0.00,0.00,
2016,7,6,3,2016-07-06,"AA",19805,"AA","586",11066,"CMH","Columbus, OH","OH",14107,"PHX","Phoenix, AZ","AZ","0750","0745",-5.00,0.00,20.00,7.00,"0906","0917",11.00,11.00,0.00,"",0.00,256.00,272.00,245.00,1.00,1670.00,,,,,,
2016,7,6,3,2016-07-06,"AA",19805,"AA","586",14107,"PHX","Phoenix, AZ","AZ",11884,"GEG","Spokane, WA","WA","1028","1240",132.00,132.00,17.00,4.00,"1307","1521",134.00,134.00,0.00,"",0.00,159.00,161.00,140.00,1.00,1020.00,132.00,0.00,2.00,0.00,0.00,
2016,7,6,3,2016-07-06,"AA",19805,"AA","588",14107,"PHX","Phoenix, AZ","AZ",14831,"SJC","San Jose, CA","CA","0950","0950",0.00,0.00,20.00,3.00,"1139","1143",4.00,4.00,0.00,"",0.00,109.00,113.00,90.00,1.00,621.00,,,,,,
2016,7,6,3,2016-07-06,"AA",19805,"AA","588",14122,"PIT","Pittsburgh, PA","PA",14107,"PHX","Phoenix, AZ","AZ","0729","0727",-2.00,0.00,15.00,11.00,"0900","0905",5.00,5.00,0.00,"",0.00,271.00,278.00,252.00,1.00,1814.00,,,,,,
2016,7,6,3,2016-07-06,"AA",19805,"AA","589",11057,"CLT","Charlotte, NC","NC",10397,"ATL","Atlanta, GA","GA","1750","1756",6.00,6.00,73.00,8.00,"1907","1957",50.00,50.00,0.00,"",0.00,77.00,121.00,40.00,1.00,226.00,0.00,0.00,50.00,0.00,0.00,
2016,7,6,3,2016-07-06,"AA",19805,"AA","589",11278,"DCA","Washington, DC","VA",11057,"CLT","Charlotte, NC","NC","1520","1526",6.00,6.00,22.00,11.00,"1652","1649",-3.00,0.00,0.00,"",0.00,92.00,83.00,50.00,1.00,331.00,,,,,,
2016,7,6,3,2016-07-06,"AA",19805,"AA","590",10713,"BOI","Boise, ID","ID",14107,"PHX","Phoenix, AZ","AZ","1321","1357",36.00,36.00,12.00,4.00,"1424","1453",29.00,29.00,0.00,"",0.00,123.00,116.00,100.00,1.00,735.00,0.00,0.00,0.00,0.00,29.00,
2016,7,6,3,2016-07-06,"AA",19805,"AA","590",14107,"PHX","Phoenix, AZ","AZ",13198,"MCI","Kansas City, MO","MO","1524","1519",-5.00,0.00,16.00,7.00,"1959","1946",-13.00,0.00,0.00,"",0.00,155.00,147.00,124.00,1.00,1044.00,,,,,,
2016,7,6,3,2016-07-06,"AA",19805,"AA","591",11298,"DFW","Dallas/Fort Worth, TX","TX",14100,"PHL","Philadelphia, PA","PA","1830","1826",-4.00,0.00,19.00,5.00,"2251","2233",-18.00,0.00,0.00,"",0.00,201.00,187.00,163.00,1.00,1303.00,,,,,,
2016,7,6,3,2016-07-06,"AA",19805,"AA","591",14100,"PHL","Philadelphia, PA","PA",11298,"DFW","Dallas/Fort Worth, TX","TX","1430","1440",10.00,10.00,21.00,14.00,"1655","1703",8.00,8.00,0.00,"",0.00,205.00,203.00,168.00,1.00,1303.00,,,,,,
2016,7,6,3,2016-07-06,"AA",19805,"AA","592",10713,"BOI","Boise, ID","ID",14107,"PHX","Phoenix, AZ","AZ","0635","0633",-2.00,0.00,12.00,10.00,"0738","0730",-8.00,0.00,0.00,"",0.00,123.00,117.00,95.00,1.00,735.00,,,,,,
2016,7,6,3,2016-07-06,"AA",19805,"AA","592",13198,"MCI","Kansas City, MO","MO",12892,"LAX","Los Angeles, CA","CA","1420","1418",-2.00,0.00,10.00,15.00,"1603","1556",-7.00,0.00,0.00,"",0.00,223.00,218.00,193.00,1.00,1363.00,,,,,,
2016,7,6,3,2016-07-06,"AA",19805,"AA","592",14107,"PHX","Phoenix, AZ","AZ",13198,"MCI","Kansas City, MO","MO","0845","0838",-7.00,0.00,30.00,8.00,"1328","1318",-10.00,0.00,0.00,"",0.00,163.00,160.00,122.00,1.00,1044.00,,,,,,
2016,7,6,3,2016-07-06,"AA",19805,"AA","593",14107,"PHX","Phoenix, AZ","AZ",13930,"ORD","Chicago, IL","IL","0855","0846",-9.00,0.00,36.00,13.00,"1438","1436",-2.00,0.00,0.00,"",0.00,223.00,230.00,181.00,1.00,1440.00,,,,,,
2016,7,6,3,2016-07-06,"AA",19805,"AA","593",14893,"SMF","Sacramento, CA","CA",14107,"PHX","Phoenix, AZ","AZ","0600","0550",-10.00,0.00,11.00,10.00,"0749","0738",-11.00,0.00,0.00,"",0.00,109.00,108.00,87.00,1.00,647.00,,,,,,
2016,7,6,3,2016-07-06,"AA",19805,"AA","594",13796,"OAK","Oakland, CA","CA",14107,"PHX","Phoenix, AZ","AZ","1230","1227",-3.00,0.00,10.00,11.00,"1426","1423",-3.00,0.00,0.00,"",0.00,116.00,116.00,95.00,1.00,646.00,,,,,,
2016,7,6,3,2016-07-06,"AA",19805,"AA","594",14107,"PHX","Phoenix, AZ","AZ",12266,"IAH","Houston, TX","TX","1525","1527",2.00,2.00,10.00,5.00,"2001","1954",-7.00,0.00,0.00,"",0.00,156.00,147.00,132.00,1.00,1009.00,,,,,,
2016,7,6,3,2016-07-06,"AA",19805,"AA","595",14107,"PHX","Phoenix, AZ","AZ",11278,"DCA","Washington, DC","VA","0847","0838",-9.00,0.00,20.00,5.00,"1612","1557",-15.00,0.00,0.00,"",0.00,265.00,259.00,234.00,1.00,1979.00,,,,,,
2016,7,6,3,2016-07-06,"AA",19805,"AA","595",14747,"SEA","Seattle, WA","WA",14107,"PHX","Phoenix, AZ","AZ","0500","0454",-6.00,0.00,16.00,4.00,"0746","0730",-16.00,0.00,0.00,"",0.00,166.00,156.00,136.00,1.00,1107.00,,,,,,
2016,7,6,3,2016-07-06,"AA",19805,"AA","596",10397,"ATL","Atlanta, GA","GA",14107,"PHX","Phoenix, AZ","AZ","1805","1829",24.00,24.00,16.00,6.00,"1901","1917",16.00,16.00,0.00,"",0.00,236.00,228.00,206.00,1.00,1587.00,0.00,0.00,0.00,0.00,16.00,
2016,7,6,3,2016-07-06,"AA",19805,"AA","597",14100,"PHL","Philadelphia, PA","PA",12892,"LAX","Los Angeles, CA","CA","0955","1009",14.00,14.00,17.00,11.00,"1248","1252",4.00,4.00,0.00,"",0.00,353.00,343.00,315.00,1.00,2402.00,,,,,,
2016,7,6,3,2016-07-06,"AA",19805,"AA","598",12892,"LAX","Los Angeles, CA","CA",14100,"PHL","Philadelphia, PA","PA","1355","1358",3.00,3.00,20.00,4.00,"2214","2204",-10.00,0.00,0.00,"",0.00,319.00,306.00,282.00,1.00,2402.00,,,,,,
2016,7,6,3,2016-07-06,"AA",19805,"AA","599",13871,"OMA","Omaha, NE","NE",14107,"PHX","Phoenix, AZ","AZ","1450","1445",-5.00,0.00,14.00,4.00,"1532","1520",-12.00,0.00,0.00,"",0.00,162.00,155.00,137.00,1.00,1037.00,,,,,,
2016,7,6,3,2016-07-06,"AA",19805,"AA","599",14107,"PHX","Phoenix, AZ","AZ",14831,"SJC","San Jose, CA","CA","1640","1633",-7.00,0.00,15.00,3.00,"1825","1821",-4.00,0.00,0.00,"",0.00,105.00,108.00,90.00,1.00,621.00,,,,,,
2016,7,6,3,2016-07-06,"AA",19805,"AA","600",11057,"CLT","Charlotte, NC","NC",14107,"PHX","Phoenix, AZ","AZ","0945","0947",2.00,2.00,21.00,3.00,"1111","1101",-10.00,0.00,0.00,"",0.00,266.00,254.00,230.00,1.00,1773.00,,,,,,
2016,7,6,3,2016-07-06,"AA",19805,"AA","600",14635,"RSW","Fort Myers, FL","FL",11057,"CLT","Charlotte, NC","NC","0635","0631",-4.00,0.00,14.00,9.00,"0828","0815",-13.00,0.00,0.00,"",0.00,113.00,104.00,81.00,1.00,600.00,,,,,,
2016,7,6,3,2016-07-06,"AA",19805,"AA","601",11057,"CLT","Charlotte, NC","NC",10792,"BUF","Buffalo, NY","NY","1540","1535",-5.00,0.00,17.00,4.00,"1717","1712",-5.00,0.00,0.00,"",0.00,97.00,97.00,76.00,1.00,546.00,,,,,,
2016,7,6,3,2016-07-06,"AA",19805,"AA","603",14107,"PHX","Phoenix, AZ","AZ",14747,"SEA","Seattle, WA","WA","2021","2125",64.00,64.00,13.00,9.00,"2319","0016",57.00,57.00,0.00,"",0.00,178.00,171.00,149.00,1.00,1107.00,57.00,0.00,0.00,0.00,0.00,
2016,7,6,3,2016-07-06,"AA",19805,"AA","604",12892,"LAX","Los Angeles, CA","CA",13487,"MSP","Minneapolis, MN","MN","0950","0952",2.00,2.00,26.00,3.00,"1538","1520",-18.00,0.00,0.00,"",0.00,228.00,208.00,179.00,1.00,1535.00,,,,,,
2016,7,6,3,2016-07-06,"AA",19805,"AA","604",13487,"MSP","Minneapolis, MN","MN",12892,"LAX","Los Angeles, CA","CA","1645","1644",-1.00,0.00,11.00,11.00,"1855","1839",-16.00,0.00,0.00,"",0.00,250.00,235.00,213.00,1.00,1535.00,,,,,,
2016,7,6,3,2016-07-06,"AA",19805,"AA","606",11298,"DFW","Dallas/Fort Worth, TX","TX",14107,"PHX","Phoenix, AZ","AZ","1845","1955",70.00,70.00,15.00,4.00,"1915","2037",82.00,82.00,0.00,"",0.00,150.00,162.00,143.00,1.00,868.00,4.00,0.00,12.00,0.00,66.00,
2016,7,6,3,2016-07-06,"AA",19805,"AA","606",14679,"SAN","San Diego, CA","CA",11298,"DFW","Dallas/Fort Worth, TX","TX","1247","1404",77.00,77.00,11.00,19.00,"1745","1856",71.00,71.00,0.00,"",0.00,178.00,172.00,142.00,1.00,1171.00,0.00,0.00,0.00,0.00,71.00,
2016,7,6,3,2016-07-06,"AA",19805,"AA","607",12889,"LAS","Las Vegas, NV","NV",14100,"PHL","Philadelphia, PA","PA","2235","2309",34.00,34.00,20.00,11.00,"0614","0650",36.00,36.00,0.00,"",0.00,279.00,281.00,250.00,1.00,2176.00,24.00,0.00,2.00,0.00,10.00,
2016,7,6,3,2016-07-06,"AA",19805,"AA","608",12892,"LAX","Los Angeles, CA","CA",14107,"PHX","Phoenix, AZ","AZ","1745","1746",1.00,1.00,17.00,3.00,"1915","1903",-12.00,0.00,0.00,"",0.00,90.00,77.00,57.00,1.00,370.00,,,,,,
2016,7,6,3,2016-07-06,"AA",19805,"AA","608",14107,"PHX","Phoenix, AZ","AZ",12889,"LAS","Las Vegas, NV","NV","2022","2015",-7.00,0.00,21.00,10.00,"2132","2126",-6.00,0.00,0.00,"",0.00,70.00,71.00,40.00,1.00,255.00,,,,,,
2016,7,6,3,2016-07-06,"AA",19805,"AA","609",11057,"CLT","Charlotte, NC","NC",14747,"SEA","Seattle, WA","WA","1810","1809",-1.00,0.00,22.00,9.00,"2048","2050",2.00,2.00,0.00,"",0.00,338.00,341.00,310.00,1.00,2279.00,,,,,,
2016,7,6,3,2016-07-06,"AA",19805,"AA","609",11618,"EWR","Newark, NJ","NJ",11057,"CLT","Charlotte, NC","NC","1505","1501",-4.00,0.00,19.00,11.00,"1701","1716",15.00,15.00,0.00,"",0.00,116.00,135.00,105.00,1.00,529.00,0.00,0.00,15.00,0.00,0.00,
2016,7,6,3,2016-07-06,"AA",19805,"AA","610",10397,"ATL","Atlanta, GA","GA",11057,"CLT","Charlotte, NC","NC","1715","1711",-4.00,0.00,26.00,28.00,"1845","1850",5.00,5.00,0.00,"",0.00,90.00,99.00,45.00,1.00,226.00,,,,,,
2016,7,6,3,2016-07-06,"AA",19805,"AA","610",11057,"CLT","Charlotte, NC","NC",11697,"FLL","Fort Lauderdale, FL","FL","2000","1956",-4.00,0.00,23.00,4.00,"2154","2211",17.00,17.00,0.00,"",0.00,114.00,135.00,108.00,1.00,632.00,0.00,0.00,17.00,0.00,0.00,
2016,7,6,3,2016-07-06,"AA",19805,"AA","610",13796,"OAK","Oakland, CA","CA",14107,"PHX","Phoenix, AZ","AZ","0600","0608",8.00,8.00,12.00,9.00,"0758","0758",0.00,0.00,0.00,"",0.00,118.00,110.00,89.00,1.00,646.00,,,,,,
2016,7,6,3,2016-07-06,"AA",19805,"AA","610",14107,"PHX","Phoenix, AZ","AZ",10397,"ATL","Atlanta, GA","GA","0858","0855",-3.00,0.00,36.00,8.00,"1552","1608",16.00,16.00,0.00,"",0.00,234.00,253.00,209.00,1.00,1587.00,0.00,0.00,16.00,0.00,0.00,
2016,7,6,3,2016-07-06,"AA",19805,"AA","611",10397,"ATL","Atlanta, GA","GA",14107,"PHX","Phoenix, AZ","AZ","2059","2207",68.00,68.00,10.00,5.00,"2154","2243",49.00,49.00,0.00,"",0.00,235.00,216.00,201.00,1.00,1587.00,1.00,0.00,0.00,0.00,48.00,
2016,7,6,3,2016-07-06,"AA",19805,"AA","611",11298,"DFW","Dallas/Fort Worth, TX","TX",10397,"ATL","Atlanta, GA","GA","1645","1807",82.00,82.00,27.00,9.00,"1959","2121",82.00,82.00,0.00,"",0.00,134.00,134.00,98.00,1.00,731.00,1.00,0.00,0.00,0.00,81.00,
2016,7,6,3,2016-07-06,"AA",19805,"AA","611",14100,"PHL","Philadelphia, PA","PA",11298,"DFW","Dallas/Fort Worth, TX","TX","1309","1445",96.00,96.00,33.00,11.00,"1530","1716",106.00,106.00,0.00,"",0.00,201.00,211.00,167.00,1.00,1303.00,0.00,0.00,10.00,0.00,96.00,
2016,7,6,3,2016-07-06,"AA",19805,"AA","612",10397,"ATL","Atlanta, GA","GA",11298,"DFW","Dallas/Fort Worth, TX","TX","1955","2019",24.00,24.00,24.00,6.00,"2114","2130",16.00,16.00,0.00,"",0.00,139.00,131.00,101.00,1.00,731.00,12.00,0.00,0.00,0.00,4.00,
2016,7,6,3,2016-07-06,"AA",19805,"AA","612",14107,"PHX","Phoenix, AZ","AZ",10397,"ATL","Atlanta, GA","GA","1220","1217",-3.00,0.00,17.00,18.00,"1905","1916",11.00,11.00,0.00,"",0.00,225.00,239.00,204.00,1.00,1587.00,,,,,,
2016,7,6,3,2016-07-06,"AA",19805,"AA","612",14570,"RNO","Reno, NV","NV",14107,"PHX","Phoenix, AZ","AZ","0930","0923",-7.00,0.00,14.00,4.00,"1113","1100",-13.00,0.00,0.00,"",0.00,103.00,97.00,79.00,1.00,601.00,,,,,,
2016,7,6,3,2016-07-06,"AA",19805,"AA","615",10721,"BOS","Boston, MA","MA",14100,"PHL","Philadelphia, PA","PA","0500","0454",-6.00,0.00,20.00,3.00,"0621","0614",-7.00,0.00,0.00,"",0.00,81.00,80.00,57.00,1.00,280.00,,,,,,
2016,7,6,3,2016-07-06,"AA",19805,"AA","615",14100,"PHL","Philadelphia, PA","PA",14771,"SFO","San Francisco, CA","CA","0740","0737",-3.00,0.00,16.00,6.00,"1039","1029",-10.00,0.00,0.00,"",0.00,359.00,352.00,330.00,1.00,2521.00,,,,,,
2016,7,6,3,2016-07-06,"AA",19805,"AA","616",11057,"CLT","Charlotte, NC","NC",11292,"DEN","Denver, CO","CO","2020","2015",-5.00,0.00,19.00,17.00,"2150","2209",19.00,19.00,0.00,"",0.00,210.00,234.00,198.00,1.00,1337.00,0.00,0.00,19.00,0.00,0.00,
2016,7,6,3,2016-07-06,"AA",19805,"AA","616",12953,"LGA","New York, NY","NY",11057,"CLT","Charlotte, NC","NC","1710","1742",32.00,32.00,21.00,7.00,"1920","1927",7.00,7.00,0.00,"",0.00,130.00,105.00,77.00,1.00,544.00,,,,,,
2016,7,6,3,2016-07-06,"AA",19805,"AA","618",11298,"DFW","Dallas/Fort Worth, TX","TX",12889,"LAS","Las Vegas, NV","NV","1635","1635",0.00,0.00,23.00,7.00,"1723","1726",3.00,3.00,0.00,"",0.00,168.00,171.00,141.00,1.00,1055.00,,,,,,
2016,7,6,3,2016-07-06,"AA",19805,"AA","618",12889,"LAS","Las Vegas, NV","NV",11298,"DFW","Dallas/Fort Worth, TX","TX","1815","1823",8.00,8.00,16.00,6.00,"2253","2256",3.00,3.00,0.00,"",0.00,158.00,153.00,131.00,1.00,1055.00,,,,,,
2016,7,6,3,2016-07-06,"AA",19805,"AA","619",11057,"CLT","Charlotte, NC","NC",14771,"SFO","San Francisco, CA","CA","1955","2022",27.00,27.00,20.00,7.00,"2213","2244",31.00,31.00,0.00,"",0.00,318.00,322.00,295.00,1.00,2296.00,0.00,0.00,4.00,0.00,27.00,
2016,7,6,3,2016-07-06,"AA",19805,"AA","622",13930,"ORD","Chicago, IL","IL",11057,"CLT","Charlotte, NC","NC","1340","1348",8.00,8.00,20.00,24.00,"1641","1712",31.00,31.00,0.00,"",0.00,121.00,144.00,100.00,1.00,599.00,0.00,0.00,23.00,0.00,8.00,
2016,7,6,3,2016-07-06,"AA",19805,"AA","624",14747,"SEA","Seattle, WA","WA",11057,"CLT","Charlotte, NC","NC","2214","2211",-3.00,0.00,15.00,5.00,"0605","0614",9.00,9.00,0.00,"",0.00,291.00,303.00,283.00,1.00,2279.00,,,,,,
2016,7,6,3,2016-07-06,"AA",19805,"AA","625",14107,"PHX","Phoenix, AZ","AZ",10713,"BOI","Boise, ID","ID","0940","1024",44.00,44.00,17.00,4.00,"1241","1322",41.00,41.00,0.00,"",0.00,121.00,118.00,97.00,1.00,735.00,28.00,0.00,0.00,0.00,13.00,
2016,7,6,3,2016-07-06,"AA",19805,"AA","626",14107,"PHX","Phoenix, AZ","AZ",10721,"BOS","Boston, MA","MA","2355","2350",-5.00,0.00,10.00,9.00,"0747","0725",-22.00,0.00,0.00,"",0.00,292.00,275.00,256.00,1.00,2300.00,,,,,,
2016,7,6,3,2016-07-06,"AA",19805,"AA","627",11433,"DTW","Detroit, MI","MI",14107,"PHX","Phoenix, AZ","AZ","1750","1747",-3.00,0.00,16.00,6.00,"1900","1849",-11.00,0.00,0.00,"",0.00,250.00,242.00,220.00,1.00,1671.00,,,,,,
2016,7,6,3,2016-07-06,"AA",19805,"AA","627",14107,"PHX","Phoenix, AZ","AZ",13796,"OAK","Oakland, CA","CA","2005","2001",-4.00,0.00,12.00,5.00,"2200","2149",-11.00,0.00,0.00,"",0.00,115.00,108.00,91.00,1.00,646.00,,,,,,
2016,7,6,3,2016-07-06,"AA",19805,"AA","628",11057,"CLT","Charlotte, NC","NC",14107,"PHX","Phoenix, AZ","AZ","1300","1255",-5.00,0.00,12.00,10.00,"1417","1406",-11.00,0.00,0.00,"",0.00,257.00,251.00,229.00,1.00,1773.00,,,,,,
2016,7,6,3,2016-07-06,"AA",19805,"AA","628",13930,"ORD","Chicago, IL","IL",11057,"CLT","Charlotte, NC","NC","0900","1033",93.00,93.00,34.00,13.00,"1158","1353",115.00,115.00,0.00,"",0.00,118.00,140.00,93.00,1.00,599.00,93.00,0.00,22.00,0.00,0.00,
2016,7,6,3,2016-07-06,"AA",19805,"AA","631",12173,"HNL","Honolulu, HI","HI",14107,"PHX","Phoenix, AZ","AZ","2110","2105",-5.00,0.00,16.00,5.00,"0604","0545",-19.00,0.00,0.00,"",0.00,354.00,340.00,319.00,1.00,2917.00,,,,,,
2016,7,6,3,2016-07-06,"AA",19805,"AA","633",14107,"PHX","Phoenix, AZ","AZ",13830,"OGG","Kahului, HI","HI","0805","0800",-5.00,0.00,17.00,4.00,"1132","1123",-9.00,0.00,0.00,"",0.00,387.00,383.00,362.00,1.00,2845.00,,,,,,
2016,7,6,3,2016-07-06,"AA",19805,"AA","634",14107,"PHX","Phoenix, AZ","AZ",14122,"PIT","Pittsburgh, PA","PA","1604","1559",-5.00,0.00,8.00,5.00,"2259","2242",-17.00,0.00,0.00,"",0.00,235.00,223.00,210.00,1.00,1814.00,,,,,,
2016,7,6,3,2016-07-06,"AA",19805,"AA","635",12892,"LAX","Los Angeles, CA","CA",10693,"BNA","Nashville, TN","TN","1820","1814",-6.00,0.00,26.00,5.00,"0029","0010",-19.00,0.00,0.00,"",0.00,249.00,236.00,205.00,1.00,1797.00,,,,,,
2016,7,6,3,2016-07-06,"AA",19805,"AA","636",13487,"MSP","Minneapolis, MN","MN",14107,"PHX","Phoenix, AZ","AZ","1440","1436",-4.00,0.00,11.00,5.00,"1553","1543",-10.00,0.00,0.00,"",0.00,193.00,187.00,171.00,1.00,1276.00,,,,,,
2016,7,6,3,2016-07-06,"AA",19805,"AA","636",14107,"PHX","Phoenix, AZ","AZ",12889,"LAS","Las Vegas, NV","NV","1700","1657",-3.00,0.00,18.00,7.00,"1805","1800",-5.00,0.00,0.00,"",0.00,65.00,63.00,38.00,1.00,255.00,,,,,,
2016,7,6,3,2016-07-06,"AA",19805,"AA","637",11057,"CLT","Charlotte, NC","NC",12889,"LAS","Las Vegas, NV","NV","1650","1647",-3.00,0.00,27.00,7.00,"1830","1830",0.00,0.00,0.00,"",0.00,280.00,283.00,249.00,1.00,1916.00,,,,,,
2016,7,6,3,2016-07-06,"AA",19805,"AA","637",13204,"MCO","Orlando, FL","FL",11057,"CLT","Charlotte, NC","NC","1406","1403",-3.00,0.00,17.00,4.00,"1555","1542",-13.00,0.00,0.00,"",0.00,109.00,99.00,78.00,1.00,468.00,,,,,,
2016,7,6,3,2016-07-06,"AA",19805,"AA","638",11433,"DTW","Detroit, MI","MI",14107,"PHX","Phoenix, AZ","AZ","1125","1121",-4.00,0.00,44.00,5.00,"1229","1251",22.00,22.00,0.00,"",0.00,244.00,270.00,221.00,1.00,1671.00,0.00,0.00,22.00,0.00,0.00,
2016,7,6,3,2016-07-06,"AA",19805,"AA","638",14107,"PHX","Phoenix, AZ","AZ",14831,"SJC","San Jose, CA","CA","1332","1327",-5.00,0.00,11.00,4.00,"1518","1512",-6.00,0.00,0.00,"",0.00,106.00,105.00,90.00,1.00,621.00,,,,,,
2016,7,6,3,2016-07-06,"AA",19805,"AA","639",11298,"DFW","Dallas/Fort Worth, TX","TX",14107,"PHX","Phoenix, AZ","AZ","1215","1217",2.00,2.00,23.00,10.00,"1241","1253",12.00,12.00,0.00,"",0.00,146.00,156.00,123.00,1.00,868.00,,,,,,
2016,7,6,3,2016-07-06,"AA",19805,"AA","639",14107,"PHX","Phoenix, AZ","AZ",14679,"SAN","San Diego, CA","CA","1355","1403",8.00,8.00,16.00,3.00,"1505","1512",7.00,7.00,0.00,"",0.00,70.00,69.00,50.00,1.00,304.00,,,,,,
2016,7,6,3,2016-07-06,"AA",19805,"AA","639",14679,"SAN","San Diego, CA","CA",11298,"DFW","Dallas/Fort Worth, TX","TX","1605","1559",-6.00,0.00,17.00,9.00,"2105","2048",-17.00,0.00,0.00,"",0.00,180.00,169.00,143.00,1.00,1171.00,,,,,,
2016,7,6,3,2016-07-06,"AA",19805,"AA","640",14107,"PHX","Phoenix, AZ","AZ",12892,"LAX","Los Angeles, CA","CA","2000","2008",8.00,8.00,24.00,43.00,"2135","2214",39.00,39.00,0.00,"",0.00,95.00,126.00,59.00,1.00,370.00,8.00,0.00,31.00,0.00,0.00,
2016,7,6,3,2016-07-06,"AA",19805,"AA","641",14107,"PHX","Phoenix, AZ","AZ",14679,"SAN","San Diego, CA","CA","2255","2252",-3.00,0.00,13.00,2.00,"2359","2352",-7.00,0.00,0.00,"",0.00,64.00,60.00,45.00,1.00,304.00,,,,,,
2016,7,6,3,2016-07-06,"AA",19805,"AA","641",15304,"TPA","Tampa, FL","FL",14107,"PHX","Phoenix, AZ","AZ","2045","2128",43.00,43.00,11.00,4.00,"2152","2224",32.00,32.00,0.00,"",0.00,247.00,236.00,221.00,1.00,1788.00,0.00,0.00,0.00,0.00,32.00,
2016,7,6,3,2016-07-06,"AA",19805,"AA","642",14107,"PHX","Phoenix, AZ","AZ",11292,"DEN","Denver, CO","CO","1455","1545",50.00,50.00,11.00,5.00,"1740","1818",38.00,38.00,0.00,"",0.00,105.00,93.00,77.00,1.00,602.00,38.00,0.00,0.00,0.00,0.00,
2016,7,6,3,2016-07-06,"AA",19805,"AA","643",11057,"CLT","Charlotte, NC","NC",12889,"LAS","Las Vegas, NV","NV","2009","2012",3.00,3.00,19.00,7.00,"2145","2145",0.00,0.00,0.00,"",0.00,276.00,273.00,247.00,1.00,1916.00,,,,,,
2016,7,6,3,2016-07-06,"AA",19805,"AA","644",13342,"MKE","Milwaukee, WI","WI",14107,"PHX","Phoenix, AZ","AZ","1725","1947",142.00,142.00,7.00,5.00,"1904","2100",116.00,116.00,0.00,"",0.00,219.00,193.00,181.00,1.00,1460.00,116.00,0.00,0.00,0.00,0.00,
2016,7,6,3,2016-07-06,"AA",19805,"AA","645",13830,"OGG","Kahului, HI","HI",14107,"PHX","Phoenix, AZ","AZ","1305","1320",15.00,15.00,20.00,7.00,"2151","2203",12.00,12.00,0.00,"",0.00,346.00,343.00,316.00,1.00,2845.00,,,,,,
2016,7,6,3,2016-07-06,"AA",19805,"AA","646",14107,"PHX","Phoenix, AZ","AZ",10721,"BOS","Boston, MA","MA","0905","0905",0.00,0.00,29.00,4.00,"1712","1710",-2.00,0.00,0.00,"",0.00,307.00,305.00,272.00,1.00,2300.00,,,,,,
2016,7,6,3,2016-07-06,"AA",19805,"AA","647",14100,"PHL","Philadelphia, PA","PA",14107,"PHX","Phoenix, AZ","AZ","0710","0704",-6.00,0.00,23.00,6.00,"0906","0906",0.00,0.00,0.00,"",0.00,296.00,302.00,273.00,1.00,2075.00,,,,,,
2016,7,6,3,2016-07-06,"AA",19805,"AA","647",14107,"PHX","Phoenix, AZ","AZ",13891,"ONT","Ontario, CA","CA","1006","0959",-7.00,0.00,14.00,6.00,"1123","1108",-15.00,0.00,0.00,"",0.00,77.00,69.00,49.00,1.00,325.00,,,,,,
2016,7,6,3,2016-07-06,"AA",19805,"AA","648",14679,"SAN","San Diego, CA","CA",14100,"PHL","Philadelphia, PA","PA","2205","2200",-5.00,0.00,16.00,5.00,"0609","0548",-21.00,0.00,0.00,"",0.00,304.00,288.00,267.00,1.00,2370.00,,,,,,
2016,7,6,3,2016-07-06,"AA",19805,"AA","649",14107,"PHX","Phoenix, AZ","AZ",11298,"DFW","Dallas/Fort Worth, TX","TX","0859","0944",45.00,45.00,15.00,9.00,"1335","1353",18.00,18.00,0.00,"",0.00,156.00,129.00,105.00,1.00,868.00,0.00,0.00,0.00,0.00,18.00,
2016,7,6,3,2016-07-06,"AA",19805,"AA","649",14771,"SFO","San Francisco, CA","CA",14107,"PHX","Phoenix, AZ","AZ","0600","0802",122.00,122.00,21.00,4.00,"0800","0956",116.00,116.00,0.00,"",0.00,120.00,114.00,89.00,1.00,651.00,116.00,0.00,0.00,0.00,0.00,
2016,7,6,3,2016-07-06,"AA",19805,"AA","650",12892,"LAX","Los Angeles, CA","CA",14100,"PHL","Philadelphia, PA","PA","2200","2154",-6.00,0.00,20.00,7.00,"0617","0554",-23.00,0.00,0.00,"",0.00,317.00,300.00,273.00,1.00,2402.00,,,,,,
2016,7,6,3,2016-07-06,"AA",19805,"AA","651",11057,"CLT","Charlotte, NC","NC",11292,"DEN","Denver, CO","CO","1820","1910",50.00,50.00,15.00,5.00,"1954","2038",44.00,44.00,0.00,"",0.00,214.00,208.00,188.00,1.00,1337.00,5.00,0.00,0.00,0.00,39.00,
2016,7,6,3,2016-07-06,"AA",19805,"AA","651",13204,"MCO","Orlando, FL","FL",11057,"CLT","Charlotte, NC","NC","1535","1546",11.00,11.00,15.00,10.00,"1725","1726",1.00,1.00,0.00,"",0.00,110.00,100.00,75.00,1.00,468.00,,,,,,
2016,7,6,3,2016-07-06,"AA",19805,"AA","652",14107,"PHX","Phoenix, AZ","AZ",15016,"STL","St. Louis, MO","MO","0846","0843",-3.00,0.00,29.00,10.00,"1349","1350",1.00,1.00,0.00,"",0.00,183.00,187.00,148.00,1.00,1262.00,,,,,,
2016,7,6,3,2016-07-06,"AA",19805,"AA","652",14869,"SLC","Salt Lake City, UT","UT",14107,"PHX","Phoenix, AZ","AZ","0710","0706",-4.00,0.00,13.00,4.00,"0745","0733",-12.00,0.00,0.00,"",0.00,95.00,87.00,70.00,1.00,507.00,,,,,,
2016,7,6,3,2016-07-06,"AA",19805,"AA","653",10299,"ANC","Anchorage, AK","AK",12892,"LAX","Los Angeles, CA","CA","2335","2335",0.00,0.00,18.00,10.00,"0610","0600",-10.00,0.00,0.00,"",0.00,335.00,325.00,297.00,1.00,2345.00,,,,,,
2016,7,6,3,2016-07-06,"AA",19805,"AA","653",10397,"ATL","Atlanta, GA","GA",11057,"CLT","Charlotte, NC","NC","1040","1035",-5.00,0.00,25.00,6.00,"1157","1151",-6.00,0.00,0.00,"",0.00,77.00,76.00,45.00,1.00,226.00,,,,,,
2016,7,6,3,2016-07-06,"AA",19805,"AA","653",10423,"AUS","Austin, TX","TX",14107,"PHX","Phoenix, AZ","AZ","1530","1526",-4.00,0.00,10.00,9.00,"1547","1544",-3.00,0.00,0.00,"",0.00,137.00,138.00,119.00,1.00,872.00,,,,,,
2016,7,6,3,2016-07-06,"AA",19805,"AA","653",11057,"CLT","Charlotte, NC","NC",10423,"AUS","Austin, TX","TX","1255","1250",-5.00,0.00,11.00,5.00,"1434","1426",-8.00,0.00,0.00,"",0.00,159.00,156.00,140.00,1.00,1032.00,,,,,,
2016,7,6,3,2016-07-06,"AA",19805,"AA","653",14107,"PHX","Phoenix, AZ","AZ",10299,"ANC","Anchorage, AK","AK","1715","1710",-5.00,0.00,12.00,4.00,"2151","2150",-1.00,0.00,0.00,"",0.00,336.00,340.00,324.00,1.00,2552.00,,,,,,
2016,7,6,3,2016-07-06,"AA",19805,"AA","654",12889,"LAS","Las Vegas, NV","NV",14100,"PHL","Philadelphia, PA","PA","1405","1359",-6.00,0.00,18.00,3.00,"2150","2125",-25.00,0.00,0.00,"",0.00,285.00,266.00,245.00,1.00,2176.00,,,,,,
2016,7,6,3,2016-07-06,"AA",19805,"AA","655",14635,"RSW","Fort Myers, FL","FL",11057,"CLT","Charlotte, NC","NC","1310","1303",-7.00,0.00,11.00,35.00,"1505","1512",7.00,7.00,0.00,"",0.00,115.00,129.00,83.00,1.00,600.00,,,,,,
2016,7,6,3,2016-07-06,"AA",19805,"AA","656",13204,"MCO","Orlando, FL","FL",14100,"PHL","Philadelphia, PA","PA","0620","0620",0.00,0.00,14.00,7.00,"0844","0840",-4.00,0.00,0.00,"",0.00,144.00,140.00,119.00,1.00,861.00,,,,,,
2016,7,6,3,2016-07-06,"AA",19805,"AA","656",14100,"PHL","Philadelphia, PA","PA",14771,"SFO","San Francisco, CA","CA","1025","1152",87.00,87.00,22.00,5.00,"1328","1450",82.00,82.00,0.00,"",0.00,363.00,358.00,331.00,1.00,2521.00,82.00,0.00,0.00,0.00,0.00,
2016,7,6,3,2016-07-06,"AA",19805,"AA","657",11057,"CLT","Charlotte, NC","NC",12266,"IAH","Houston, TX","TX","1320","1401",41.00,41.00,15.00,5.00,"1452","1527",35.00,35.00,0.00,"",0.00,152.00,146.00,126.00,1.00,912.00,35.00,0.00,0.00,0.00,0.00,
2016,7,6,3,2016-07-06,"AA",19805,"AA","657",14307,"PVD","Providence, RI","RI",11057,"CLT","Charlotte, NC","NC","1015","1130",75.00,75.00,7.00,3.00,"1228","1318",50.00,50.00,0.00,"",0.00,133.00,108.00,98.00,1.00,683.00,50.00,0.00,0.00,0.00,0.00,
2016,7,6,3,2016-07-06,"AA",19805,"AA","658",11057,"CLT","Charlotte, NC","NC",12889,"LAS","Las Vegas, NV","NV","0800","0829",29.00,29.00,16.00,6.00,"0942","1000",18.00,18.00,0.00,"",0.00,282.00,271.00,249.00,1.00,1916.00,16.00,0.00,0.00,0.00,2.00,
2016,7,6,3,2016-07-06,"AA",19805,"AA","659",11066,"CMH","Columbus, OH","OH",12892,"LAX","Los Angeles, CA","CA","1655","1656",1.00,1.00,17.00,16.00,"1840","1848",8.00,8.00,0.00,"",0.00,285.00,292.00,259.00,1.00,1995.00,,,,,,
2016,7,6,3,2016-07-06,"AA",19805,"AA","660",12892,"LAX","Los Angeles, CA","CA",14100,"PHL","Philadelphia, PA","PA","1105","1110",5.00,5.00,18.00,7.00,"1925","1906",-19.00,0.00,0.00,"",0.00,320.00,296.00,271.00,1.00,2402.00,,,,,,
2016,7,6,3,2016-07-06,"AA",19805,"AA","661",12173,"HNL","Honolulu, HI","HI",14107,"PHX","Phoenix, AZ","AZ","1300","1302",2.00,2.00,35.00,5.00,"2205","2205",0.00,0.00,0.00,"",0.00,365.00,363.00,323.00,1.00,2917.00,,,,,,
2016,7,6,3,2016-07-06,"AA",19805,"AA","662",11057,"CLT","Charlotte, NC","NC",14771,"SFO","San Francisco, CA","CA","0730","0736",6.00,6.00,12.00,7.00,"0950","0948",-2.00,0.00,0.00,"",0.00,320.00,312.00,293.00,1.00,2296.00,,,,,,
2016,7,6,3,2016-07-06,"AA",19805,"AA","663",14107,"PHX","Phoenix, AZ","AZ",12758,"KOA","Kona, HI","HI","1040","1034",-6.00,0.00,21.00,2.00,"1405","1353",-12.00,0.00,0.00,"",0.00,385.00,379.00,356.00,1.00,2860.00,,,,,,
2016,7,6,3,2016-07-06,"AA",19805,"AA","664",12758,"KOA","Kona, HI","HI",14107,"PHX","Phoenix, AZ","AZ","2250","2234",-16.00,0.00,10.00,7.00,"0732","0703",-29.00,0.00,0.00,"",0.00,342.00,329.00,312.00,1.00,2860.00,,,,,,
2016,7,6,3,2016-07-06,"AA",19805,"AA","665",14107,"PHX","Phoenix, AZ","AZ",11066,"CMH","Columbus, OH","OH","0844","0839",-5.00,0.00,23.00,6.00,"1532","1534",2.00,2.00,0.00,"",0.00,228.00,235.00,206.00,1.00,1670.00,,,,,,
2016,7,6,3,2016-07-06,"AA",19805,"AA","665",14570,"RNO","Reno, NV","NV",14107,"PHX","Phoenix, AZ","AZ","0605","0603",-2.00,0.00,11.00,4.00,"0748","0740",-8.00,0.00,0.00,"",0.00,103.00,97.00,82.00,1.00,601.00,,,,,,
2016,7,6,3,2016-07-06,"AA",19805,"AA","668",14100,"PHL","Philadelphia, PA","PA",11292,"DEN","Denver, CO","CO","2100","2054",-6.00,0.00,18.00,31.00,"2309","2312",3.00,3.00,0.00,"",0.00,249.00,258.00,209.00,1.00,1558.00,,,,,,
2016,7,6,3,2016-07-06,"AA",19805,"AA","669",11292,"DEN","Denver, CO","CO",14100,"PHL","Philadelphia, PA","PA","0030","0028",-2.00,0.00,12.00,5.00,"0556","0601",5.00,5.00,0.00,"",0.00,206.00,213.00,196.00,1.00,1558.00,,,,,,
2016,7,6,3,2016-07-06,"AA",19805,"AA","670",11298,"DFW","Dallas/Fort Worth, TX","TX",12889,"LAS","Las Vegas, NV","NV","1240","1240",0.00,0.00,17.00,7.00,"1332","1329",-3.00,0.00,0.00,"",0.00,172.00,169.00,145.00,1.00,1055.00,,,,,,
2016,7,6,3,2016-07-06,"AA",19805,"AA","670",12889,"LAS","Las Vegas, NV","NV",11298,"DFW","Dallas/Fort Worth, TX","TX","1435","1429",-6.00,0.00,12.00,14.00,"1923","1906",-17.00,0.00,0.00,"",0.00,168.00,157.00,131.00,1.00,1055.00,,,,,,
2016,7,6,3,2016-07-06,"AA",19805,"AA","672",12889,"LAS","Las Vegas, NV","NV",11298,"DFW","Dallas/Fort Worth, TX","TX","0615","0615",0.00,0.00,13.00,16.00,"1059","1051",-8.00,0.00,0.00,"",0.00,164.00,156.00,127.00,1.00,1055.00,,,,,,
2016,7,6,3,2016-07-06,"AA",19805,"AA","673",10821,"BWI","Baltimore, MD","MD",11057,"CLT","Charlotte, NC","NC","1535","1621",46.00,46.00,11.00,8.00,"1706","1737",31.00,31.00,0.00,"",0.00,91.00,76.00,57.00,1.00,361.00,0.00,0.00,0.00,0.00,31.00,
2016,7,6,3,2016-07-06,"AA",19805,"AA","673",11057,"CLT","Charlotte, NC","NC",12266,"IAH","Houston, TX","TX","1759","1830",31.00,31.00,35.00,6.00,"1927","2011",44.00,44.00,0.00,"",0.00,148.00,161.00,120.00,1.00,912.00,8.00,0.00,13.00,0.00,23.00,
2016,7,6,3,2016-07-06,"AA",19805,"AA","674",14100,"PHL","Philadelphia, PA","PA",14679,"SAN","San Diego, CA","CA","0755","0750",-5.00,0.00,21.00,16.00,"1027","1034",7.00,7.00,0.00,"",0.00,332.00,344.00,307.00,1.00,2370.00,,,,,,
2016,7,6,3,2016-07-06,"AA",19805,"AA","675",11298,"DFW","Dallas/Fort Worth, TX","TX",14057,"PDX","Portland, OR","OR","2200","2213",13.00,13.00,24.00,7.00,"2353","0035",42.00,42.00,0.00,"",0.00,233.00,262.00,231.00,1.00,1616.00,9.00,0.00,29.00,0.00,4.00,
2016,7,6,3,2016-07-06,"AA",19805,"AA","675",14100,"PHL","Philadelphia, PA","PA",11298,"DFW","Dallas/Fort Worth, TX","TX","1800","1807",7.00,7.00,39.00,16.00,"2039","2109",30.00,30.00,0.00,"",0.00,219.00,242.00,187.00,1.00,1303.00,7.00,0.00,23.00,0.00,0.00,
2016,7,6,3,2016-07-06,"AA",19805,"AA","676",12892,"LAX","Los Angeles, CA","CA",10299,"ANC","Anchorage, AK","AK","1937","1945",8.00,8.00,21.00,4.00,"0020","0006",-14.00,0.00,0.00,"",0.00,343.00,321.00,296.00,1.00,2345.00,,,,,,
2016,7,6,3,2016-07-06,"AA",19805,"AA","677",12889,"LAS","Las Vegas, NV","NV",14100,"PHL","Philadelphia, PA","PA","0655","0653",-2.00,0.00,11.00,4.00,"1434","1423",-11.00,0.00,0.00,"",0.00,279.00,270.00,255.00,1.00,2176.00,,,,,,
2016,7,6,3,2016-07-06,"AA",19805,"AA","678",11057,"CLT","Charlotte, NC","NC",12892,"LAX","Los Angeles, CA","CA","1805","1803",-2.00,0.00,15.00,14.00,"2014","2006",-8.00,0.00,0.00,"",0.00,309.00,303.00,274.00,1.00,2125.00,,,,,,
2016,7,6,3,2016-07-06,"AA",19805,"AA","679",10721,"BOS","Boston, MA","MA",11057,"CLT","Charlotte, NC","NC","0755","",,,,,"1023","",,,1.00,"A",0.00,148.00,,,1.00,728.00,,,,,,
2016,7,6,3,2016-07-06,"AA",19805,"AA","679",11057,"CLT","Charlotte, NC","NC",14107,"PHX","Phoenix, AZ","AZ","1125","1123",-2.00,0.00,13.00,3.00,"1240","1231",-9.00,0.00,0.00,"",0.00,255.00,248.00,232.00,1.00,1773.00,,,,,,
2016,7,6,3,2016-07-06,"AA",19805,"AA","680",14107,"PHX","Phoenix, AZ","AZ",11278,"DCA","Washington, DC","VA","1240","1326",46.00,46.00,22.00,12.00,"2003","2120",77.00,77.00,0.00,"",0.00,263.00,294.00,260.00,1.00,1979.00,24.00,0.00,31.00,0.00,22.00,
2016,7,6,3,2016-07-06,"AA",19805,"AA","683",13495,"MSY","New Orleans, LA","LA",14100,"PHL","Philadelphia, PA","PA","1310","1305",-5.00,0.00,15.00,4.00,"1704","1650",-14.00,0.00,0.00,"",0.00,174.00,165.00,146.00,1.00,1089.00,,,,,,
2016,7,6,3,2016-07-06,"AA",19805,"AA","683",14100,"PHL","Philadelphia, PA","PA",13495,"MSY","New Orleans, LA","LA","1005","1008",3.00,3.00,22.00,5.00,"1213","1159",-14.00,0.00,0.00,"",0.00,188.00,171.00,144.00,1.00,1089.00,,,,,,
2016,7,6,3,2016-07-06,"AA",19805,"AA","684",14107,"PHX","Phoenix, AZ","AZ",12982,"LIH","Lihue, HI","HI","1015","1008",-7.00,0.00,15.00,5.00,"1401","1335",-26.00,0.00,0.00,"",0.00,406.00,387.00,367.00,1.00,2979.00,,,,,,
2016,7,6,3,2016-07-06,"AA",19805,"AA","686",11057,"CLT","Charlotte, NC","NC",14107,"PHX","Phoenix, AZ","AZ","1435","1443",8.00,8.00,17.00,5.00,"1551","1555",4.00,4.00,0.00,"",0.00,256.00,252.00,230.00,1.00,1773.00,,,,,,
2016,7,6,3,2016-07-06,"AA",19805,"AA","686",13204,"MCO","Orlando, FL","FL",11057,"CLT","Charlotte, NC","NC","1155","1320",85.00,85.00,7.00,10.00,"1335","1449",74.00,74.00,0.00,"",0.00,100.00,89.00,72.00,1.00,468.00,74.00,0.00,0.00,0.00,0.00,
2016,7,6,3,2016-07-06,"AA",19805,"AA","686",14107,"PHX","Phoenix, AZ","AZ",14771,"SFO","San Francisco, CA","CA","1705","1659",-6.00,0.00,9.00,6.00,"1901","1851",-10.00,0.00,0.00,"",0.00,116.00,112.00,97.00,1.00,651.00,,,,,,
2016,7,6,3,2016-07-06,"AA",19805,"AA","688",12892,"LAX","Los Angeles, CA","CA",14100,"PHL","Philadelphia, PA","PA","2359","2359",0.00,0.00,24.00,5.00,"0819","0805",-14.00,0.00,0.00,"",0.00,320.00,306.00,277.00,1.00,2402.00,,,,,,
2016,7,6,3,2016-07-06,"AA",19805,"AA","689",14100,"PHL","Philadelphia, PA","PA",12889,"LAS","Las Vegas, NV","NV","1010","1011",1.00,1.00,64.00,8.00,"1233","1317",44.00,44.00,0.00,"",0.00,323.00,366.00,294.00,1.00,2176.00,1.00,0.00,43.00,0.00,0.00,
2016,7,6,3,2016-07-06,"AA",19805,"AA","690",14107,"PHX","Phoenix, AZ","AZ",12173,"HNL","Honolulu, HI","HI","0750","0744",-6.00,0.00,19.00,18.00,"1127","1132",5.00,5.00,0.00,"",0.00,397.00,408.00,371.00,1.00,2917.00,,,,,,
2016,7,6,3,2016-07-06,"AA",19805,"AA","691",11057,"CLT","Charlotte, NC","NC",13204,"MCO","Orlando, FL","FL","1305","1304",-1.00,0.00,22.00,9.00,"1441","1442",1.00,1.00,0.00,"",0.00,96.00,98.00,67.00,1.00,468.00,,,,,,
2016,7,6,3,2016-07-06,"AA",19805,"AA","691",14107,"PHX","Phoenix, AZ","AZ",11057,"CLT","Charlotte, NC","NC","0505","",,,,,"1209","",,,1.00,"A",0.00,244.00,,,1.00,1773.00,,,,,,
2016,7,6,3,2016-07-06,"AA",19805,"AA","692",14107,"PHX","Phoenix, AZ","AZ",12173,"HNL","Honolulu, HI","HI","1035","1030",-5.00,0.00,22.00,9.00,"1415","1404",-11.00,0.00,0.00,"",0.00,400.00,394.00,363.00,1.00,2917.00,,,,,,
2016,7,6,3,2016-07-06,"AA",19805,"AA","693",12173,"HNL","Honolulu, HI","HI",14107,"PHX","Phoenix, AZ","AZ","2225","2223",-2.00,0.00,27.00,3.00,"0718","0711",-7.00,0.00,0.00,"",0.00,353.00,348.00,318.00,1.00,2917.00,,,,,,
2016,7,6,3,2016-07-06,"AA",19805,"AA","694",14107,"PHX","Phoenix, AZ","AZ",12173,"HNL","Honolulu, HI","HI","1410","1407",-3.00,0.00,13.00,5.00,"1742","1735",-7.00,0.00,0.00,"",0.00,392.00,388.00,370.00,1.00,2917.00,,,,,,
2016,7,6,3,2016-07-06,"AA",19805,"AA","695",11292,"DEN","Denver, CO","CO",14100,"PHL","Philadelphia, PA","PA","0705","0702",-3.00,0.00,13.00,4.00,"1236","1221",-15.00,0.00,0.00,"",0.00,211.00,199.00,182.00,1.00,1558.00,,,,,,
2016,7,6,3,2016-07-06,"AA",19805,"AA","695",14100,"PHL","Philadelphia, PA","PA",14107,"PHX","Phoenix, AZ","AZ","1405","1504",59.00,59.00,15.00,4.00,"1603","1655",52.00,52.00,0.00,"",0.00,298.00,291.00,272.00,1.00,2075.00,18.00,0.00,0.00,0.00,34.00,
2016,7,6,3,2016-07-06,"AA",19805,"AA","695",14107,"PHX","Phoenix, AZ","AZ",12892,"LAX","Los Angeles, CA","CA","1715","1811",56.00,56.00,20.00,7.00,"1843","1934",51.00,51.00,0.00,"",0.00,88.00,83.00,56.00,1.00,370.00,19.00,0.00,0.00,0.00,32.00,
2016,7,6,3,2016-07-06,"AA",19805,"AA","696",12892,"LAX","Los Angeles, CA","CA",11057,"CLT","Charlotte, NC","NC","2240","2318",38.00,38.00,32.00,7.00,"0635","0654",19.00,19.00,0.00,"",0.00,295.00,276.00,237.00,1.00,2125.00,19.00,0.00,0.00,0.00,0.00,
2016,7,6,3,2016-07-06,"AA",19805,"AA","697",12982,"LIH","Lihue, HI","HI",14107,"PHX","Phoenix, AZ","AZ","2210","2158",-12.00,0.00,14.00,5.00,"0707","0647",-20.00,0.00,0.00,"",0.00,357.00,349.00,330.00,1.00,2979.00,,,,,,
2016,7,6,3,2016-07-06,"AA",19805,"AA","698",11298,"DFW","Dallas/Fort Worth, TX","TX",14679,"SAN","San Diego, CA","CA","1100","1215",75.00,75.00,31.00,3.00,"1157","1321",84.00,84.00,0.00,"",0.00,177.00,186.00,152.00,1.00,1171.00,75.00,0.00,9.00,0.00,0.00,
2016,7,6,3,2016-07-06,"AA",19805,"AA","698",13204,"MCO","Orlando, FL","FL",11298,"DFW","Dallas/Fort Worth, TX","TX","0730","0727",-3.00,0.00,14.00,14.00,"0913","0910",-3.00,0.00,0.00,"",0.00,163.00,163.00,135.00,1.00,985.00,,,,,,
2016,7,6,3,2016-07-06,"AA",19805,"AA","699",14831,"SJC","San Jose, CA","CA",14107,"PHX","Phoenix, AZ","AZ","1910","1857",-13.00,0.00,13.00,5.00,"2101","2044",-17.00,0.00,0.00,"",0.00,111.00,107.00,89.00,1.00,621.00,,,,,,
2016,7,6,3,2016-07-06,"AA",19805,"AA","700",12892,"LAX","Los Angeles, CA","CA",14100,"PHL","Philadelphia, PA","PA","0620","0617",-3.00,0.00,20.00,9.00,"1437","1434",-3.00,0.00,0.00,"",0.00,317.00,317.00,288.00,1.00,2402.00,,,,,,
2016,7,6,3,2016-07-06,"AA",19805,"AA","701",14100,"PHL","Philadelphia, PA","PA",12892,"LAX","Los Angeles, CA","CA","1605","1617",12.00,12.00,34.00,18.00,"1857","1918",21.00,21.00,0.00,"",0.00,352.00,361.00,309.00,1.00,2402.00,12.00,0.00,9.00,0.00,0.00,
2016,7,6,3,2016-07-06,"AA",19805,"AA","702",11298,"DFW","Dallas/Fort Worth, TX","TX",14100,"PHL","Philadelphia, PA","PA","1245","1246",1.00,1.00,14.00,9.00,"1705","1657",-8.00,0.00,0.00,"",0.00,200.00,191.00,168.00,1.00,1303.00,,,,,,
2016,7,6,3,2016-07-06,"AA",19805,"AA","703",10721,"BOS","Boston, MA","MA",11057,"CLT","Charlotte, NC","NC","1435","1448",13.00,13.00,27.00,7.00,"1700","1728",28.00,28.00,0.00,"",0.00,145.00,160.00,126.00,1.00,728.00,0.00,0.00,15.00,0.00,13.00,
2016,7,6,3,2016-07-06,"AA",19805,"AA","703",10821,"BWI","Baltimore, MD","MD",14107,"PHX","Phoenix, AZ","AZ","2015","2014",-1.00,0.00,35.00,7.00,"2200","2232",32.00,32.00,0.00,"",0.00,285.00,318.00,276.00,1.00,1999.00,0.00,0.00,32.00,0.00,0.00,
2016,7,6,3,2016-07-06,"AA",19805,"AA","703",11057,"CLT","Charlotte, NC","NC",10821,"BWI","Baltimore, MD","MD","1759","1817",18.00,18.00,17.00,5.00,"1924","1934",10.00,10.00,0.00,"",0.00,85.00,77.00,55.00,1.00,361.00,,,,,,
2016,7,6,3,2016-07-06,"AA",19805,"AA","704",14771,"SFO","San Francisco, CA","CA",11057,"CLT","Charlotte, NC","NC","0635","0711",36.00,36.00,23.00,11.00,"1437","1514",37.00,37.00,0.00,"",0.00,302.00,303.00,269.00,1.00,2296.00,36.00,0.00,1.00,0.00,0.00,
2016,7,6,3,2016-07-06,"AA",19805,"AA","705",11057,"CLT","Charlotte, NC","NC",14771,"SFO","San Francisco, CA","CA","1620","1641",21.00,21.00,29.00,6.00,"1845","1914",29.00,29.00,0.00,"",0.00,325.00,333.00,298.00,1.00,2296.00,21.00,0.00,8.00,0.00,0.00,
2016,7,6,3,2016-07-06,"AA",19805,"AA","706",12339,"IND","Indianapolis, IN","IN",14107,"PHX","Phoenix, AZ","AZ","1820","1821",1.00,1.00,11.00,8.00,"1900","1859",-1.00,0.00,0.00,"",0.00,220.00,218.00,199.00,1.00,1488.00,,,,,,
2016,7,6,3,2016-07-06,"AA",19805,"AA","706",12892,"LAX","Los Angeles, CA","CA",12339,"IND","Indianapolis, IN","IN","0945","1014",29.00,29.00,19.00,5.00,"1659","1709",10.00,10.00,0.00,"",0.00,254.00,235.00,211.00,1.00,1814.00,,,,,,
2016,7,6,3,2016-07-06,"AA",19805,"AA","707",14100,"PHL","Philadelphia, PA","PA",14107,"PHX","Phoenix, AZ","AZ","0810","0815",5.00,5.00,16.00,3.00,"1012","1002",-10.00,0.00,0.00,"",0.00,302.00,287.00,268.00,1.00,2075.00,,,,,,
2016,7,6,3,2016-07-06,"AA",19805,"AA","709",14100,"PHL","Philadelphia, PA","PA",14771,"SFO","San Francisco, CA","CA","2025","2026",1.00,1.00,16.00,7.00,"2319","2312",-7.00,0.00,0.00,"",0.00,354.00,346.00,323.00,1.00,2521.00,,,,,,
2016,7,6,3,2016-07-06,"AA",19805,"AA","710",14107,"PHX","Phoenix, AZ","AZ",13930,"ORD","Chicago, IL","IL","1030","1030",0.00,0.00,21.00,21.00,"1611","1609",-2.00,0.00,0.00,"",0.00,221.00,219.00,177.00,1.00,1440.00,,,,,,
2016,7,6,3,2016-07-06,"AA",19805,"AA","711",13930,"ORD","Chicago, IL","IL",14107,"PHX","Phoenix, AZ","AZ","1408","1402",-6.00,0.00,16.00,4.00,"1553","1533",-20.00,0.00,0.00,"",0.00,225.00,211.00,191.00,1.00,1440.00,,,,,,
2016,7,6,3,2016-07-06,"AA",19805,"AA","712",15304,"TPA","Tampa, FL","FL",11278,"DCA","Washington, DC","VA","0847","0858",11.00,11.00,11.00,3.00,"1100","1102",2.00,2.00,0.00,"",0.00,133.00,124.00,110.00,1.00,814.00,,,,,,
2016,7,6,3,2016-07-06,"AA",19805,"AA","713",10721,"BOS","Boston, MA","MA",11057,"CLT","Charlotte, NC","NC","0605","1109",304.00,304.00,23.00,8.00,"0824","1317",293.00,293.00,0.00,"",0.00,139.00,128.00,97.00,1.00,728.00,293.00,0.00,0.00,0.00,0.00,
2016,7,6,3,2016-07-06,"AA",19805,"AA","713",11057,"CLT","Charlotte, NC","NC",13487,"MSP","Minneapolis, MN","MN","0920","1001",41.00,41.00,33.00,5.00,"1101","1200",59.00,59.00,0.00,"",0.00,161.00,179.00,141.00,1.00,930.00,0.00,0.00,18.00,0.00,41.00,
2016,7,6,3,2016-07-06,"AA",19805,"AA","714",10721,"BOS","Boston, MA","MA",14100,"PHL","Philadelphia, PA","PA","1615","1611",-4.00,0.00,15.00,6.00,"1747","1731",-16.00,0.00,0.00,"",0.00,92.00,80.00,59.00,1.00,280.00,,,,,,
2016,7,6,3,2016-07-06,"AA",19805,"AA","715",14100,"PHL","Philadelphia, PA","PA",10721,"BOS","Boston, MA","MA","1745","1745",0.00,0.00,19.00,13.00,"1908","1903",-5.00,0.00,0.00,"",0.00,83.00,78.00,46.00,1.00,280.00,,,,,,
2016,7,6,3,2016-07-06,"AA",19805,"AA","716",12892,"LAX","Los Angeles, CA","CA",14100,"PHL","Philadelphia, PA","PA","0835","0835",0.00,0.00,29.00,5.00,"1659","1658",-1.00,0.00,0.00,"",0.00,324.00,323.00,289.00,1.00,2402.00,,,,,,
2016,7,6,3,2016-07-06,"AA",19805,"AA","717",14100,"PHL","Philadelphia, PA","PA",12892,"LAX","Los Angeles, CA","CA","2035","2030",-5.00,0.00,22.00,23.00,"2322","2317",-5.00,0.00,0.00,"",0.00,347.00,347.00,302.00,1.00,2402.00,,,,,,
2016,7,6,3,2016-07-06,"AA",19805,"AA","718",10397,"ATL","Atlanta, GA","GA",14100,"PHL","Philadelphia, PA","PA","1440","1741",181.00,181.00,22.00,3.00,"1642","1945",183.00,183.00,0.00,"",0.00,122.00,124.00,99.00,1.00,666.00,0.00,8.00,2.00,0.00,173.00,
2016,7,6,3,2016-07-06,"AA",19805,"AA","719",14100,"PHL","Philadelphia, PA","PA",10397,"ATL","Atlanta, GA","GA","1830","2041",131.00,131.00,42.00,11.00,"2058","2314",136.00,136.00,0.00,"",0.00,148.00,153.00,100.00,1.00,666.00,0.00,0.00,136.00,0.00,0.00,
2016,7,6,3,2016-07-06,"AA",19805,"AA","720",11298,"DFW","Dallas/Fort Worth, TX","TX",11057,"CLT","Charlotte, NC","NC","1255","1324",29.00,29.00,13.00,13.00,"1635","1652",17.00,17.00,0.00,"",0.00,160.00,148.00,122.00,1.00,936.00,16.00,0.00,0.00,0.00,1.00,
2016,7,6,3,2016-07-06,"AA",19805,"AA","721",11057,"CLT","Charlotte, NC","NC",11298,"DFW","Dallas/Fort Worth, TX","TX","1740","1809",29.00,29.00,11.00,8.00,"1919","1928",9.00,9.00,0.00,"",0.00,159.00,139.00,120.00,1.00,936.00,,,,,,
2016,7,6,3,2016-07-06,"AA",19805,"AA","722",14771,"SFO","San Francisco, CA","CA",14100,"PHL","Philadelphia, PA","PA","1050","1048",-2.00,0.00,16.00,3.00,"1912","1855",-17.00,0.00,0.00,"",0.00,322.00,307.00,288.00,1.00,2521.00,,,,,,
2016,7,6,3,2016-07-06,"AA",19805,"AA","723",14100,"PHL","Philadelphia, PA","PA",14771,"SFO","San Francisco, CA","CA","1605","1620",15.00,15.00,34.00,6.00,"1909","1930",21.00,21.00,0.00,"",0.00,364.00,370.00,330.00,1.00,2521.00,15.00,0.00,6.00,0.00,0.00,
2016,7,6,3,2016-07-06,"AA",19805,"AA","724",12892,"LAX","Los Angeles, CA","CA",11057,"CLT","Charlotte, NC","NC","0835","0828",-7.00,0.00,32.00,30.00,"1634","1641",7.00,7.00,0.00,"",0.00,299.00,313.00,251.00,1.00,2125.00,,,,,,
2016,7,6,3,2016-07-06,"AA",19805,"AA","725",11057,"CLT","Charlotte, NC","NC",12892,"LAX","Los Angeles, CA","CA","1640","1828",108.00,108.00,31.00,6.00,"1850","2038",108.00,108.00,0.00,"",0.00,310.00,310.00,273.00,1.00,2125.00,108.00,0.00,0.00,0.00,0.00,
2016,7,6,3,2016-07-06,"AA",19805,"AA","726",12892,"LAX","Los Angeles, CA","CA",14122,"PIT","Pittsburgh, PA","PA","1520","1517",-3.00,0.00,14.00,6.00,"2301","2245",-16.00,0.00,0.00,"",0.00,281.00,268.00,248.00,1.00,2136.00,,,,,,
2016,7,6,3,2016-07-06,"AA",19805,"AA","727",14122,"PIT","Pittsburgh, PA","PA",12892,"LAX","Los Angeles, CA","CA","0640","0637",-3.00,0.00,11.00,25.00,"0846","0907",21.00,21.00,0.00,"",0.00,306.00,330.00,294.00,1.00,2136.00,0.00,0.00,21.00,0.00,0.00,
2016,7,6,3,2016-07-06,"AA",19805,"AA","728",14747,"SEA","Seattle, WA","WA",14100,"PHL","Philadelphia, PA","PA","0815","0812",-3.00,0.00,34.00,7.00,"1625","1630",5.00,5.00,0.00,"",0.00,310.00,318.00,277.00,1.00,2378.00,,,,,,
2016,7,6,3,2016-07-06,"AA",19805,"AA","729",14100,"PHL","Philadelphia, PA","PA",14747,"SEA","Seattle, WA","WA","1615","1636",21.00,21.00,22.00,6.00,"1915","1919",4.00,4.00,0.00,"",0.00,360.00,343.00,315.00,1.00,2378.00,,,,,,
2016,7,6,3,2016-07-06,"AA",19805,"AA","730",15304,"TPA","Tampa, FL","FL",11057,"CLT","Charlotte, NC","NC","1526","1529",3.00,3.00,11.00,15.00,"1714","1718",4.00,4.00,0.00,"",0.00,108.00,109.00,83.00,1.00,507.00,,,,,,
2016,7,6,3,2016-07-06,"AA",19805,"AA","731",11057,"CLT","Charlotte, NC","NC",15304,"TPA","Tampa, FL","FL","1800","1910",70.00,70.00,22.00,4.00,"1939","2051",72.00,72.00,0.00,"",0.00,99.00,101.00,75.00,1.00,507.00,63.00,0.00,2.00,0.00,7.00,
2016,7,6,3,2016-07-06,"AA",19805,"AA","732",13495,"MSY","New Orleans, LA","LA",11057,"CLT","Charlotte, NC","NC","1610","1724",74.00,74.00,23.00,20.00,"1909","2041",92.00,92.00,0.00,"",0.00,119.00,137.00,94.00,1.00,651.00,0.00,0.00,18.00,0.00,74.00,
2016,7,6,3,2016-07-06,"AA",19805,"AA","733",11057,"CLT","Charlotte, NC","NC",14683,"SAT","San Antonio, TX","TX","2030","2047",17.00,17.00,36.00,3.00,"2219","2252",33.00,33.00,0.00,"",0.00,169.00,185.00,146.00,1.00,1095.00,17.00,0.00,16.00,0.00,0.00,
2016,7,6,3,2016-07-06,"AA",19805,"AA","734",12889,"LAS","Las Vegas, NV","NV",14100,"PHL","Philadelphia, PA","PA","1059","1054",-5.00,0.00,10.00,18.00,"1842","1833",-9.00,0.00,0.00,"",0.00,283.00,279.00,251.00,1.00,2176.00,,,,,,
2016,7,6,3,2016-07-06,"AA",19805,"AA","735",14100,"PHL","Philadelphia, PA","PA",12889,"LAS","Las Vegas, NV","NV","1615","1611",-4.00,0.00,27.00,7.00,"1837","1825",-12.00,0.00,0.00,"",0.00,322.00,314.00,280.00,1.00,2176.00,,,,,,
2016,7,6,3,2016-07-06,"AA",19805,"AA","738",10721,"BOS","Boston, MA","MA",14100,"PHL","Philadelphia, PA","PA","1755","1749",-6.00,0.00,51.00,2.00,"1931","1941",10.00,10.00,0.00,"",0.00,96.00,112.00,59.00,1.00,280.00,,,,,,
2016,7,6,3,2016-07-06,"AA",19805,"AA","739",14100,"PHL","Philadelphia, PA","PA",10721,"BOS","Boston, MA","MA","1535","1533",-2.00,0.00,21.00,6.00,"1656","1654",-2.00,0.00,0.00,"",0.00,81.00,81.00,54.00,1.00,280.00,,,,,,
2016,7,6,3,2016-07-06,"AA",19805,"AA","740",14843,"SJU","San Juan, PR","PR",14100,"PHL","Philadelphia, PA","PA","0815","0809",-6.00,0.00,17.00,4.00,"1233","1208",-25.00,0.00,0.00,"",0.00,258.00,239.00,218.00,1.00,1576.00,,,,,,
2016,7,6,3,2016-07-06,"AA",19805,"AA","741",14100,"PHL","Philadelphia, PA","PA",14843,"SJU","San Juan, PR","PR","1805","1835",30.00,30.00,34.00,4.00,"2234","2258",24.00,24.00,0.00,"",0.00,269.00,263.00,225.00,1.00,1576.00,24.00,0.00,0.00,0.00,0.00,
2016,7,6,3,2016-07-06,"AA",19805,"AA","742",13930,"ORD","Chicago, IL","IL",14100,"PHL","Philadelphia, PA","PA","1215","1231",16.00,16.00,11.00,3.00,"1523","1518",-5.00,0.00,0.00,"",0.00,128.00,107.00,93.00,1.00,678.00,,,,,,
2016,7,6,3,2016-07-06,"AA",19805,"AA","743",14100,"PHL","Philadelphia, PA","PA",13930,"ORD","Chicago, IL","IL","2030","2024",-6.00,0.00,22.00,57.00,"2153","2222",29.00,29.00,0.00,"",0.00,143.00,178.00,99.00,1.00,678.00,0.00,0.00,29.00,0.00,0.00,
2016,7,6,3,2016-07-06,"AA",19805,"AA","744",12266,"IAH","Houston, TX","TX",11057,"CLT","Charlotte, NC","NC","1539","1559",20.00,20.00,13.00,7.00,"1915","1921",6.00,6.00,0.00,"",0.00,156.00,142.00,122.00,1.00,912.00,,,,,,
2016,7,6,3,2016-07-06,"AA",19805,"AA","745",11057,"CLT","Charlotte, NC","NC",12266,"IAH","Houston, TX","TX","2019","2105",46.00,46.00,26.00,7.00,"2150","2243",53.00,53.00,0.00,"",0.00,151.00,158.00,125.00,1.00,912.00,46.00,0.00,7.00,0.00,0.00,
2016,7,6,3,2016-07-06,"AA",19805,"AA","746",13204,"MCO","Orlando, FL","FL",11057,"CLT","Charlotte, NC","NC","1714","1714",0.00,0.00,23.00,9.00,"1905","1913",8.00,8.00,0.00,"",0.00,111.00,119.00,87.00,1.00,468.00,,,,,,
2016,7,6,3,2016-07-06,"AA",19805,"AA","747",11057,"CLT","Charlotte, NC","NC",13204,"MCO","Orlando, FL","FL","2016","2116",60.00,60.00,20.00,6.00,"2152","2251",59.00,59.00,0.00,"",0.00,96.00,95.00,69.00,1.00,468.00,0.00,0.00,0.00,0.00,59.00,
2016,7,6,3,2016-07-06,"AA",19805,"AA","747",13930,"ORD","Chicago, IL","IL",11057,"CLT","Charlotte, NC","NC","1550","1544",-6.00,0.00,8.00,20.00,"1846","1844",-2.00,0.00,0.00,"",0.00,116.00,120.00,92.00,1.00,599.00,,,,,,
2016,7,6,3,2016-07-06,"AA",19805,"AA","748",12889,"LAS","Las Vegas, NV","NV",11057,"CLT","Charlotte, NC","NC","0800","0816",16.00,16.00,17.00,8.00,"1519","1526",7.00,7.00,0.00,"",0.00,259.00,250.00,225.00,1.00,1916.00,,,,,,
2016,7,6,3,2016-07-06,"AA",19805,"AA","749",11057,"CLT","Charlotte, NC","NC",12889,"LAS","Las Vegas, NV","NV","1820","1906",46.00,46.00,14.00,5.00,"2001","2028",27.00,27.00,0.00,"",0.00,281.00,262.00,243.00,1.00,1916.00,0.00,0.00,0.00,0.00,27.00,
2016,7,6,3,2016-07-06,"AA",19805,"AA","754",14679,"SAN","San Diego, CA","CA",14100,"PHL","Philadelphia, PA","PA","0845","0843",-2.00,0.00,15.00,5.00,"1658","1647",-11.00,0.00,0.00,"",0.00,313.00,304.00,284.00,1.00,2370.00,,,,,,
2016,7,6,3,2016-07-06,"AA",19805,"AA","755",14100,"PHL","Philadelphia, PA","PA",14679,"SAN","San Diego, CA","CA","1815","1809",-6.00,0.00,20.00,3.00,"2057","2031",-26.00,0.00,0.00,"",0.00,342.00,322.00,299.00,1.00,2370.00,,,,,,
2016,7,6,3,2016-07-06,"AA",19805,"AA","756",11057,"CLT","Charlotte, NC","NC",15016,"STL","St. Louis, MO","MO","1435","1439",4.00,4.00,13.00,2.00,"1530","1530",0.00,0.00,0.00,"",0.00,115.00,111.00,96.00,1.00,575.00,,,,,,
2016,7,6,3,2016-07-06,"AA",19805,"AA","756",11433,"DTW","Detroit, MI","MI",11057,"CLT","Charlotte, NC","NC","1150","1145",-5.00,0.00,12.00,6.00,"1336","1325",-11.00,0.00,0.00,"",0.00,106.00,100.00,82.00,1.00,500.00,,,,,,
2016,7,6,3,2016-07-06,"AA",19805,"AA","758",14771,"SFO","San Francisco, CA","CA",14100,"PHL","Philadelphia, PA","PA","0630","0625",-5.00,0.00,18.00,7.00,"1453","1447",-6.00,0.00,0.00,"",0.00,323.00,322.00,297.00,1.00,2521.00,,,,,,
2016,7,6,3,2016-07-06,"AA",19805,"AA","759",14100,"PHL","Philadelphia, PA","PA",14771,"SFO","San Francisco, CA","CA","1800","1759",-1.00,0.00,16.00,6.00,"2106","2047",-19.00,0.00,0.00,"",0.00,366.00,348.00,326.00,1.00,2521.00,,,,,,
2016,7,6,3,2016-07-06,"AA",19805,"AA","760",11057,"CLT","Charlotte, NC","NC",10397,"ATL","Atlanta, GA","GA","2000","2129",89.00,89.00,18.00,10.00,"2114","2243",89.00,89.00,0.00,"",0.00,74.00,74.00,46.00,1.00,226.00,65.00,0.00,0.00,0.00,24.00,
2016,7,6,3,2016-07-06,"AA",19805,"AA","760",13303,"MIA","Miami, FL","FL",11057,"CLT","Charlotte, NC","NC","1710","1701",-9.00,0.00,24.00,7.00,"1923","1930",7.00,7.00,0.00,"",0.00,133.00,149.00,118.00,1.00,650.00,,,,,,
2016,7,6,3,2016-07-06,"AA",19805,"AA","760",14107,"PHX","Phoenix, AZ","AZ",13303,"MIA","Miami, FL","FL","0839","0829",-10.00,0.00,27.00,8.00,"1606","1559",-7.00,0.00,0.00,"",0.00,267.00,270.00,235.00,1.00,1972.00,,,,,,
2016,7,6,3,2016-07-06,"AA",19805,"AA","761",11298,"DFW","Dallas/Fort Worth, TX","TX",14107,"PHX","Phoenix, AZ","AZ","0715","0725",10.00,10.00,20.00,6.00,"0740","0750",10.00,10.00,0.00,"",0.00,145.00,145.00,119.00,1.00,868.00,,,,,,
2016,7,6,3,2016-07-06,"AA",19805,"AA","763",14100,"PHL","Philadelphia, PA","PA",14747,"SEA","Seattle, WA","WA","0735","0729",-6.00,0.00,16.00,7.00,"1027","1027",0.00,0.00,0.00,"",0.00,352.00,358.00,335.00,1.00,2378.00,,,,,,
2016,7,6,3,2016-07-06,"AA",19805,"AA","765",11057,"CLT","Charlotte, NC","NC",15016,"STL","St. Louis, MO","MO","1815","1910",55.00,55.00,13.00,3.00,"1916","1952",36.00,36.00,0.00,"",0.00,121.00,102.00,86.00,1.00,575.00,0.00,0.00,0.00,0.00,36.00,
2016,7,6,3,2016-07-06,"AA",19805,"AA","765",12266,"IAH","Houston, TX","TX",11057,"CLT","Charlotte, NC","NC","1340","1332",-8.00,0.00,9.00,24.00,"1716","1714",-2.00,0.00,0.00,"",0.00,156.00,162.00,129.00,1.00,912.00,,,,,,
2016,7,6,3,2016-07-06,"AA",19805,"AA","765",15016,"STL","St. Louis, MO","MO",14107,"PHX","Phoenix, AZ","AZ","2040","2033",-7.00,0.00,11.00,5.00,"2151","2134",-17.00,0.00,0.00,"",0.00,191.00,181.00,165.00,1.00,1262.00,,,,,,
2016,7,6,3,2016-07-06,"AA",19805,"AA","766",14747,"SEA","Seattle, WA","WA",14100,"PHL","Philadelphia, PA","PA","1125","1124",-1.00,0.00,16.00,8.00,"1937","1924",-13.00,0.00,0.00,"",0.00,312.00,300.00,276.00,1.00,2378.00,,,,,,
2016,7,6,3,2016-07-06,"AA",19805,"AA","767",14107,"PHX","Phoenix, AZ","AZ",11057,"CLT","Charlotte, NC","NC","1005","1013",8.00,8.00,14.00,14.00,"1715","1718",3.00,3.00,0.00,"",0.00,250.00,245.00,217.00,1.00,1773.00,,,,,,
2016,7,6,3,2016-07-06,"AA",19805,"AA","768",13204,"MCO","Orlando, FL","FL",14100,"PHL","Philadelphia, PA","PA","1531","1524",-7.00,0.00,14.00,6.00,"1805","1742",-23.00,0.00,0.00,"",0.00,154.00,138.00,118.00,1.00,861.00,,,,,,
2016,7,6,3,2016-07-06,"AA",19805,"AA","769",14100,"PHL","Philadelphia, PA","PA",13204,"MCO","Orlando, FL","FL","1600","1555",-5.00,0.00,16.00,9.00,"1836","1816",-20.00,0.00,0.00,"",0.00,156.00,141.00,116.00,1.00,861.00,,,,,,
2016,7,6,3,2016-07-06,"AA",19805,"AA","770",13204,"MCO","Orlando, FL","FL",11057,"CLT","Charlotte, NC","NC","0830","0826",-4.00,0.00,15.00,10.00,"1014","1005",-9.00,0.00,0.00,"",0.00,104.00,99.00,74.00,1.00,468.00,,,,,,
2016,7,6,3,2016-07-06,"AA",19805,"AA","771",14100,"PHL","Philadelphia, PA","PA",14843,"SJU","San Juan, PR","PR","0950","0945",-5.00,0.00,28.00,11.00,"1352","1348",-4.00,0.00,0.00,"",0.00,242.00,243.00,204.00,1.00,1576.00,,,,,,
2016,7,6,3,2016-07-06,"AA",19805,"AA","772",14843,"SJU","San Juan, PR","PR",14100,"PHL","Philadelphia, PA","PA","1500","1452",-8.00,0.00,30.00,6.00,"1903","1904",1.00,1.00,0.00,"",0.00,243.00,252.00,216.00,1.00,1576.00,,,,,,
2016,7,6,3,2016-07-06,"AA",19805,"AA","773",14100,"PHL","Philadelphia, PA","PA",14843,"SJU","San Juan, PR","PR","1155","1155",0.00,0.00,23.00,4.00,"1616","1612",-4.00,0.00,0.00,"",0.00,261.00,257.00,230.00,1.00,1576.00,,,,,,
2016,7,6,3,2016-07-06,"AA",19805,"AA","774",14771,"SFO","San Francisco, CA","CA",14100,"PHL","Philadelphia, PA","PA","1330","1342",12.00,12.00,14.00,5.00,"2152","2143",-9.00,0.00,0.00,"",0.00,322.00,301.00,282.00,1.00,2521.00,,,,,,
2016,7,6,3,2016-07-06,"AA",19805,"AA","775",12892,"LAX","Los Angeles, CA","CA",14492,"RDU","Raleigh/Durham, NC","NC","0955","0953",-2.00,0.00,23.00,3.00,"1800","1745",-15.00,0.00,0.00,"",0.00,305.00,292.00,266.00,1.00,2238.00,,,,,,
2016,7,6,3,2016-07-06,"AA",19805,"AA","776",14107,"PHX","Phoenix, AZ","AZ",14100,"PHL","Philadelphia, PA","PA","1215","1207",-8.00,0.00,11.00,5.00,"1950","1924",-26.00,0.00,0.00,"",0.00,275.00,257.00,241.00,1.00,2075.00,,,,,,
2016,7,6,3,2016-07-06,"AA",19805,"AA","777",14100,"PHL","Philadelphia, PA","PA",14107,"PHX","Phoenix, AZ","AZ","1600","1558",-2.00,0.00,16.00,6.00,"1808","1753",-15.00,0.00,0.00,"",0.00,308.00,295.00,273.00,1.00,2075.00,,,,,,
2016,7,6,3,2016-07-06,"AA",19805,"AA","781",14100,"PHL","Philadelphia, PA","PA",12892,"LAX","Los Angeles, CA","CA","0745","0741",-4.00,0.00,15.00,16.00,"1033","1031",-2.00,0.00,0.00,"",0.00,348.00,350.00,319.00,1.00,2402.00,,,,,,
2016,7,6,3,2016-07-06,"AA",19805,"AA","782",14027,"PBI","West Palm Beach/Palm Beach, FL","FL",14100,"PHL","Philadelphia, PA","PA","0600","0554",-6.00,0.00,11.00,4.00,"0837","0819",-18.00,0.00,0.00,"",0.00,157.00,145.00,130.00,1.00,951.00,,,,,,
2016,7,6,3,2016-07-06,"AA",19805,"AA","783",11057,"CLT","Charlotte, NC","NC",14843,"SJU","San Juan, PR","PR","1145","1141",-4.00,0.00,30.00,7.00,"1537","1533",-4.00,0.00,0.00,"",0.00,232.00,232.00,195.00,1.00,1475.00,,,,,,
2016,7,6,3,2016-07-06,"AA",19805,"AA","783",11298,"DFW","Dallas/Fort Worth, TX","TX",11057,"CLT","Charlotte, NC","NC","0710","0705",-5.00,0.00,17.00,10.00,"1047","1032",-15.00,0.00,0.00,"",0.00,157.00,147.00,120.00,1.00,936.00,,,,,,
2016,7,6,3,2016-07-06,"AA",19805,"AA","784",14100,"PHL","Philadelphia, PA","PA",12889,"LAS","Las Vegas, NV","NV","1900","1858",-2.00,0.00,41.00,9.00,"2116","2145",29.00,29.00,0.00,"",0.00,316.00,347.00,297.00,1.00,2176.00,0.00,0.00,29.00,0.00,0.00,
2016,7,6,3,2016-07-06,"AA",19805,"AA","785",14100,"PHL","Philadelphia, PA","PA",12892,"LAX","Los Angeles, CA","CA","1800","1822",22.00,22.00,46.00,18.00,"2057","2131",34.00,34.00,0.00,"",0.00,357.00,369.00,305.00,1.00,2402.00,22.00,0.00,12.00,0.00,0.00,
2016,7,6,3,2016-07-06,"AA",19805,"AA","786",10397,"ATL","Atlanta, GA","GA",11057,"CLT","Charlotte, NC","NC","1535","1534",-1.00,0.00,34.00,19.00,"1702","1717",15.00,15.00,0.00,"",0.00,87.00,103.00,50.00,1.00,226.00,0.00,0.00,15.00,0.00,0.00,
2016,7,6,3,2016-07-06,"AA",19805,"AA","787",11057,"CLT","Charlotte, NC","NC",10397,"ATL","Atlanta, GA","GA","1555","1631",36.00,36.00,25.00,19.00,"1709","1752",43.00,43.00,0.00,"",0.00,74.00,81.00,37.00,1.00,226.00,0.00,0.00,43.00,0.00,0.00,
2016,7,6,3,2016-07-06,"AA",19805,"AA","789",14492,"RDU","Raleigh/Durham, NC","NC",12892,"LAX","Los Angeles, CA","CA","1905","1903",-2.00,0.00,17.00,18.00,"2140","2126",-14.00,0.00,0.00,"",0.00,335.00,323.00,288.00,1.00,2238.00,,,,,,
2016,7,6,3,2016-07-06,"AA",19805,"AA","792",13487,"MSP","Minneapolis, MN","MN",14100,"PHL","Philadelphia, PA","PA","1830","1824",-6.00,0.00,25.00,12.00,"2207","2202",-5.00,0.00,0.00,"",0.00,157.00,158.00,121.00,1.00,980.00,,,,,,
2016,7,6,3,2016-07-06,"AA",19805,"AA","792",14100,"PHL","Philadelphia, PA","PA",13487,"MSP","Minneapolis, MN","MN","1555","1559",4.00,4.00,21.00,6.00,"1749","1738",-11.00,0.00,0.00,"",0.00,174.00,159.00,132.00,1.00,980.00,,,,,,
2016,7,6,3,2016-07-06,"AA",19805,"AA","793",10721,"BOS","Boston, MA","MA",11057,"CLT","Charlotte, NC","NC","1709","1737",28.00,28.00,41.00,21.00,"1938","2040",62.00,62.00,0.00,"",0.00,149.00,183.00,121.00,1.00,728.00,7.00,0.00,34.00,0.00,21.00,
2016,7,6,3,2016-07-06,"AA",19805,"AA","793",11057,"CLT","Charlotte, NC","NC",15016,"STL","St. Louis, MO","MO","2030","2132",62.00,62.00,15.00,3.00,"2128","2218",50.00,50.00,0.00,"",0.00,118.00,106.00,88.00,1.00,575.00,6.00,0.00,0.00,0.00,44.00,
2016,7,6,3,2016-07-06,"AA",19805,"AA","797",14100,"PHL","Philadelphia, PA","PA",12892,"LAX","Los Angeles, CA","CA","1355","1357",2.00,2.00,27.00,11.00,"1637","1643",6.00,6.00,0.00,"",0.00,342.00,346.00,308.00,1.00,2402.00,,,,,,
2016,7,6,3,2016-07-06,"AA",19805,"AA","798",13303,"MIA","Miami, FL","FL",14100,"PHL","Philadelphia, PA","PA","1408","1359",-9.00,0.00,19.00,28.00,"1650","1652",2.00,2.00,0.00,"",0.00,162.00,173.00,126.00,1.00,1013.00,,,,,,
2016,7,6,3,2016-07-06,"AA",19805,"AA","803",14107,"PHX","Phoenix, AZ","AZ",11423,"DSM","Des Moines, IA","IA","1848","1948",60.00,60.00,10.00,5.00,"2334","0015",41.00,41.00,0.00,"",0.00,166.00,147.00,132.00,1.00,1150.00,3.00,0.00,0.00,0.00,38.00,
2016,7,6,3,2016-07-06,"AA",19805,"AA","807",14100,"PHL","Philadelphia, PA","PA",14679,"SAN","San Diego, CA","CA","1615","1613",-2.00,0.00,22.00,2.00,"1854","1847",-7.00,0.00,0.00,"",0.00,339.00,334.00,310.00,1.00,2370.00,,,,,,
2016,7,6,3,2016-07-06,"AA",19805,"AA","809",12889,"LAS","Las Vegas, NV","NV",14100,"PHL","Philadelphia, PA","PA","0059","0055",-4.00,0.00,15.00,5.00,"0836","0837",1.00,1.00,0.00,"",0.00,277.00,282.00,262.00,1.00,2176.00,,,,,,
2016,7,6,3,2016-07-06,"AA",19805,"AA","810",14100,"PHL","Philadelphia, PA","PA",12889,"LAS","Las Vegas, NV","NV","2125","2131",6.00,6.00,15.00,8.00,"2339","2335",-4.00,0.00,0.00,"",0.00,314.00,304.00,281.00,1.00,2176.00,,,,,,
2016,7,6,3,2016-07-06,"AA",19805,"AA","814",15304,"TPA","Tampa, FL","FL",14100,"PHL","Philadelphia, PA","PA","1400","1358",-2.00,0.00,10.00,3.00,"1635","1614",-21.00,0.00,0.00,"",0.00,155.00,136.00,123.00,1.00,920.00,,,,,,
2016,7,6,3,2016-07-06,"AA",19805,"AA","821",15096,"SYR","Syracuse, NY","NY",11057,"CLT","Charlotte, NC","NC","0800","0755",-5.00,0.00,13.00,14.00,"1006","0954",-12.00,0.00,0.00,"",0.00,126.00,119.00,92.00,1.00,603.00,,,,,,
2016,7,6,3,2016-07-06,"AA",19805,"AA","823",12266,"IAH","Houston, TX","TX",11057,"CLT","Charlotte, NC","NC","0515","0507",-8.00,0.00,13.00,8.00,"0841","0830",-11.00,0.00,0.00,"",0.00,146.00,143.00,122.00,1.00,912.00,,,,,,
2016,7,6,3,2016-07-06,"AA",19805,"AA","824",10721,"BOS","Boston, MA","MA",14100,"PHL","Philadelphia, PA","PA","0800","0754",-6.00,0.00,14.00,4.00,"0930","0905",-25.00,0.00,0.00,"",0.00,90.00,71.00,53.00,1.00,280.00,,,,,,
2016,7,6,3,2016-07-06,"AA",19805,"AA","826",14100,"PHL","Philadelphia, PA","PA",14869,"SLC","Salt Lake City, UT","UT","1759","1808",9.00,9.00,48.00,6.00,"2056","2122",26.00,26.00,0.00,"",0.00,297.00,314.00,260.00,1.00,1927.00,9.00,0.00,17.00,0.00,0.00,
2016,7,6,3,2016-07-06,"AA",19805,"AA","829",10792,"BUF","Buffalo, NY","NY",11057,"CLT","Charlotte, NC","NC","0620","0615",-5.00,0.00,10.00,11.00,"0811","0753",-18.00,0.00,0.00,"",0.00,111.00,98.00,77.00,1.00,546.00,,,,,,
2016,7,6,3,2016-07-06,"AA",19805,"AA","830",11057,"CLT","Charlotte, NC","NC",14100,"PHL","Philadelphia, PA","PA","1730","1727",-3.00,0.00,12.00,13.00,"1907","1903",-4.00,0.00,0.00,"",0.00,97.00,96.00,71.00,1.00,449.00,,,,,,
2016,7,6,3,2016-07-06,"AA",19805,"AA","832",14771,"SFO","San Francisco, CA","CA",14100,"PHL","Philadelphia, PA","PA","0025","0038",13.00,13.00,13.00,10.00,"0842","0901",19.00,19.00,0.00,"",0.00,317.00,323.00,300.00,1.00,2521.00,7.00,0.00,6.00,0.00,6.00,
2016,7,6,3,2016-07-06,"AA",19805,"AA","834",14100,"PHL","Philadelphia, PA","PA",15304,"TPA","Tampa, FL","FL","1755","1748",-7.00,0.00,21.00,3.00,"2031","2019",-12.00,0.00,0.00,"",0.00,156.00,151.00,127.00,1.00,920.00,,,,,,
2016,7,6,3,2016-07-06,"AA",19805,"AA","839",14100,"PHL","Philadelphia, PA","PA",13204,"MCO","Orlando, FL","FL","2055","2051",-4.00,0.00,23.00,14.00,"2327","2322",-5.00,0.00,0.00,"",0.00,152.00,151.00,114.00,1.00,861.00,,,,,,
2016,7,6,3,2016-07-06,"AA",19805,"AA","840",14492,"RDU","Raleigh/Durham, NC","NC",11057,"CLT","Charlotte, NC","NC","0710","",,,,,"0813","",,,1.00,"A",0.00,63.00,,,1.00,130.00,,,,,,
2016,7,6,3,2016-07-06,"AA",19805,"AA","848",13931,"ORF","Norfolk, VA","VA",11057,"CLT","Charlotte, NC","NC","1109","1112",3.00,3.00,19.00,7.00,"1227","1226",-1.00,0.00,0.00,"",0.00,78.00,74.00,48.00,1.00,290.00,,,,,,
2016,7,6,3,2016-07-06,"AA",19805,"AA","849",10397,"ATL","Atlanta, GA","GA",14100,"PHL","Philadelphia, PA","PA","1945","2012",27.00,27.00,36.00,5.00,"2150","2227",37.00,37.00,0.00,"",0.00,125.00,135.00,94.00,1.00,666.00,0.00,22.00,10.00,0.00,5.00,
2016,7,6,3,2016-07-06,"AA",19805,"AA","850",11057,"CLT","Charlotte, NC","NC",10693,"BNA","Nashville, TN","TN","1140","1153",13.00,13.00,22.00,5.00,"1208","1216",8.00,8.00,0.00,"",0.00,88.00,83.00,56.00,1.00,328.00,,,,,,
2016,7,6,3,2016-07-06,"AA",19805,"AA","850",14683,"SAT","San Antonio, TX","TX",11057,"CLT","Charlotte, NC","NC","0650","0641",-9.00,0.00,12.00,8.00,"1039","1032",-7.00,0.00,0.00,"",0.00,169.00,171.00,151.00,1.00,1095.00,,,,,,
2016,7,6,3,2016-07-06,"AA",19805,"AA","851",14100,"PHL","Philadelphia, PA","PA",11292,"DEN","Denver, CO","CO","1755","1827",32.00,32.00,49.00,9.00,"2002","2102",60.00,60.00,0.00,"",0.00,247.00,275.00,217.00,1.00,1558.00,32.00,0.00,28.00,0.00,0.00,
2016,7,6,3,2016-07-06,"AA",19805,"AA","853",11057,"CLT","Charlotte, NC","NC",13930,"ORD","Chicago, IL","IL","1305","1415",70.00,70.00,22.00,9.00,"1409","1521",72.00,72.00,0.00,"",0.00,124.00,126.00,95.00,1.00,599.00,0.00,0.00,2.00,0.00,70.00,
2016,7,6,3,2016-07-06,"AA",19805,"AA","853",13204,"MCO","Orlando, FL","FL",11057,"CLT","Charlotte, NC","NC","1020","1026",6.00,6.00,13.00,12.00,"1202","1203",1.00,1.00,0.00,"",0.00,102.00,97.00,72.00,1.00,468.00,,,,,,
2016,7,6,3,2016-07-06,"AA",19805,"AA","853",13930,"ORD","Chicago, IL","IL",14107,"PHX","Phoenix, AZ","AZ","1530","1615",45.00,45.00,19.00,6.00,"1711","1749",38.00,38.00,0.00,"",0.00,221.00,214.00,189.00,1.00,1440.00,38.00,0.00,0.00,0.00,0.00,
2016,7,6,3,2016-07-06,"AA",19805,"AA","854",14100,"PHL","Philadelphia, PA","PA",14747,"SEA","Seattle, WA","WA","1800","1800",0.00,0.00,19.00,21.00,"2101","2043",-18.00,0.00,0.00,"",0.00,361.00,343.00,303.00,1.00,2378.00,,,,,,
2016,7,6,3,2016-07-06,"AA",19805,"AA","855",14747,"SEA","Seattle, WA","WA",14100,"PHL","Philadelphia, PA","PA","0040","0032",-8.00,0.00,17.00,4.00,"0841","0816",-25.00,0.00,0.00,"",0.00,301.00,284.00,263.00,1.00,2378.00,,,,,,
2016,7,6,3,2016-07-06,"AA",19805,"AA","856",11057,"CLT","Charlotte, NC","NC",11278,"DCA","Washington, DC","VA","1944","1941",-3.00,0.00,18.00,4.00,"2103","2055",-8.00,0.00,0.00,"",0.00,79.00,74.00,52.00,1.00,331.00,,,,,,
2016,7,6,3,2016-07-06,"AA",19805,"AA","858",10792,"BUF","Buffalo, NY","NY",11057,"CLT","Charlotte, NC","NC","0825","0823",-2.00,0.00,24.00,6.00,"1018","1011",-7.00,0.00,0.00,"",0.00,113.00,108.00,78.00,1.00,546.00,,,,,,
2016,7,6,3,2016-07-06,"AA",19805,"AA","862",11278,"DCA","Washington, DC","VA",13204,"MCO","Orlando, FL","FL","0750","0743",-7.00,0.00,14.00,6.00,"1009","0951",-18.00,0.00,0.00,"",0.00,139.00,128.00,108.00,1.00,759.00,,,,,,
2016,7,6,3,2016-07-06,"AA",19805,"AA","862",13204,"MCO","Orlando, FL","FL",11278,"DCA","Washington, DC","VA","1050","1045",-5.00,0.00,16.00,2.00,"1259","1242",-17.00,0.00,0.00,"",0.00,129.00,117.00,99.00,1.00,759.00,,,,,,
2016,7,6,3,2016-07-06,"AA",19805,"AA","867",14027,"PBI","West Palm Beach/Palm Beach, FL","FL",11057,"CLT","Charlotte, NC","NC","0815","0812",-3.00,0.00,8.00,9.00,"1010","0959",-11.00,0.00,0.00,"",0.00,115.00,107.00,90.00,1.00,590.00,,,,,,
2016,7,6,3,2016-07-06,"AA",19805,"AA","873",11057,"CLT","Charlotte, NC","NC",10397,"ATL","Atlanta, GA","GA","1324","1358",34.00,34.00,12.00,4.00,"1444","1454",10.00,10.00,0.00,"",0.00,80.00,56.00,40.00,1.00,226.00,,,,,,
2016,7,6,3,2016-07-06,"AA",19805,"AA","873",11298,"DFW","Dallas/Fort Worth, TX","TX",11057,"CLT","Charlotte, NC","NC","0850","0845",-5.00,0.00,17.00,8.00,"1229","1210",-19.00,0.00,0.00,"",0.00,159.00,145.00,120.00,1.00,936.00,,,,,,
2016,7,6,3,2016-07-06,"AA",19805,"AA","875",13487,"MSP","Minneapolis, MN","MN",11057,"CLT","Charlotte, NC","NC","0640","0647",7.00,7.00,11.00,13.00,"1014","1020",6.00,6.00,0.00,"",0.00,154.00,153.00,129.00,1.00,930.00,,,,,,
2016,7,6,3,2016-07-06,"AA",19805,"AA","876",12451,"JAX","Jacksonville, FL","FL",11057,"CLT","Charlotte, NC","NC","0845","0841",-4.00,0.00,12.00,16.00,"1009","1005",-4.00,0.00,0.00,"",0.00,84.00,84.00,56.00,1.00,328.00,,,,,,
2016,7,6,3,2016-07-06,"AA",19805,"AA","879",13198,"MCI","Kansas City, MO","MO",11057,"CLT","Charlotte, NC","NC","0710","0751",41.00,41.00,11.00,6.00,"1030","1057",27.00,27.00,0.00,"",0.00,140.00,126.00,109.00,1.00,808.00,0.00,27.00,0.00,0.00,0.00,
2016,7,6,3,2016-07-06,"AA",19805,"AA","883",14100,"PHL","Philadelphia, PA","PA",11057,"CLT","Charlotte, NC","NC","0630","0625",-5.00,0.00,12.00,15.00,"0812","0759",-13.00,0.00,0.00,"",0.00,102.00,94.00,67.00,1.00,449.00,,,,,,
2016,7,6,3,2016-07-06,"AA",19805,"AA","885",12953,"LGA","New York, NY","NY",11057,"CLT","Charlotte, NC","NC","0759","0806",7.00,7.00,13.00,14.00,"1000","0950",-10.00,0.00,0.00,"",0.00,121.00,104.00,77.00,1.00,544.00,,,,,,
2016,7,6,3,2016-07-06,"AA",19805,"AA","889",11298,"DFW","Dallas/Fort Worth, TX","TX",14107,"PHX","Phoenix, AZ","AZ","2228","2222",-6.00,0.00,16.00,7.00,"2254","2300",6.00,6.00,0.00,"",0.00,146.00,158.00,135.00,1.00,868.00,,,,,,
2016,7,6,3,2016-07-06,"AA",19805,"AA","890",11057,"CLT","Charlotte, NC","NC",11298,"DFW","Dallas/Fort Worth, TX","TX","2210","2216",6.00,6.00,20.00,6.00,"2350","2345",-5.00,0.00,0.00,"",0.00,160.00,149.00,123.00,1.00,936.00,,,,,,
2016,7,6,3,2016-07-06,"AA",19805,"AA","890",13204,"MCO","Orlando, FL","FL",11057,"CLT","Charlotte, NC","NC","1920","1925",5.00,5.00,10.00,21.00,"2108","2117",9.00,9.00,0.00,"",0.00,108.00,112.00,81.00,1.00,468.00,,,,,,
2016,7,6,3,2016-07-06,"AA",19805,"AA","891",10721,"BOS","Boston, MA","MA",11057,"CLT","Charlotte, NC","NC","1104","1104",0.00,0.00,25.00,14.00,"1325","1326",1.00,1.00,0.00,"",0.00,141.00,142.00,103.00,1.00,728.00,,,,,,
2016,7,6,3,2016-07-06,"AA",19805,"AA","891",11057,"CLT","Charlotte, NC","NC",11298,"DFW","Dallas/Fort Worth, TX","TX","1425","1426",1.00,1.00,13.00,13.00,"1604","1556",-8.00,0.00,0.00,"",0.00,159.00,150.00,124.00,1.00,936.00,,,,,,
2016,7,6,3,2016-07-06,"AA",19805,"AA","892",14100,"PHL","Philadelphia, PA","PA",11057,"CLT","Charlotte, NC","NC","1905","1906",1.00,1.00,37.00,14.00,"2056","2101",5.00,5.00,0.00,"",0.00,111.00,115.00,64.00,1.00,449.00,,,,,,
2016,7,6,3,2016-07-06,"AA",19805,"AA","893",11278,"DCA","Washington, DC","VA",11057,"CLT","Charlotte, NC","NC","0659","0651",-8.00,0.00,34.00,13.00,"0830","0831",1.00,1.00,0.00,"",0.00,91.00,100.00,53.00,1.00,331.00,,,,,,
2016,7,6,3,2016-07-06,"AA",19805,"AA","896",14107,"PHX","Phoenix, AZ","AZ",11423,"DSM","Des Moines, IA","IA","0848","0840",-8.00,0.00,29.00,3.00,"1339","1326",-13.00,0.00,0.00,"",0.00,171.00,166.00,134.00,1.00,1150.00,,,,,,
2016,7,6,3,2016-07-06,"AA",19805,"AA","898",14771,"SFO","San Francisco, CA","CA",11057,"CLT","Charlotte, NC","NC","2215","2206",-9.00,0.00,25.00,7.00,"0608","0605",-3.00,0.00,0.00,"",0.00,293.00,299.00,267.00,1.00,2296.00,,,,,,
2016,7,6,3,2016-07-06,"AA",19805,"AA","1652",10397,"ATL","Atlanta, GA","GA",13303,"MIA","Miami, FL","FL","1700","1701",1.00,1.00,11.00,6.00,"1902","1844",-18.00,0.00,0.00,"",0.00,122.00,103.00,86.00,1.00,594.00,,,,,,
2016,7,6,3,2016-07-06,"AA",19805,"AA","1652",11042,"CLE","Cleveland, OH","OH",11057,"CLT","Charlotte, NC","NC","1205","1158",-7.00,0.00,9.00,5.00,"1338","1318",-20.00,0.00,0.00,"",0.00,93.00,80.00,66.00,1.00,430.00,,,,,,
2016,7,6,3,2016-07-06,"AA",19805,"AA","1652",11057,"CLT","Charlotte, NC","NC",10397,"ATL","Atlanta, GA","GA","1445","1443",-2.00,0.00,15.00,6.00,"1602","1547",-15.00,0.00,0.00,"",0.00,77.00,64.00,43.00,1.00,226.00,,,,,,
2016,7,6,3,2016-07-06,"AA",19805,"AA","1653",11057,"CLT","Charlotte, NC","NC",13198,"MCI","Kansas City, MO","MO","1610","1634",24.00,24.00,20.00,5.00,"1736","1754",18.00,18.00,0.00,"",0.00,146.00,140.00,115.00,1.00,808.00,18.00,0.00,0.00,0.00,0.00,
2016,7,6,3,2016-07-06,"AA",19805,"AA","1654",11057,"CLT","Charlotte, NC","NC",10529,"BDL","Hartford, CT","CT","0730","0738",8.00,8.00,11.00,4.00,"0927","0919",-8.00,0.00,0.00,"",0.00,117.00,101.00,86.00,1.00,644.00,,,,,,
2016,7,6,3,2016-07-06,"AA",19805,"AA","1654",14492,"RDU","Raleigh/Durham, NC","NC",11057,"CLT","Charlotte, NC","NC","0525","",,,,,"0618","",,,1.00,"A",0.00,53.00,,,1.00,130.00,,,,,,
2016,7,6,3,2016-07-06,"AA",19805,"AA","1655",14100,"PHL","Philadelphia, PA","PA",10721,"BOS","Boston, MA","MA","0800","0755",-5.00,0.00,23.00,8.00,"0928","0916",-12.00,0.00,0.00,"",0.00,88.00,81.00,50.00,1.00,280.00,,,,,,
2016,7,6,3,2016-07-06,"AA",19805,"AA","1656",10693,"BNA","Nashville, TN","TN",12892,"LAX","Los Angeles, CA","CA","1631","1821",110.00,110.00,17.00,46.00,"1855","2128",153.00,153.00,0.00,"",0.00,264.00,307.00,244.00,1.00,1797.00,0.00,8.00,43.00,0.00,102.00,
2016,7,6,3,2016-07-06,"AA",19805,"AA","1657",14100,"PHL","Philadelphia, PA","PA",10721,"BOS","Boston, MA","MA","0950","1003",13.00,13.00,19.00,6.00,"1125","1116",-9.00,0.00,0.00,"",0.00,95.00,73.00,48.00,1.00,280.00,,,,,,
2016,7,6,3,2016-07-06,"AA",19805,"AA","1659",14100,"PHL","Philadelphia, PA","PA",10721,"BOS","Boston, MA","MA","1115","1111",-4.00,0.00,22.00,13.00,"1234","1244",10.00,10.00,0.00,"",0.00,79.00,93.00,58.00,1.00,280.00,,,,,,
2016,7,6,3,2016-07-06,"AA",19805,"AA","1660",10721,"BOS","Boston, MA","MA",14100,"PHL","Philadelphia, PA","PA","0700","0754",54.00,54.00,19.00,2.00,"0837","0910",33.00,33.00,0.00,"",0.00,97.00,76.00,55.00,1.00,280.00,33.00,0.00,0.00,0.00,0.00,
2016,7,6,3,2016-07-06,"AA",19805,"AA","1661",13204,"MCO","Orlando, FL","FL",14100,"PHL","Philadelphia, PA","PA","0810","1136",206.00,206.00,13.00,6.00,"1035","1354",199.00,199.00,0.00,"",0.00,145.00,138.00,119.00,1.00,861.00,199.00,0.00,0.00,0.00,0.00,
2016,7,6,3,2016-07-06,"AA",19805,"AA","1661",14100,"PHL","Philadelphia, PA","PA",10721,"BOS","Boston, MA","MA","1215","1210",-5.00,0.00,14.00,20.00,"1329","1331",2.00,2.00,0.00,"",0.00,74.00,81.00,47.00,1.00,280.00,,,,,,
2016,7,6,3,2016-07-06,"AA",19805,"AA","1662",10721,"BOS","Boston, MA","MA",14100,"PHL","Philadelphia, PA","PA","0900","0903",3.00,3.00,23.00,7.00,"1030","1027",-3.00,0.00,0.00,"",0.00,90.00,84.00,54.00,1.00,280.00,,,,,,
2016,7,6,3,2016-07-06,"AA",19805,"AA","1663",14100,"PHL","Philadelphia, PA","PA",10721,"BOS","Boston, MA","MA","1400","1401",1.00,1.00,20.00,7.00,"1522","1519",-3.00,0.00,0.00,"",0.00,82.00,78.00,51.00,1.00,280.00,,,,,,
2016,7,6,3,2016-07-06,"AA",19805,"AA","1664",10721,"BOS","Boston, MA","MA",14100,"PHL","Philadelphia, PA","PA","1100","1131",31.00,31.00,28.00,3.00,"1232","1304",32.00,32.00,0.00,"",0.00,92.00,93.00,62.00,1.00,280.00,31.00,0.00,1.00,0.00,0.00,
2016,7,6,3,2016-07-06,"AA",19805,"AA","1666",13204,"MCO","Orlando, FL","FL",14100,"PHL","Philadelphia, PA","PA","1724","1723",-1.00,0.00,14.00,3.00,"1955","1938",-17.00,0.00,0.00,"",0.00,151.00,135.00,118.00,1.00,861.00,,,,,,
2016,7,6,3,2016-07-06,"AA",19805,"AA","1668",10721,"BOS","Boston, MA","MA",14100,"PHL","Philadelphia, PA","PA","1215","1210",-5.00,0.00,17.00,4.00,"1343","1325",-18.00,0.00,0.00,"",0.00,88.00,75.00,54.00,1.00,280.00,,,,,,
2016,7,1,5,2016-07-01,"AA",19805,"AA","1699",11057,"CLT","Charlotte, NC","NC",12451,"JAX","Jacksonville, FL","FL","0010","0007",-3.00,0.00,12.00,5.00,"0123","0114",-9.00,0.00,0.00,"",0.00,73.00,67.00,50.00,1.00,328.00,,,,,,
2016,7,1,5,2016-07-01,"AA",19805,"AA","1700",11057,"CLT","Charlotte, NC","NC",10529,"BDL","Hartford, CT","CT","1429","1424",-5.00,0.00,32.00,,"1624","",,,1.00,"C",0.00,115.00,,,1.00,644.00,,,,,,
2016,7,1,5,2016-07-01,"AA",19805,"AA","1700",14122,"PIT","Pittsburgh, PA","PA",11057,"CLT","Charlotte, NC","NC","1200","1151",-9.00,0.00,9.00,8.00,"1329","1305",-24.00,0.00,0.00,"",0.00,89.00,74.00,57.00,1.00,366.00,,,,,,
2016,7,1,5,2016-07-01,"AA",19805,"AA","1701",11057,"CLT","Charlotte, NC","NC",13303,"MIA","Miami, FL","FL","1820","1820",0.00,0.00,19.00,4.00,"2026","2026",0.00,0.00,0.00,"",0.00,126.00,126.00,103.00,1.00,650.00,,,,,,
2016,7,1,5,2016-07-01,"AA",19805,"AA","1701",13198,"MCI","Kansas City, MO","MO",11057,"CLT","Charlotte, NC","NC","1355","1347",-8.00,0.00,15.00,4.00,"1714","1651",-23.00,0.00,0.00,"",0.00,139.00,124.00,105.00,1.00,808.00,,,,,,
2016,7,1,5,2016-07-01,"AA",19805,"AA","1704",11057,"CLT","Charlotte, NC","NC",10529,"BDL","Hartford, CT","CT","2210","2208",-2.00,0.00,22.00,25.00,"0005","0023",18.00,18.00,0.00,"",0.00,115.00,135.00,88.00,1.00,644.00,0.00,0.00,18.00,0.00,0.00,
2016,7,1,5,2016-07-01,"AA",19805,"AA","1704",11298,"DFW","Dallas/Fort Worth, TX","TX",11057,"CLT","Charlotte, NC","NC","1735","1730",-5.00,0.00,16.00,11.00,"2110","2100",-10.00,0.00,0.00,"",0.00,155.00,150.00,123.00,1.00,936.00,,,,,,
2016,7,1,5,2016-07-01,"AA",19805,"AA","1705",12889,"LAS","Las Vegas, NV","NV",12892,"LAX","Los Angeles, CA","CA","1310","1305",-5.00,0.00,29.00,10.00,"1429","1425",-4.00,0.00,0.00,"",0.00,79.00,80.00,41.00,1.00,236.00,,,,,,
2016,7,1,5,2016-07-01,"AA",19805,"AA","1705",12892,"LAX","Los Angeles, CA","CA",12889,"LAS","Las Vegas, NV","NV","1105","1102",-3.00,0.00,9.00,8.00,"1224","1206",-18.00,0.00,0.00,"",0.00,79.00,64.00,47.00,1.00,236.00,,,,,,
2016,7,1,5,2016-07-01,"AA",19805,"AA","1706",11057,"CLT","Charlotte, NC","NC",13244,"MEM","Memphis, TN","TN","2225","2322",57.00,57.00,14.00,3.00,"2307","2400",53.00,53.00,0.00,"",0.00,102.00,98.00,81.00,1.00,511.00,0.00,0.00,0.00,0.00,53.00,
2016,7,1,5,2016-07-01,"AA",19805,"AA","1707",12451,"JAX","Jacksonville, FL","FL",11057,"CLT","Charlotte, NC","NC","0845","0845",0.00,0.00,23.00,10.00,"1009","1020",11.00,11.00,0.00,"",0.00,84.00,95.00,62.00,1.00,328.00,,,,,,
2016,7,1,5,2016-07-01,"AA",19805,"AA","1708",10397,"ATL","Atlanta, GA","GA",11057,"CLT","Charlotte, NC","NC","0725","0725",0.00,0.00,28.00,5.00,"0839","0851",12.00,12.00,0.00,"",0.00,74.00,86.00,53.00,1.00,226.00,,,,,,
2016,7,1,5,2016-07-01,"AA",19805,"AA","1708",11057,"CLT","Charlotte, NC","NC",11697,"FLL","Fort Lauderdale, FL","FL","0945","1044",59.00,59.00,13.00,3.00,"1150","1227",37.00,37.00,0.00,"",0.00,125.00,103.00,87.00,1.00,632.00,0.00,0.00,0.00,0.00,37.00,
2016,7,1,5,2016-07-01,"AA",19805,"AA","1709",14747,"SEA","Seattle, WA","WA",11057,"CLT","Charlotte, NC","NC","0045","0111",26.00,26.00,11.00,7.00,"0840","0849",9.00,9.00,0.00,"",0.00,295.00,278.00,260.00,1.00,2279.00,,,,,,
2016,7,1,5,2016-07-01,"AA",19805,"AA","1712",14107,"PHX","Phoenix, AZ","AZ",14100,"PHL","Philadelphia, PA","PA","1457","1504",7.00,7.00,21.00,3.00,"2229","2223",-6.00,0.00,0.00,"",0.00,272.00,259.00,235.00,1.00,2075.00,,,,,,
2016,7,1,5,2016-07-01,"AA",19805,"AA","1713",13303,"MIA","Miami, FL","FL",13198,"MCI","Kansas City, MO","MO","2133","2205",32.00,32.00,38.00,9.00,"2348","0035",47.00,47.00,0.00,"",0.00,195.00,210.00,163.00,1.00,1251.00,32.00,0.00,15.00,0.00,0.00,
2016,7,1,5,2016-07-01,"AA",19805,"AA","1714",13198,"MCI","Kansas City, MO","MO",13303,"MIA","Miami, FL","FL","0615","0618",3.00,3.00,19.00,11.00,"1025","1021",-4.00,0.00,0.00,"",0.00,190.00,183.00,153.00,1.00,1251.00,,,,,,
2016,7,1,5,2016-07-01,"AA",19805,"AA","1715",10529,"BDL","Hartford, CT","CT",11057,"CLT","Charlotte, NC","NC","1300","1526",146.00,146.00,38.00,7.00,"1503","1806",183.00,183.00,0.00,"",0.00,123.00,160.00,115.00,1.00,644.00,146.00,0.00,37.00,0.00,0.00,
2016,7,1,5,2016-07-01,"AA",19805,"AA","1715",11057,"CLT","Charlotte, NC","NC",10693,"BNA","Nashville, TN","TN","1606","1642",36.00,36.00,11.00,9.00,"1625","1653",28.00,28.00,0.00,"",0.00,79.00,71.00,51.00,1.00,328.00,13.00,0.00,0.00,0.00,15.00,
2016,7,1,5,2016-07-01,"AA",19805,"AA","1716",12451,"JAX","Jacksonville, FL","FL",12953,"LGA","New York, NY","NY","0757","0757",0.00,0.00,12.00,8.00,"1030","1005",-25.00,0.00,0.00,"",0.00,153.00,128.00,108.00,1.00,833.00,,,,,,
2016,7,1,5,2016-07-01,"AA",19805,"AA","1717",11057,"CLT","Charlotte, NC","NC",11697,"FLL","Fort Lauderdale, FL","FL","2210","2238",28.00,28.00,16.00,3.00,"0005","0028",23.00,23.00,0.00,"",0.00,115.00,110.00,91.00,1.00,632.00,20.00,0.00,0.00,0.00,3.00,
2016,7,1,5,2016-07-01,"AA",19805,"AA","1717",14771,"SFO","San Francisco, CA","CA",11057,"CLT","Charlotte, NC","NC","1305","1305",0.00,0.00,28.00,13.00,"2110","2114",4.00,4.00,0.00,"",0.00,305.00,309.00,268.00,1.00,2296.00,,,,,,
2016,7,1,5,2016-07-01,"AA",19805,"AA","1718",13204,"MCO","Orlando, FL","FL",11278,"DCA","Washington, DC","VA","0830","0825",-5.00,0.00,17.00,5.00,"1038","1031",-7.00,0.00,0.00,"",0.00,128.00,126.00,104.00,1.00,759.00,,,,,,
2016,7,1,5,2016-07-01,"AA",19805,"AA","1719",11057,"CLT","Charlotte, NC","NC",11697,"FLL","Fort Lauderdale, FL","FL","1625","1631",6.00,6.00,29.00,2.00,"1825","1840",15.00,15.00,0.00,"",0.00,120.00,129.00,98.00,1.00,632.00,6.00,0.00,9.00,0.00,0.00,
2016,7,1,5,2016-07-01,"AA",19805,"AA","1719",11298,"DFW","Dallas/Fort Worth, TX","TX",11057,"CLT","Charlotte, NC","NC","1155","1209",14.00,14.00,14.00,10.00,"1528","1530",2.00,2.00,0.00,"",0.00,153.00,141.00,117.00,1.00,936.00,,,,,,
2016,7,1,5,2016-07-01,"AA",19805,"AA","1720",10821,"BWI","Baltimore, MD","MD",11057,"CLT","Charlotte, NC","NC","1715","1745",30.00,30.00,43.00,6.00,"1850","1948",58.00,58.00,0.00,"",0.00,95.00,123.00,74.00,1.00,361.00,0.00,5.00,28.00,0.00,25.00,
2016,7,1,5,2016-07-01,"AA",19805,"AA","1720",11057,"CLT","Charlotte, NC","NC",13230,"MDT","Harrisburg, PA","PA","1935","2036",61.00,61.00,11.00,5.00,"2101","2153",52.00,52.00,0.00,"",0.00,86.00,77.00,61.00,1.00,413.00,52.00,0.00,0.00,0.00,0.00,
2016,7,1,5,2016-07-01,"AA",19805,"AA","1721",11057,"CLT","Charlotte, NC","NC",11618,"EWR","Newark, NJ","NJ","1805","2115",190.00,190.00,,,"1958","",,,1.00,"A",0.00,113.00,,,1.00,529.00,,,,,,
2016,7,1,5,2016-07-01,"AA",19805,"AA","1721",11697,"FLL","Fort Lauderdale, FL","FL",11057,"CLT","Charlotte, NC","NC","1450","1454",4.00,4.00,36.00,6.00,"1700","1717",17.00,17.00,0.00,"",0.00,130.00,143.00,101.00,1.00,632.00,4.00,0.00,13.00,0.00,0.00,
2016,7,1,5,2016-07-01,"AA",19805,"AA","1722",11057,"CLT","Charlotte, NC","NC",11278,"DCA","Washington, DC","VA","0930","1125",115.00,115.00,22.00,4.00,"1056","1245",109.00,109.00,0.00,"",0.00,86.00,80.00,54.00,1.00,331.00,0.00,0.00,0.00,0.00,109.00,
2016,7,1,5,2016-07-01,"AA",19805,"AA","1722",12451,"JAX","Jacksonville, FL","FL",11057,"CLT","Charlotte, NC","NC","0705","0702",-3.00,0.00,21.00,11.00,"0827","0842",15.00,15.00,0.00,"",0.00,82.00,100.00,68.00,1.00,328.00,0.00,0.00,15.00,0.00,0.00,
2016,7,1,5,2016-07-01,"AA",19805,"AA","1724",14122,"PIT","Pittsburgh, PA","PA",11057,"CLT","Charlotte, NC","NC","1920","1920",0.00,0.00,11.00,10.00,"2047","2035",-12.00,0.00,0.00,"",0.00,87.00,75.00,54.00,1.00,366.00,,,,,,
2016,7,1,5,2016-07-01,"AA",19805,"AA","1725",11057,"CLT","Charlotte, NC","NC",13204,"MCO","Orlando, FL","FL","0740","",,,,,"0922","",,,1.00,"A",0.00,102.00,,,1.00,468.00,,,,,,
2016,7,1,5,2016-07-01,"AA",19805,"AA","1726",12892,"LAX","Los Angeles, CA","CA",14107,"PHX","Phoenix, AZ","AZ","2123","2216",53.00,53.00,18.00,6.00,"2257","2337",40.00,40.00,0.00,"",0.00,94.00,81.00,57.00,1.00,370.00,13.00,0.00,0.00,0.00,27.00,
2016,7,1,5,2016-07-01,"AA",19805,"AA","1726",14107,"PHX","Phoenix, AZ","AZ",14100,"PHL","Philadelphia, PA","PA","2350","2346",-4.00,0.00,14.00,5.00,"0718","0712",-6.00,0.00,0.00,"",0.00,268.00,266.00,247.00,1.00,2075.00,,,,,,
2016,7,1,5,2016-07-01,"AA",19805,"AA","1727",10397,"ATL","Atlanta, GA","GA",14100,"PHL","Philadelphia, PA","PA","1045","1038",-7.00,0.00,15.00,8.00,"1248","1231",-17.00,0.00,0.00,"",0.00,123.00,113.00,90.00,1.00,666.00,,,,,,
2016,7,1,5,2016-07-01,"AA",19805,"AA","1727",14100,"PHL","Philadelphia, PA","PA",10397,"ATL","Atlanta, GA","GA","0745","0741",-4.00,0.00,24.00,7.00,"1003","0955",-8.00,0.00,0.00,"",0.00,138.00,134.00,103.00,1.00,666.00,,,,,,
2016,7,1,5,2016-07-01,"AA",19805,"AA","1728",13204,"MCO","Orlando, FL","FL",14100,"PHL","Philadelphia, PA","PA","1210","1208",-2.00,0.00,21.00,9.00,"1438","1441",3.00,3.00,0.00,"",0.00,148.00,153.00,123.00,1.00,861.00,,,,,,
2016,7,1,5,2016-07-01,"AA",19805,"AA","1728",14100,"PHL","Philadelphia, PA","PA",13204,"MCO","Orlando, FL","FL","0805","0801",-4.00,0.00,28.00,11.00,"1039","1039",0.00,0.00,0.00,"",0.00,154.00,158.00,119.00,1.00,861.00,,,,,,
2016,7,1,5,2016-07-01,"AA",19805,"AA","1729",11057,"CLT","Charlotte, NC","NC",13204,"MCO","Orlando, FL","FL","1120","1122",2.00,2.00,16.00,13.00,"1255","1256",1.00,1.00,0.00,"",0.00,95.00,94.00,65.00,1.00,468.00,,,,,,
2016,7,1,5,2016-07-01,"AA",19805,"AA","1729",13930,"ORD","Chicago, IL","IL",11057,"CLT","Charlotte, NC","NC","0715","0743",28.00,28.00,11.00,10.00,"1011","1028",17.00,17.00,0.00,"",0.00,116.00,105.00,84.00,1.00,599.00,16.00,0.00,0.00,0.00,1.00,
2016,7,1,5,2016-07-01,"AA",19805,"AA","1730",11057,"CLT","Charlotte, NC","NC",11278,"DCA","Washington, DC","VA","1130","",,,,,"1256","",,,1.00,"A",0.00,86.00,,,1.00,331.00,,,,,,
2016,7,1,5,2016-07-01,"AA",19805,"AA","1730",15016,"STL","St. Louis, MO","MO",11057,"CLT","Charlotte, NC","NC","0735","0741",6.00,6.00,11.00,23.00,"1028","1037",9.00,9.00,0.00,"",0.00,113.00,116.00,82.00,1.00,575.00,,,,,,
2016,7,1,5,2016-07-01,"AA",19805,"AA","1731",14100,"PHL","Philadelphia, PA","PA",14122,"PIT","Pittsburgh, PA","PA","2250","2244",-6.00,0.00,23.00,4.00,"2355","2358",3.00,3.00,0.00,"",0.00,65.00,74.00,47.00,1.00,268.00,,,,,,
2016,7,1,5,2016-07-01,"AA",19805,"AA","1731",14122,"PIT","Pittsburgh, PA","PA",14100,"PHL","Philadelphia, PA","PA","2040","2044",4.00,4.00,15.00,4.00,"2150","2147",-3.00,0.00,0.00,"",0.00,70.00,63.00,44.00,1.00,268.00,,,,,,
2016,7,1,5,2016-07-01,"AA",19805,"AA","1732",11057,"CLT","Charlotte, NC","NC",11278,"DCA","Washington, DC","VA","0730","0727",-3.00,0.00,13.00,6.00,"0855","0842",-13.00,0.00,0.00,"",0.00,85.00,75.00,56.00,1.00,331.00,,,,,,
2016,7,1,5,2016-07-01,"AA",19805,"AA","1732",14492,"RDU","Raleigh/Durham, NC","NC",11057,"CLT","Charlotte, NC","NC","0525","0524",-1.00,0.00,11.00,6.00,"0618","0619",1.00,1.00,0.00,"",0.00,53.00,55.00,38.00,1.00,130.00,,,,,,
2016,7,1,5,2016-07-01,"AA",19805,"AA","1733",11057,"CLT","Charlotte, NC","NC",13204,"MCO","Orlando, FL","FL","1815","2035",140.00,140.00,18.00,9.00,"1955","2206",131.00,131.00,0.00,"",0.00,100.00,91.00,64.00,1.00,468.00,131.00,0.00,0.00,0.00,0.00,
2016,7,1,5,2016-07-01,"AA",19805,"AA","1733",14100,"PHL","Philadelphia, PA","PA",11057,"CLT","Charlotte, NC","NC","1530","1758",148.00,148.00,31.00,5.00,"1715","1942",147.00,147.00,0.00,"",0.00,105.00,104.00,68.00,1.00,449.00,18.00,0.00,0.00,0.00,129.00,
2016,7,1,5,2016-07-01,"AA",19805,"AA","1735",11057,"CLT","Charlotte, NC","NC",12889,"LAS","Las Vegas, NV","NV","1120","1118",-2.00,0.00,12.00,6.00,"1255","1236",-19.00,0.00,0.00,"",0.00,275.00,258.00,240.00,1.00,1916.00,,,,,,
2016,7,1,5,2016-07-01,"AA",19805,"AA","1735",11697,"FLL","Fort Lauderdale, FL","FL",11057,"CLT","Charlotte, NC","NC","0805","0759",-6.00,0.00,13.00,9.00,"1009","0956",-13.00,0.00,0.00,"",0.00,124.00,117.00,95.00,1.00,632.00,,,,,,
2016,7,1,5,2016-07-01,"AA",19805,"AA","1736",11057,"CLT","Charlotte, NC","NC",12451,"JAX","Jacksonville, FL","FL","1150","1143",-7.00,0.00,27.00,4.00,"1315","1302",-13.00,0.00,0.00,"",0.00,85.00,79.00,48.00,1.00,328.00,,,,,,
2016,7,1,5,2016-07-01,"AA",19805,"AA","1736",13230,"MDT","Harrisburg, PA","PA",11057,"CLT","Charlotte, NC","NC","0900","0854",-6.00,0.00,31.00,8.00,"1033","1052",19.00,19.00,0.00,"",0.00,93.00,118.00,79.00,1.00,413.00,0.00,0.00,19.00,0.00,0.00,
2016,7,1,5,2016-07-01,"AA",19805,"AA","1737",11057,"CLT","Charlotte, NC","NC",12892,"LAX","Los Angeles, CA","CA","1456","1533",37.00,37.00,10.00,35.00,"1705","1743",38.00,38.00,0.00,"",0.00,309.00,310.00,265.00,1.00,2125.00,37.00,0.00,1.00,0.00,0.00,
2016,7,1,5,2016-07-01,"AA",19805,"AA","1737",12892,"LAX","Los Angeles, CA","CA",14771,"SFO","San Francisco, CA","CA","1820","1842",22.00,22.00,38.00,4.00,"1947","2016",29.00,29.00,0.00,"",0.00,87.00,94.00,52.00,1.00,337.00,0.00,0.00,7.00,0.00,22.00,
2016,7,1,5,2016-07-01,"AA",19805,"AA","1740",10423,"AUS","Austin, TX","TX",11057,"CLT","Charlotte, NC","NC","1345","1353",8.00,8.00,11.00,8.00,"1727","1732",5.00,5.00,0.00,"",0.00,162.00,159.00,140.00,1.00,1032.00,,,,,,
2016,7,1,5,2016-07-01,"AA",19805,"AA","1740",11057,"CLT","Charlotte, NC","NC",12953,"LGA","New York, NY","NY","1835","2037",122.00,122.00,27.00,7.00,"2031","0137",,,0.00,"",1.00,116.00,,,1.00,544.00,,,,,,
2016,7,1,5,2016-07-01,"AA",19805,"AA","1740",14107,"PHX","Phoenix, AZ","AZ",10423,"AUS","Austin, TX","TX","0842","0839",-3.00,0.00,27.00,5.00,"1304","1311",7.00,7.00,0.00,"",0.00,142.00,152.00,120.00,1.00,872.00,,,,,,
2016,7,1,5,2016-07-01,"AA",19805,"AA","1741",11278,"DCA","Washington, DC","VA",11697,"FLL","Fort Lauderdale, FL","FL","1550","1556",6.00,6.00,22.00,6.00,"1831","1838",7.00,7.00,0.00,"",0.00,161.00,162.00,134.00,1.00,899.00,,,,,,
2016,7,1,5,2016-07-01,"AA",19805,"AA","1741",11697,"FLL","Fort Lauderdale, FL","FL",11278,"DCA","Washington, DC","VA","1950","1944",-6.00,0.00,10.00,11.00,"2217","2220",3.00,3.00,0.00,"",0.00,147.00,156.00,135.00,1.00,899.00,,,,,,
2016,7,1,5,2016-07-01,"AA",19805,"AA","1742",14107,"PHX","Phoenix, AZ","AZ",11298,"DFW","Dallas/Fort Worth, TX","TX","0720","0720",0.00,0.00,14.00,12.00,"1148","1136",-12.00,0.00,0.00,"",0.00,148.00,136.00,110.00,1.00,868.00,,,,,,
2016,7,1,5,2016-07-01,"AA",19805,"AA","1743",11298,"DFW","Dallas/Fort Worth, TX","TX",11057,"CLT","Charlotte, NC","NC","2020","2258",158.00,158.00,12.00,5.00,"2356","0206",130.00,130.00,0.00,"",0.00,156.00,128.00,111.00,1.00,936.00,130.00,0.00,0.00,0.00,0.00,
2016,7,1,5,2016-07-01,"AA",19805,"AA","1743",14100,"PHL","Philadelphia, PA","PA",11298,"DFW","Dallas/Fort Worth, TX","TX","1625","1951",206.00,206.00,11.00,11.00,"1904","2204",180.00,180.00,0.00,"",0.00,219.00,193.00,171.00,1.00,1303.00,180.00,0.00,0.00,0.00,0.00,
2016,7,1,5,2016-07-01,"AA",19805,"AA","1744",14100,"PHL","Philadelphia, PA","PA",11278,"DCA","Washington, DC","VA","1535","1530",-5.00,0.00,18.00,24.00,"1631","1641",10.00,10.00,0.00,"",0.00,56.00,71.00,29.00,1.00,119.00,,,,,,
2016,7,1,5,2016-07-01,"AA",19805,"AA","1745",11057,"CLT","Charlotte, NC","NC",14122,"PIT","Pittsburgh, PA","PA","1635","1635",0.00,0.00,29.00,4.00,"1804","1805",1.00,1.00,0.00,"",0.00,89.00,90.00,57.00,1.00,366.00,,,,,,
2016,7,1,5,2016-07-01,"AA",19805,"AA","1745",14492,"RDU","Raleigh/Durham, NC","NC",11057,"CLT","Charlotte, NC","NC","1445","1440",-5.00,0.00,25.00,4.00,"1545","1538",-7.00,0.00,0.00,"",0.00,60.00,58.00,29.00,1.00,130.00,,,,,,
2016,7,1,5,2016-07-01,"AA",19805,"AA","1746",14100,"PHL","Philadelphia, PA","PA",13204,"MCO","Orlando, FL","FL","1130","1125",-5.00,0.00,43.00,10.00,"1358","1435",37.00,37.00,0.00,"",0.00,148.00,190.00,137.00,1.00,861.00,0.00,0.00,37.00,0.00,0.00,
2016,7,1,5,2016-07-01,"AA",19805,"AA","1747",11057,"CLT","Charlotte, NC","NC",14122,"PIT","Pittsburgh, PA","PA","1954","1957",3.00,3.00,15.00,6.00,"2116","2119",3.00,3.00,0.00,"",0.00,82.00,82.00,61.00,1.00,366.00,,,,,,
2016,7,1,5,2016-07-01,"AA",19805,"AA","1748",14100,"PHL","Philadelphia, PA","PA",13204,"MCO","Orlando, FL","FL","1405","1400",-5.00,0.00,32.00,8.00,"1632","1659",27.00,27.00,0.00,"",0.00,147.00,179.00,139.00,1.00,861.00,0.00,0.00,27.00,0.00,0.00,
2016,7,1,5,2016-07-01,"AA",19805,"AA","1749",11278,"DCA","Washington, DC","VA",14100,"PHL","Philadelphia, PA","PA","1800","1905",65.00,65.00,24.00,3.00,"1909","2006",57.00,57.00,0.00,"",0.00,69.00,61.00,34.00,1.00,119.00,0.00,57.00,0.00,0.00,0.00,
2016,7,1,5,2016-07-01,"AA",19805,"AA","1750",11057,"CLT","Charlotte, NC","NC",11278,"DCA","Washington, DC","VA","1750","1748",-2.00,0.00,27.00,6.00,"1912","1927",15.00,15.00,0.00,"",0.00,82.00,99.00,66.00,1.00,331.00,0.00,0.00,15.00,0.00,0.00,
2016,7,1,5,2016-07-01,"AA",19805,"AA","1750",12451,"JAX","Jacksonville, FL","FL",11057,"CLT","Charlotte, NC","NC","1525","1530",5.00,5.00,9.00,17.00,"1653","1655",2.00,2.00,0.00,"",0.00,88.00,85.00,59.00,1.00,328.00,,,,,,
2016,7,1,5,2016-07-01,"AA",19805,"AA","1751",14100,"PHL","Philadelphia, PA","PA",14635,"RSW","Fort Myers, FL","FL","1830","1830",0.00,0.00,47.00,4.00,"2132","2156",24.00,24.00,0.00,"",0.00,182.00,206.00,155.00,1.00,993.00,0.00,0.00,24.00,0.00,0.00,
2016,7,1,5,2016-07-01,"AA",19805,"AA","1752",12953,"LGA","New York, NY","NY",12451,"JAX","Jacksonville, FL","FL","1759","",,,,,"2043","",,,1.00,"C",0.00,164.00,,,1.00,833.00,,,,,,
2016,7,1,5,2016-07-01,"AA",19805,"AA","1753",14307,"PVD","Providence, RI","RI",11057,"CLT","Charlotte, NC","NC","0600","0555",-5.00,0.00,10.00,8.00,"0809","0754",-15.00,0.00,0.00,"",0.00,129.00,119.00,101.00,1.00,683.00,,,,,,
2016,7,1,5,2016-07-01,"AA",19805,"AA","1755",10397,"ATL","Atlanta, GA","GA",14100,"PHL","Philadelphia, PA","PA","1735","1902",87.00,87.00,11.00,5.00,"1945","2115",90.00,90.00,0.00,"",0.00,130.00,133.00,117.00,1.00,666.00,0.00,0.00,90.00,0.00,0.00,
2016,7,1,5,2016-07-01,"AA",19805,"AA","1755",14100,"PHL","Philadelphia, PA","PA",14492,"RDU","Raleigh/Durham, NC","NC","2050","2202",72.00,72.00,20.00,4.00,"2217","2323",66.00,66.00,0.00,"",0.00,87.00,81.00,57.00,1.00,337.00,2.00,0.00,0.00,0.00,64.00,
2016,7,1,5,2016-07-01,"AA",19805,"AA","1756",11057,"CLT","Charlotte, NC","NC",10529,"BDL","Hartford, CT","CT","0950","0946",-4.00,0.00,18.00,4.00,"1155","1133",-22.00,0.00,0.00,"",0.00,125.00,107.00,85.00,1.00,644.00,,,,,,
2016,7,1,5,2016-07-01,"AA",19805,"AA","1756",12339,"IND","Indianapolis, IN","IN",11057,"CLT","Charlotte, NC","NC","0705","0704",-1.00,0.00,34.00,5.00,"0845","0851",6.00,6.00,0.00,"",0.00,100.00,107.00,68.00,1.00,427.00,,,,,,
2016,7,1,5,2016-07-01,"AA",19805,"AA","1757",13204,"MCO","Orlando, FL","FL",14100,"PHL","Philadelphia, PA","PA","0810","0805",-5.00,0.00,14.00,4.00,"1036","1023",-13.00,0.00,0.00,"",0.00,146.00,138.00,120.00,1.00,861.00,,,,,,
2016,7,1,5,2016-07-01,"AA",19805,"AA","1758",14307,"PVD","Providence, RI","RI",14100,"PHL","Philadelphia, PA","PA","1800","1848",48.00,48.00,14.00,3.00,"1917","2003",46.00,46.00,0.00,"",0.00,77.00,75.00,58.00,1.00,237.00,0.00,0.00,46.00,0.00,0.00,
2016,7,1,5,2016-07-01,"AA",19805,"AA","1759",14100,"PHL","Philadelphia, PA","PA",14307,"PVD","Providence, RI","RI","1600","1619",19.00,19.00,32.00,3.00,"1720","1738",18.00,18.00,0.00,"",0.00,80.00,79.00,44.00,1.00,237.00,0.00,0.00,18.00,0.00,0.00,
2016,7,1,5,2016-07-01,"AA",19805,"AA","1760",10821,"BWI","Baltimore, MD","MD",11057,"CLT","Charlotte, NC","NC","1200","1157",-3.00,0.00,15.00,7.00,"1325","1317",-8.00,0.00,0.00,"",0.00,85.00,80.00,58.00,1.00,361.00,,,,,,
2016,7,1,5,2016-07-01,"AA",19805,"AA","1760",11057,"CLT","Charlotte, NC","NC",11697,"FLL","Fort Lauderdale, FL","FL","1430","1502",32.00,32.00,26.00,3.00,"1625","1719",54.00,54.00,0.00,"",0.00,115.00,137.00,108.00,1.00,632.00,32.00,0.00,22.00,0.00,0.00,
2016,7,1,5,2016-07-01,"AA",19805,"AA","1761",11278,"DCA","Washington, DC","VA",15304,"TPA","Tampa, FL","FL","1759","1851",52.00,52.00,35.00,4.00,"2026","2128",62.00,62.00,0.00,"",0.00,147.00,157.00,118.00,1.00,814.00,0.00,52.00,10.00,0.00,0.00,
2016,7,1,5,2016-07-01,"AA",19805,"AA","1763",11298,"DFW","Dallas/Fort Worth, TX","TX",12889,"LAS","Las Vegas, NV","NV","0715","0706",-9.00,0.00,19.00,10.00,"0802","0759",-3.00,0.00,0.00,"",0.00,167.00,173.00,144.00,1.00,1055.00,,,,,,
2016,7,1,5,2016-07-01,"AA",19805,"AA","1763",12889,"LAS","Las Vegas, NV","NV",11298,"DFW","Dallas/Fort Worth, TX","TX","0852","",,,,,"1336","",,,1.00,"A",0.00,164.00,,,1.00,1055.00,,,,,,
2016,7,1,5,2016-07-01,"AA",19805,"AA","1764",11697,"FLL","Fort Lauderdale, FL","FL",11278,"DCA","Washington, DC","VA","0700","0654",-6.00,0.00,12.00,3.00,"0929","0922",-7.00,0.00,0.00,"",0.00,149.00,148.00,133.00,1.00,899.00,,,,,,
2016,7,1,5,2016-07-01,"AA",19805,"AA","1768",15016,"STL","St. Louis, MO","MO",11057,"CLT","Charlotte, NC","NC","1605","1606",1.00,1.00,18.00,18.00,"1900","1903",3.00,3.00,0.00,"",0.00,115.00,117.00,81.00,1.00,575.00,,,,,,
2016,7,1,5,2016-07-01,"AA",19805,"AA","1769",11057,"CLT","Charlotte, NC","NC",13198,"MCI","Kansas City, MO","MO","2010","2143",93.00,93.00,15.00,9.00,"2136","2302",86.00,86.00,0.00,"",0.00,146.00,139.00,115.00,1.00,808.00,86.00,0.00,0.00,0.00,0.00,
2016,7,1,5,2016-07-01,"AA",19805,"AA","1769",14524,"RIC","Richmond, VA","VA",11057,"CLT","Charlotte, NC","NC","1757","1752",-5.00,0.00,11.00,9.00,"1915","1858",-17.00,0.00,0.00,"",0.00,78.00,66.00,46.00,1.00,257.00,,,,,,
2016,7,1,5,2016-07-01,"AA",19805,"AA","1770",11057,"CLT","Charlotte, NC","NC",13931,"ORF","Norfolk, VA","VA","0914","0914",0.00,0.00,13.00,4.00,"1020","1020",0.00,0.00,0.00,"",0.00,66.00,66.00,49.00,1.00,290.00,,,,,,
2016,7,1,5,2016-07-01,"AA",19805,"AA","1770",11697,"FLL","Fort Lauderdale, FL","FL",11057,"CLT","Charlotte, NC","NC","0625","0623",-2.00,0.00,10.00,10.00,"0821","0822",1.00,1.00,0.00,"",0.00,116.00,119.00,99.00,1.00,632.00,,,,,,
2016,7,1,5,2016-07-01,"AA",19805,"AA","1772",11057,"CLT","Charlotte, NC","NC",11298,"DFW","Dallas/Fort Worth, TX","TX","0925","0923",-2.00,0.00,16.00,7.00,"1108","1049",-19.00,0.00,0.00,"",0.00,163.00,146.00,123.00,1.00,936.00,,,,,,
2016,7,1,5,2016-07-01,"AA",19805,"AA","1772",12953,"LGA","New York, NY","NY",11057,"CLT","Charlotte, NC","NC","0615","0610",-5.00,0.00,20.00,9.00,"0810","0803",-7.00,0.00,0.00,"",0.00,115.00,113.00,84.00,1.00,544.00,,,,,,
2016,7,1,5,2016-07-01,"AA",19805,"AA","1773",14100,"PHL","Philadelphia, PA","PA",14307,"PVD","Providence, RI","RI","2035","2045",10.00,10.00,75.00,4.00,"2146","2252",66.00,66.00,0.00,"",0.00,71.00,127.00,48.00,1.00,237.00,0.00,0.00,56.00,0.00,10.00,
2016,7,1,5,2016-07-01,"AA",19805,"AA","1774",11057,"CLT","Charlotte, NC","NC",11433,"DTW","Detroit, MI","MI","2220","2334",74.00,74.00,21.00,4.00,"0008","0113",65.00,65.00,0.00,"",0.00,108.00,99.00,74.00,1.00,500.00,65.00,0.00,0.00,0.00,0.00,
2016,7,1,5,2016-07-01,"AA",19805,"AA","1774",12889,"LAS","Las Vegas, NV","NV",11057,"CLT","Charlotte, NC","NC","1355","1356",1.00,1.00,12.00,10.00,"2118","2101",-17.00,0.00,0.00,"",0.00,263.00,245.00,223.00,1.00,1916.00,,,,,,
2016,7,1,5,2016-07-01,"AA",19805,"AA","1775",11057,"CLT","Charlotte, NC","NC",11298,"DFW","Dallas/Fort Worth, TX","TX","1613","1636",23.00,23.00,32.00,7.00,"1755","1821",26.00,26.00,0.00,"",0.00,162.00,165.00,126.00,1.00,936.00,23.00,0.00,3.00,0.00,0.00,
2016,7,1,5,2016-07-01,"AA",19805,"AA","1775",12953,"LGA","New York, NY","NY",11057,"CLT","Charlotte, NC","NC","1259","1251",-8.00,0.00,13.00,24.00,"1504","1449",-15.00,0.00,0.00,"",0.00,125.00,118.00,81.00,1.00,544.00,,,,,,
2016,7,1,5,2016-07-01,"AA",19805,"AA","1777",11884,"GEG","Spokane, WA","WA",14107,"PHX","Phoenix, AZ","AZ","0845","0840",-5.00,0.00,14.00,12.00,"1119","1128",9.00,9.00,0.00,"",0.00,154.00,168.00,142.00,1.00,1020.00,,,,,,
2016,7,1,5,2016-07-01,"AA",19805,"AA","1780",11057,"CLT","Charlotte, NC","NC",11042,"CLE","Cleveland, OH","OH","0940","0937",-3.00,0.00,13.00,4.00,"1121","1100",-21.00,0.00,0.00,"",0.00,101.00,83.00,66.00,1.00,430.00,,,,,,
2016,7,1,5,2016-07-01,"AA",19805,"AA","1780",13931,"ORF","Norfolk, VA","VA",11057,"CLT","Charlotte, NC","NC","0710","0706",-4.00,0.00,21.00,7.00,"0832","0832",0.00,0.00,0.00,"",0.00,82.00,86.00,58.00,1.00,290.00,,,,,,
2016,7,1,5,2016-07-01,"AA",19805,"AA","1783",11057,"CLT","Charlotte, NC","NC",10721,"BOS","Boston, MA","MA","2029","2042",13.00,13.00,16.00,5.00,"2240","2243",3.00,3.00,0.00,"",0.00,131.00,121.00,100.00,1.00,728.00,,,,,,
2016,7,1,5,2016-07-01,"AA",19805,"AA","1783",12892,"LAX","Los Angeles, CA","CA",11057,"CLT","Charlotte, NC","NC","1135","1145",10.00,10.00,19.00,7.00,"1927","1921",-6.00,0.00,0.00,"",0.00,292.00,276.00,250.00,1.00,2125.00,,,,,,
2016,7,1,5,2016-07-01,"AA",19805,"AA","1784",11057,"CLT","Charlotte, NC","NC",13244,"MEM","Memphis, TN","TN","0924","0925",1.00,1.00,16.00,3.00,"1010","1003",-7.00,0.00,0.00,"",0.00,106.00,98.00,79.00,1.00,511.00,,,,,,
2016,7,1,5,2016-07-01,"AA",19805,"AA","1784",14122,"PIT","Pittsburgh, PA","PA",11057,"CLT","Charlotte, NC","NC","0700","0652",-8.00,0.00,12.00,8.00,"0828","0816",-12.00,0.00,0.00,"",0.00,88.00,84.00,64.00,1.00,366.00,,,,,,
2016,7,1,5,2016-07-01,"AA",19805,"AA","1785",10257,"ALB","Albany, NY","NY",11057,"CLT","Charlotte, NC","NC","1915","2015",60.00,60.00,28.00,13.00,"2130","2241",71.00,71.00,0.00,"",0.00,135.00,146.00,105.00,1.00,646.00,0.00,36.00,11.00,0.00,24.00,
2016,7,1,5,2016-07-01,"AA",19805,"AA","1785",11057,"CLT","Charlotte, NC","NC",13931,"ORF","Norfolk, VA","VA","2240","2333",53.00,53.00,20.00,4.00,"2348","0039",51.00,51.00,0.00,"",0.00,68.00,66.00,42.00,1.00,290.00,7.00,0.00,0.00,0.00,44.00,
2016,7,1,5,2016-07-01,"AA",19805,"AA","1786",14100,"PHL","Philadelphia, PA","PA",13204,"MCO","Orlando, FL","FL","1845","1905",20.00,20.00,33.00,9.00,"2124","2141",17.00,17.00,0.00,"",0.00,159.00,156.00,114.00,1.00,861.00,0.00,0.00,0.00,0.00,17.00,
2016,7,1,5,2016-07-01,"AA",19805,"AA","1787",11057,"CLT","Charlotte, NC","NC",14057,"PDX","Portland, OR","OR","1811","1813",2.00,2.00,19.00,2.00,"2043","2024",-19.00,0.00,0.00,"",0.00,332.00,311.00,290.00,1.00,2282.00,,,,,,
2016,7,1,5,2016-07-01,"AA",19805,"AA","1788",10721,"BOS","Boston, MA","MA",11057,"CLT","Charlotte, NC","NC","1915","2022",67.00,67.00,17.00,11.00,"2144","2251",67.00,67.00,0.00,"",0.00,149.00,149.00,121.00,1.00,728.00,23.00,0.00,0.00,0.00,44.00,
2016,7,1,5,2016-07-01,"AA",19805,"AA","1788",11057,"CLT","Charlotte, NC","NC",13930,"ORD","Chicago, IL","IL","2239","2354",75.00,75.00,17.00,4.00,"2345","0048",63.00,63.00,0.00,"",0.00,126.00,114.00,93.00,1.00,599.00,7.00,0.00,0.00,0.00,56.00,
2016,7,1,5,2016-07-01,"AA",19805,"AA","1789",11057,"CLT","Charlotte, NC","NC",14027,"PBI","West Palm Beach/Palm Beach, FL","FL","1430","1425",-5.00,0.00,20.00,4.00,"1618","1609",-9.00,0.00,0.00,"",0.00,108.00,104.00,80.00,1.00,590.00,,,,,,
2016,7,1,5,2016-07-01,"AA",19805,"AA","1789",14100,"PHL","Philadelphia, PA","PA",11057,"CLT","Charlotte, NC","NC","1140","1138",-2.00,0.00,36.00,9.00,"1329","1334",5.00,5.00,0.00,"",0.00,109.00,116.00,71.00,1.00,449.00,,,,,,
2016,7,1,5,2016-07-01,"AA",19805,"AA","1790",11697,"FLL","Fort Lauderdale, FL","FL",14100,"PHL","Philadelphia, PA","PA","1405","1415",10.00,10.00,25.00,8.00,"1656","1734",38.00,38.00,0.00,"",0.00,171.00,199.00,166.00,1.00,992.00,0.00,0.00,38.00,0.00,0.00,
2016,7,1,5,2016-07-01,"AA",19805,"AA","1791",11057,"CLT","Charlotte, NC","NC",15304,"TPA","Tampa, FL","FL","1630","1629",-1.00,0.00,17.00,3.00,"1812","1806",-6.00,0.00,0.00,"",0.00,102.00,97.00,77.00,1.00,507.00,,,,,,
2016,7,1,5,2016-07-01,"AA",19805,"AA","1791",11697,"FLL","Fort Lauderdale, FL","FL",11057,"CLT","Charlotte, NC","NC","1305","1315",10.00,10.00,17.00,19.00,"1512","1522",10.00,10.00,0.00,"",0.00,127.00,127.00,91.00,1.00,632.00,,,,,,
2016,7,1,5,2016-07-01,"AA",19805,"AA","1793",11057,"CLT","Charlotte, NC","NC",14122,"PIT","Pittsburgh, PA","PA","2225","2223",-2.00,0.00,22.00,3.00,"2348","2348",0.00,0.00,0.00,"",0.00,83.00,85.00,60.00,1.00,366.00,,,,,,
2016,7,1,5,2016-07-01,"AA",19805,"AA","1793",13495,"MSY","New Orleans, LA","LA",11057,"CLT","Charlotte, NC","NC","1825","1818",-7.00,0.00,10.00,14.00,"2123","2116",-7.00,0.00,0.00,"",0.00,118.00,118.00,94.00,1.00,651.00,,,,,,
2016,7,1,5,2016-07-01,"AA",19805,"AA","1794",11057,"CLT","Charlotte, NC","NC",14747,"SEA","Seattle, WA","WA","2020","2023",3.00,3.00,11.00,10.00,"2254","2254",0.00,0.00,0.00,"",0.00,334.00,331.00,310.00,1.00,2279.00,,,,,,
2016,7,1,5,2016-07-01,"AA",19805,"AA","1794",14492,"RDU","Raleigh/Durham, NC","NC",11057,"CLT","Charlotte, NC","NC","1758","1805",7.00,7.00,10.00,6.00,"1900","1848",-12.00,0.00,0.00,"",0.00,62.00,43.00,27.00,1.00,130.00,,,,,,
2016,7,1,5,2016-07-01,"AA",19805,"AA","1795",11057,"CLT","Charlotte, NC","NC",13204,"MCO","Orlando, FL","FL","0020","0023",3.00,3.00,13.00,7.00,"0150","0148",-2.00,0.00,0.00,"",0.00,90.00,85.00,65.00,1.00,468.00,,,,,,
2016,7,1,5,2016-07-01,"AA",19805,"AA","1796",11057,"CLT","Charlotte, NC","NC",14100,"PHL","Philadelphia, PA","PA","2215","2218",3.00,3.00,29.00,3.00,"2354","2358",4.00,4.00,0.00,"",0.00,99.00,100.00,68.00,1.00,449.00,,,,,,
2016,7,1,5,2016-07-01,"AA",19805,"AA","1797",11057,"CLT","Charlotte, NC","NC",14492,"RDU","Raleigh/Durham, NC","NC","1120","1117",-3.00,0.00,17.00,6.00,"1214","1215",1.00,1.00,0.00,"",0.00,54.00,58.00,35.00,1.00,130.00,,,,,,
2016,7,1,5,2016-07-01,"AA",19805,"AA","1797",13198,"MCI","Kansas City, MO","MO",11057,"CLT","Charlotte, NC","NC","0710","0709",-1.00,0.00,10.00,17.00,"1030","1028",-2.00,0.00,0.00,"",0.00,140.00,139.00,112.00,1.00,808.00,,,,,,
2016,7,1,5,2016-07-01,"AA",19805,"AA","1798",11057,"CLT","Charlotte, NC","NC",14100,"PHL","Philadelphia, PA","PA","2005","2005",0.00,0.00,16.00,5.00,"2145","2156",11.00,11.00,0.00,"",0.00,100.00,111.00,90.00,1.00,449.00,,,,,,
2016,7,1,5,2016-07-01,"AA",19805,"AA","1798",14027,"PBI","West Palm Beach/Palm Beach, FL","FL",11057,"CLT","Charlotte, NC","NC","1700","1650",-10.00,0.00,14.00,13.00,"1857","1854",-3.00,0.00,0.00,"",0.00,117.00,124.00,97.00,1.00,590.00,,,,,,
2016,7,1,5,2016-07-01,"AA",19805,"AA","1799",11057,"CLT","Charlotte, NC","NC",14771,"SFO","San Francisco, CA","CA","1805","1825",20.00,20.00,16.00,37.00,"2028","2108",40.00,40.00,0.00,"",0.00,323.00,343.00,290.00,1.00,2296.00,20.00,0.00,20.00,0.00,0.00,
2016,7,1,5,2016-07-01,"AA",19805,"AA","1799",13303,"MIA","Miami, FL","FL",11057,"CLT","Charlotte, NC","NC","1455","1452",-3.00,0.00,12.00,16.00,"1701","1658",-3.00,0.00,0.00,"",0.00,126.00,126.00,98.00,1.00,650.00,,,,,,
2016,7,1,5,2016-07-01,"AA",19805,"AA","1800",11697,"FLL","Fort Lauderdale, FL","FL",14100,"PHL","Philadelphia, PA","PA","1005","1008",3.00,3.00,15.00,7.00,"1246","1257",11.00,11.00,0.00,"",0.00,161.00,169.00,147.00,1.00,992.00,,,,,,
2016,7,1,5,2016-07-01,"AA",19805,"AA","1800",14100,"PHL","Philadelphia, PA","PA",11697,"FLL","Fort Lauderdale, FL","FL","0645","0641",-4.00,0.00,18.00,5.00,"0925","0927",2.00,2.00,0.00,"",0.00,160.00,166.00,143.00,1.00,992.00,,,,,,
2016,7,1,5,2016-07-01,"AA",19805,"AA","1802",11057,"CLT","Charlotte, NC","NC",13495,"MSY","New Orleans, LA","LA","1635","1633",-2.00,0.00,12.00,5.00,"1735","1719",-16.00,0.00,0.00,"",0.00,120.00,106.00,89.00,1.00,651.00,,,,,,
2016,7,1,5,2016-07-01,"AA",19805,"AA","1802",11433,"DTW","Detroit, MI","MI",11057,"CLT","Charlotte, NC","NC","1350","1354",4.00,4.00,12.00,7.00,"1538","1530",-8.00,0.00,0.00,"",0.00,108.00,96.00,77.00,1.00,500.00,,,,,,
2016,7,1,5,2016-07-01,"AA",19805,"AA","1803",14107,"PHX","Phoenix, AZ","AZ",14100,"PHL","Philadelphia, PA","PA","1115","1129",14.00,14.00,13.00,4.00,"1850","1842",-8.00,0.00,0.00,"",0.00,275.00,253.00,236.00,1.00,2075.00,,,,,,
2016,7,1,5,2016-07-01,"AA",19805,"AA","1804",12892,"LAX","Los Angeles, CA","CA",14747,"SEA","Seattle, WA","WA","1405","1357",-8.00,0.00,20.00,8.00,"1650","1634",-16.00,0.00,0.00,"",0.00,165.00,157.00,129.00,1.00,954.00,,,,,,
2016,7,1,5,2016-07-01,"AA",19805,"AA","1804",14747,"SEA","Seattle, WA","WA",12892,"LAX","Los Angeles, CA","CA","1730","1731",1.00,1.00,12.00,15.00,"2017","2007",-10.00,0.00,0.00,"",0.00,167.00,156.00,129.00,1.00,954.00,,,,,,
2016,7,1,5,2016-07-01,"AA",19805,"AA","1805",10721,"BOS","Boston, MA","MA",11057,"CLT","Charlotte, NC","NC","0935","0929",-6.00,0.00,20.00,21.00,"1157","1156",-1.00,0.00,0.00,"",0.00,142.00,147.00,106.00,1.00,728.00,,,,,,
2016,7,1,5,2016-07-01,"AA",19805,"AA","1806",11057,"CLT","Charlotte, NC","NC",10721,"BOS","Boston, MA","MA","1756","1909",73.00,73.00,29.00,6.00,"2006","2139",93.00,93.00,0.00,"",0.00,130.00,150.00,115.00,1.00,728.00,0.00,0.00,93.00,0.00,0.00,
2016,7,1,5,2016-07-01,"AA",19805,"AA","1807",10397,"ATL","Atlanta, GA","GA",12953,"LGA","New York, NY","NY","1448","1446",-2.00,0.00,,,"1701","",,,1.00,"C",0.00,133.00,,,1.00,762.00,,,,,,
2016,7,1,5,2016-07-01,"AA",19805,"AA","1807",12953,"LGA","New York, NY","NY",10397,"ATL","Atlanta, GA","GA","1127","1122",-5.00,0.00,20.00,9.00,"1408","1345",-23.00,0.00,0.00,"",0.00,161.00,143.00,114.00,1.00,762.00,,,,,,
2016,7,1,5,2016-07-01,"AA",19805,"AA","1808",11057,"CLT","Charlotte, NC","NC",15304,"TPA","Tampa, FL","FL","1304","",,,,,"1440","",,,1.00,"A",0.00,96.00,,,1.00,507.00,,,,,,
2016,7,1,5,2016-07-01,"AA",19805,"AA","1808",11292,"DEN","Denver, CO","CO",11057,"CLT","Charlotte, NC","NC","0645","0638",-7.00,0.00,14.00,26.00,"1202","1150",-12.00,0.00,0.00,"",0.00,197.00,192.00,152.00,1.00,1337.00,,,,,,
2016,7,1,5,2016-07-01,"AA",19805,"AA","1809",11057,"CLT","Charlotte, NC","NC",13495,"MSY","New Orleans, LA","LA","1900","2134",154.00,154.00,11.00,3.00,"1950","2211",141.00,141.00,0.00,"",0.00,110.00,97.00,83.00,1.00,651.00,141.00,0.00,0.00,0.00,0.00,
2016,7,1,5,2016-07-01,"AA",19805,"AA","1809",12953,"LGA","New York, NY","NY",11057,"CLT","Charlotte, NC","NC","1555","1622",27.00,27.00,150.00,12.00,"1809","2044",155.00,155.00,0.00,"",0.00,134.00,262.00,100.00,1.00,544.00,0.00,0.00,128.00,0.00,27.00,
2016,7,1,5,2016-07-01,"AA",19805,"AA","1810",11057,"CLT","Charlotte, NC","NC",15304,"TPA","Tampa, FL","FL","1455","1457",2.00,2.00,17.00,2.00,"1633","1630",-3.00,0.00,0.00,"",0.00,98.00,93.00,74.00,1.00,507.00,,,,,,
2016,7,1,5,2016-07-01,"AA",19805,"AA","1810",14027,"PBI","West Palm Beach/Palm Beach, FL","FL",11057,"CLT","Charlotte, NC","NC","1155","1147",-8.00,0.00,20.00,9.00,"1351","1344",-7.00,0.00,0.00,"",0.00,116.00,117.00,88.00,1.00,590.00,,,,,,
2016,7,1,5,2016-07-01,"AA",19805,"AA","1811",11292,"DEN","Denver, CO","CO",11057,"CLT","Charlotte, NC","NC","1205","1206",1.00,1.00,13.00,15.00,"1724","1706",-18.00,0.00,0.00,"",0.00,199.00,180.00,152.00,1.00,1337.00,,,,,,
2016,7,1,5,2016-07-01,"AA",19805,"AA","1812",11057,"CLT","Charlotte, NC","NC",10721,"BOS","Boston, MA","MA","2215","2214",-1.00,0.00,19.00,6.00,"0025","0023",-2.00,0.00,0.00,"",0.00,130.00,129.00,104.00,1.00,728.00,,,,,,
2016,7,1,5,2016-07-01,"AA",19805,"AA","1812",14635,"RSW","Fort Myers, FL","FL",11057,"CLT","Charlotte, NC","NC","1915","1913",-2.00,0.00,10.00,11.00,"2111","2105",-6.00,0.00,0.00,"",0.00,116.00,112.00,91.00,1.00,600.00,,,,,,
2016,7,1,5,2016-07-01,"AA",19805,"AA","1813",11057,"CLT","Charlotte, NC","NC",15304,"TPA","Tampa, FL","FL","0750","0748",-2.00,0.00,23.00,2.00,"0931","0925",-6.00,0.00,0.00,"",0.00,101.00,97.00,72.00,1.00,507.00,,,,,,
2016,7,1,5,2016-07-01,"AA",19805,"AA","1814",11057,"CLT","Charlotte, NC","NC",10397,"ATL","Atlanta, GA","GA","1135","1129",-6.00,0.00,46.00,8.00,"1254","1302",8.00,8.00,0.00,"",0.00,79.00,93.00,39.00,1.00,226.00,,,,,,
2016,7,1,5,2016-07-01,"AA",19805,"AA","1814",14321,"PWM","Portland, ME","ME",11057,"CLT","Charlotte, NC","NC","0805","0802",-3.00,0.00,10.00,5.00,"1031","1026",-5.00,0.00,0.00,"",0.00,146.00,144.00,129.00,1.00,813.00,,,,,,
2016,7,1,5,2016-07-01,"AA",19805,"AA","1816",11278,"DCA","Washington, DC","VA",13204,"MCO","Orlando, FL","FL","0940","0934",-6.00,0.00,10.00,8.00,"1204","1138",-26.00,0.00,0.00,"",0.00,144.00,124.00,106.00,1.00,759.00,,,,,,
2016,7,1,5,2016-07-01,"AA",19805,"AA","1816",13204,"MCO","Orlando, FL","FL",11278,"DCA","Washington, DC","VA","1245","1238",-7.00,0.00,15.00,7.00,"1459","1445",-14.00,0.00,0.00,"",0.00,134.00,127.00,105.00,1.00,759.00,,,,,,
2016,7,1,5,2016-07-01,"AA",19805,"AA","1817",10721,"BOS","Boston, MA","MA",11057,"CLT","Charlotte, NC","NC","0500","0456",-4.00,0.00,12.00,5.00,"0709","0659",-10.00,0.00,0.00,"",0.00,129.00,123.00,106.00,1.00,728.00,,,,,,
2016,7,1,5,2016-07-01,"AA",19805,"AA","1817",11057,"CLT","Charlotte, NC","NC",10693,"BNA","Nashville, TN","TN","0800","0835",35.00,35.00,13.00,6.00,"0827","0848",21.00,21.00,0.00,"",0.00,87.00,73.00,54.00,1.00,328.00,0.00,0.00,0.00,0.00,21.00,
2016,7,1,5,2016-07-01,"AA",19805,"AA","1820",11057,"CLT","Charlotte, NC","NC",14635,"RSW","Fort Myers, FL","FL","2209","2205",-4.00,0.00,19.00,5.00,"2357","2351",-6.00,0.00,0.00,"",0.00,108.00,106.00,82.00,1.00,600.00,,,,,,
2016,7,1,5,2016-07-01,"AA",19805,"AA","1821",10693,"BNA","Nashville, TN","TN",11057,"CLT","Charlotte, NC","NC","1250","1244",-6.00,0.00,12.00,14.00,"1520","1500",-20.00,0.00,0.00,"",0.00,90.00,76.00,50.00,1.00,328.00,,,,,,
2016,7,1,5,2016-07-01,"AA",19805,"AA","1821",11057,"CLT","Charlotte, NC","NC",11433,"DTW","Detroit, MI","MI","1623","1645",22.00,22.00,43.00,8.00,"1818","1858",40.00,40.00,0.00,"",0.00,115.00,133.00,82.00,1.00,500.00,22.00,0.00,18.00,0.00,0.00,
2016,7,1,5,2016-07-01,"AA",19805,"AA","1822",14027,"PBI","West Palm Beach/Palm Beach, FL","FL",14100,"PHL","Philadelphia, PA","PA","1410","1406",-4.00,0.00,53.00,5.00,"1654","1744",50.00,50.00,0.00,"",0.00,164.00,218.00,160.00,1.00,951.00,0.00,0.00,50.00,0.00,0.00,
2016,7,1,5,2016-07-01,"AA",19805,"AA","1822",14100,"PHL","Philadelphia, PA","PA",14027,"PBI","West Palm Beach/Palm Beach, FL","FL","1005","1003",-2.00,0.00,49.00,7.00,"1258","1315",17.00,17.00,0.00,"",0.00,173.00,192.00,136.00,1.00,951.00,0.00,0.00,17.00,0.00,0.00,
2016,7,1,5,2016-07-01,"AA",19805,"AA","1823",11057,"CLT","Charlotte, NC","NC",11697,"FLL","Fort Lauderdale, FL","FL","0015","0012",-3.00,0.00,12.00,3.00,"0206","0157",-9.00,0.00,0.00,"",0.00,111.00,105.00,90.00,1.00,632.00,,,,,,
2016,7,1,5,2016-07-01,"AA",19805,"AA","1824",14100,"PHL","Philadelphia, PA","PA",10721,"BOS","Boston, MA","MA","0600","0554",-6.00,0.00,11.00,4.00,"0714","0704",-10.00,0.00,0.00,"",0.00,74.00,70.00,55.00,1.00,280.00,,,,,,
2016,7,1,5,2016-07-01,"AA",19805,"AA","1825",15304,"TPA","Tampa, FL","FL",11057,"CLT","Charlotte, NC","NC","1345","1406",21.00,21.00,11.00,10.00,"1530","1545",15.00,15.00,0.00,"",0.00,105.00,99.00,78.00,1.00,507.00,0.00,0.00,0.00,0.00,15.00,
2016,7,1,5,2016-07-01,"AA",19805,"AA","1826",11292,"DEN","Denver, CO","CO",14107,"PHX","Phoenix, AZ","AZ","1215","1208",-7.00,0.00,9.00,4.00,"1302","1255",-7.00,0.00,0.00,"",0.00,107.00,107.00,94.00,1.00,602.00,,,,,,
2016,7,1,5,2016-07-01,"AA",19805,"AA","1826",14107,"PHX","Phoenix, AZ","AZ",12889,"LAS","Las Vegas, NV","NV","1405","1408",3.00,3.00,15.00,6.00,"1515","1515",0.00,0.00,0.00,"",0.00,70.00,67.00,46.00,1.00,255.00,,,,,,
2016,7,1,5,2016-07-01,"AA",19805,"AA","1827",11057,"CLT","Charlotte, NC","NC",14683,"SAT","San Antonio, TX","TX","1445","1444",-1.00,0.00,10.00,3.00,"1636","1622",-14.00,0.00,0.00,"",0.00,171.00,158.00,145.00,1.00,1095.00,,,,,,
2016,7,1,5,2016-07-01,"AA",19805,"AA","1827",13244,"MEM","Memphis, TN","TN",11057,"CLT","Charlotte, NC","NC","1055","1050",-5.00,0.00,19.00,11.00,"1342","1333",-9.00,0.00,0.00,"",0.00,107.00,103.00,73.00,1.00,511.00,,,,,,
2016,7,1,5,2016-07-01,"AA",19805,"AA","1828",11292,"DEN","Denver, CO","CO",13303,"MIA","Miami, FL","FL","1440","1512",32.00,32.00,14.00,5.00,"2031","2058",27.00,27.00,0.00,"",0.00,231.00,226.00,207.00,1.00,1709.00,5.00,0.00,0.00,0.00,22.00,
2016,7,1,5,2016-07-01,"AA",19805,"AA","1828",13303,"MIA","Miami, FL","FL",11057,"CLT","Charlotte, NC","NC","2132","0039",187.00,187.00,17.00,7.00,"2343","0230",167.00,167.00,0.00,"",0.00,131.00,111.00,87.00,1.00,650.00,157.00,0.00,0.00,0.00,10.00,
2016,7,1,5,2016-07-01,"AA",19805,"AA","1829",12892,"LAX","Los Angeles, CA","CA",11057,"CLT","Charlotte, NC","NC","1300","1422",82.00,82.00,67.00,12.00,"2052","2250",118.00,118.00,0.00,"",0.00,292.00,328.00,249.00,1.00,2125.00,82.00,0.00,36.00,0.00,0.00,
2016,7,1,5,2016-07-01,"AA",19805,"AA","1831",11057,"CLT","Charlotte, NC","NC",13303,"MIA","Miami, FL","FL","1145","1148",3.00,3.00,33.00,4.00,"1354","1354",0.00,0.00,0.00,"",0.00,129.00,126.00,89.00,1.00,650.00,,,,,,
2016,7,1,5,2016-07-01,"AA",19805,"AA","1831",14307,"PVD","Providence, RI","RI",11057,"CLT","Charlotte, NC","NC","0815","0826",11.00,11.00,13.00,7.00,"1030","1043",13.00,13.00,0.00,"",0.00,135.00,137.00,117.00,1.00,683.00,,,,,,
2016,7,1,5,2016-07-01,"AA",19805,"AA","1832",12892,"LAX","Los Angeles, CA","CA",14747,"SEA","Seattle, WA","WA","1105","1311",126.00,126.00,28.00,7.00,"1351","1555",124.00,124.00,0.00,"",0.00,166.00,164.00,129.00,1.00,954.00,3.00,0.00,0.00,0.00,121.00,
2016,7,1,5,2016-07-01,"AA",19805,"AA","1832",14747,"SEA","Seattle, WA","WA",12892,"LAX","Los Angeles, CA","CA","1435","1644",129.00,129.00,13.00,23.00,"1727","1923",116.00,116.00,0.00,"",0.00,172.00,159.00,123.00,1.00,954.00,8.00,0.00,0.00,0.00,108.00,
2016,7,1,5,2016-07-01,"AA",19805,"AA","1833",14100,"PHL","Philadelphia, PA","PA",10397,"ATL","Atlanta, GA","GA","1635","1629",-6.00,0.00,18.00,6.00,"1854","1832",-22.00,0.00,0.00,"",0.00,139.00,123.00,99.00,1.00,666.00,,,,,,
2016,7,1,5,2016-07-01,"AA",19805,"AA","1835",11057,"CLT","Charlotte, NC","NC",15096,"SYR","Syracuse, NY","NY","2230","2230",0.00,0.00,19.00,4.00,"0018","0019",1.00,1.00,0.00,"",0.00,108.00,109.00,86.00,1.00,603.00,,,,,,
2016,7,1,5,2016-07-01,"AA",19805,"AA","1835",13487,"MSP","Minneapolis, MN","MN",11057,"CLT","Charlotte, NC","NC","1730","1731",1.00,1.00,11.00,11.00,"2101","2038",-23.00,0.00,0.00,"",0.00,151.00,127.00,105.00,1.00,930.00,,,,,,
2016,7,1,5,2016-07-01,"AA",19805,"AA","1836",13303,"MIA","Miami, FL","FL",14107,"PHX","Phoenix, AZ","AZ","0715","0719",4.00,4.00,25.00,11.00,"0900","0918",18.00,18.00,0.00,"",0.00,285.00,299.00,263.00,1.00,1972.00,0.00,0.00,14.00,0.00,4.00,
2016,7,1,5,2016-07-01,"AA",19805,"AA","1837",11057,"CLT","Charlotte, NC","NC",14635,"RSW","Fort Myers, FL","FL","0745","0740",-5.00,0.00,13.00,4.00,"0941","0922",-19.00,0.00,0.00,"",0.00,116.00,102.00,85.00,1.00,600.00,,,,,,
2016,7,1,5,2016-07-01,"AA",19805,"AA","1838",13204,"MCO","Orlando, FL","FL",14100,"PHL","Philadelphia, PA","PA","1250","1257",7.00,7.00,14.00,4.00,"1518","1508",-10.00,0.00,0.00,"",0.00,148.00,131.00,113.00,1.00,861.00,,,,,,
2016,7,1,5,2016-07-01,"AA",19805,"AA","1838",14100,"PHL","Philadelphia, PA","PA",13204,"MCO","Orlando, FL","FL","0930","0925",-5.00,0.00,32.00,9.00,"1200","1205",5.00,5.00,0.00,"",0.00,150.00,160.00,119.00,1.00,861.00,,,,,,
2016,7,1,5,2016-07-01,"AA",19805,"AA","1839",11057,"CLT","Charlotte, NC","NC",14100,"PHL","Philadelphia, PA","PA","0900","0853",-7.00,0.00,12.00,8.00,"1035","1017",-18.00,0.00,0.00,"",0.00,95.00,84.00,64.00,1.00,449.00,,,,,,
2016,7,1,5,2016-07-01,"AA",19805,"AA","1839",12323,"ILM","Wilmington, NC","NC",11057,"CLT","Charlotte, NC","NC","0645","0641",-4.00,0.00,13.00,9.00,"0802","0743",-19.00,0.00,0.00,"",0.00,77.00,62.00,40.00,1.00,185.00,,,,,,
2016,7,1,5,2016-07-01,"AA",19805,"AA","1840",11057,"CLT","Charlotte, NC","NC",14122,"PIT","Pittsburgh, PA","PA","1815","1853",38.00,38.00,12.00,4.00,"1943","2007",24.00,24.00,0.00,"",0.00,88.00,74.00,58.00,1.00,366.00,1.00,0.00,0.00,0.00,23.00,
2016,7,1,5,2016-07-01,"AA",19805,"AA","1840",14492,"RDU","Raleigh/Durham, NC","NC",11057,"CLT","Charlotte, NC","NC","1610","1614",4.00,4.00,18.00,10.00,"1712","1709",-3.00,0.00,0.00,"",0.00,62.00,55.00,27.00,1.00,130.00,,,,,,
2016,7,1,5,2016-07-01,"AA",19805,"AA","1841",11278,"DCA","Washington, DC","VA",15304,"TPA","Tampa, FL","FL","1415","1409",-6.00,0.00,23.00,2.00,"1639","1628",-11.00,0.00,0.00,"",0.00,144.00,139.00,114.00,1.00,814.00,,,,,,
2016,7,1,5,2016-07-01,"AA",19805,"AA","1841",15304,"TPA","Tampa, FL","FL",11278,"DCA","Washington, DC","VA","1810","1805",-5.00,0.00,7.00,2.00,"2028","2003",-25.00,0.00,0.00,"",0.00,138.00,118.00,109.00,1.00,814.00,,,,,,
2016,7,1,5,2016-07-01,"AA",19805,"AA","1842",11057,"CLT","Charlotte, NC","NC",14122,"PIT","Pittsburgh, PA","PA","1310","1306",-4.00,0.00,16.00,4.00,"1436","1422",-14.00,0.00,0.00,"",0.00,86.00,76.00,56.00,1.00,366.00,,,,,,
2016,7,1,5,2016-07-01,"AA",19805,"AA","1842",12953,"LGA","New York, NY","NY",11057,"CLT","Charlotte, NC","NC","1005","1004",-1.00,0.00,37.00,5.00,"1218","1213",-5.00,0.00,0.00,"",0.00,133.00,129.00,87.00,1.00,544.00,,,,,,
2016,7,1,5,2016-07-01,"AA",19805,"AA","1843",11057,"CLT","Charlotte, NC","NC",10257,"ALB","Albany, NY","NY","1624","1708",44.00,44.00,19.00,2.00,"1826","1859",33.00,33.00,0.00,"",0.00,122.00,111.00,90.00,1.00,646.00,33.00,0.00,0.00,0.00,0.00,
2016,7,1,5,2016-07-01,"AA",19805,"AA","1843",12339,"IND","Indianapolis, IN","IN",11057,"CLT","Charlotte, NC","NC","1353","1353",0.00,0.00,12.00,12.00,"1531","1524",-7.00,0.00,0.00,"",0.00,98.00,91.00,67.00,1.00,427.00,,,,,,
2016,7,1,5,2016-07-01,"AA",19805,"AA","1844",11057,"CLT","Charlotte, NC","NC",13930,"ORD","Chicago, IL","IL","1125","1131",6.00,6.00,23.00,17.00,"1230","1258",28.00,28.00,0.00,"",0.00,125.00,147.00,107.00,1.00,599.00,6.00,0.00,22.00,0.00,0.00,
2016,7,1,5,2016-07-01,"AA",19805,"AA","1844",15304,"TPA","Tampa, FL","FL",11057,"CLT","Charlotte, NC","NC","0835","0832",-3.00,0.00,10.00,14.00,"1024","1015",-9.00,0.00,0.00,"",0.00,109.00,103.00,79.00,1.00,507.00,,,,,,
2016,7,1,5,2016-07-01,"AA",19805,"AA","1846",11278,"DCA","Washington, DC","VA",15304,"TPA","Tampa, FL","FL","1140","1137",-3.00,0.00,30.00,5.00,"1355","1412",17.00,17.00,0.00,"",0.00,135.00,155.00,120.00,1.00,814.00,0.00,0.00,17.00,0.00,0.00,
2016,7,1,5,2016-07-01,"AA",19805,"AA","1846",15304,"TPA","Tampa, FL","FL",11278,"DCA","Washington, DC","VA","1458","1453",-5.00,0.00,9.00,13.00,"1714","1704",-10.00,0.00,0.00,"",0.00,136.00,131.00,109.00,1.00,814.00,,,,,,
2016,7,1,5,2016-07-01,"AA",19805,"AA","1847",10693,"BNA","Nashville, TN","TN",11057,"CLT","Charlotte, NC","NC","0745","0737",-8.00,0.00,12.00,11.00,"1014","0948",-26.00,0.00,0.00,"",0.00,89.00,71.00,48.00,1.00,328.00,,,,,,
2016,7,1,5,2016-07-01,"AA",19805,"AA","1847",11057,"CLT","Charlotte, NC","NC",14100,"PHL","Philadelphia, PA","PA","1115","1113",-2.00,0.00,14.00,6.00,"1249","1238",-11.00,0.00,0.00,"",0.00,94.00,85.00,65.00,1.00,449.00,,,,,,
2016,7,1,5,2016-07-01,"AA",19805,"AA","1848",11697,"FLL","Fort Lauderdale, FL","FL",14100,"PHL","Philadelphia, PA","PA","0610","0608",-2.00,0.00,15.00,6.00,"0854","0905",11.00,11.00,0.00,"",0.00,164.00,177.00,156.00,1.00,992.00,,,,,,
2016,7,1,5,2016-07-01,"AA",19805,"AA","1849",11057,"CLT","Charlotte, NC","NC",12451,"JAX","Jacksonville, FL","FL","1315","1312",-3.00,0.00,14.00,5.00,"1436","1416",-20.00,0.00,0.00,"",0.00,81.00,64.00,45.00,1.00,328.00,,,,,,
2016,7,1,5,2016-07-01,"AA",19805,"AA","1849",14635,"RSW","Fort Myers, FL","FL",11057,"CLT","Charlotte, NC","NC","1025","1022",-3.00,0.00,20.00,7.00,"1220","1224",4.00,4.00,0.00,"",0.00,115.00,122.00,95.00,1.00,600.00,,,,,,
2016,7,1,5,2016-07-01,"AA",19805,"AA","1850",13204,"MCO","Orlando, FL","FL",14100,"PHL","Philadelphia, PA","PA","1020","1022",2.00,2.00,22.00,6.00,"1241","1251",10.00,10.00,0.00,"",0.00,141.00,149.00,121.00,1.00,861.00,,,,,,
2016,7,1,5,2016-07-01,"AA",19805,"AA","1850",14100,"PHL","Philadelphia, PA","PA",13204,"MCO","Orlando, FL","FL","0655","0706",11.00,11.00,9.00,9.00,"0915","0921",6.00,6.00,0.00,"",0.00,140.00,135.00,117.00,1.00,861.00,,,,,,
2016,7,1,5,2016-07-01,"AA",19805,"AA","1851",11057,"CLT","Charlotte, NC","NC",13930,"ORD","Chicago, IL","IL","2000","2122",82.00,82.00,17.00,7.00,"2107","2220",73.00,73.00,0.00,"",0.00,127.00,118.00,94.00,1.00,599.00,3.00,0.00,0.00,0.00,70.00,
2016,7,1,5,2016-07-01,"AA",19805,"AA","1852",11057,"CLT","Charlotte, NC","NC",14843,"SJU","San Juan, PR","PR","0950","0950",0.00,0.00,25.00,8.00,"1342","1341",-1.00,0.00,0.00,"",0.00,232.00,231.00,198.00,1.00,1475.00,,,,,,
2016,7,1,5,2016-07-01,"AA",19805,"AA","1853",11057,"CLT","Charlotte, NC","NC",14635,"RSW","Fort Myers, FL","FL","0950","1017",27.00,27.00,39.00,3.00,"1151","1216",25.00,25.00,0.00,"",0.00,121.00,119.00,77.00,1.00,600.00,21.00,0.00,0.00,0.00,4.00,
2016,7,1,5,2016-07-01,"AA",19805,"AA","1853",13487,"MSP","Minneapolis, MN","MN",11057,"CLT","Charlotte, NC","NC","0520","0554",34.00,34.00,13.00,9.00,"0849","0904",15.00,15.00,0.00,"",0.00,149.00,130.00,108.00,1.00,930.00,15.00,0.00,0.00,0.00,0.00,
2016,7,1,5,2016-07-01,"AA",19805,"AA","1854",11057,"CLT","Charlotte, NC","NC",10397,"ATL","Atlanta, GA","GA","2245","2308",23.00,23.00,26.00,5.00,"2358","0014",16.00,16.00,0.00,"",0.00,73.00,66.00,35.00,1.00,226.00,16.00,0.00,0.00,0.00,0.00,
2016,7,1,5,2016-07-01,"AA",19805,"AA","1854",14107,"PHX","Phoenix, AZ","AZ",11057,"CLT","Charlotte, NC","NC","1445","1441",-4.00,0.00,29.00,8.00,"2149","2139",-10.00,0.00,0.00,"",0.00,244.00,238.00,201.00,1.00,1773.00,,,,,,
2016,7,1,5,2016-07-01,"AA",19805,"AA","1854",14771,"SFO","San Francisco, CA","CA",14107,"PHX","Phoenix, AZ","AZ","1145","1143",-2.00,0.00,21.00,8.00,"1346","1342",-4.00,0.00,0.00,"",0.00,121.00,119.00,90.00,1.00,651.00,,,,,,
2016,7,1,5,2016-07-01,"AA",19805,"AA","1855",11057,"CLT","Charlotte, NC","NC",13487,"MSP","Minneapolis, MN","MN","1450","1449",-1.00,0.00,29.00,6.00,"1632","1652",20.00,20.00,0.00,"",0.00,162.00,183.00,148.00,1.00,930.00,0.00,0.00,20.00,0.00,0.00,
2016,7,1,5,2016-07-01,"AA",19805,"AA","1855",15304,"TPA","Tampa, FL","FL",11057,"CLT","Charlotte, NC","NC","1150","1147",-3.00,0.00,11.00,7.00,"1334","1327",-7.00,0.00,0.00,"",0.00,104.00,100.00,82.00,1.00,507.00,,,,,,
2016,7,1,5,2016-07-01,"AA",19805,"AA","1856",14107,"PHX","Phoenix, AZ","AZ",14100,"PHL","Philadelphia, PA","PA","0700","0737",37.00,37.00,16.00,3.00,"1434","1512",38.00,38.00,0.00,"",0.00,274.00,275.00,256.00,1.00,2075.00,37.00,0.00,1.00,0.00,0.00,
2016,7,1,5,2016-07-01,"AA",19805,"AA","1857",11057,"CLT","Charlotte, NC","NC",13204,"MCO","Orlando, FL","FL","2220","2217",-3.00,0.00,30.00,10.00,"2356","0001",5.00,5.00,0.00,"",0.00,96.00,104.00,64.00,1.00,468.00,,,,,,
2016,7,1,5,2016-07-01,"AA",19805,"AA","1857",14107,"PHX","Phoenix, AZ","AZ",11057,"CLT","Charlotte, NC","NC","1415","1415",0.00,0.00,14.00,21.00,"2121","2118",-3.00,0.00,0.00,"",0.00,246.00,243.00,208.00,1.00,1773.00,,,,,,
2016,7,1,5,2016-07-01,"AA",19805,"AA","1860",11057,"CLT","Charlotte, NC","NC",14576,"ROC","Rochester, NY","NY","1440","1434",-6.00,0.00,23.00,7.00,"1627","1629",2.00,2.00,0.00,"",0.00,107.00,115.00,85.00,1.00,573.00,,,,,,
2016,7,1,5,2016-07-01,"AA",19805,"AA","1860",13198,"MCI","Kansas City, MO","MO",11057,"CLT","Charlotte, NC","NC","1015","1005",-10.00,0.00,11.00,8.00,"1331","1310",-21.00,0.00,0.00,"",0.00,136.00,125.00,106.00,1.00,808.00,,,,,,
2016,7,1,5,2016-07-01,"AA",19805,"AA","1861",11057,"CLT","Charlotte, NC","NC",14492,"RDU","Raleigh/Durham, NC","NC","1932","1931",-1.00,0.00,15.00,3.00,"2023","2020",-3.00,0.00,0.00,"",0.00,51.00,49.00,31.00,1.00,130.00,,,,,,
2016,7,1,5,2016-07-01,"AA",19805,"AA","1861",12451,"JAX","Jacksonville, FL","FL",11057,"CLT","Charlotte, NC","NC","1750","1743",-7.00,0.00,11.00,8.00,"1914","1903",-11.00,0.00,0.00,"",0.00,84.00,80.00,61.00,1.00,328.00,,,,,,
2016,7,1,5,2016-07-01,"AA",19805,"AA","1862",11057,"CLT","Charlotte, NC","NC",14107,"PHX","Phoenix, AZ","AZ","1950","1949",-1.00,0.00,12.00,3.00,"2106","2059",-7.00,0.00,0.00,"",0.00,256.00,250.00,235.00,1.00,1773.00,,,,,,
2016,7,1,5,2016-07-01,"AA",19805,"AA","1862",14843,"SJU","San Juan, PR","PR",11057,"CLT","Charlotte, NC","NC","1451","1447",-4.00,0.00,12.00,7.00,"1840","1814",-26.00,0.00,0.00,"",0.00,229.00,207.00,188.00,1.00,1475.00,,,,,,
2016,7,1,5,2016-07-01,"AA",19805,"AA","1863",10792,"BUF","Buffalo, NY","NY",11057,"CLT","Charlotte, NC","NC","0619","0617",-2.00,0.00,11.00,11.00,"0810","0803",-7.00,0.00,0.00,"",0.00,111.00,106.00,84.00,1.00,546.00,,,,,,
2016,7,1,5,2016-07-01,"AA",19805,"AA","1864",11057,"CLT","Charlotte, NC","NC",11278,"DCA","Washington, DC","VA","1640","1635",-5.00,0.00,48.00,9.00,"1810","1850",40.00,40.00,0.00,"",0.00,90.00,135.00,78.00,1.00,331.00,0.00,0.00,40.00,0.00,0.00,
2016,7,1,5,2016-07-01,"AA",19805,"AA","1864",14524,"RIC","Richmond, VA","VA",11057,"CLT","Charlotte, NC","NC","1430","1427",-3.00,0.00,25.00,10.00,"1542","1548",6.00,6.00,0.00,"",0.00,72.00,81.00,46.00,1.00,257.00,,,,,,
2016,7,1,5,2016-07-01,"AA",19805,"AA","1865",11057,"CLT","Charlotte, NC","NC",11292,"DEN","Denver, CO","CO","2225","2256",31.00,31.00,12.00,19.00,"2356","0023",27.00,27.00,0.00,"",0.00,211.00,207.00,176.00,1.00,1337.00,4.00,0.00,0.00,0.00,23.00,
2016,7,1,5,2016-07-01,"AA",19805,"AA","1865",12478,"JFK","New York, NY","NY",11057,"CLT","Charlotte, NC","NC","1900","",,,,,"2114","",,,1.00,"C",0.00,134.00,,,1.00,541.00,,,,,,
2016,7,1,5,2016-07-01,"AA",19805,"AA","1866",11057,"CLT","Charlotte, NC","NC",14027,"PBI","West Palm Beach/Palm Beach, FL","FL","0919","0917",-2.00,0.00,11.00,5.00,"1103","1053",-10.00,0.00,0.00,"",0.00,104.00,96.00,80.00,1.00,590.00,,,,,,
2016,7,1,5,2016-07-01,"AA",19805,"AA","1866",11618,"EWR","Newark, NJ","NJ",11057,"CLT","Charlotte, NC","NC","0600","0558",-2.00,0.00,17.00,9.00,"0749","0741",-8.00,0.00,0.00,"",0.00,109.00,103.00,77.00,1.00,529.00,,,,,,
2016,7,1,5,2016-07-01,"AA",19805,"AA","1867",11057,"CLT","Charlotte, NC","NC",10693,"BNA","Nashville, TN","TN","2004","2004",0.00,0.00,23.00,7.00,"2024","2030",6.00,6.00,0.00,"",0.00,80.00,86.00,56.00,1.00,328.00,,,,,,
2016,7,1,5,2016-07-01,"AA",19805,"AA","1867",15304,"TPA","Tampa, FL","FL",11057,"CLT","Charlotte, NC","NC","1720","1719",-1.00,0.00,11.00,16.00,"1908","1903",-5.00,0.00,0.00,"",0.00,108.00,104.00,77.00,1.00,507.00,,,,,,
2016,7,1,5,2016-07-01,"AA",19805,"AA","1868",11057,"CLT","Charlotte, NC","NC",10994,"CHS","Charleston, SC","SC","1114","1111",-3.00,0.00,13.00,10.00,"1209","1211",2.00,2.00,0.00,"",0.00,55.00,60.00,37.00,1.00,168.00,,,,,,
2016,7,1,5,2016-07-01,"AA",19805,"AA","1868",14576,"ROC","Rochester, NY","NY",11057,"CLT","Charlotte, NC","NC","0810","0804",-6.00,0.00,20.00,8.00,"1008","1000",-8.00,0.00,0.00,"",0.00,118.00,116.00,88.00,1.00,573.00,,,,,,
2016,7,1,5,2016-07-01,"AA",19805,"AA","1870",11057,"CLT","Charlotte, NC","NC",14576,"ROC","Rochester, NY","NY","2215","2213",-2.00,0.00,14.00,8.00,"2358","2359",1.00,1.00,0.00,"",0.00,103.00,106.00,84.00,1.00,573.00,,,,,,
2016,7,1,5,2016-07-01,"AA",19805,"AA","1870",14683,"SAT","San Antonio, TX","TX",11057,"CLT","Charlotte, NC","NC","1735","1732",-3.00,0.00,11.00,10.00,"2127","2118",-9.00,0.00,0.00,"",0.00,172.00,166.00,145.00,1.00,1095.00,,,,,,
2016,7,1,5,2016-07-01,"AA",19805,"AA","1871",10529,"BDL","Hartford, CT","CT",11057,"CLT","Charlotte, NC","NC","1705","",,,,,"1913","",,,1.00,"C",0.00,128.00,,,1.00,644.00,,,,,,
2016,7,1,5,2016-07-01,"AA",19805,"AA","1871",11057,"CLT","Charlotte, NC","NC",15304,"TPA","Tampa, FL","FL","2006","2138",92.00,92.00,14.00,4.00,"2141","2308",87.00,87.00,0.00,"",0.00,95.00,90.00,72.00,1.00,507.00,61.00,0.00,0.00,0.00,26.00,
2016,7,1,5,2016-07-01,"AA",19805,"AA","1872",11278,"DCA","Washington, DC","VA",13204,"MCO","Orlando, FL","FL","1145","1143",-2.00,0.00,13.00,13.00,"1401","1358",-3.00,0.00,0.00,"",0.00,136.00,135.00,109.00,1.00,759.00,,,,,,
2016,7,1,5,2016-07-01,"AA",19805,"AA","1872",13204,"MCO","Orlando, FL","FL",11278,"DCA","Washington, DC","VA","1505","1455",-10.00,0.00,13.00,7.00,"1719","1702",-17.00,0.00,0.00,"",0.00,134.00,127.00,107.00,1.00,759.00,,,,,,
2016,7,1,5,2016-07-01,"AA",19805,"AA","1873",11057,"CLT","Charlotte, NC","NC",15304,"TPA","Tampa, FL","FL","2215","",,,,,"2349","",,,1.00,"A",0.00,94.00,,,1.00,507.00,,,,,,
2016,7,1,5,2016-07-01,"AA",19805,"AA","1873",11292,"DEN","Denver, CO","CO",11057,"CLT","Charlotte, NC","NC","1600","1554",-6.00,0.00,14.00,10.00,"2118","2051",-27.00,0.00,0.00,"",0.00,198.00,177.00,153.00,1.00,1337.00,,,,,,
2016,7,1,5,2016-07-01,"AA",19805,"AA","1874",11278,"DCA","Washington, DC","VA",13204,"MCO","Orlando, FL","FL","1545","1548",3.00,3.00,14.00,16.00,"1805","1816",11.00,11.00,0.00,"",0.00,140.00,148.00,118.00,1.00,759.00,,,,,,
2016,7,1,5,2016-07-01,"AA",19805,"AA","1874",13204,"MCO","Orlando, FL","FL",11278,"DCA","Washington, DC","VA","2007","2007",0.00,0.00,16.00,21.00,"2215","2236",21.00,21.00,0.00,"",0.00,128.00,149.00,112.00,1.00,759.00,0.00,0.00,21.00,0.00,0.00,
2016,7,1,5,2016-07-01,"AA",19805,"AA","1876",11278,"DCA","Washington, DC","VA",13204,"MCO","Orlando, FL","FL","1930","1936",6.00,6.00,21.00,14.00,"2145","2156",11.00,11.00,0.00,"",0.00,135.00,140.00,105.00,1.00,759.00,,,,,,
2016,7,1,5,2016-07-01,"AA",19805,"AA","1877",11057,"CLT","Charlotte, NC","NC",13303,"MIA","Miami, FL","FL","0700","0709",9.00,9.00,15.00,8.00,"0856","0902",6.00,6.00,0.00,"",0.00,116.00,113.00,90.00,1.00,650.00,,,,,,
2016,7,1,5,2016-07-01,"AA",19805,"AA","1878",11057,"CLT","Charlotte, NC","NC",11298,"DFW","Dallas/Fort Worth, TX","TX","1315","1309",-6.00,0.00,12.00,14.00,"1501","1444",-17.00,0.00,0.00,"",0.00,166.00,155.00,129.00,1.00,936.00,,,,,,
2016,7,1,5,2016-07-01,"AA",19805,"AA","1878",13303,"MIA","Miami, FL","FL",11057,"CLT","Charlotte, NC","NC","0957","1000",3.00,3.00,19.00,7.00,"1214","1202",-12.00,0.00,0.00,"",0.00,137.00,122.00,96.00,1.00,650.00,,,,,,
2016,7,1,5,2016-07-01,"AA",19805,"AA","1879",10721,"BOS","Boston, MA","MA",11057,"CLT","Charlotte, NC","NC","1251","1251",0.00,0.00,23.00,15.00,"1512","1520",8.00,8.00,0.00,"",0.00,141.00,149.00,111.00,1.00,728.00,,,,,,
2016,7,1,5,2016-07-01,"AA",19805,"AA","1879",11057,"CLT","Charlotte, NC","NC",14747,"SEA","Seattle, WA","WA","1615","1618",3.00,3.00,21.00,6.00,"1850","1852",2.00,2.00,0.00,"",0.00,335.00,334.00,307.00,1.00,2279.00,,,,,,
2016,7,1,5,2016-07-01,"AA",19805,"AA","1879",14107,"PHX","Phoenix, AZ","AZ",13487,"MSP","Minneapolis, MN","MN","2359","0031",32.00,32.00,20.00,5.00,"0453","0521",28.00,28.00,0.00,"",0.00,174.00,170.00,145.00,1.00,1276.00,0.00,0.00,0.00,0.00,28.00,
2016,7,1,5,2016-07-01,"AA",19805,"AA","1879",14747,"SEA","Seattle, WA","WA",14107,"PHX","Phoenix, AZ","AZ","1955","1950",-5.00,0.00,13.00,27.00,"2250","2308",18.00,18.00,0.00,"",0.00,175.00,198.00,158.00,1.00,1107.00,0.00,0.00,18.00,0.00,0.00,
2016,7,1,5,2016-07-01,"AA",19805,"AA","1880",11278,"DCA","Washington, DC","VA",14027,"PBI","West Palm Beach/Palm Beach, FL","FL","1155","1323",88.00,88.00,17.00,4.00,"1423","1548",85.00,85.00,0.00,"",0.00,148.00,145.00,124.00,1.00,857.00,0.00,0.00,0.00,0.00,85.00,
2016,7,1,5,2016-07-01,"AA",19805,"AA","1880",14027,"PBI","West Palm Beach/Palm Beach, FL","FL",11278,"DCA","Washington, DC","VA","1620","1628",8.00,8.00,9.00,15.00,"1839","1904",25.00,25.00,0.00,"",0.00,139.00,156.00,132.00,1.00,857.00,0.00,0.00,17.00,0.00,8.00,
2016,7,1,5,2016-07-01,"AA",19805,"AA","1881",14100,"PHL","Philadelphia, PA","PA",14107,"PHX","Phoenix, AZ","AZ","1820","1815",-5.00,0.00,21.00,25.00,"2035","2029",-6.00,0.00,0.00,"",0.00,315.00,314.00,268.00,1.00,2075.00,,,,,,
2016,7,1,5,2016-07-01,"AA",19805,"AA","1882",14100,"PHL","Philadelphia, PA","PA",11057,"CLT","Charlotte, NC","NC","1015","1208",113.00,113.00,27.00,11.00,"1210","1401",111.00,111.00,0.00,"",0.00,115.00,113.00,75.00,1.00,449.00,111.00,0.00,0.00,0.00,0.00,
2016,7,1,5,2016-07-01,"AA",19805,"AA","1883",14100,"PHL","Philadelphia, PA","PA",13487,"MSP","Minneapolis, MN","MN","0730","0726",-4.00,0.00,12.00,3.00,"0921","0920",-1.00,0.00,0.00,"",0.00,171.00,174.00,159.00,1.00,980.00,,,,,,
2016,7,1,5,2016-07-01,"AA",19805,"AA","1884",13487,"MSP","Minneapolis, MN","MN",14100,"PHL","Philadelphia, PA","PA","1005","1007",2.00,2.00,18.00,4.00,"1338","1328",-10.00,0.00,0.00,"",0.00,153.00,141.00,119.00,1.00,980.00,,,,,,
2016,7,1,5,2016-07-01,"AA",19805,"AA","1885",11057,"CLT","Charlotte, NC","NC",10792,"BUF","Buffalo, NY","NY","2020","2018",-2.00,0.00,20.00,3.00,"2203","2200",-3.00,0.00,0.00,"",0.00,103.00,102.00,79.00,1.00,546.00,,,,,,
2016,7,1,5,2016-07-01,"AA",19805,"AA","1886",11057,"CLT","Charlotte, NC","NC",14524,"RIC","Richmond, VA","VA","1609","1606",-3.00,0.00,11.00,6.00,"1716","1706",-10.00,0.00,0.00,"",0.00,67.00,60.00,43.00,1.00,257.00,,,,,,
2016,7,1,5,2016-07-01,"AA",19805,"AA","1886",11278,"DCA","Washington, DC","VA",11057,"CLT","Charlotte, NC","NC","1345","",,,,,"1513","",,,1.00,"A",0.00,88.00,,,1.00,331.00,,,,,,
2016,7,1,5,2016-07-01,"AA",19805,"AA","1887",14100,"PHL","Philadelphia, PA","PA",10397,"ATL","Atlanta, GA","GA","1435","1427",-8.00,0.00,124.00,8.00,"1643","1819",96.00,96.00,0.00,"",0.00,128.00,232.00,100.00,1.00,666.00,0.00,0.00,96.00,0.00,0.00,
2016,7,1,5,2016-07-01,"AA",19805,"AA","1888",14100,"PHL","Philadelphia, PA","PA",10721,"BOS","Boston, MA","MA","1915","2100",105.00,105.00,72.00,6.00,"2039","2309",150.00,150.00,0.00,"",0.00,84.00,129.00,51.00,1.00,280.00,0.00,0.00,150.00,0.00,0.00,
2016,7,1,5,2016-07-01,"AA",19805,"AA","1889",10821,"BWI","Baltimore, MD","MD",11057,"CLT","Charlotte, NC","NC","1347","1346",-1.00,0.00,21.00,8.00,"1512","1515",3.00,3.00,0.00,"",0.00,85.00,89.00,60.00,1.00,361.00,,,,,,
2016,7,1,5,2016-07-01,"AA",19805,"AA","1889",11057,"CLT","Charlotte, NC","NC",10529,"BDL","Hartford, CT","CT","1620","1618",-2.00,0.00,21.00,4.00,"1822","1819",-3.00,0.00,0.00,"",0.00,122.00,121.00,96.00,1.00,644.00,,,,,,
2016,7,1,5,2016-07-01,"AA",19805,"AA","1890",11057,"CLT","Charlotte, NC","NC",10693,"BNA","Nashville, TN","TN","0033","0027",-6.00,0.00,13.00,6.00,"0048","0033",-15.00,0.00,0.00,"",0.00,75.00,66.00,47.00,1.00,328.00,,,,,,
2016,7,1,5,2016-07-01,"AA",19805,"AA","1893",11057,"CLT","Charlotte, NC","NC",10423,"AUS","Austin, TX","TX","2210","2256",46.00,46.00,17.00,7.00,"2352","0030",38.00,38.00,0.00,"",0.00,162.00,154.00,130.00,1.00,1032.00,38.00,0.00,0.00,0.00,0.00,
2016,7,1,5,2016-07-01,"AA",19805,"AA","1893",14524,"RIC","Richmond, VA","VA",11057,"CLT","Charlotte, NC","NC","1945","1940",-5.00,0.00,8.00,12.00,"2057","2049",-8.00,0.00,0.00,"",0.00,72.00,69.00,49.00,1.00,257.00,,,,,,
2016,7,1,5,2016-07-01,"AA",19805,"AA","1894",14100,"PHL","Philadelphia, PA","PA",11292,"DEN","Denver, CO","CO","0805","0801",-4.00,0.00,47.00,7.00,"1013","1033",20.00,20.00,0.00,"",0.00,248.00,272.00,218.00,1.00,1558.00,0.00,0.00,20.00,0.00,0.00,
2016,7,1,5,2016-07-01,"AA",19805,"AA","1895",14107,"PHX","Phoenix, AZ","AZ",15016,"STL","St. Louis, MO","MO","2355","2353",-2.00,0.00,31.00,3.00,"0447","0457",10.00,10.00,0.00,"",0.00,172.00,184.00,150.00,1.00,1262.00,,,,,,
2016,7,1,5,2016-07-01,"AA",19805,"AA","1896",14747,"SEA","Seattle, WA","WA",14107,"PHX","Phoenix, AZ","AZ","0820","0817",-3.00,0.00,32.00,4.00,"1111","1115",4.00,4.00,0.00,"",0.00,171.00,178.00,142.00,1.00,1107.00,,,,,,
2016,7,1,5,2016-07-01,"AA",19805,"AA","1898",11057,"CLT","Charlotte, NC","NC",12266,"IAH","Houston, TX","TX","0755","",,,,,"0930","",,,1.00,"A",0.00,155.00,,,1.00,912.00,,,,,,
2016,7,1,5,2016-07-01,"AA",19805,"AA","1899",11057,"CLT","Charlotte, NC","NC",13204,"MCO","Orlando, FL","FL","1640","1746",66.00,66.00,10.00,10.00,"1823","1920",57.00,57.00,0.00,"",0.00,103.00,94.00,74.00,1.00,468.00,13.00,0.00,0.00,0.00,44.00,
2016,7,1,5,2016-07-01,"AA",19805,"AA","1899",12892,"LAX","Los Angeles, CA","CA",14107,"PHX","Phoenix, AZ","AZ","0600","0640",40.00,40.00,21.00,6.00,"0730","0803",33.00,33.00,0.00,"",0.00,90.00,83.00,56.00,1.00,370.00,33.00,0.00,0.00,0.00,0.00,
2016,7,1,5,2016-07-01,"AA",19805,"AA","1899",14107,"PHX","Phoenix, AZ","AZ",11057,"CLT","Charlotte, NC","NC","0835","0858",23.00,23.00,26.00,27.00,"1542","1636",54.00,54.00,0.00,"",0.00,247.00,278.00,225.00,1.00,1773.00,0.00,0.00,31.00,0.00,23.00,
2016,7,1,5,2016-07-01,"AA",19805,"AA","1903",11057,"CLT","Charlotte, NC","NC",14307,"PVD","Providence, RI","RI","0735","0729",-6.00,0.00,17.00,4.00,"0935","0922",-13.00,0.00,0.00,"",0.00,120.00,113.00,92.00,1.00,683.00,,,,,,
2016,7,1,5,2016-07-01,"AA",19805,"AA","1904",11057,"CLT","Charlotte, NC","NC",14122,"PIT","Pittsburgh, PA","PA","0800","0753",-7.00,0.00,12.00,5.00,"0929","0910",-19.00,0.00,0.00,"",0.00,89.00,77.00,60.00,1.00,366.00,,,,,,
2016,7,1,5,2016-07-01,"AA",19805,"AA","1904",11278,"DCA","Washington, DC","VA",11057,"CLT","Charlotte, NC","NC","0540","0540",0.00,0.00,11.00,8.00,"0700","0653",-7.00,0.00,0.00,"",0.00,80.00,73.00,54.00,1.00,331.00,,,,,,
2016,7,1,5,2016-07-01,"AA",19805,"AA","1905",11057,"CLT","Charlotte, NC","NC",13204,"MCO","Orlando, FL","FL","0919","0941",22.00,22.00,18.00,11.00,"1054","1115",21.00,21.00,0.00,"",0.00,95.00,94.00,65.00,1.00,468.00,4.00,0.00,0.00,0.00,17.00,
2016,7,1,5,2016-07-01,"AA",19805,"AA","1906",11057,"CLT","Charlotte, NC","NC",13198,"MCI","Kansas City, MO","MO","0755","0751",-4.00,0.00,16.00,8.00,"0927","0918",-9.00,0.00,0.00,"",0.00,152.00,147.00,123.00,1.00,808.00,,,,,,
2016,7,1,5,2016-07-01,"AA",19805,"AA","1907",11057,"CLT","Charlotte, NC","NC",15304,"TPA","Tampa, FL","FL","0025","0022",-3.00,0.00,12.00,2.00,"0156","0148",-8.00,0.00,0.00,"",0.00,91.00,86.00,72.00,1.00,507.00,,,,,,
2016,7,1,5,2016-07-01,"AA",19805,"AA","1908",11057,"CLT","Charlotte, NC","NC",13930,"ORD","Chicago, IL","IL","1755","1755",0.00,0.00,13.00,16.00,"1901","1900",-1.00,0.00,0.00,"",0.00,126.00,125.00,96.00,1.00,599.00,,,,,,
2016,7,1,5,2016-07-01,"AA",19805,"AA","1908",13930,"ORD","Chicago, IL","IL",14107,"PHX","Phoenix, AZ","AZ","2015","2010",-5.00,0.00,13.00,5.00,"2158","2138",-20.00,0.00,0.00,"",0.00,223.00,208.00,190.00,1.00,1440.00,,,,,,
2016,7,1,5,2016-07-01,"AA",19805,"AA","1908",14107,"PHX","Phoenix, AZ","AZ",14747,"SEA","Seattle, WA","WA","2259","2255",-4.00,0.00,14.00,5.00,"0149","0141",-8.00,0.00,0.00,"",0.00,170.00,166.00,147.00,1.00,1107.00,,,,,,
2016,7,1,5,2016-07-01,"AA",19805,"AA","1908",14771,"SFO","San Francisco, CA","CA",11057,"CLT","Charlotte, NC","NC","0849","0848",-1.00,0.00,17.00,20.00,"1652","1647",-5.00,0.00,0.00,"",0.00,303.00,299.00,262.00,1.00,2296.00,,,,,,
2016,7,1,5,2016-07-01,"AA",19805,"AA","1909",11057,"CLT","Charlotte, NC","NC",13495,"MSY","New Orleans, LA","LA","0730","0727",-3.00,0.00,12.00,3.00,"0826","0811",-15.00,0.00,0.00,"",0.00,116.00,104.00,89.00,1.00,651.00,,,,,,
2016,7,1,5,2016-07-01,"AA",19805,"AA","1910",11057,"CLT","Charlotte, NC","NC",12953,"LGA","New York, NY","NY","0955","0954",-1.00,0.00,26.00,7.00,"1152","1144",-8.00,0.00,0.00,"",0.00,117.00,110.00,77.00,1.00,544.00,,,,,,
2016,7,1,5,2016-07-01,"AA",19805,"AA","1910",12892,"LAX","Los Angeles, CA","CA",11057,"CLT","Charlotte, NC","NC","0055","0104",9.00,9.00,35.00,9.00,"0847","0859",12.00,12.00,0.00,"",0.00,292.00,295.00,251.00,1.00,2125.00,,,,,,
2016,7,1,5,2016-07-01,"AA",19805,"AA","1911",14100,"PHL","Philadelphia, PA","PA",13930,"ORD","Chicago, IL","IL","0750","0748",-2.00,0.00,19.00,20.00,"0915","0915",0.00,0.00,0.00,"",0.00,145.00,147.00,108.00,1.00,678.00,,,,,,
2016,7,1,5,2016-07-01,"AA",19805,"AA","1912",11057,"CLT","Charlotte, NC","NC",14747,"SEA","Seattle, WA","WA","0940","1100",80.00,80.00,13.00,11.00,"1220","1326",66.00,66.00,0.00,"",0.00,340.00,326.00,302.00,1.00,2279.00,0.00,0.00,0.00,0.00,66.00,
2016,7,1,5,2016-07-01,"AA",19805,"AA","1915",11057,"CLT","Charlotte, NC","NC",14492,"RDU","Raleigh/Durham, NC","NC","1810","1821",11.00,11.00,18.00,3.00,"1909","1915",6.00,6.00,0.00,"",0.00,59.00,54.00,33.00,1.00,130.00,,,,,,
2016,7,1,5,2016-07-01,"AA",19805,"AA","1916",11057,"CLT","Charlotte, NC","NC",13930,"ORD","Chicago, IL","IL","0755","0752",-3.00,0.00,12.00,17.00,"0907","0857",-10.00,0.00,0.00,"",0.00,132.00,125.00,96.00,1.00,599.00,,,,,,
2016,7,1,5,2016-07-01,"AA",19805,"AA","1916",13204,"MCO","Orlando, FL","FL",11057,"CLT","Charlotte, NC","NC","0515","0511",-4.00,0.00,14.00,8.00,"0649","0652",3.00,3.00,0.00,"",0.00,94.00,101.00,79.00,1.00,468.00,,,,,,
2016,7,1,5,2016-07-01,"AA",19805,"AA","1918",11057,"CLT","Charlotte, NC","NC",11278,"DCA","Washington, DC","VA","0015","0007",-8.00,0.00,15.00,6.00,"0132","0124",-8.00,0.00,0.00,"",0.00,77.00,77.00,56.00,1.00,331.00,,,,,,
2016,7,1,5,2016-07-01,"AA",19805,"AA","1919",11057,"CLT","Charlotte, NC","NC",13303,"MIA","Miami, FL","FL","2016","2030",14.00,14.00,18.00,8.00,"2217","2226",9.00,9.00,0.00,"",0.00,121.00,116.00,90.00,1.00,650.00,,,,,,
2016,7,1,5,2016-07-01,"AA",19805,"AA","1920",11057,"CLT","Charlotte, NC","NC",10821,"BWI","Baltimore, MD","MD","2020","2018",-2.00,0.00,13.00,4.00,"2146","2143",-3.00,0.00,0.00,"",0.00,86.00,85.00,68.00,1.00,361.00,,,,,,
2016,7,1,5,2016-07-01,"AA",19805,"AA","1920",14771,"SFO","San Francisco, CA","CA",11057,"CLT","Charlotte, NC","NC","1055","1051",-4.00,0.00,38.00,9.00,"1859","1906",7.00,7.00,0.00,"",0.00,304.00,315.00,268.00,1.00,2296.00,,,,,,
2016,7,1,5,2016-07-01,"AA",19805,"AA","1921",11057,"CLT","Charlotte, NC","NC",12451,"JAX","Jacksonville, FL","FL","2015","2010",-5.00,0.00,12.00,5.00,"2132","2118",-14.00,0.00,0.00,"",0.00,77.00,68.00,51.00,1.00,328.00,,,,,,
2016,7,1,5,2016-07-01,"AA",19805,"AA","1921",14576,"ROC","Rochester, NY","NY",11057,"CLT","Charlotte, NC","NC","1709","1718",9.00,9.00,9.00,5.00,"1910","1900",-10.00,0.00,0.00,"",0.00,121.00,102.00,88.00,1.00,573.00,,,,,,
2016,7,1,5,2016-07-01,"AA",19805,"AA","1922",11057,"CLT","Charlotte, NC","NC",14524,"RIC","Richmond, VA","VA","2240","2238",-2.00,0.00,18.00,5.00,"2347","2352",5.00,5.00,0.00,"",0.00,67.00,74.00,51.00,1.00,257.00,,,,,,
2016,7,1,5,2016-07-01,"AA",19805,"AA","1922",11278,"DCA","Washington, DC","VA",11057,"CLT","Charlotte, NC","NC","2000","2025",25.00,25.00,41.00,8.00,"2131","2205",34.00,34.00,0.00,"",0.00,91.00,100.00,51.00,1.00,331.00,13.00,0.00,9.00,0.00,12.00,
2016,7,1,5,2016-07-01,"AA",19805,"AA","1923",10257,"ALB","Albany, NY","NY",11057,"CLT","Charlotte, NC","NC","0805","0757",-8.00,0.00,27.00,4.00,"1019","1008",-11.00,0.00,0.00,"",0.00,134.00,131.00,100.00,1.00,646.00,,,,,,
2016,7,1,5,2016-07-01,"AA",19805,"AA","1923",11057,"CLT","Charlotte, NC","NC",11433,"DTW","Detroit, MI","MI","1120","1120",0.00,0.00,15.00,11.00,"1305","1305",0.00,0.00,0.00,"",0.00,105.00,105.00,79.00,1.00,500.00,,,,,,
2016,7,1,5,2016-07-01,"AA",19805,"AA","1924",11057,"CLT","Charlotte, NC","NC",10821,"BWI","Baltimore, MD","MD","1135","1131",-4.00,0.00,29.00,4.00,"1302","1302",0.00,0.00,0.00,"",0.00,87.00,91.00,58.00,1.00,361.00,,,,,,
2016,7,1,5,2016-07-01,"AA",19805,"AA","1924",13244,"MEM","Memphis, TN","TN",11057,"CLT","Charlotte, NC","NC","0800","0751",-9.00,0.00,22.00,12.00,"1048","1041",-7.00,0.00,0.00,"",0.00,108.00,110.00,76.00,1.00,511.00,,,,,,
2016,7,1,5,2016-07-01,"AA",19805,"AA","1925",10529,"BDL","Hartford, CT","CT",11057,"CLT","Charlotte, NC","NC","0620","0613",-7.00,0.00,13.00,7.00,"0822","0812",-10.00,0.00,0.00,"",0.00,122.00,119.00,99.00,1.00,644.00,,,,,,
2016,7,1,5,2016-07-01,"AA",19805,"AA","1925",11057,"CLT","Charlotte, NC","NC",15304,"TPA","Tampa, FL","FL","0935","0932",-3.00,0.00,11.00,2.00,"1117","1055",-22.00,0.00,0.00,"",0.00,102.00,83.00,70.00,1.00,507.00,,,,,,
2016,7,1,5,2016-07-01,"AA",19805,"AA","1925",15304,"TPA","Tampa, FL","FL",14100,"PHL","Philadelphia, PA","PA","1209","1207",-2.00,0.00,13.00,6.00,"1439","1430",-9.00,0.00,0.00,"",0.00,150.00,143.00,124.00,1.00,920.00,,,,,,
2016,7,1,5,2016-07-01,"AA",19805,"AA","1926",14771,"SFO","San Francisco, CA","CA",12892,"LAX","Los Angeles, CA","CA","2115","2113",-2.00,0.00,20.00,40.00,"2246","2311",25.00,25.00,0.00,"",0.00,91.00,118.00,58.00,1.00,337.00,0.00,0.00,25.00,0.00,0.00,
2016,7,1,5,2016-07-01,"AA",19805,"AA","1927",11057,"CLT","Charlotte, NC","NC",14492,"RDU","Raleigh/Durham, NC","NC","1304","1302",-2.00,0.00,19.00,3.00,"1400","1359",-1.00,0.00,0.00,"",0.00,56.00,57.00,35.00,1.00,130.00,,,,,,
2016,7,1,5,2016-07-01,"AA",19805,"AA","1927",15304,"TPA","Tampa, FL","FL",11057,"CLT","Charlotte, NC","NC","1020","1017",-3.00,0.00,10.00,14.00,"1205","1159",-6.00,0.00,0.00,"",0.00,105.00,102.00,78.00,1.00,507.00,,,,,,
2016,7,1,5,2016-07-01,"AA",19805,"AA","1930",14057,"PDX","Portland, OR","OR",11057,"CLT","Charlotte, NC","NC","2215","2215",0.00,0.00,11.00,7.00,"0601","0548",-13.00,0.00,0.00,"",0.00,286.00,273.00,255.00,1.00,2282.00,,,,,,
2016,7,1,5,2016-07-01,"AA",19805,"AA","1932",14107,"PHX","Phoenix, AZ","AZ",12339,"IND","Indianapolis, IN","IN","2340","2339",-1.00,0.00,12.00,4.00,"0559","0544",-15.00,0.00,0.00,"",0.00,199.00,185.00,169.00,1.00,1488.00,,,,,,
2016,7,1,5,2016-07-01,"AA",19805,"AA","1933",14122,"PIT","Pittsburgh, PA","PA",14100,"PHL","Philadelphia, PA","PA","0715","0709",-6.00,0.00,13.00,16.00,"0841","0821",-20.00,0.00,0.00,"",0.00,86.00,72.00,43.00,1.00,268.00,,,,,,
2016,7,1,5,2016-07-01,"AA",19805,"AA","1934",10397,"ATL","Atlanta, GA","GA",11057,"CLT","Charlotte, NC","NC","1215","1211",-4.00,0.00,39.00,8.00,"1333","1348",15.00,15.00,0.00,"",0.00,78.00,97.00,50.00,1.00,226.00,0.00,0.00,15.00,0.00,0.00,
2016,7,1,5,2016-07-01,"AA",19805,"AA","1934",11057,"CLT","Charlotte, NC","NC",14492,"RDU","Raleigh/Durham, NC","NC","1435","1435",0.00,0.00,15.00,3.00,"1530","1528",-2.00,0.00,0.00,"",0.00,55.00,53.00,35.00,1.00,130.00,,,,,,
2016,7,1,5,2016-07-01,"AA",19805,"AA","1934",13303,"MIA","Miami, FL","FL",10397,"ATL","Atlanta, GA","GA","0925","0923",-2.00,0.00,12.00,10.00,"1121","1109",-12.00,0.00,0.00,"",0.00,116.00,106.00,84.00,1.00,594.00,,,,,,
2016,7,1,5,2016-07-01,"AA",19805,"AA","1934",14869,"SLC","Salt Lake City, UT","UT",13303,"MIA","Miami, FL","FL","0055","0052",-3.00,0.00,10.00,13.00,"0727","0730",3.00,3.00,0.00,"",0.00,272.00,278.00,255.00,1.00,2088.00,,,,,,
2016,7,1,5,2016-07-01,"AA",19805,"AA","1935",12892,"LAX","Los Angeles, CA","CA",10693,"BNA","Nashville, TN","TN","1820","1828",8.00,8.00,32.00,7.00,"0029","0044",15.00,15.00,0.00,"",0.00,249.00,256.00,217.00,1.00,1797.00,0.00,0.00,15.00,0.00,0.00,
2016,7,1,5,2016-07-01,"AA",19805,"AA","1936",11057,"CLT","Charlotte, NC","NC",11618,"EWR","Newark, NJ","NJ","1200","1159",-1.00,0.00,50.00,8.00,"1355","1416",21.00,21.00,0.00,"",0.00,115.00,137.00,79.00,1.00,529.00,0.00,0.00,21.00,0.00,0.00,
2016,7,1,5,2016-07-01,"AA",19805,"AA","1936",11278,"DCA","Washington, DC","VA",11057,"CLT","Charlotte, NC","NC","0859","0857",-2.00,0.00,34.00,8.00,"1031","1042",11.00,11.00,0.00,"",0.00,92.00,105.00,63.00,1.00,331.00,,,,,,
2016,7,1,5,2016-07-01,"AA",19805,"AA","1937",11057,"CLT","Charlotte, NC","NC",10721,"BOS","Boston, MA","MA","1130","1124",-6.00,0.00,30.00,7.00,"1344","1339",-5.00,0.00,0.00,"",0.00,134.00,135.00,98.00,1.00,728.00,,,,,,
2016,7,1,5,2016-07-01,"AA",19805,"AA","1937",13495,"MSY","New Orleans, LA","LA",11057,"CLT","Charlotte, NC","NC","0725","0723",-2.00,0.00,11.00,22.00,"1023","1035",12.00,12.00,0.00,"",0.00,118.00,132.00,99.00,1.00,651.00,,,,,,
2016,7,1,5,2016-07-01,"AA",19805,"AA","1938",10994,"CHS","Charleston, SC","SC",11057,"CLT","Charlotte, NC","NC","1250","1246",-4.00,0.00,22.00,3.00,"1400","1346",-14.00,0.00,0.00,"",0.00,70.00,60.00,35.00,1.00,168.00,,,,,,
2016,7,1,5,2016-07-01,"AA",19805,"AA","1938",11057,"CLT","Charlotte, NC","NC",11278,"DCA","Washington, DC","VA","1455","1451",-4.00,0.00,29.00,6.00,"1620","1622",2.00,2.00,0.00,"",0.00,85.00,91.00,56.00,1.00,331.00,,,,,,
2016,7,1,5,2016-07-01,"AA",19805,"AA","1939",13495,"MSY","New Orleans, LA","LA",14100,"PHL","Philadelphia, PA","PA","1815","1816",1.00,1.00,9.00,4.00,"2202","2205",3.00,3.00,0.00,"",0.00,167.00,169.00,156.00,1.00,1089.00,,,,,,
2016,7,1,5,2016-07-01,"AA",19805,"AA","1939",14100,"PHL","Philadelphia, PA","PA",13495,"MSY","New Orleans, LA","LA","1535","1533",-2.00,0.00,36.00,4.00,"1732","1742",10.00,10.00,0.00,"",0.00,177.00,189.00,149.00,1.00,1089.00,,,,,,
2016,7,1,5,2016-07-01,"AA",19805,"AA","1940",11057,"CLT","Charlotte, NC","NC",10257,"ALB","Albany, NY","NY","2215","2219",4.00,4.00,24.00,3.00,"0013","0014",1.00,1.00,0.00,"",0.00,118.00,115.00,88.00,1.00,646.00,,,,,,
2016,7,1,5,2016-07-01,"AA",19805,"AA","1940",12266,"IAH","Houston, TX","TX",11057,"CLT","Charlotte, NC","NC","1740","1739",-1.00,0.00,27.00,15.00,"2115","2122",7.00,7.00,0.00,"",0.00,155.00,163.00,121.00,1.00,912.00,,,,,,
2016,7,1,5,2016-07-01,"AA",19805,"AA","1941",11057,"CLT","Charlotte, NC","NC",11433,"DTW","Detroit, MI","MI","0919","0916",-3.00,0.00,15.00,8.00,"1107","1057",-10.00,0.00,0.00,"",0.00,108.00,101.00,78.00,1.00,500.00,,,,,,
2016,7,1,5,2016-07-01,"AA",19805,"AA","1941",14524,"RIC","Richmond, VA","VA",11057,"CLT","Charlotte, NC","NC","0700","0652",-8.00,0.00,18.00,9.00,"0817","0804",-13.00,0.00,0.00,"",0.00,77.00,72.00,45.00,1.00,257.00,,,,,,
2016,7,1,5,2016-07-01,"AA",19805,"AA","1942",11057,"CLT","Charlotte, NC","NC",10792,"BUF","Buffalo, NY","NY","0915","0912",-3.00,0.00,15.00,4.00,"1053","1046",-7.00,0.00,0.00,"",0.00,98.00,94.00,75.00,1.00,546.00,,,,,,
2016,7,1,5,2016-07-01,"AA",19805,"AA","1942",11433,"DTW","Detroit, MI","MI",11057,"CLT","Charlotte, NC","NC","0625","0636",11.00,11.00,11.00,9.00,"0811","0819",8.00,8.00,0.00,"",0.00,106.00,103.00,83.00,1.00,500.00,,,,,,
2016,7,1,5,2016-07-01,"AA",19805,"AA","1944",14771,"SFO","San Francisco, CA","CA",11057,"CLT","Charlotte, NC","NC","2345","2343",-2.00,0.00,12.00,6.00,"0747","0728",-19.00,0.00,0.00,"",0.00,302.00,285.00,267.00,1.00,2296.00,,,,,,
2016,7,1,5,2016-07-01,"AA",19805,"AA","1945",10693,"BNA","Nashville, TN","TN",11057,"CLT","Charlotte, NC","NC","1712","1747",35.00,35.00,11.00,4.00,"1935","1948",13.00,13.00,0.00,"",0.00,83.00,61.00,46.00,1.00,328.00,,,,,,
2016,7,1,5,2016-07-01,"AA",19805,"AA","1946",11057,"CLT","Charlotte, NC","NC",13930,"ORD","Chicago, IL","IL","0935","0947",12.00,12.00,26.00,11.00,"1047","1111",24.00,24.00,0.00,"",0.00,132.00,144.00,107.00,1.00,599.00,12.00,0.00,12.00,0.00,0.00,
2016,7,1,5,2016-07-01,"AA",19805,"AA","1947",11278,"DCA","Washington, DC","VA",11697,"FLL","Fort Lauderdale, FL","FL","1805","1902",57.00,57.00,16.00,5.00,"2044","2141",57.00,57.00,0.00,"",0.00,159.00,159.00,138.00,1.00,899.00,0.00,57.00,0.00,0.00,0.00,
2016,7,1,5,2016-07-01,"AA",19805,"AA","1948",12451,"JAX","Jacksonville, FL","FL",14100,"PHL","Philadelphia, PA","PA","0635","0631",-4.00,0.00,18.00,4.00,"0842","0834",-8.00,0.00,0.00,"",0.00,127.00,123.00,101.00,1.00,742.00,,,,,,
2016,7,1,5,2016-07-01,"AA",19805,"AA","1950",10529,"BDL","Hartford, CT","CT",11057,"CLT","Charlotte, NC","NC","1009","1005",-4.00,0.00,11.00,10.00,"1208","1202",-6.00,0.00,0.00,"",0.00,119.00,117.00,96.00,1.00,644.00,,,,,,
2016,7,1,5,2016-07-01,"AA",19805,"AA","1950",11057,"CLT","Charlotte, NC","NC",11278,"DCA","Washington, DC","VA","1315","1313",-2.00,0.00,32.00,20.00,"1441","1504",23.00,23.00,0.00,"",0.00,86.00,111.00,59.00,1.00,331.00,0.00,0.00,23.00,0.00,0.00,
2016,7,1,5,2016-07-01,"AA",19805,"AA","1951",13930,"ORD","Chicago, IL","IL",14107,"PHX","Phoenix, AZ","AZ","0942","0933",-9.00,0.00,15.00,3.00,"1121","1103",-18.00,0.00,0.00,"",0.00,219.00,210.00,192.00,1.00,1440.00,,,,,,
2016,7,1,5,2016-07-01,"AA",19805,"AA","1951",14107,"PHX","Phoenix, AZ","AZ",11292,"DEN","Denver, CO","CO","1221","1218",-3.00,0.00,14.00,9.00,"1510","1502",-8.00,0.00,0.00,"",0.00,109.00,104.00,81.00,1.00,602.00,,,,,,
2016,7,1,5,2016-07-01,"AA",19805,"AA","1952",10529,"BDL","Hartford, CT","CT",11057,"CLT","Charlotte, NC","NC","1920","1923",3.00,3.00,14.00,7.00,"2123","2120",-3.00,0.00,0.00,"",0.00,123.00,117.00,96.00,1.00,644.00,,,,,,
2016,7,1,5,2016-07-01,"AA",19805,"AA","1952",11057,"CLT","Charlotte, NC","NC",10792,"BUF","Buffalo, NY","NY","2225","2218",-7.00,0.00,18.00,3.00,"0006","2358",-8.00,0.00,0.00,"",0.00,101.00,100.00,79.00,1.00,546.00,,,,,,
2016,7,1,5,2016-07-01,"AA",19805,"AA","1954",11057,"CLT","Charlotte, NC","NC",12953,"LGA","New York, NY","NY","2040","2044",4.00,4.00,23.00,7.00,"2229","2344",75.00,75.00,0.00,"",0.00,109.00,180.00,150.00,1.00,544.00,0.00,0.00,75.00,0.00,0.00,
2016,7,1,5,2016-07-01,"AA",19805,"AA","1954",13930,"ORD","Chicago, IL","IL",11057,"CLT","Charlotte, NC","NC","1645","1650",5.00,5.00,17.00,9.00,"1945","1931",-14.00,0.00,0.00,"",0.00,120.00,101.00,75.00,1.00,599.00,,,,,,
2016,7,1,5,2016-07-01,"AA",19805,"AA","1955",12889,"LAS","Las Vegas, NV","NV",11057,"CLT","Charlotte, NC","NC","0055","0053",-2.00,0.00,13.00,7.00,"0809","0809",0.00,0.00,0.00,"",0.00,254.00,256.00,236.00,1.00,1916.00,,,,,,
2016,7,1,5,2016-07-01,"AA",19805,"AA","1956",11057,"CLT","Charlotte, NC","NC",14100,"PHL","Philadelphia, PA","PA","0730","0727",-3.00,0.00,15.00,4.00,"0911","0905",-6.00,0.00,0.00,"",0.00,101.00,98.00,79.00,1.00,449.00,,,,,,
2016,7,1,5,2016-07-01,"AA",19805,"AA","1959",11278,"DCA","Washington, DC","VA",15304,"TPA","Tampa, FL","FL","1935","1950",15.00,15.00,25.00,3.00,"2155","2221",26.00,26.00,0.00,"",0.00,140.00,151.00,123.00,1.00,814.00,1.00,0.00,11.00,0.00,14.00,
2016,7,1,5,2016-07-01,"AA",19805,"AA","1960",11057,"CLT","Charlotte, NC","NC",10821,"BWI","Baltimore, MD","MD","0940","0941",1.00,1.00,15.00,6.00,"1112","1057",-15.00,0.00,0.00,"",0.00,92.00,76.00,55.00,1.00,361.00,,,,,,
2016,7,1,5,2016-07-01,"AA",19805,"AA","1960",15304,"TPA","Tampa, FL","FL",11057,"CLT","Charlotte, NC","NC","0700","0657",-3.00,0.00,13.00,8.00,"0840","0843",3.00,3.00,0.00,"",0.00,100.00,106.00,85.00,1.00,507.00,,,,,,
2016,7,1,5,2016-07-01,"AA",19805,"AA","1961",10821,"BWI","Baltimore, MD","MD",11057,"CLT","Charlotte, NC","NC","0844","0845",1.00,1.00,16.00,8.00,"1020","1006",-14.00,0.00,0.00,"",0.00,96.00,81.00,57.00,1.00,361.00,,,,,,
2016,7,1,5,2016-07-01,"AA",19805,"AA","1961",11057,"CLT","Charlotte, NC","NC",11697,"FLL","Fort Lauderdale, FL","FL","1155","1154",-1.00,0.00,29.00,4.00,"1358","1354",-4.00,0.00,0.00,"",0.00,123.00,120.00,87.00,1.00,632.00,,,,,,
2016,7,1,5,2016-07-01,"AA",19805,"AA","1962",11057,"CLT","Charlotte, NC","NC",10821,"BWI","Baltimore, MD","MD","1645","1644",-1.00,0.00,21.00,10.00,"1817","1812",-5.00,0.00,0.00,"",0.00,92.00,88.00,57.00,1.00,361.00,,,,,,
2016,7,1,5,2016-07-01,"AA",19805,"AA","1962",14100,"PHL","Philadelphia, PA","PA",11057,"CLT","Charlotte, NC","NC","1355","1358",3.00,3.00,39.00,3.00,"1539","1545",6.00,6.00,0.00,"",0.00,104.00,107.00,65.00,1.00,449.00,,,,,,
2016,7,1,5,2016-07-01,"AA",19805,"AA","1964",10423,"AUS","Austin, TX","TX",11057,"CLT","Charlotte, NC","NC","0700","0657",-3.00,0.00,12.00,8.00,"1044","1037",-7.00,0.00,0.00,"",0.00,164.00,160.00,140.00,1.00,1032.00,,,,,,
2016,7,1,5,2016-07-01,"AA",19805,"AA","1964",11057,"CLT","Charlotte, NC","NC",13198,"MCI","Kansas City, MO","MO","1140","1138",-2.00,0.00,19.00,7.00,"1311","1251",-20.00,0.00,0.00,"",0.00,151.00,133.00,107.00,1.00,808.00,,,,,,
2016,7,1,5,2016-07-01,"AA",19805,"AA","1965",13930,"ORD","Chicago, IL","IL",11057,"CLT","Charlotte, NC","NC","0530","0526",-4.00,0.00,14.00,10.00,"0821","0815",-6.00,0.00,0.00,"",0.00,111.00,109.00,85.00,1.00,599.00,,,,,,
2016,7,1,5,2016-07-01,"AA",19805,"AA","1969",14107,"PHX","Phoenix, AZ","AZ",10397,"ATL","Atlanta, GA","GA","2335","2331",-4.00,0.00,15.00,8.00,"0615","0558",-17.00,0.00,0.00,"",0.00,220.00,207.00,184.00,1.00,1587.00,,,,,,
2016,7,1,5,2016-07-01,"AA",19805,"AA","1970",11057,"CLT","Charlotte, NC","NC",10821,"BWI","Baltimore, MD","MD","1319","1317",-2.00,0.00,19.00,7.00,"1448","1440",-8.00,0.00,0.00,"",0.00,89.00,83.00,57.00,1.00,361.00,,,,,,
2016,7,1,5,2016-07-01,"AA",19805,"AA","1970",11697,"FLL","Fort Lauderdale, FL","FL",11057,"CLT","Charlotte, NC","NC","1025","1014",-11.00,0.00,13.00,6.00,"1222","1207",-15.00,0.00,0.00,"",0.00,117.00,113.00,94.00,1.00,632.00,,,,,,
2016,7,1,5,2016-07-01,"AA",19805,"AA","1971",12266,"IAH","Houston, TX","TX",11057,"CLT","Charlotte, NC","NC","0705","0856",111.00,111.00,19.00,9.00,"1038","1220",102.00,102.00,0.00,"",0.00,153.00,144.00,116.00,1.00,912.00,102.00,0.00,0.00,0.00,0.00,
2016,7,1,5,2016-07-01,"AA",19805,"AA","1972",11057,"CLT","Charlotte, NC","NC",12478,"JFK","New York, NY","NY","1604","",,,,,"1759","",,,1.00,"C",0.00,115.00,,,1.00,541.00,,,,,,
2016,7,1,5,2016-07-01,"AA",19805,"AA","1972",12892,"LAX","Los Angeles, CA","CA",11057,"CLT","Charlotte, NC","NC","0705","0703",-2.00,0.00,13.00,9.00,"1457","1437",-20.00,0.00,0.00,"",0.00,292.00,274.00,252.00,1.00,2125.00,,,,,,
2016,7,4,1,2016-07-04,"AA",19805,"AA","2028",11057,"CLT","Charlotte, NC","NC",14524,"RIC","Richmond, VA","VA","1754","1852",58.00,58.00,14.00,3.00,"1901","1957",56.00,56.00,0.00,"",0.00,67.00,65.00,48.00,1.00,257.00,56.00,0.00,0.00,0.00,0.00,
2016,7,4,1,2016-07-04,"AA",19805,"AA","2030",12953,"LGA","New York, NY","NY",14100,"PHL","Philadelphia, PA","PA","1520","1517",-3.00,0.00,33.00,19.00,"1648","1648",0.00,0.00,0.00,"",0.00,88.00,91.00,39.00,1.00,96.00,,,,,,
2016,7,4,1,2016-07-04,"AA",19805,"AA","2032",10397,"ATL","Atlanta, GA","GA",11057,"CLT","Charlotte, NC","NC","1335","1427",52.00,52.00,13.00,10.00,"1454","1536",42.00,42.00,0.00,"",0.00,79.00,69.00,46.00,1.00,226.00,0.00,0.00,0.00,0.00,42.00,
2016,7,4,1,2016-07-04,"AA",19805,"AA","2032",11057,"CLT","Charlotte, NC","NC",12451,"JAX","Jacksonville, FL","FL","1540","1616",36.00,36.00,14.00,4.00,"1654","1724",30.00,30.00,0.00,"",0.00,74.00,68.00,50.00,1.00,328.00,30.00,0.00,0.00,0.00,0.00,
2016,7,4,1,2016-07-04,"AA",19805,"AA","2033",12953,"LGA","New York, NY","NY",14100,"PHL","Philadelphia, PA","PA","0555","0550",-5.00,0.00,14.00,6.00,"0700","0640",-20.00,0.00,0.00,"",0.00,65.00,50.00,30.00,1.00,96.00,,,,,,
2016,7,4,1,2016-07-04,"AA",19805,"AA","2033",14100,"PHL","Philadelphia, PA","PA",12451,"JAX","Jacksonville, FL","FL","0755","0746",-9.00,0.00,16.00,4.00,"1008","0948",-20.00,0.00,0.00,"",0.00,133.00,122.00,102.00,1.00,742.00,,,,,,
2016,7,4,1,2016-07-04,"AA",19805,"AA","2034",12451,"JAX","Jacksonville, FL","FL",14100,"PHL","Philadelphia, PA","PA","1050","1048",-2.00,0.00,15.00,3.00,"1252","1250",-2.00,0.00,0.00,"",0.00,122.00,122.00,104.00,1.00,742.00,,,,,,
2016,7,4,1,2016-07-04,"AA",19805,"AA","2035",11057,"CLT","Charlotte, NC","NC",12451,"JAX","Jacksonville, FL","FL","2235","2233",-2.00,0.00,13.00,4.00,"2352","2341",-11.00,0.00,0.00,"",0.00,77.00,68.00,51.00,1.00,328.00,,,,,,
2016,7,4,1,2016-07-04,"AA",19805,"AA","2035",14307,"PVD","Providence, RI","RI",11057,"CLT","Charlotte, NC","NC","1920","1921",1.00,1.00,8.00,12.00,"2132","2119",-13.00,0.00,0.00,"",0.00,132.00,118.00,98.00,1.00,683.00,,,,,,
2016,7,4,1,2016-07-04,"AA",19805,"AA","2036",12451,"JAX","Jacksonville, FL","FL",11057,"CLT","Charlotte, NC","NC","1358","1358",0.00,0.00,13.00,24.00,"1522","1535",13.00,13.00,0.00,"",0.00,84.00,97.00,60.00,1.00,328.00,,,,,,
2016,7,4,1,2016-07-04,"AA",19805,"AA","2038",11057,"CLT","Charlotte, NC","NC",14307,"PVD","Providence, RI","RI","2205","2201",-4.00,0.00,12.00,4.00,"2359","2348",-11.00,0.00,0.00,"",0.00,114.00,107.00,91.00,1.00,683.00,,,,,,
2016,7,4,1,2016-07-04,"AA",19805,"AA","2039",11057,"CLT","Charlotte, NC","NC",13487,"MSP","Minneapolis, MN","MN","2215","2215",0.00,0.00,16.00,3.00,"2356","2352",-4.00,0.00,0.00,"",0.00,161.00,157.00,138.00,1.00,930.00,,,,,,
2016,7,4,1,2016-07-04,"AA",19805,"AA","2039",15304,"TPA","Tampa, FL","FL",11057,"CLT","Charlotte, NC","NC","1910","1905",-5.00,0.00,14.00,4.00,"2056","2039",-17.00,0.00,0.00,"",0.00,106.00,94.00,76.00,1.00,507.00,,,,,,
2016,7,4,1,2016-07-04,"AA",19805,"AA","2040",14100,"PHL","Philadelphia, PA","PA",11278,"DCA","Washington, DC","VA","1355","1349",-6.00,0.00,14.00,7.00,"1452","1443",-9.00,0.00,0.00,"",0.00,57.00,54.00,33.00,1.00,119.00,,,,,,
2016,7,4,1,2016-07-04,"AA",19805,"AA","2041",11278,"DCA","Washington, DC","VA",14100,"PHL","Philadelphia, PA","PA","1540","1533",-7.00,0.00,22.00,9.00,"1649","1630",-19.00,0.00,0.00,"",0.00,69.00,57.00,26.00,1.00,119.00,,,,,,
2016,7,4,1,2016-07-04,"AA",19805,"AA","2042",11057,"CLT","Charlotte, NC","NC",12478,"JFK","New York, NY","NY","0730","0721",-9.00,0.00,15.00,10.00,"0925","0912",-13.00,0.00,0.00,"",0.00,115.00,111.00,86.00,1.00,541.00,,,,,,
2016,7,4,1,2016-07-04,"AA",19805,"AA","2043",10792,"BUF","Buffalo, NY","NY",11057,"CLT","Charlotte, NC","NC","1910","1918",8.00,8.00,8.00,4.00,"2101","2047",-14.00,0.00,0.00,"",0.00,111.00,89.00,77.00,1.00,546.00,,,,,,
2016,7,4,1,2016-07-04,"AA",19805,"AA","2043",11057,"CLT","Charlotte, NC","NC",14027,"PBI","West Palm Beach/Palm Beach, FL","FL","2210","2207",-3.00,0.00,8.00,4.00,"2357","2342",-15.00,0.00,0.00,"",0.00,107.00,95.00,83.00,1.00,590.00,,,,,,
2016,7,4,1,2016-07-04,"AA",19805,"AA","2044",11057,"CLT","Charlotte, NC","NC",13495,"MSY","New Orleans, LA","LA","1435","1431",-4.00,0.00,11.00,2.00,"1528","1513",-15.00,0.00,0.00,"",0.00,113.00,102.00,89.00,1.00,651.00,,,,,,
2016,7,4,1,2016-07-04,"AA",19805,"AA","2044",11278,"DCA","Washington, DC","VA",11057,"CLT","Charlotte, NC","NC","1200","1156",-4.00,0.00,20.00,11.00,"1330","1321",-9.00,0.00,0.00,"",0.00,90.00,85.00,54.00,1.00,331.00,,,,,,
2016,7,4,1,2016-07-04,"AA",19805,"AA","2045",14843,"SJU","San Juan, PR","PR",14100,"PHL","Philadelphia, PA","PA","1740","1751",11.00,11.00,16.00,9.00,"2158","0111",,,0.00,"",1.00,258.00,,,1.00,1576.00,,,,,,
2016,7,4,1,2016-07-04,"AA",19805,"AA","2046",11057,"CLT","Charlotte, NC","NC",14635,"RSW","Fort Myers, FL","FL","1630","1728",58.00,58.00,14.00,4.00,"1827","1912",45.00,45.00,0.00,"",0.00,117.00,104.00,86.00,1.00,600.00,45.00,0.00,0.00,0.00,0.00,
2016,7,4,1,2016-07-04,"AA",19805,"AA","2046",13487,"MSP","Minneapolis, MN","MN",11057,"CLT","Charlotte, NC","NC","1154","1147",-7.00,0.00,20.00,21.00,"1525","1527",2.00,2.00,0.00,"",0.00,151.00,160.00,119.00,1.00,930.00,,,,,,
2016,7,4,1,2016-07-04,"AA",19805,"AA","2048",14100,"PHL","Philadelphia, PA","PA",12339,"IND","Indianapolis, IN","IN","1810","1804",-6.00,0.00,27.00,6.00,"2020","2000",-20.00,0.00,0.00,"",0.00,130.00,116.00,83.00,1.00,588.00,,,,,,
2016,7,4,1,2016-07-04,"AA",19805,"AA","2050",11057,"CLT","Charlotte, NC","NC",12953,"LGA","New York, NY","NY","1610","1609",-1.00,0.00,23.00,7.00,"1803","1755",-8.00,0.00,0.00,"",0.00,113.00,106.00,76.00,1.00,544.00,,,,,,
2016,7,4,1,2016-07-04,"AA",19805,"AA","2050",14747,"SEA","Seattle, WA","WA",11057,"CLT","Charlotte, NC","NC","0700","0652",-8.00,0.00,17.00,8.00,"1506","1438",-28.00,0.00,0.00,"",0.00,306.00,286.00,261.00,1.00,2279.00,,,,,,
2016,7,4,1,2016-07-04,"AA",19805,"AA","2051",14100,"PHL","Philadelphia, PA","PA",13303,"MIA","Miami, FL","FL","0955","0953",-2.00,0.00,15.00,16.00,"1253","1233",-20.00,0.00,0.00,"",0.00,178.00,160.00,129.00,1.00,1013.00,,,,,,
2016,7,4,1,2016-07-04,"AA",19805,"AA","2052",10257,"ALB","Albany, NY","NY",11057,"CLT","Charlotte, NC","NC","1445","1434",-11.00,0.00,8.00,47.00,"1658","1709",11.00,11.00,0.00,"",0.00,133.00,155.00,100.00,1.00,646.00,,,,,,
2016,7,4,1,2016-07-04,"AA",19805,"AA","2052",11057,"CLT","Charlotte, NC","NC",14321,"PWM","Portland, ME","ME","1800","1758",-2.00,0.00,22.00,3.00,"2015","2007",-8.00,0.00,0.00,"",0.00,135.00,129.00,104.00,1.00,813.00,,,,,,
2016,7,4,1,2016-07-04,"AA",19805,"AA","2053",10721,"BOS","Boston, MA","MA",11057,"CLT","Charlotte, NC","NC","0755","0748",-7.00,0.00,17.00,8.00,"1023","0958",-25.00,0.00,0.00,"",0.00,148.00,130.00,105.00,1.00,728.00,,,,,,
2016,7,4,1,2016-07-04,"AA",19805,"AA","2053",11057,"CLT","Charlotte, NC","NC",15304,"TPA","Tampa, FL","FL","1120","1121",1.00,1.00,16.00,4.00,"1255","1251",-4.00,0.00,0.00,"",0.00,95.00,90.00,70.00,1.00,507.00,,,,,,
2016,7,4,1,2016-07-04,"AA",19805,"AA","2054",11057,"CLT","Charlotte, NC","NC",14100,"PHL","Philadelphia, PA","PA","1300","1258",-2.00,0.00,13.00,5.00,"1440","1425",-15.00,0.00,0.00,"",0.00,100.00,87.00,69.00,1.00,449.00,,,,,,
2016,7,4,1,2016-07-04,"AA",19805,"AA","2055",11057,"CLT","Charlotte, NC","NC",13930,"ORD","Chicago, IL","IL","1439","1445",6.00,6.00,19.00,10.00,"1549","1542",-7.00,0.00,0.00,"",0.00,130.00,117.00,88.00,1.00,599.00,,,,,,
2016,7,4,1,2016-07-04,"AA",19805,"AA","2055",14107,"PHX","Phoenix, AZ","AZ",11057,"CLT","Charlotte, NC","NC","0630","0625",-5.00,0.00,11.00,15.00,"1336","1340",4.00,4.00,0.00,"",0.00,246.00,255.00,229.00,1.00,1773.00,,,,,,
2016,7,4,1,2016-07-04,"AA",19805,"AA","2056",11057,"CLT","Charlotte, NC","NC",14492,"RDU","Raleigh/Durham, NC","NC","1610","1608",-2.00,0.00,50.00,3.00,"1706","1730",24.00,24.00,0.00,"",0.00,56.00,82.00,29.00,1.00,130.00,0.00,0.00,24.00,0.00,0.00,
2016,7,4,1,2016-07-04,"AA",19805,"AA","2057",11057,"CLT","Charlotte, NC","NC",12892,"LAX","Los Angeles, CA","CA","0940","0948",8.00,8.00,17.00,20.00,"1154","1150",-4.00,0.00,0.00,"",0.00,314.00,302.00,265.00,1.00,2125.00,,,,,,
2016,7,4,1,2016-07-04,"AA",19805,"AA","2059",11057,"CLT","Charlotte, NC","NC",13303,"MIA","Miami, FL","FL","1420","1418",-2.00,0.00,19.00,9.00,"1619","1617",-2.00,0.00,0.00,"",0.00,119.00,119.00,91.00,1.00,650.00,,,,,,
2016,7,4,1,2016-07-04,"AA",19805,"AA","2059",11292,"DEN","Denver, CO","CO",11057,"CLT","Charlotte, NC","NC","0805","0957",112.00,112.00,29.00,11.00,"1317","1525",128.00,128.00,0.00,"",0.00,192.00,208.00,168.00,1.00,1337.00,112.00,0.00,16.00,0.00,0.00,
2016,7,4,1,2016-07-04,"AA",19805,"AA","2059",13303,"MIA","Miami, FL","FL",12889,"LAS","Las Vegas, NV","NV","1725","1720",-5.00,0.00,22.00,6.00,"1933","1920",-13.00,0.00,0.00,"",0.00,308.00,300.00,272.00,1.00,2174.00,,,,,,
2016,7,4,1,2016-07-04,"AA",19805,"AA","2060",11057,"CLT","Charlotte, NC","NC",12953,"LGA","New York, NY","NY","0605","0559",-6.00,0.00,13.00,6.00,"0749","0733",-16.00,0.00,0.00,"",0.00,104.00,94.00,75.00,1.00,544.00,,,,,,
2016,7,4,1,2016-07-04,"AA",19805,"AA","2061",10397,"ATL","Atlanta, GA","GA",11057,"CLT","Charlotte, NC","NC","1715","1707",-8.00,0.00,23.00,17.00,"1845","1828",-17.00,0.00,0.00,"",0.00,90.00,81.00,41.00,1.00,226.00,,,,,,
2016,7,4,1,2016-07-04,"AA",19805,"AA","2061",11057,"CLT","Charlotte, NC","NC",14027,"PBI","West Palm Beach/Palm Beach, FL","FL","1945","1943",-2.00,0.00,12.00,5.00,"2129","2120",-9.00,0.00,0.00,"",0.00,104.00,97.00,80.00,1.00,590.00,,,,,,
2016,7,4,1,2016-07-04,"AA",19805,"AA","2062",11057,"CLT","Charlotte, NC","NC",12953,"LGA","New York, NY","NY","0759","0753",-6.00,0.00,12.00,9.00,"0954","0931",-23.00,0.00,0.00,"",0.00,115.00,98.00,77.00,1.00,544.00,,,,,,
2016,7,4,1,2016-07-04,"AA",19805,"AA","2063",11057,"CLT","Charlotte, NC","NC",10821,"BWI","Baltimore, MD","MD","1450","1524",34.00,34.00,16.00,4.00,"1619","1648",29.00,29.00,0.00,"",0.00,89.00,84.00,64.00,1.00,361.00,29.00,0.00,0.00,0.00,0.00,
2016,7,4,1,2016-07-04,"AA",19805,"AA","2063",12266,"IAH","Houston, TX","TX",11057,"CLT","Charlotte, NC","NC","1014","1010",-4.00,0.00,17.00,9.00,"1345","1346",1.00,1.00,0.00,"",0.00,151.00,156.00,130.00,1.00,912.00,,,,,,
2016,7,4,1,2016-07-04,"AA",19805,"AA","2064",11057,"CLT","Charlotte, NC","NC",12953,"LGA","New York, NY","NY","1140","1133",-7.00,0.00,22.00,12.00,"1336","1323",-13.00,0.00,0.00,"",0.00,116.00,110.00,76.00,1.00,544.00,,,,,,
2016,7,4,1,2016-07-04,"AA",19805,"AA","2064",11298,"DFW","Dallas/Fort Worth, TX","TX",11057,"CLT","Charlotte, NC","NC","0705","0824",79.00,79.00,,,"1039","",,,1.00,"A",0.00,154.00,,,1.00,936.00,,,,,,
2016,7,4,1,2016-07-04,"AA",19805,"AA","2064",14771,"SFO","San Francisco, CA","CA",11298,"DFW","Dallas/Fort Worth, TX","TX","0045","0039",-6.00,0.00,9.00,14.00,"0600","1012",,,0.00,"",1.00,195.00,,,1.00,1464.00,,,,,,
2016,7,4,1,2016-07-04,"AA",19805,"AA","2065",11057,"CLT","Charlotte, NC","NC",12266,"IAH","Houston, TX","TX","1120","1121",1.00,1.00,15.00,5.00,"1247","1240",-7.00,0.00,0.00,"",0.00,147.00,139.00,119.00,1.00,912.00,,,,,,
2016,7,4,1,2016-07-04,"AA",19805,"AA","2065",14122,"PIT","Pittsburgh, PA","PA",11057,"CLT","Charlotte, NC","NC","0849","0839",-10.00,0.00,11.00,9.00,"1023","1000",-23.00,0.00,0.00,"",0.00,94.00,81.00,61.00,1.00,366.00,,,,,,
2016,7,4,1,2016-07-04,"AA",19805,"AA","2066",10397,"ATL","Atlanta, GA","GA",11057,"CLT","Charlotte, NC","NC","1040","1049",9.00,9.00,19.00,17.00,"1157","1211",14.00,14.00,0.00,"",0.00,77.00,82.00,46.00,1.00,226.00,,,,,,
2016,7,4,1,2016-07-04,"AA",19805,"AA","2066",11057,"CLT","Charlotte, NC","NC",12953,"LGA","New York, NY","NY","1309","1309",0.00,0.00,24.00,7.00,"1500","1503",3.00,3.00,0.00,"",0.00,111.00,114.00,83.00,1.00,544.00,,,,,,
2016,7,4,1,2016-07-04,"AA",19805,"AA","2067",11057,"CLT","Charlotte, NC","NC",11433,"DTW","Detroit, MI","MI","1800","1755",-5.00,0.00,10.00,9.00,"1951","1927",-24.00,0.00,0.00,"",0.00,111.00,92.00,73.00,1.00,500.00,,,,,,
2016,7,4,1,2016-07-04,"AA",19805,"AA","2067",14122,"PIT","Pittsburgh, PA","PA",11057,"CLT","Charlotte, NC","NC","1525","1518",-7.00,0.00,7.00,9.00,"1658","1633",-25.00,0.00,0.00,"",0.00,93.00,75.00,59.00,1.00,366.00,,,,,,
2016,7,4,1,2016-07-04,"AA",19805,"AA","2068",11057,"CLT","Charlotte, NC","NC",12953,"LGA","New York, NY","NY","1426","1423",-3.00,0.00,13.00,14.00,"1614","1611",-3.00,0.00,0.00,"",0.00,108.00,108.00,81.00,1.00,544.00,,,,,,
2016,7,4,1,2016-07-04,"AA",19805,"AA","2068",13930,"ORD","Chicago, IL","IL",11057,"CLT","Charlotte, NC","NC","1025","1018",-7.00,0.00,17.00,7.00,"1321","1307",-14.00,0.00,0.00,"",0.00,116.00,109.00,85.00,1.00,599.00,,,,,,
2016,7,4,1,2016-07-04,"AA",19805,"AA","2069",11057,"CLT","Charlotte, NC","NC",12266,"IAH","Houston, TX","TX","1455","1527",32.00,32.00,15.00,5.00,"1627","1650",23.00,23.00,0.00,"",0.00,152.00,143.00,123.00,1.00,912.00,0.00,0.00,0.00,0.00,23.00,
2016,7,4,1,2016-07-04,"AA",19805,"AA","2069",14492,"RDU","Raleigh/Durham, NC","NC",11057,"CLT","Charlotte, NC","NC","1255","1252",-3.00,0.00,16.00,8.00,"1354","1350",-4.00,0.00,0.00,"",0.00,59.00,58.00,34.00,1.00,130.00,,,,,,
2016,7,4,1,2016-07-04,"AA",19805,"AA","2070",10397,"ATL","Atlanta, GA","GA",11057,"CLT","Charlotte, NC","NC","1959","2039",40.00,40.00,13.00,4.00,"2117","2138",21.00,21.00,0.00,"",0.00,78.00,59.00,42.00,1.00,226.00,0.00,0.00,0.00,0.00,21.00,
2016,7,4,1,2016-07-04,"AA",19805,"AA","2070",11057,"CLT","Charlotte, NC","NC",11042,"CLE","Cleveland, OH","OH","2225","2219",-6.00,0.00,22.00,6.00,"2356","2352",-4.00,0.00,0.00,"",0.00,91.00,93.00,65.00,1.00,430.00,,,,,,
2016,7,4,1,2016-07-04,"AA",19805,"AA","2071",14492,"RDU","Raleigh/Durham, NC","NC",14100,"PHL","Philadelphia, PA","PA","0700","0646",-14.00,0.00,8.00,8.00,"0829","0756",-33.00,0.00,0.00,"",0.00,89.00,70.00,54.00,1.00,337.00,,,,,,
2016,7,4,1,2016-07-04,"AA",19805,"AA","2072",10397,"ATL","Atlanta, GA","GA",14100,"PHL","Philadelphia, PA","PA","1242","1236",-6.00,0.00,17.00,5.00,"1449","1438",-11.00,0.00,0.00,"",0.00,127.00,122.00,100.00,1.00,666.00,,,,,,
2016,7,4,1,2016-07-04,"AA",19805,"AA","2073",14100,"PHL","Philadelphia, PA","PA",12953,"LGA","New York, NY","NY","1340","1335",-5.00,0.00,12.00,7.00,"1435","1426",-9.00,0.00,0.00,"",0.00,55.00,51.00,32.00,1.00,96.00,,,,,,
2016,7,4,1,2016-07-04,"AA",19805,"AA","2074",14100,"PHL","Philadelphia, PA","PA",12953,"LGA","New York, NY","NY","2032","2025",-7.00,0.00,10.00,12.00,"2130","2114",-16.00,0.00,0.00,"",0.00,58.00,49.00,27.00,1.00,96.00,,,,,,
2016,7,4,1,2016-07-04,"AA",19805,"AA","2075",12889,"LAS","Las Vegas, NV","NV",11057,"CLT","Charlotte, NC","NC","1134","1126",-8.00,0.00,14.00,9.00,"1854","1833",-21.00,0.00,0.00,"",0.00,260.00,247.00,224.00,1.00,1916.00,,,,,,
2016,7,4,1,2016-07-04,"AA",19805,"AA","2076",12892,"LAX","Los Angeles, CA","CA",12339,"IND","Indianapolis, IN","IN","2245","2249",4.00,4.00,28.00,5.00,"0555","0552",-3.00,0.00,0.00,"",0.00,250.00,243.00,210.00,1.00,1814.00,,,,,,
2016,7,4,1,2016-07-04,"AA",19805,"AA","2077",11057,"CLT","Charlotte, NC","NC",14524,"RIC","Richmond, VA","VA","1245","1243",-2.00,0.00,9.00,7.00,"1348","1343",-5.00,0.00,0.00,"",0.00,63.00,60.00,44.00,1.00,257.00,,,,,,
2016,7,4,1,2016-07-04,"AA",19805,"AA","2077",11278,"DCA","Washington, DC","VA",11057,"CLT","Charlotte, NC","NC","1021","1017",-4.00,0.00,10.00,3.00,"1150","1123",-27.00,0.00,0.00,"",0.00,89.00,66.00,53.00,1.00,331.00,,,,,,
2016,7,4,1,2016-07-04,"AA",19805,"AA","2078",11057,"CLT","Charlotte, NC","NC",11042,"CLE","Cleveland, OH","OH","1300","1255",-5.00,0.00,10.00,8.00,"1430","1417",-13.00,0.00,0.00,"",0.00,90.00,82.00,64.00,1.00,430.00,,,,,,
2016,7,4,1,2016-07-04,"AA",19805,"AA","2078",14122,"PIT","Pittsburgh, PA","PA",11057,"CLT","Charlotte, NC","NC","1035","1024",-11.00,0.00,11.00,10.00,"1204","1144",-20.00,0.00,0.00,"",0.00,89.00,80.00,59.00,1.00,366.00,,,,,,
2016,7,4,1,2016-07-04,"AA",19805,"AA","2079",14100,"PHL","Philadelphia, PA","PA",10397,"ATL","Atlanta, GA","GA","1135","1139",4.00,4.00,18.00,11.00,"1348","1345",-3.00,0.00,0.00,"",0.00,133.00,126.00,97.00,1.00,666.00,,,,,,
2016,7,4,1,2016-07-04,"AA",19805,"AA","2080",14100,"PHL","Philadelphia, PA","PA",14635,"RSW","Fort Myers, FL","FL","0815","0806",-9.00,0.00,20.00,3.00,"1107","1054",-13.00,0.00,0.00,"",0.00,172.00,168.00,145.00,1.00,993.00,,,,,,
2016,7,4,1,2016-07-04,"AA",19805,"AA","2080",14635,"RSW","Fort Myers, FL","FL",14100,"PHL","Philadelphia, PA","PA","1155","1146",-9.00,0.00,9.00,3.00,"1435","1408",-27.00,0.00,0.00,"",0.00,160.00,142.00,130.00,1.00,993.00,,,,,,
2016,7,4,1,2016-07-04,"AA",19805,"AA","2081",14100,"PHL","Philadelphia, PA","PA",15304,"TPA","Tampa, FL","FL","1545","1937",232.00,232.00,20.00,2.00,"1820","2218",238.00,238.00,0.00,"",0.00,155.00,161.00,139.00,1.00,920.00,215.00,0.00,6.00,0.00,17.00,
2016,7,4,1,2016-07-04,"AA",19805,"AA","2081",15304,"TPA","Tampa, FL","FL",14100,"PHL","Philadelphia, PA","PA","1915","2305",230.00,230.00,14.00,12.00,"2145","0127",222.00,222.00,0.00,"",0.00,150.00,142.00,116.00,1.00,920.00,222.00,0.00,0.00,0.00,0.00,
2016,7,4,1,2016-07-04,"AA",19805,"AA","2082",12889,"LAS","Las Vegas, NV","NV",11298,"DFW","Dallas/Fort Worth, TX","TX","0700","0657",-3.00,0.00,11.00,19.00,"1142","1140",-2.00,0.00,0.00,"",0.00,162.00,163.00,133.00,1.00,1055.00,,,,,,
2016,7,4,1,2016-07-04,"AA",19805,"AA","2083",12339,"IND","Indianapolis, IN","IN",12892,"LAX","Los Angeles, CA","CA","0725","0716",-9.00,0.00,13.00,46.00,"0856","0901",5.00,5.00,0.00,"",0.00,271.00,285.00,226.00,1.00,1814.00,,,,,,
2016,7,4,1,2016-07-04,"AA",19805,"AA","2085",10397,"ATL","Atlanta, GA","GA",14100,"PHL","Philadelphia, PA","PA","0630","0624",-6.00,0.00,28.00,3.00,"0830","0829",-1.00,0.00,0.00,"",0.00,120.00,125.00,94.00,1.00,666.00,,,,,,
2016,7,4,1,2016-07-04,"AA",19805,"AA","2086",11057,"CLT","Charlotte, NC","NC",13487,"MSP","Minneapolis, MN","MN","1800","1920",80.00,80.00,10.00,6.00,"1944","2053",69.00,69.00,0.00,"",0.00,164.00,153.00,137.00,1.00,930.00,69.00,0.00,0.00,0.00,0.00,
2016,7,4,1,2016-07-04,"AA",19805,"AA","2086",12953,"LGA","New York, NY","NY",11057,"CLT","Charlotte, NC","NC","1445","1447",2.00,2.00,17.00,28.00,"1654","1654",0.00,0.00,0.00,"",0.00,129.00,127.00,82.00,1.00,544.00,,,,,,
2016,7,4,1,2016-07-04,"AA",19805,"AA","2087",14100,"PHL","Philadelphia, PA","PA",15304,"TPA","Tampa, FL","FL","0805","0757",-8.00,0.00,22.00,3.00,"1046","1027",-19.00,0.00,0.00,"",0.00,161.00,150.00,125.00,1.00,920.00,,,,,,
2016,7,4,1,2016-07-04,"AA",19805,"AA","2090",12892,"LAX","Los Angeles, CA","CA",10693,"BNA","Nashville, TN","TN","0940","0934",-6.00,0.00,15.00,8.00,"1551","1536",-15.00,0.00,0.00,"",0.00,251.00,242.00,219.00,1.00,1797.00,,,,,,
2016,7,4,1,2016-07-04,"AA",19805,"AA","2091",11057,"CLT","Charlotte, NC","NC",11298,"DFW","Dallas/Fort Worth, TX","TX","0730","0725",-5.00,0.00,13.00,26.00,"0914","0910",-4.00,0.00,0.00,"",0.00,164.00,165.00,126.00,1.00,936.00,,,,,,
2016,7,4,1,2016-07-04,"AA",19805,"AA","2091",11298,"DFW","Dallas/Fort Worth, TX","TX",11057,"CLT","Charlotte, NC","NC","1025","1043",18.00,18.00,19.00,6.00,"1401","1405",4.00,4.00,0.00,"",0.00,156.00,142.00,117.00,1.00,936.00,,,,,,
2016,7,4,1,2016-07-04,"AA",19805,"AA","2093",10423,"AUS","Austin, TX","TX",14100,"PHL","Philadelphia, PA","PA","1255","1251",-4.00,0.00,16.00,5.00,"1723","1719",-4.00,0.00,0.00,"",0.00,208.00,208.00,187.00,1.00,1430.00,,,,,,
2016,7,4,1,2016-07-04,"AA",19805,"AA","2093",14100,"PHL","Philadelphia, PA","PA",10423,"AUS","Austin, TX","TX","0929","0923",-6.00,0.00,14.00,7.00,"1204","1154",-10.00,0.00,0.00,"",0.00,215.00,211.00,190.00,1.00,1430.00,,,,,,
2016,7,4,1,2016-07-04,"AA",19805,"AA","2094",14100,"PHL","Philadelphia, PA","PA",10423,"AUS","Austin, TX","TX","1815","1811",-4.00,0.00,42.00,4.00,"2108","2107",-1.00,0.00,0.00,"",0.00,233.00,236.00,190.00,1.00,1430.00,,,,,,
2016,7,4,1,2016-07-04,"AA",19805,"AA","2095",10423,"AUS","Austin, TX","TX",14100,"PHL","Philadelphia, PA","PA","0550","0545",-5.00,0.00,14.00,8.00,"1019","1011",-8.00,0.00,0.00,"",0.00,209.00,206.00,184.00,1.00,1430.00,,,,,,
2016,7,4,1,2016-07-04,"AA",19805,"AA","2096",14100,"PHL","Philadelphia, PA","PA",13198,"MCI","Kansas City, MO","MO","0915","0908",-7.00,0.00,11.00,10.00,"1103","1106",3.00,3.00,0.00,"",0.00,168.00,178.00,157.00,1.00,1038.00,,,,,,
2016,7,4,1,2016-07-04,"AA",19805,"AA","2096",14307,"PVD","Providence, RI","RI",14100,"PHL","Philadelphia, PA","PA","0710","0702",-8.00,0.00,35.00,5.00,"0826","0836",10.00,10.00,0.00,"",0.00,76.00,94.00,54.00,1.00,237.00,,,,,,
2016,7,4,1,2016-07-04,"AA",19805,"AA","2097",13198,"MCI","Kansas City, MO","MO",14100,"PHL","Philadelphia, PA","PA","1145","1140",-5.00,0.00,12.00,4.00,"1525","1508",-17.00,0.00,0.00,"",0.00,160.00,148.00,132.00,1.00,1038.00,,,,,,
2016,7,4,1,2016-07-04,"AA",19805,"AA","2098",11298,"DFW","Dallas/Fort Worth, TX","TX",12889,"LAS","Las Vegas, NV","NV","1450","1551",61.00,61.00,23.00,9.00,"1540","1649",69.00,69.00,0.00,"",0.00,170.00,178.00,146.00,1.00,1055.00,3.00,0.00,8.00,0.00,58.00,
2016,7,4,1,2016-07-04,"AA",19805,"AA","2098",12889,"LAS","Las Vegas, NV","NV",11298,"DFW","Dallas/Fort Worth, TX","TX","1635","1742",67.00,67.00,13.00,7.00,"2116","2210",54.00,54.00,0.00,"",0.00,161.00,148.00,128.00,1.00,1055.00,2.00,0.00,0.00,0.00,52.00,
2016,7,4,1,2016-07-04,"AA",19805,"AA","2116",10721,"BOS","Boston, MA","MA",11278,"DCA","Washington, DC","VA","2000","1950",-10.00,0.00,14.00,5.00,"2141","2208",27.00,27.00,0.00,"",0.00,101.00,138.00,119.00,1.00,399.00,0.00,0.00,27.00,0.00,0.00,
2016,7,4,1,2016-07-04,"AA",19805,"AA","2116",11278,"DCA","Washington, DC","VA",10721,"BOS","Boston, MA","MA","1730","1723",-7.00,0.00,23.00,5.00,"1905","1900",-5.00,0.00,0.00,"",0.00,95.00,97.00,69.00,1.00,399.00,,,,,,
2016,7,4,1,2016-07-04,"AA",19805,"AA","2117",11278,"DCA","Washington, DC","VA",12953,"LGA","New York, NY","NY","2200","2159",-1.00,0.00,22.00,6.00,"2308","2313",5.00,5.00,0.00,"",0.00,68.00,74.00,46.00,1.00,214.00,,,,,,
2016,7,4,1,2016-07-04,"AA",19805,"AA","2118",12953,"LGA","New York, NY","NY",10721,"BOS","Boston, MA","MA","1600","1556",-4.00,0.00,28.00,7.00,"1717","1712",-5.00,0.00,0.00,"",0.00,77.00,76.00,41.00,1.00,184.00,,,,,,
2016,7,4,1,2016-07-04,"AA",19805,"AA","2119",10721,"BOS","Boston, MA","MA",11278,"DCA","Washington, DC","VA","1600","1553",-7.00,0.00,14.00,28.00,"1733","1743",10.00,10.00,0.00,"",0.00,93.00,110.00,68.00,1.00,399.00,,,,,,
2016,7,4,1,2016-07-04,"AA",19805,"AA","2119",11278,"DCA","Washington, DC","VA",10721,"BOS","Boston, MA","MA","1330","1324",-6.00,0.00,12.00,3.00,"1454","1441",-13.00,0.00,0.00,"",0.00,84.00,77.00,62.00,1.00,399.00,,,,,,
2016,7,4,1,2016-07-04,"AA",19805,"AA","2120",10721,"BOS","Boston, MA","MA",11278,"DCA","Washington, DC","VA","1900","1855",-5.00,0.00,15.00,5.00,"2038","2027",-11.00,0.00,0.00,"",0.00,98.00,92.00,72.00,1.00,399.00,,,,,,
2016,7,4,1,2016-07-04,"AA",19805,"AA","2120",11278,"DCA","Washington, DC","VA",10721,"BOS","Boston, MA","MA","1630","1619",-11.00,0.00,15.00,5.00,"1758","1745",-13.00,0.00,0.00,"",0.00,88.00,86.00,66.00,1.00,399.00,,,,,,
2016,7,4,1,2016-07-04,"AA",19805,"AA","2121",10721,"BOS","Boston, MA","MA",12953,"LGA","New York, NY","NY","1100","1053",-7.00,0.00,17.00,6.00,"1212","1156",-16.00,0.00,0.00,"",0.00,72.00,63.00,40.00,1.00,184.00,,,,,,
2016,7,4,1,2016-07-04,"AA",19805,"AA","2124",10721,"BOS","Boston, MA","MA",11278,"DCA","Washington, DC","VA","1800","1748",-12.00,0.00,27.00,4.00,"1944","1928",-16.00,0.00,0.00,"",0.00,104.00,100.00,69.00,1.00,399.00,,,,,,
2016,7,4,1,2016-07-04,"AA",19805,"AA","2124",11278,"DCA","Washington, DC","VA",10721,"BOS","Boston, MA","MA","1530","1516",-14.00,0.00,22.00,5.00,"1700","1647",-13.00,0.00,0.00,"",0.00,90.00,91.00,64.00,1.00,399.00,,,,,,
2016,7,4,1,2016-07-04,"AA",19805,"AA","2125",12953,"LGA","New York, NY","NY",11278,"DCA","Washington, DC","VA","1000","0954",-6.00,0.00,19.00,4.00,"1128","1103",-25.00,0.00,0.00,"",0.00,88.00,69.00,46.00,1.00,214.00,,,,,,
2016,7,4,1,2016-07-04,"AA",19805,"AA","2129",10721,"BOS","Boston, MA","MA",11278,"DCA","Washington, DC","VA","1300","1251",-9.00,0.00,13.00,13.00,"1437","1428",-9.00,0.00,0.00,"",0.00,97.00,97.00,71.00,1.00,399.00,,,,,,
2016,7,4,1,2016-07-04,"AA",19805,"AA","2129",11278,"DCA","Washington, DC","VA",10721,"BOS","Boston, MA","MA","1030","1023",-7.00,0.00,8.00,4.00,"1200","1140",-20.00,0.00,0.00,"",0.00,90.00,77.00,65.00,1.00,399.00,,,,,,
2016,7,4,1,2016-07-04,"AA",19805,"AA","2130",10721,"BOS","Boston, MA","MA",11278,"DCA","Washington, DC","VA","1000","0955",-5.00,0.00,15.00,5.00,"1127","1118",-9.00,0.00,0.00,"",0.00,87.00,83.00,63.00,1.00,399.00,,,,,,
2016,7,4,1,2016-07-04,"AA",19805,"AA","2131",10721,"BOS","Boston, MA","MA",12953,"LGA","New York, NY","NY","1500","1455",-5.00,0.00,17.00,14.00,"1623","1610",-13.00,0.00,0.00,"",0.00,83.00,75.00,44.00,1.00,184.00,,,,,,
2016,7,4,1,2016-07-04,"AA",19805,"AA","2133",11278,"DCA","Washington, DC","VA",12953,"LGA","New York, NY","NY","0900","0856",-4.00,0.00,15.00,9.00,"1026","1001",-25.00,0.00,0.00,"",0.00,86.00,65.00,41.00,1.00,214.00,,,,,,
2016,7,4,1,2016-07-04,"AA",19805,"AA","2133",12953,"LGA","New York, NY","NY",11278,"DCA","Washington, DC","VA","1100","1052",-8.00,0.00,14.00,11.00,"1220","1158",-22.00,0.00,0.00,"",0.00,80.00,66.00,41.00,1.00,214.00,,,,,,
2016,7,4,1,2016-07-04,"AA",19805,"AA","2134",10721,"BOS","Boston, MA","MA",11278,"DCA","Washington, DC","VA","2100","2046",-14.00,0.00,16.00,3.00,"2237","2209",-28.00,0.00,0.00,"",0.00,97.00,83.00,64.00,1.00,399.00,,,,,,
2016,7,4,1,2016-07-04,"AA",19805,"AA","2134",11278,"DCA","Washington, DC","VA",10721,"BOS","Boston, MA","MA","1830","1821",-9.00,0.00,10.00,2.00,"2002","1935",-27.00,0.00,0.00,"",0.00,92.00,74.00,62.00,1.00,399.00,,,,,,
2016,7,4,1,2016-07-04,"AA",19805,"AA","2135",11278,"DCA","Washington, DC","VA",12953,"LGA","New York, NY","NY","1200","1153",-7.00,0.00,19.00,9.00,"1320","1302",-18.00,0.00,0.00,"",0.00,80.00,69.00,41.00,1.00,214.00,,,,,,
2016,7,4,1,2016-07-04,"AA",19805,"AA","2135",12953,"LGA","New York, NY","NY",11278,"DCA","Washington, DC","VA","1400","1352",-8.00,0.00,15.00,31.00,"1521","1524",3.00,3.00,0.00,"",0.00,81.00,92.00,46.00,1.00,214.00,,,,,,
2016,7,4,1,2016-07-04,"AA",19805,"AA","2136",12953,"LGA","New York, NY","NY",10721,"BOS","Boston, MA","MA","1000","0952",-8.00,0.00,12.00,8.00,"1120","1053",-27.00,0.00,0.00,"",0.00,80.00,61.00,41.00,1.00,184.00,,,,,,
2016,7,4,1,2016-07-04,"AA",19805,"AA","2138",11278,"DCA","Washington, DC","VA",10721,"BOS","Boston, MA","MA","2200","2155",-5.00,0.00,19.00,4.00,"2325","2321",-4.00,0.00,0.00,"",0.00,85.00,86.00,63.00,1.00,399.00,,,,,,
2016,7,4,1,2016-07-04,"AA",19805,"AA","2139",10721,"BOS","Boston, MA","MA",11278,"DCA","Washington, DC","VA","1200","1155",-5.00,0.00,14.00,6.00,"1329","1320",-9.00,0.00,0.00,"",0.00,89.00,85.00,65.00,1.00,399.00,,,,,,
2016,7,4,1,2016-07-04,"AA",19805,"AA","2139",11278,"DCA","Washington, DC","VA",10721,"BOS","Boston, MA","MA","0930","1002",32.00,32.00,12.00,5.00,"1055","1124",29.00,29.00,0.00,"",0.00,85.00,82.00,65.00,1.00,399.00,29.00,0.00,0.00,0.00,0.00,
2016,7,4,1,2016-07-04,"AA",19805,"AA","2140",11278,"DCA","Washington, DC","VA",10721,"BOS","Boston, MA","MA","1930","1924",-6.00,0.00,15.00,2.00,"2058","2046",-12.00,0.00,0.00,"",0.00,88.00,82.00,65.00,1.00,399.00,,,,,,
2016,7,4,1,2016-07-04,"AA",19805,"AA","2142",10721,"BOS","Boston, MA","MA",11278,"DCA","Washington, DC","VA","1500","1451",-9.00,0.00,15.00,8.00,"1638","1637",-1.00,0.00,0.00,"",0.00,98.00,106.00,83.00,1.00,399.00,,,,,,
2016,7,4,1,2016-07-04,"AA",19805,"AA","2142",11278,"DCA","Washington, DC","VA",10721,"BOS","Boston, MA","MA","1230","1223",-7.00,0.00,15.00,6.00,"1354","1351",-3.00,0.00,0.00,"",0.00,84.00,88.00,67.00,1.00,399.00,,,,,,
2016,7,4,1,2016-07-04,"AA",19805,"AA","2143",11278,"DCA","Washington, DC","VA",12953,"LGA","New York, NY","NY","1300","1253",-7.00,0.00,12.00,13.00,"1422","1401",-21.00,0.00,0.00,"",0.00,82.00,68.00,43.00,1.00,214.00,,,,,,
2016,7,4,1,2016-07-04,"AA",19805,"AA","2143",12953,"LGA","New York, NY","NY",11278,"DCA","Washington, DC","VA","1500","1453",-7.00,0.00,14.00,9.00,"1625","1606",-19.00,0.00,0.00,"",0.00,85.00,73.00,50.00,1.00,214.00,,,,,,
2016,7,4,1,2016-07-04,"AA",19805,"AA","2144",12953,"LGA","New York, NY","NY",11278,"DCA","Washington, DC","VA","0900","0858",-2.00,0.00,10.00,3.00,"1022","0955",-27.00,0.00,0.00,"",0.00,82.00,57.00,44.00,1.00,214.00,,,,,,
2016,7,4,1,2016-07-04,"AA",19805,"AA","2145",11278,"DCA","Washington, DC","VA",12953,"LGA","New York, NY","NY","1600","1557",-3.00,0.00,42.00,6.00,"1727","1730",3.00,3.00,0.00,"",0.00,87.00,93.00,45.00,1.00,214.00,,,,,,
2016,7,4,1,2016-07-04,"AA",19805,"AA","2145",12953,"LGA","New York, NY","NY",11278,"DCA","Washington, DC","VA","1800","1758",-2.00,0.00,16.00,4.00,"1927","1909",-18.00,0.00,0.00,"",0.00,87.00,71.00,51.00,1.00,214.00,,,,,,
2016,7,4,1,2016-07-04,"AA",19805,"AA","2147",11278,"DCA","Washington, DC","VA",12953,"LGA","New York, NY","NY","1000","0959",-1.00,0.00,16.00,7.00,"1120","1103",-17.00,0.00,0.00,"",0.00,80.00,64.00,41.00,1.00,214.00,,,,,,
2016,7,4,1,2016-07-04,"AA",19805,"AA","2147",12953,"LGA","New York, NY","NY",11278,"DCA","Washington, DC","VA","1200","1151",-9.00,0.00,26.00,5.00,"1323","1305",-18.00,0.00,0.00,"",0.00,83.00,74.00,43.00,1.00,214.00,,,,,,
2016,7,4,1,2016-07-04,"AA",19805,"AA","2149",10721,"BOS","Boston, MA","MA",11278,"DCA","Washington, DC","VA","1700","1652",-8.00,0.00,24.00,7.00,"1838","1835",-3.00,0.00,0.00,"",0.00,98.00,103.00,72.00,1.00,399.00,,,,,,
2016,7,4,1,2016-07-04,"AA",19805,"AA","2149",11278,"DCA","Washington, DC","VA",10721,"BOS","Boston, MA","MA","1430","1427",-3.00,0.00,19.00,4.00,"1556","1554",-2.00,0.00,0.00,"",0.00,86.00,87.00,64.00,1.00,399.00,,,,,,
2016,7,4,1,2016-07-04,"AA",19805,"AA","2150",11278,"DCA","Washington, DC","VA",10721,"BOS","Boston, MA","MA","2100","2054",-6.00,0.00,10.00,3.00,"2225","2210",-15.00,0.00,0.00,"",0.00,85.00,76.00,63.00,1.00,399.00,,,,,,
2016,7,4,1,2016-07-04,"AA",19805,"AA","2153",11278,"DCA","Washington, DC","VA",12953,"LGA","New York, NY","NY","1700","1656",-4.00,0.00,16.00,11.00,"1825","1805",-20.00,0.00,0.00,"",0.00,85.00,69.00,42.00,1.00,214.00,,,,,,
2016,7,4,1,2016-07-04,"AA",19805,"AA","2153",12953,"LGA","New York, NY","NY",11278,"DCA","Washington, DC","VA","1900","1854",-6.00,0.00,11.00,4.00,"2023","2000",-23.00,0.00,0.00,"",0.00,83.00,66.00,51.00,1.00,214.00,,,,,,
2016,7,4,1,2016-07-04,"AA",19805,"AA","2154",11278,"DCA","Washington, DC","VA",12953,"LGA","New York, NY","NY","1100","1053",-7.00,0.00,11.00,5.00,"1216","1149",-27.00,0.00,0.00,"",0.00,76.00,56.00,40.00,1.00,214.00,,,,,,
2016,7,4,1,2016-07-04,"AA",19805,"AA","2154",12953,"LGA","New York, NY","NY",11278,"DCA","Washington, DC","VA","1300","1256",-4.00,0.00,9.00,3.00,"1424","1351",-33.00,0.00,0.00,"",0.00,84.00,55.00,43.00,1.00,214.00,,,,,,
2016,7,4,1,2016-07-04,"AA",19805,"AA","2156",12953,"LGA","New York, NY","NY",10721,"BOS","Boston, MA","MA","1800","1753",-7.00,0.00,13.00,6.00,"1915","1853",-22.00,0.00,0.00,"",0.00,75.00,60.00,41.00,1.00,184.00,,,,,,
2016,7,4,1,2016-07-04,"AA",19805,"AA","2157",11278,"DCA","Washington, DC","VA",12953,"LGA","New York, NY","NY","1400","1355",-5.00,0.00,25.00,9.00,"1528","1511",-17.00,0.00,0.00,"",0.00,88.00,76.00,42.00,1.00,214.00,,,,,,
2016,7,4,1,2016-07-04,"AA",19805,"AA","2157",12953,"LGA","New York, NY","NY",11278,"DCA","Washington, DC","VA","1600","1555",-5.00,0.00,22.00,23.00,"1730","1727",-3.00,0.00,0.00,"",0.00,90.00,92.00,47.00,1.00,214.00,,,,,,
2016,7,4,1,2016-07-04,"AA",19805,"AA","2160",10721,"BOS","Boston, MA","MA",11278,"DCA","Washington, DC","VA","0900","0853",-7.00,0.00,12.00,5.00,"1028","1017",-11.00,0.00,0.00,"",0.00,88.00,84.00,67.00,1.00,399.00,,,,,,
2016,7,4,1,2016-07-04,"AA",19805,"AA","2164",11278,"DCA","Washington, DC","VA",12953,"LGA","New York, NY","NY","1500","1454",-6.00,0.00,11.00,16.00,"1626","1601",-25.00,0.00,0.00,"",0.00,86.00,67.00,40.00,1.00,214.00,,,,,,
2016,7,4,1,2016-07-04,"AA",19805,"AA","2164",12953,"LGA","New York, NY","NY",11278,"DCA","Washington, DC","VA","1700","1703",3.00,3.00,17.00,3.00,"1828","1810",-18.00,0.00,0.00,"",0.00,88.00,67.00,47.00,1.00,214.00,,,,,,
2016,7,4,1,2016-07-04,"AA",19805,"AA","2167",11278,"DCA","Washington, DC","VA",12953,"LGA","New York, NY","NY","1800","1757",-3.00,0.00,20.00,7.00,"1928","1904",-24.00,0.00,0.00,"",0.00,88.00,67.00,40.00,1.00,214.00,,,,,,
2016,7,4,1,2016-07-04,"AA",19805,"AA","2167",12953,"LGA","New York, NY","NY",11278,"DCA","Washington, DC","VA","2000","1954",-6.00,0.00,13.00,5.00,"2124","2059",-25.00,0.00,0.00,"",0.00,84.00,65.00,47.00,1.00,214.00,,,,,,
2016,7,4,1,2016-07-04,"AA",19805,"AA","2169",10721,"BOS","Boston, MA","MA",11278,"DCA","Washington, DC","VA","1100","1055",-5.00,0.00,11.00,7.00,"1227","1217",-10.00,0.00,0.00,"",0.00,87.00,82.00,64.00,1.00,399.00,,,,,,
2016,7,4,1,2016-07-04,"AA",19805,"AA","2169",11278,"DCA","Washington, DC","VA",10721,"BOS","Boston, MA","MA","0830","0819",-11.00,0.00,9.00,4.00,"0956","0942",-14.00,0.00,0.00,"",0.00,86.00,83.00,70.00,1.00,399.00,,,,,,
2016,7,4,1,2016-07-04,"AA",19805,"AA","2170",10721,"BOS","Boston, MA","MA",11278,"DCA","Washington, DC","VA","1400","1352",-8.00,0.00,13.00,22.00,"1535","1536",1.00,1.00,0.00,"",0.00,95.00,104.00,69.00,1.00,399.00,,,,,,
2016,7,4,1,2016-07-04,"AA",19805,"AA","2170",11278,"DCA","Washington, DC","VA",10721,"BOS","Boston, MA","MA","1130","1120",-10.00,0.00,12.00,5.00,"1255","1245",-10.00,0.00,0.00,"",0.00,85.00,85.00,68.00,1.00,399.00,,,,,,
2016,7,4,1,2016-07-04,"AA",19805,"AA","2172",10721,"BOS","Boston, MA","MA",12953,"LGA","New York, NY","NY","1700","1658",-2.00,0.00,27.00,4.00,"1820","1811",-9.00,0.00,0.00,"",0.00,80.00,73.00,42.00,1.00,184.00,,,,,,
2016,7,4,1,2016-07-04,"AA",19805,"AA","2173",10721,"BOS","Boston, MA","MA",11278,"DCA","Washington, DC","VA","0800","0754",-6.00,0.00,19.00,4.00,"0938","0923",-15.00,0.00,0.00,"",0.00,98.00,89.00,66.00,1.00,399.00,,,,,,
2016,7,4,1,2016-07-04,"AA",19805,"AA","2174",11278,"DCA","Washington, DC","VA",12953,"LGA","New York, NY","NY","1900","1856",-4.00,0.00,12.00,15.00,"2026","2005",-21.00,0.00,0.00,"",0.00,86.00,69.00,42.00,1.00,214.00,,,,,,
2016,7,5,2,2016-07-05,"AA",19805,"AA","400",11057,"CLT","Charlotte, NC","NC",14107,"PHX","Phoenix, AZ","AZ","1750","",,,,,"1907","",,,1.00,"A",0.00,257.00,,,1.00,1773.00,,,,,,
2016,7,5,2,2016-07-05,"AA",19805,"AA","400",14107,"PHX","Phoenix, AZ","AZ",14771,"SFO","San Francisco, CA","CA","2025","2020",-5.00,0.00,22.00,9.00,"2226","2225",-1.00,0.00,0.00,"",0.00,121.00,125.00,94.00,1.00,651.00,,,,,,
2016,7,5,2,2016-07-05,"AA",19805,"AA","401",14100,"PHL","Philadelphia, PA","PA",11298,"DFW","Dallas/Fort Worth, TX","TX","2030","2223",113.00,113.00,21.00,17.00,"2257","0041",104.00,104.00,0.00,"",0.00,207.00,198.00,160.00,1.00,1303.00,104.00,0.00,0.00,0.00,0.00,
2016,7,5,2,2016-07-05,"AA",19805,"AA","402",12889,"LAS","Las Vegas, NV","NV",11298,"DFW","Dallas/Fort Worth, TX","TX","0115","0114",-1.00,0.00,8.00,7.00,"0558","0540",-18.00,0.00,0.00,"",0.00,163.00,146.00,131.00,1.00,1055.00,,,,,,
2016,7,5,2,2016-07-05,"AA",19805,"AA","403",13871,"OMA","Omaha, NE","NE",14107,"PHX","Phoenix, AZ","AZ","0600","0558",-2.00,0.00,13.00,4.00,"0645","0629",-16.00,0.00,0.00,"",0.00,165.00,151.00,134.00,1.00,1037.00,,,,,,
2016,7,5,2,2016-07-05,"AA",19805,"AA","403",14107,"PHX","Phoenix, AZ","AZ",14771,"SFO","San Francisco, CA","CA","0745","0745",0.00,0.00,29.00,3.00,"0949","0954",5.00,5.00,0.00,"",0.00,124.00,129.00,97.00,1.00,651.00,,,,,,
2016,7,5,2,2016-07-05,"AA",19805,"AA","404",11278,"DCA","Washington, DC","VA",11298,"DFW","Dallas/Fort Worth, TX","TX","0715","0723",8.00,8.00,16.00,10.00,"0927","0950",23.00,23.00,0.00,"",0.00,192.00,207.00,181.00,1.00,1192.00,8.00,0.00,15.00,0.00,0.00,
2016,7,5,2,2016-07-05,"AA",19805,"AA","404",11298,"DFW","Dallas/Fort Worth, TX","TX",14100,"PHL","Philadelphia, PA","PA","1030","1037",7.00,7.00,22.00,6.00,"1450","1448",-2.00,0.00,0.00,"",0.00,200.00,191.00,163.00,1.00,1303.00,,,,,,
2016,7,5,2,2016-07-05,"AA",19805,"AA","406",12889,"LAS","Las Vegas, NV","NV",14107,"PHX","Phoenix, AZ","AZ","0645","0641",-4.00,0.00,16.00,4.00,"0750","0744",-6.00,0.00,0.00,"",0.00,65.00,63.00,43.00,1.00,255.00,,,,,,
2016,7,5,2,2016-07-05,"AA",19805,"AA","406",14107,"PHX","Phoenix, AZ","AZ",11433,"DTW","Detroit, MI","MI","0854","0947",53.00,53.00,13.00,6.00,"1553","1633",40.00,40.00,0.00,"",0.00,239.00,226.00,207.00,1.00,1671.00,40.00,0.00,0.00,0.00,0.00,
2016,7,5,2,2016-07-05,"AA",19805,"AA","407",10721,"BOS","Boston, MA","MA",14107,"PHX","Phoenix, AZ","AZ","1015","1010",-5.00,0.00,26.00,6.00,"1243","1241",-2.00,0.00,0.00,"",0.00,328.00,331.00,299.00,1.00,2300.00,,,,,,
2016,7,5,2,2016-07-05,"AA",19805,"AA","407",14107,"PHX","Phoenix, AZ","AZ",14771,"SFO","San Francisco, CA","CA","1354","1350",-4.00,0.00,15.00,3.00,"1553","1539",-14.00,0.00,0.00,"",0.00,119.00,109.00,91.00,1.00,651.00,,,,,,
2016,7,5,2,2016-07-05,"AA",19805,"AA","408",11057,"CLT","Charlotte, NC","NC",14107,"PHX","Phoenix, AZ","AZ","0739","0737",-2.00,0.00,15.00,5.00,"0859","0849",-10.00,0.00,0.00,"",0.00,260.00,252.00,232.00,1.00,1773.00,,,,,,
2016,7,5,2,2016-07-05,"AA",19805,"AA","409",10529,"BDL","Hartford, CT","CT",11057,"CLT","Charlotte, NC","NC","0815","0808",-7.00,0.00,25.00,11.00,"1032","1035",3.00,3.00,0.00,"",0.00,137.00,147.00,111.00,1.00,644.00,,,,,,
2016,7,5,2,2016-07-05,"AA",19805,"AA","409",11057,"CLT","Charlotte, NC","NC",11292,"DEN","Denver, CO","CO","1150","1146",-4.00,0.00,28.00,11.00,"1325","1326",1.00,1.00,0.00,"",0.00,215.00,220.00,181.00,1.00,1337.00,,,,,,
2016,7,5,2,2016-07-05,"AA",19805,"AA","409",11292,"DEN","Denver, CO","CO",14107,"PHX","Phoenix, AZ","AZ","1445","1443",-2.00,0.00,17.00,7.00,"1536","1536",0.00,0.00,0.00,"",0.00,111.00,113.00,89.00,1.00,602.00,,,,,,
2016,7,5,2,2016-07-05,"AA",19805,"AA","409",14107,"PHX","Phoenix, AZ","AZ",14057,"PDX","Portland, OR","OR","1655","1654",-1.00,0.00,30.00,3.00,"1930","1945",15.00,15.00,0.00,"",0.00,155.00,171.00,138.00,1.00,1009.00,0.00,0.00,15.00,0.00,0.00,
2016,7,5,2,2016-07-05,"AA",19805,"AA","410",12339,"IND","Indianapolis, IN","IN",14107,"PHX","Phoenix, AZ","AZ","0605","0558",-7.00,0.00,12.00,3.00,"0645","0626",-19.00,0.00,0.00,"",0.00,220.00,208.00,193.00,1.00,1488.00,,,,,,
2016,7,5,2,2016-07-05,"AA",19805,"AA","412",14107,"PHX","Phoenix, AZ","AZ",11433,"DTW","Detroit, MI","MI","1620","1645",25.00,25.00,12.00,5.00,"2307","2320",13.00,13.00,0.00,"",0.00,227.00,215.00,198.00,1.00,1671.00,,,,,,
2016,7,5,2,2016-07-05,"AA",19805,"AA","413",10397,"ATL","Atlanta, GA","GA",14107,"PHX","Phoenix, AZ","AZ","1159","1157",-2.00,0.00,22.00,7.00,"1247","1258",11.00,11.00,0.00,"",0.00,228.00,241.00,212.00,1.00,1587.00,,,,,,
2016,7,5,2,2016-07-05,"AA",19805,"AA","413",11057,"CLT","Charlotte, NC","NC",10397,"ATL","Atlanta, GA","GA","0940","0939",-1.00,0.00,27.00,6.00,"1101","1054",-7.00,0.00,0.00,"",0.00,81.00,75.00,42.00,1.00,226.00,,,,,,
2016,7,5,2,2016-07-05,"AA",19805,"AA","413",14027,"PBI","West Palm Beach/Palm Beach, FL","FL",11057,"CLT","Charlotte, NC","NC","0640","0631",-9.00,0.00,10.00,5.00,"0830","0812",-18.00,0.00,0.00,"",0.00,110.00,101.00,86.00,1.00,590.00,,,,,,
2016,7,5,2,2016-07-05,"AA",19805,"AA","413",14107,"PHX","Phoenix, AZ","AZ",14747,"SEA","Seattle, WA","WA","1358","1412",14.00,14.00,11.00,7.00,"1654","1702",8.00,8.00,0.00,"",0.00,176.00,170.00,152.00,1.00,1107.00,,,,,,
2016,7,5,2,2016-07-05,"AA",19805,"AA","414",12892,"LAX","Los Angeles, CA","CA",10693,"BNA","Nashville, TN","TN","2225","2242",17.00,17.00,24.00,5.00,"0430","0436",6.00,6.00,0.00,"",0.00,245.00,234.00,205.00,1.00,1797.00,,,,,,
2016,7,5,2,2016-07-05,"AA",19805,"AA","415",14107,"PHX","Phoenix, AZ","AZ",13930,"ORD","Chicago, IL","IL","0045","0042",-3.00,0.00,8.00,8.00,"0611","0552",-19.00,0.00,0.00,"",0.00,206.00,190.00,174.00,1.00,1440.00,,,,,,
2016,7,5,2,2016-07-05,"AA",19805,"AA","416",11057,"CLT","Charlotte, NC","NC",11697,"FLL","Fort Lauderdale, FL","FL","2000","2111",71.00,71.00,22.00,3.00,"2154","2307",73.00,73.00,0.00,"",0.00,114.00,116.00,91.00,1.00,632.00,71.00,0.00,2.00,0.00,0.00,
2016,7,5,2,2016-07-05,"AA",19805,"AA","417",13198,"MCI","Kansas City, MO","MO",13303,"MIA","Miami, FL","FL","0615","0613",-2.00,0.00,18.00,6.00,"1025","1018",-7.00,0.00,0.00,"",0.00,190.00,185.00,161.00,1.00,1251.00,,,,,,
2016,7,5,2,2016-07-05,"AA",19805,"AA","418",14100,"PHL","Philadelphia, PA","PA",11057,"CLT","Charlotte, NC","NC","0515","0511",-4.00,0.00,14.00,5.00,"0654","0636",-18.00,0.00,0.00,"",0.00,99.00,85.00,66.00,1.00,449.00,,,,,,
2016,7,5,2,2016-07-05,"AA",19805,"AA","419",14107,"PHX","Phoenix, AZ","AZ",14831,"SJC","San Jose, CA","CA","2006","2137",91.00,91.00,23.00,3.00,"2155","2332",97.00,97.00,0.00,"",0.00,109.00,115.00,89.00,1.00,621.00,0.00,0.00,6.00,0.00,91.00,
2016,7,5,2,2016-07-05,"AA",19805,"AA","421",14869,"SLC","Salt Lake City, UT","UT",14107,"PHX","Phoenix, AZ","AZ","2020","2020",0.00,0.00,15.00,5.00,"2058","2053",-5.00,0.00,0.00,"",0.00,98.00,93.00,73.00,1.00,507.00,,,,,,
2016,7,5,2,2016-07-05,"AA",19805,"AA","422",13796,"OAK","Oakland, CA","CA",14107,"PHX","Phoenix, AZ","AZ","1230","1222",-8.00,0.00,12.00,8.00,"1426","1426",0.00,0.00,0.00,"",0.00,116.00,124.00,104.00,1.00,646.00,,,,,,
2016,7,5,2,2016-07-05,"AA",19805,"AA","422",14107,"PHX","Phoenix, AZ","AZ",13871,"OMA","Omaha, NE","NE","1520","1515",-5.00,0.00,11.00,10.00,"1950","1946",-4.00,0.00,0.00,"",0.00,150.00,151.00,130.00,1.00,1037.00,,,,,,
2016,7,5,2,2016-07-05,"AA",19805,"AA","423",14107,"PHX","Phoenix, AZ","AZ",11057,"CLT","Charlotte, NC","NC","0115","0105",-10.00,0.00,10.00,8.00,"0815","0748",-27.00,0.00,0.00,"",0.00,240.00,223.00,205.00,1.00,1773.00,,,,,,
2016,7,5,2,2016-07-05,"AA",19805,"AA","426",10693,"BNA","Nashville, TN","TN",12892,"LAX","Los Angeles, CA","CA","0630","0630",0.00,0.00,13.00,11.00,"0855","0912",17.00,17.00,0.00,"",0.00,265.00,282.00,258.00,1.00,1797.00,0.00,0.00,17.00,0.00,0.00,
2016,7,5,2,2016-07-05,"AA",19805,"AA","428",11057,"CLT","Charlotte, NC","NC",11292,"DEN","Denver, CO","CO","0735","0728",-7.00,0.00,13.00,6.00,"0904","0843",-21.00,0.00,0.00,"",0.00,209.00,195.00,176.00,1.00,1337.00,,,,,,
2016,7,5,2,2016-07-05,"AA",19805,"AA","428",11292,"DEN","Denver, CO","CO",11057,"CLT","Charlotte, NC","NC","1005","1002",-3.00,0.00,18.00,23.00,"1524","1532",8.00,8.00,0.00,"",0.00,199.00,210.00,169.00,1.00,1337.00,,,,,,
2016,7,5,2,2016-07-05,"AA",19805,"AA","429",14107,"PHX","Phoenix, AZ","AZ",13930,"ORD","Chicago, IL","IL","1520","1615",55.00,55.00,16.00,8.00,"2052","2133",41.00,41.00,0.00,"",0.00,212.00,198.00,174.00,1.00,1440.00,41.00,0.00,0.00,0.00,0.00,
2016,7,5,2,2016-07-05,"AA",19805,"AA","430",14107,"PHX","Phoenix, AZ","AZ",11433,"DTW","Detroit, MI","MI","1847","1941",54.00,54.00,19.00,5.00,"0137","0220",43.00,43.00,0.00,"",0.00,230.00,219.00,195.00,1.00,1671.00,43.00,0.00,0.00,0.00,0.00,
2016,7,5,2,2016-07-05,"AA",19805,"AA","431",11298,"DFW","Dallas/Fort Worth, TX","TX",12889,"LAS","Las Vegas, NV","NV","2040","2321",161.00,161.00,16.00,7.00,"2131","0007",156.00,156.00,0.00,"",0.00,171.00,166.00,143.00,1.00,1055.00,0.00,0.00,0.00,0.00,156.00,
2016,7,5,2,2016-07-05,"AA",19805,"AA","431",12889,"LAS","Las Vegas, NV","NV",11057,"CLT","Charlotte, NC","NC","2259","0055",116.00,116.00,9.00,12.00,"0608","0800",112.00,112.00,0.00,"",0.00,249.00,245.00,224.00,1.00,1916.00,112.00,0.00,0.00,0.00,0.00,
2016,7,5,2,2016-07-05,"AA",19805,"AA","432",14107,"PHX","Phoenix, AZ","AZ",13830,"OGG","Kahului, HI","HI","1040","1035",-5.00,0.00,14.00,5.00,"1410","1402",-8.00,0.00,0.00,"",0.00,390.00,387.00,368.00,1.00,2845.00,,,,,,
2016,7,5,2,2016-07-05,"AA",19805,"AA","433",11278,"DCA","Washington, DC","VA",14107,"PHX","Phoenix, AZ","AZ","0710","0718",8.00,8.00,23.00,9.00,"0909","0909",0.00,0.00,0.00,"",0.00,299.00,291.00,259.00,1.00,1979.00,,,,,,
2016,7,5,2,2016-07-05,"AA",19805,"AA","433",14107,"PHX","Phoenix, AZ","AZ",14771,"SFO","San Francisco, CA","CA","1017","1012",-5.00,0.00,20.00,12.00,"1223","1223",0.00,0.00,0.00,"",0.00,126.00,131.00,99.00,1.00,651.00,,,,,,
2016,7,5,2,2016-07-05,"AA",19805,"AA","434",14771,"SFO","San Francisco, CA","CA",14100,"PHL","Philadelphia, PA","PA","2150","2148",-2.00,0.00,12.00,3.00,"0601","0554",-7.00,0.00,0.00,"",0.00,311.00,306.00,291.00,1.00,2521.00,,,,,,
2016,7,5,2,2016-07-05,"AA",19805,"AA","437",13930,"ORD","Chicago, IL","IL",14100,"PHL","Philadelphia, PA","PA","2045","2037",-8.00,0.00,18.00,10.00,"2348","2338",-10.00,0.00,0.00,"",0.00,123.00,121.00,93.00,1.00,678.00,,,,,,
2016,7,5,2,2016-07-05,"AA",19805,"AA","438",11298,"DFW","Dallas/Fort Worth, TX","TX",14747,"SEA","Seattle, WA","WA","2225","2220",-5.00,0.00,22.00,20.00,"0039","0045",6.00,6.00,0.00,"",0.00,254.00,265.00,223.00,1.00,1660.00,,,,,,
2016,7,5,2,2016-07-05,"AA",19805,"AA","438",14107,"PHX","Phoenix, AZ","AZ",11298,"DFW","Dallas/Fort Worth, TX","TX","1645","1640",-5.00,0.00,8.00,10.00,"2108","2054",-14.00,0.00,0.00,"",0.00,143.00,134.00,116.00,1.00,868.00,,,,,,
2016,7,5,2,2016-07-05,"AA",19805,"AA","439",14107,"PHX","Phoenix, AZ","AZ",14893,"SMF","Sacramento, CA","CA","0716","0715",-1.00,0.00,12.00,4.00,"0910","0905",-5.00,0.00,0.00,"",0.00,114.00,110.00,94.00,1.00,647.00,,,,,,
2016,7,5,2,2016-07-05,"AA",19805,"AA","442",14747,"SEA","Seattle, WA","WA",14107,"PHX","Phoenix, AZ","AZ","1759","1759",0.00,0.00,10.00,6.00,"2052","2035",-17.00,0.00,0.00,"",0.00,173.00,156.00,140.00,1.00,1107.00,,,,,,
2016,7,5,2,2016-07-05,"AA",19805,"AA","445",11057,"CLT","Charlotte, NC","NC",11292,"DEN","Denver, CO","CO","0930","0925",-5.00,0.00,12.00,10.00,"1104","1046",-18.00,0.00,0.00,"",0.00,214.00,201.00,179.00,1.00,1337.00,,,,,,
2016,7,5,2,2016-07-05,"AA",19805,"AA","446",14908,"SNA","Santa Ana, CA","CA",14107,"PHX","Phoenix, AZ","AZ","0645","0647",2.00,2.00,22.00,7.00,"0811","0806",-5.00,0.00,0.00,"",0.00,86.00,79.00,50.00,1.00,338.00,,,,,,
2016,7,5,2,2016-07-05,"AA",19805,"AA","447",11057,"CLT","Charlotte, NC","NC",14679,"SAN","San Diego, CA","CA","1625","1824",119.00,119.00,22.00,4.00,"1816","2019",123.00,123.00,0.00,"",0.00,291.00,295.00,269.00,1.00,2077.00,0.00,111.00,4.00,0.00,8.00,
2016,7,5,2,2016-07-05,"AA",19805,"AA","448",11298,"DFW","Dallas/Fort Worth, TX","TX",14107,"PHX","Phoenix, AZ","AZ","0850","",,,,,"0919","",,,1.00,"A",0.00,149.00,,,1.00,868.00,,,,,,
2016,7,5,2,2016-07-05,"AA",19805,"AA","449",11066,"CMH","Columbus, OH","OH",14107,"PHX","Phoenix, AZ","AZ","1805","1920",75.00,75.00,10.00,4.00,"1907","2005",58.00,58.00,0.00,"",0.00,242.00,225.00,211.00,1.00,1670.00,0.00,0.00,0.00,0.00,58.00,
2016,7,5,2,2016-07-05,"AA",19805,"AA","449",14107,"PHX","Phoenix, AZ","AZ",10713,"BOI","Boise, ID","ID","2007","2004",-3.00,0.00,12.00,4.00,"2309","2256",-13.00,0.00,0.00,"",0.00,122.00,112.00,96.00,1.00,735.00,,,,,,
2016,7,5,2,2016-07-05,"AA",19805,"AA","450",14100,"PHL","Philadelphia, PA","PA",14107,"PHX","Phoenix, AZ","AZ","1040","1037",-3.00,0.00,14.00,4.00,"1237","1202",-35.00,0.00,0.00,"",0.00,297.00,265.00,247.00,1.00,2075.00,,,,,,
2016,7,5,2,2016-07-05,"AA",19805,"AA","450",14107,"PHX","Phoenix, AZ","AZ",14869,"SLC","Salt Lake City, UT","UT","1345","1338",-7.00,0.00,15.00,4.00,"1620","1601",-19.00,0.00,0.00,"",0.00,95.00,83.00,64.00,1.00,507.00,,,,,,
2016,7,5,2,2016-07-05,"AA",19805,"AA","451",11057,"CLT","Charlotte, NC","NC",14869,"SLC","Salt Lake City, UT","UT","2000","2030",30.00,30.00,14.00,6.00,"2220","2238",18.00,18.00,0.00,"",0.00,260.00,248.00,228.00,1.00,1727.00,0.00,18.00,0.00,0.00,0.00,
2016,7,5,2,2016-07-05,"AA",19805,"AA","453",15016,"STL","St. Louis, MO","MO",14107,"PHX","Phoenix, AZ","AZ","1755","1751",-4.00,0.00,10.00,5.00,"1910","1857",-13.00,0.00,0.00,"",0.00,195.00,186.00,171.00,1.00,1262.00,,,,,,
2016,7,5,2,2016-07-05,"AA",19805,"AA","454",14107,"PHX","Phoenix, AZ","AZ",14869,"SLC","Salt Lake City, UT","UT","2018","2041",23.00,23.00,11.00,6.00,"2255","2300",5.00,5.00,0.00,"",0.00,97.00,79.00,62.00,1.00,507.00,,,,,,
2016,7,5,2,2016-07-05,"AA",19805,"AA","454",14771,"SFO","San Francisco, CA","CA",14107,"PHX","Phoenix, AZ","AZ","1700","1654",-6.00,0.00,14.00,7.00,"1903","1854",-9.00,0.00,0.00,"",0.00,123.00,120.00,99.00,1.00,651.00,,,,,,
2016,7,5,2,2016-07-05,"AA",19805,"AA","454",14869,"SLC","Salt Lake City, UT","UT",14100,"PHL","Philadelphia, PA","PA","2359","2356",-3.00,0.00,20.00,3.00,"0604","0611",7.00,7.00,0.00,"",0.00,245.00,255.00,232.00,1.00,1927.00,,,,,,
2016,7,5,2,2016-07-05,"AA",19805,"AA","456",14107,"PHX","Phoenix, AZ","AZ",14869,"SLC","Salt Lake City, UT","UT","1656","1653",-3.00,0.00,14.00,4.00,"1928","1919",-9.00,0.00,0.00,"",0.00,92.00,86.00,68.00,1.00,507.00,,,,,,
2016,7,5,2,2016-07-05,"AA",19805,"AA","456",15016,"STL","St. Louis, MO","MO",14107,"PHX","Phoenix, AZ","AZ","1440","1436",-4.00,0.00,11.00,8.00,"1550","1551",1.00,1.00,0.00,"",0.00,190.00,195.00,176.00,1.00,1262.00,,,,,,
2016,7,5,2,2016-07-05,"AA",19805,"AA","457",13204,"MCO","Orlando, FL","FL",14107,"PHX","Phoenix, AZ","AZ","0735","0801",26.00,26.00,14.00,9.00,"0907","0915",8.00,8.00,0.00,"",0.00,272.00,254.00,231.00,1.00,1849.00,,,,,,
2016,7,5,2,2016-07-05,"AA",19805,"AA","458",14679,"SAN","San Diego, CA","CA",11057,"CLT","Charlotte, NC","NC","0730","0728",-2.00,0.00,11.00,18.00,"1515","1510",-5.00,0.00,0.00,"",0.00,285.00,282.00,253.00,1.00,2077.00,,,,,,
2016,7,5,2,2016-07-05,"AA",19805,"AA","459",14107,"PHX","Phoenix, AZ","AZ",11292,"DEN","Denver, CO","CO","0839","0836",-3.00,0.00,17.00,18.00,"1128","1128",0.00,0.00,0.00,"",0.00,109.00,112.00,77.00,1.00,602.00,,,,,,
2016,7,5,2,2016-07-05,"AA",19805,"AA","460",12339,"IND","Indianapolis, IN","IN",12892,"LAX","Los Angeles, CA","CA","1710","1709",-1.00,0.00,13.00,14.00,"1838","1832",-6.00,0.00,0.00,"",0.00,268.00,263.00,236.00,1.00,1814.00,,,,,,
2016,7,5,2,2016-07-05,"AA",19805,"AA","460",14107,"PHX","Phoenix, AZ","AZ",12339,"IND","Indianapolis, IN","IN","0856","0847",-9.00,0.00,21.00,6.00,"1530","1512",-18.00,0.00,0.00,"",0.00,214.00,205.00,178.00,1.00,1488.00,,,,,,
2016,7,5,2,2016-07-05,"AA",19805,"AA","461",11057,"CLT","Charlotte, NC","NC",14771,"SFO","San Francisco, CA","CA","0924","0920",-4.00,0.00,24.00,9.00,"1146","1137",-9.00,0.00,0.00,"",0.00,322.00,317.00,284.00,1.00,2296.00,,,,,,
2016,7,5,2,2016-07-05,"AA",19805,"AA","461",13204,"MCO","Orlando, FL","FL",11057,"CLT","Charlotte, NC","NC","0640","0638",-2.00,0.00,13.00,9.00,"0821","0812",-9.00,0.00,0.00,"",0.00,101.00,94.00,72.00,1.00,468.00,,,,,,
2016,7,5,2,2016-07-05,"AA",19805,"AA","463",11057,"CLT","Charlotte, NC","NC",14307,"PVD","Providence, RI","RI","1908","2235",207.00,207.00,12.00,3.00,"2102","0022",200.00,200.00,0.00,"",0.00,114.00,107.00,92.00,1.00,683.00,0.00,48.00,0.00,0.00,152.00,
2016,7,5,2,2016-07-05,"AA",19805,"AA","463",11298,"DFW","Dallas/Fort Worth, TX","TX",11057,"CLT","Charlotte, NC","NC","1432","1712",160.00,160.00,14.00,23.00,"1812","2050",158.00,158.00,0.00,"",0.00,160.00,158.00,121.00,1.00,936.00,0.00,0.00,158.00,0.00,0.00,
2016,7,5,2,2016-07-05,"AA",19805,"AA","464",12889,"LAS","Las Vegas, NV","NV",14107,"PHX","Phoenix, AZ","AZ","1940","2024",44.00,44.00,11.00,7.00,"2047","2127",40.00,40.00,0.00,"",0.00,67.00,63.00,45.00,1.00,255.00,0.00,0.00,0.00,0.00,40.00,
2016,7,5,2,2016-07-05,"AA",19805,"AA","465",11298,"DFW","Dallas/Fort Worth, TX","TX",14107,"PHX","Phoenix, AZ","AZ","0605","0600",-5.00,0.00,25.00,6.00,"0626","0641",15.00,15.00,0.00,"",0.00,141.00,161.00,130.00,1.00,868.00,0.00,0.00,15.00,0.00,0.00,
2016,7,5,2,2016-07-05,"AA",19805,"AA","465",14107,"PHX","Phoenix, AZ","AZ",13930,"ORD","Chicago, IL","IL","0730","0724",-6.00,0.00,22.00,17.00,"1307","1256",-11.00,0.00,0.00,"",0.00,217.00,212.00,173.00,1.00,1440.00,,,,,,
2016,7,5,2,2016-07-05,"AA",19805,"AA","466",11057,"CLT","Charlotte, NC","NC",14893,"SMF","Sacramento, CA","CA","2006","0114",308.00,308.00,27.00,4.00,"2220","0329",309.00,309.00,0.00,"",0.00,314.00,315.00,284.00,1.00,2244.00,301.00,0.00,1.00,0.00,7.00,
2016,7,5,2,2016-07-05,"AA",19805,"AA","467",12892,"LAX","Los Angeles, CA","CA",14492,"RDU","Raleigh/Durham, NC","NC","2100","",,,,,"0500","",,,1.00,"A",0.00,300.00,,,1.00,2238.00,,,,,,
2016,7,5,2,2016-07-05,"AA",19805,"AA","468",14492,"RDU","Raleigh/Durham, NC","NC",12892,"LAX","Los Angeles, CA","CA","0745","0740",-5.00,0.00,15.00,18.00,"1006","0957",-9.00,0.00,0.00,"",0.00,321.00,317.00,284.00,1.00,2238.00,,,,,,
2016,7,5,2,2016-07-05,"AA",19805,"AA","469",10721,"BOS","Boston, MA","MA",11057,"CLT","Charlotte, NC","NC","0500","0457",-3.00,0.00,17.00,6.00,"0709","0704",-5.00,0.00,0.00,"",0.00,129.00,127.00,104.00,1.00,728.00,,,,,,
2016,7,5,2,2016-07-05,"AA",19805,"AA","469",11057,"CLT","Charlotte, NC","NC",10397,"ATL","Atlanta, GA","GA","0800","0759",-1.00,0.00,21.00,6.00,"0921","0911",-10.00,0.00,0.00,"",0.00,81.00,72.00,45.00,1.00,226.00,,,,,,
2016,7,5,2,2016-07-05,"AA",19805,"AA","470",11057,"CLT","Charlotte, NC","NC",14679,"SAN","San Diego, CA","CA","1815","",,,,,"2005","",,,1.00,"A",0.00,290.00,,,1.00,2077.00,,,,,,
2016,7,5,2,2016-07-05,"AA",19805,"AA","471",13487,"MSP","Minneapolis, MN","MN",14100,"PHL","Philadelphia, PA","PA","1350","1343",-7.00,0.00,17.00,4.00,"1723","1711",-12.00,0.00,0.00,"",0.00,153.00,148.00,127.00,1.00,980.00,,,,,,
2016,7,5,2,2016-07-05,"AA",19805,"AA","472",11057,"CLT","Charlotte, NC","NC",14107,"PHX","Phoenix, AZ","AZ","2215","",,,,,"2333","",,,1.00,"A",0.00,258.00,,,1.00,1773.00,,,,,,
2016,7,5,2,2016-07-05,"AA",19805,"AA","472",12953,"LGA","New York, NY","NY",11057,"CLT","Charlotte, NC","NC","1859","2057",118.00,118.00,42.00,39.00,"2104","2339",155.00,155.00,0.00,"",0.00,125.00,162.00,81.00,1.00,544.00,0.00,0.00,37.00,6.00,112.00,
2016,7,5,2,2016-07-05,"AA",19805,"AA","473",11298,"DFW","Dallas/Fort Worth, TX","TX",10713,"BOI","Boise, ID","ID","1645","1643",-2.00,0.00,19.00,4.00,"1907","1858",-9.00,0.00,0.00,"",0.00,202.00,195.00,172.00,1.00,1272.00,,,,,,
2016,7,5,2,2016-07-05,"AA",19805,"AA","473",12266,"IAH","Houston, TX","TX",11298,"DFW","Dallas/Fort Worth, TX","TX","1424","1420",-4.00,0.00,14.00,9.00,"1535","1527",-8.00,0.00,0.00,"",0.00,71.00,67.00,44.00,1.00,224.00,,,,,,
2016,7,5,2,2016-07-05,"AA",19805,"AA","473",14107,"PHX","Phoenix, AZ","AZ",12266,"IAH","Houston, TX","TX","0850","0840",-10.00,0.00,18.00,5.00,"1338","1311",-27.00,0.00,0.00,"",0.00,168.00,151.00,128.00,1.00,1009.00,,,,,,
2016,7,5,2,2016-07-05,"AA",19805,"AA","474",14107,"PHX","Phoenix, AZ","AZ",13487,"MSP","Minneapolis, MN","MN","0844","0842",-2.00,0.00,14.00,4.00,"1348","1330",-18.00,0.00,0.00,"",0.00,184.00,168.00,150.00,1.00,1276.00,,,,,,
2016,7,5,2,2016-07-05,"AA",19805,"AA","476",14893,"SMF","Sacramento, CA","CA",11057,"CLT","Charlotte, NC","NC","2259","2327",28.00,28.00,9.00,4.00,"0640","0659",19.00,19.00,0.00,"",0.00,281.00,272.00,259.00,1.00,2244.00,0.00,0.00,0.00,0.00,19.00,
2016,7,5,2,2016-07-05,"AA",19805,"AA","477",14107,"PHX","Phoenix, AZ","AZ",12266,"IAH","Houston, TX","TX","1903","1857",-6.00,0.00,11.00,9.00,"2341","2323",-18.00,0.00,0.00,"",0.00,158.00,146.00,126.00,1.00,1009.00,,,,,,
2016,7,5,2,2016-07-05,"AA",19805,"AA","477",14869,"SLC","Salt Lake City, UT","UT",14107,"PHX","Phoenix, AZ","AZ","1715","1709",-6.00,0.00,13.00,5.00,"1755","1742",-13.00,0.00,0.00,"",0.00,100.00,93.00,75.00,1.00,507.00,,,,,,
2016,7,5,2,2016-07-05,"AA",19805,"AA","479",11057,"CLT","Charlotte, NC","NC",14831,"SJC","San Jose, CA","CA","1820","2042",142.00,142.00,20.00,3.00,"2051","2257",126.00,126.00,0.00,"",0.00,331.00,315.00,292.00,1.00,2274.00,6.00,0.00,0.00,0.00,120.00,
2016,7,5,2,2016-07-05,"AA",19805,"AA","479",12339,"IND","Indianapolis, IN","IN",11057,"CLT","Charlotte, NC","NC","1529","1804",155.00,155.00,17.00,15.00,"1710","1950",160.00,160.00,0.00,"",0.00,101.00,106.00,74.00,1.00,427.00,0.00,0.00,160.00,0.00,0.00,
2016,7,5,2,2016-07-05,"AA",19805,"AA","480",14831,"SJC","San Jose, CA","CA",11057,"CLT","Charlotte, NC","NC","2215","",,,,,"0619","",,,1.00,"A",0.00,304.00,,,1.00,2274.00,,,,,,
2016,7,5,2,2016-07-05,"AA",19805,"AA","482",13930,"ORD","Chicago, IL","IL",14100,"PHL","Philadelphia, PA","PA","1852","1845",-7.00,0.00,12.00,3.00,"2200","2126",-34.00,0.00,0.00,"",0.00,128.00,101.00,86.00,1.00,678.00,,,,,,
2016,7,5,2,2016-07-05,"AA",19805,"AA","482",14100,"PHL","Philadelphia, PA","PA",13930,"ORD","Chicago, IL","IL","1620","1612",-8.00,0.00,26.00,9.00,"1751","1724",-27.00,0.00,0.00,"",0.00,151.00,132.00,97.00,1.00,678.00,,,,,,
2016,7,5,2,2016-07-05,"AA",19805,"AA","483",11884,"GEG","Spokane, WA","WA",14107,"PHX","Phoenix, AZ","AZ","0840","0836",-4.00,0.00,11.00,3.00,"1114","1105",-9.00,0.00,0.00,"",0.00,154.00,149.00,135.00,1.00,1020.00,,,,,,
2016,7,5,2,2016-07-05,"AA",19805,"AA","483",14107,"PHX","Phoenix, AZ","AZ",15016,"STL","St. Louis, MO","MO","1213","1208",-5.00,0.00,10.00,6.00,"1710","1657",-13.00,0.00,0.00,"",0.00,177.00,169.00,153.00,1.00,1262.00,,,,,,
2016,7,5,2,2016-07-05,"AA",19805,"AA","484",10713,"BOI","Boise, ID","ID",11298,"DFW","Dallas/Fort Worth, TX","TX","0715","0707",-8.00,0.00,11.00,13.00,"1128","1116",-12.00,0.00,0.00,"",0.00,193.00,189.00,165.00,1.00,1272.00,,,,,,
2016,7,5,2,2016-07-05,"AA",19805,"AA","484",11298,"DFW","Dallas/Fort Worth, TX","TX",12266,"IAH","Houston, TX","TX","1245","1252",7.00,7.00,18.00,5.00,"1354","1401",7.00,7.00,0.00,"",0.00,69.00,69.00,46.00,1.00,224.00,,,,,,
2016,7,5,2,2016-07-05,"AA",19805,"AA","484",12266,"IAH","Houston, TX","TX",14107,"PHX","Phoenix, AZ","AZ","1455","1447",-8.00,0.00,19.00,5.00,"1539","1528",-11.00,0.00,0.00,"",0.00,164.00,161.00,137.00,1.00,1009.00,,,,,,
2016,7,5,2,2016-07-05,"AA",19805,"AA","485",13871,"OMA","Omaha, NE","NE",12892,"LAX","Los Angeles, CA","CA","0725","0721",-4.00,0.00,13.00,18.00,"0900","0853",-7.00,0.00,0.00,"",0.00,215.00,212.00,181.00,1.00,1330.00,,,,,,
2016,7,5,2,2016-07-05,"AA",19805,"AA","486",14107,"PHX","Phoenix, AZ","AZ",13930,"ORD","Chicago, IL","IL","1856","1850",-6.00,0.00,15.00,7.00,"0027","0010",-17.00,0.00,0.00,"",0.00,211.00,200.00,178.00,1.00,1440.00,,,,,,
2016,7,5,2,2016-07-05,"AA",19805,"AA","486",14771,"SFO","San Francisco, CA","CA",14107,"PHX","Phoenix, AZ","AZ","1545","1539",-6.00,0.00,9.00,8.00,"1746","1725",-21.00,0.00,0.00,"",0.00,121.00,106.00,89.00,1.00,651.00,,,,,,
2016,7,5,2,2016-07-05,"AA",19805,"AA","487",11057,"CLT","Charlotte, NC","NC",14679,"SAN","San Diego, CA","CA","0800","0755",-5.00,0.00,19.00,3.00,"0951","0942",-9.00,0.00,0.00,"",0.00,291.00,287.00,265.00,1.00,2077.00,,,,,,
2016,7,5,2,2016-07-05,"AA",19805,"AA","487",14679,"SAN","San Diego, CA","CA",11057,"CLT","Charlotte, NC","NC","1100","1106",6.00,6.00,17.00,17.00,"1849","1843",-6.00,0.00,0.00,"",0.00,289.00,277.00,243.00,1.00,2077.00,,,,,,
2016,7,5,2,2016-07-05,"AA",19805,"AA","489",14107,"PHX","Phoenix, AZ","AZ",14122,"PIT","Pittsburgh, PA","PA","0851","0844",-7.00,0.00,19.00,5.00,"1558","1536",-22.00,0.00,0.00,"",0.00,247.00,232.00,208.00,1.00,1814.00,,,,,,
2016,7,5,2,2016-07-05,"AA",19805,"AA","491",12892,"LAX","Los Angeles, CA","CA",14107,"PHX","Phoenix, AZ","AZ","1000","1054",54.00,54.00,20.00,7.00,"1134","1219",45.00,45.00,0.00,"",0.00,94.00,85.00,58.00,1.00,370.00,45.00,0.00,0.00,0.00,0.00,
2016,7,5,2,2016-07-05,"AA",19805,"AA","491",14107,"PHX","Phoenix, AZ","AZ",12892,"LAX","Los Angeles, CA","CA","0730","0827",57.00,57.00,25.00,11.00,"0902","1004",62.00,62.00,0.00,"",0.00,92.00,97.00,61.00,1.00,370.00,57.00,0.00,5.00,0.00,0.00,
2016,7,5,2,2016-07-05,"AA",19805,"AA","492",14107,"PHX","Phoenix, AZ","AZ",13930,"ORD","Chicago, IL","IL","1350","1346",-4.00,0.00,23.00,15.00,"1925","1921",-4.00,0.00,0.00,"",0.00,215.00,215.00,177.00,1.00,1440.00,,,,,,
2016,7,5,2,2016-07-05,"AA",19805,"AA","493",12266,"IAH","Houston, TX","TX",14107,"PHX","Phoenix, AZ","AZ","0805","0759",-6.00,0.00,14.00,31.00,"0858","0857",-1.00,0.00,0.00,"",0.00,173.00,178.00,133.00,1.00,1009.00,,,,,,
2016,7,5,2,2016-07-05,"AA",19805,"AA","493",14107,"PHX","Phoenix, AZ","AZ",13796,"OAK","Oakland, CA","CA","0949","0943",-6.00,0.00,13.00,5.00,"1143","1132",-11.00,0.00,0.00,"",0.00,114.00,109.00,91.00,1.00,646.00,,,,,,
2016,7,5,2,2016-07-05,"AA",19805,"AA","494",11057,"CLT","Charlotte, NC","NC",14107,"PHX","Phoenix, AZ","AZ","1620","1716",56.00,56.00,11.00,5.00,"1742","1815",33.00,33.00,0.00,"",0.00,262.00,239.00,223.00,1.00,1773.00,0.00,33.00,0.00,0.00,0.00,
2016,7,5,2,2016-07-05,"AA",19805,"AA","495",13930,"ORD","Chicago, IL","IL",14107,"PHX","Phoenix, AZ","AZ","0720","0714",-6.00,0.00,16.00,36.00,"0901","0908",7.00,7.00,0.00,"",0.00,221.00,234.00,182.00,1.00,1440.00,,,,,,
2016,7,5,2,2016-07-05,"AA",19805,"AA","495",14107,"PHX","Phoenix, AZ","AZ",12892,"LAX","Los Angeles, CA","CA","1001","0957",-4.00,0.00,12.00,16.00,"1135","1125",-10.00,0.00,0.00,"",0.00,94.00,88.00,60.00,1.00,370.00,,,,,,
2016,7,5,2,2016-07-05,"AA",19805,"AA","498",12889,"LAS","Las Vegas, NV","NV",14107,"PHX","Phoenix, AZ","AZ","1235","1228",-7.00,0.00,9.00,6.00,"1344","1328",-16.00,0.00,0.00,"",0.00,69.00,60.00,45.00,1.00,255.00,,,,,,
2016,7,5,2,2016-07-05,"AA",19805,"AA","498",14107,"PHX","Phoenix, AZ","AZ",11278,"DCA","Washington, DC","VA","1445","1440",-5.00,0.00,33.00,45.00,"2159","2307",68.00,68.00,0.00,"",0.00,254.00,327.00,249.00,1.00,1979.00,0.00,0.00,68.00,0.00,0.00,
2016,7,5,2,2016-07-05,"AA",19805,"AA","500",12889,"LAS","Las Vegas, NV","NV",14107,"PHX","Phoenix, AZ","AZ","1635","1628",-7.00,0.00,11.00,5.00,"1745","1728",-17.00,0.00,0.00,"",0.00,70.00,60.00,44.00,1.00,255.00,,,,,,
2016,7,5,2,2016-07-05,"AA",19805,"AA","500",14107,"PHX","Phoenix, AZ","AZ",12339,"IND","Indianapolis, IN","IN","1853","1847",-6.00,0.00,21.00,5.00,"0118","0107",-11.00,0.00,0.00,"",0.00,205.00,200.00,174.00,1.00,1488.00,,,,,,
2016,7,5,2,2016-07-05,"AA",19805,"AA","501",12892,"LAX","Los Angeles, CA","CA",13871,"OMA","Omaha, NE","NE","1825","1824",-1.00,0.00,34.00,7.00,"2345","0005",20.00,20.00,0.00,"",0.00,200.00,221.00,180.00,1.00,1330.00,0.00,0.00,20.00,0.00,0.00,
2016,7,5,2,2016-07-05,"AA",19805,"AA","503",12892,"LAX","Los Angeles, CA","CA",14107,"PHX","Phoenix, AZ","AZ","0719","0717",-2.00,0.00,30.00,36.00,"0849","0918",29.00,29.00,0.00,"",0.00,90.00,121.00,55.00,1.00,370.00,0.00,0.00,29.00,0.00,0.00,
2016,7,5,2,2016-07-05,"AA",19805,"AA","506",13342,"MKE","Milwaukee, WI","WI",14107,"PHX","Phoenix, AZ","AZ","0720","0719",-1.00,0.00,10.00,19.00,"0907","0910",3.00,3.00,0.00,"",0.00,227.00,231.00,202.00,1.00,1460.00,,,,,,
2016,7,5,2,2016-07-05,"AA",19805,"AA","507",14107,"PHX","Phoenix, AZ","AZ",10721,"BOS","Boston, MA","MA","1235","1228",-7.00,0.00,11.00,11.00,"2033","2014",-19.00,0.00,0.00,"",0.00,298.00,286.00,264.00,1.00,2300.00,,,,,,
2016,7,5,2,2016-07-05,"AA",19805,"AA","508",12892,"LAX","Los Angeles, CA","CA",11066,"CMH","Columbus, OH","OH","0945","1039",54.00,54.00,33.00,6.00,"1719","1840",81.00,81.00,0.00,"",0.00,274.00,301.00,262.00,1.00,1995.00,54.00,0.00,27.00,0.00,0.00,
2016,7,5,2,2016-07-05,"AA",19805,"AA","509",14107,"PHX","Phoenix, AZ","AZ",12892,"LAX","Los Angeles, CA","CA","1850","1845",-5.00,0.00,19.00,7.00,"2025","2009",-16.00,0.00,0.00,"",0.00,95.00,84.00,58.00,1.00,370.00,,,,,,
2016,7,5,2,2016-07-05,"AA",19805,"AA","509",14831,"SJC","San Jose, CA","CA",14107,"PHX","Phoenix, AZ","AZ","1605","1557",-8.00,0.00,9.00,10.00,"1759","1744",-15.00,0.00,0.00,"",0.00,114.00,107.00,88.00,1.00,621.00,,,,,,
2016,7,5,2,2016-07-05,"AA",19805,"AA","511",10299,"ANC","Anchorage, AK","AK",14107,"PHX","Phoenix, AZ","AZ","0125","0123",-2.00,0.00,10.00,4.00,"0752","0735",-17.00,0.00,0.00,"",0.00,327.00,312.00,298.00,1.00,2552.00,,,,,,
2016,7,5,2,2016-07-05,"AA",19805,"AA","511",14107,"PHX","Phoenix, AZ","AZ",13871,"OMA","Omaha, NE","NE","0858","0853",-5.00,0.00,32.00,7.00,"1340","1340",0.00,0.00,0.00,"",0.00,162.00,167.00,128.00,1.00,1037.00,,,,,,
2016,7,5,2,2016-07-05,"AA",19805,"AA","512",13830,"OGG","Kahului, HI","HI",14107,"PHX","Phoenix, AZ","AZ","2125","2120",-5.00,0.00,11.00,5.00,"0604","0546",-18.00,0.00,0.00,"",0.00,339.00,326.00,310.00,1.00,2845.00,,,,,,
2016,7,5,2,2016-07-05,"AA",19805,"AA","513",14027,"PBI","West Palm Beach/Palm Beach, FL","FL",11057,"CLT","Charlotte, NC","NC","1703","1756",53.00,53.00,9.00,20.00,"1900","1957",57.00,57.00,0.00,"",0.00,117.00,121.00,92.00,1.00,590.00,13.00,0.00,4.00,0.00,40.00,
2016,7,5,2,2016-07-05,"AA",19805,"AA","514",14107,"PHX","Phoenix, AZ","AZ",11066,"CMH","Columbus, OH","OH","1520","1513",-7.00,0.00,12.00,7.00,"2201","2150",-11.00,0.00,0.00,"",0.00,221.00,217.00,198.00,1.00,1670.00,,,,,,
2016,7,5,2,2016-07-05,"AA",19805,"AA","514",14570,"RNO","Reno, NV","NV",14107,"PHX","Phoenix, AZ","AZ","1225","1235",10.00,10.00,9.00,6.00,"1410","1415",5.00,5.00,0.00,"",0.00,105.00,100.00,85.00,1.00,601.00,,,,,,
2016,7,5,2,2016-07-05,"AA",19805,"AA","516",13204,"MCO","Orlando, FL","FL",14107,"PHX","Phoenix, AZ","AZ","1740","1736",-4.00,0.00,15.00,8.00,"1901","1850",-11.00,0.00,0.00,"",0.00,261.00,254.00,231.00,1.00,1849.00,,,,,,
2016,7,5,2,2016-07-05,"AA",19805,"AA","516",14107,"PHX","Phoenix, AZ","AZ",14893,"SMF","Sacramento, CA","CA","2003","2047",44.00,44.00,14.00,4.00,"2159","2238",39.00,39.00,0.00,"",0.00,116.00,111.00,93.00,1.00,647.00,39.00,0.00,0.00,0.00,0.00,
2016,7,5,2,2016-07-05,"AA",19805,"AA","517",14100,"PHL","Philadelphia, PA","PA",14057,"PDX","Portland, OR","OR","1810","1812",2.00,2.00,19.00,3.00,"2112","2100",-12.00,0.00,0.00,"",0.00,362.00,348.00,326.00,1.00,2406.00,,,,,,
2016,7,5,2,2016-07-05,"AA",19805,"AA","518",14057,"PDX","Portland, OR","OR",14100,"PHL","Philadelphia, PA","PA","2220","2212",-8.00,0.00,11.00,2.00,"0618","0620",2.00,2.00,0.00,"",0.00,298.00,308.00,295.00,1.00,2406.00,,,,,,
2016,7,5,2,2016-07-05,"AA",19805,"AA","521",14107,"PHX","Phoenix, AZ","AZ",14747,"SEA","Seattle, WA","WA","1715","1714",-1.00,0.00,12.00,7.00,"2008","2006",-2.00,0.00,0.00,"",0.00,173.00,172.00,153.00,1.00,1107.00,,,,,,
2016,7,5,2,2016-07-05,"AA",19805,"AA","523",14107,"PHX","Phoenix, AZ","AZ",14570,"RNO","Reno, NV","NV","1643","1640",-3.00,0.00,23.00,3.00,"1825","1830",5.00,5.00,0.00,"",0.00,102.00,110.00,84.00,1.00,601.00,,,,,,
2016,7,5,2,2016-07-05,"AA",19805,"AA","524",11298,"DFW","Dallas/Fort Worth, TX","TX",14107,"PHX","Phoenix, AZ","AZ","1500","1459",-1.00,0.00,17.00,5.00,"1526","1516",-10.00,0.00,0.00,"",0.00,146.00,137.00,115.00,1.00,868.00,,,,,,
2016,7,5,2,2016-07-05,"AA",19805,"AA","524",14100,"PHL","Philadelphia, PA","PA",11298,"DFW","Dallas/Fort Worth, TX","TX","1125","1123",-2.00,0.00,9.00,12.00,"1356","1340",-16.00,0.00,0.00,"",0.00,211.00,197.00,176.00,1.00,1303.00,,,,,,
2016,7,5,2,2016-07-05,"AA",19805,"AA","525",11057,"CLT","Charlotte, NC","NC",11697,"FLL","Fort Lauderdale, FL","FL","0740","0737",-3.00,0.00,13.00,4.00,"0938","0928",-10.00,0.00,0.00,"",0.00,118.00,111.00,94.00,1.00,632.00,,,,,,
2016,7,5,2,2016-07-05,"AA",19805,"AA","525",14122,"PIT","Pittsburgh, PA","PA",11057,"CLT","Charlotte, NC","NC","0520","0520",0.00,0.00,13.00,5.00,"0639","0634",-5.00,0.00,0.00,"",0.00,79.00,74.00,56.00,1.00,366.00,,,,,,
2016,7,5,2,2016-07-05,"AA",19805,"AA","528",10721,"BOS","Boston, MA","MA",14107,"PHX","Phoenix, AZ","AZ","1625","1626",1.00,1.00,18.00,5.00,"1902","1844",-18.00,0.00,0.00,"",0.00,337.00,318.00,295.00,1.00,2300.00,,,,,,
2016,7,5,2,2016-07-05,"AA",19805,"AA","528",11057,"CLT","Charlotte, NC","NC",10721,"BOS","Boston, MA","MA","1310","1307",-3.00,0.00,14.00,10.00,"1525","1505",-20.00,0.00,0.00,"",0.00,135.00,118.00,94.00,1.00,728.00,,,,,,
2016,7,5,2,2016-07-05,"AA",19805,"AA","528",14107,"PHX","Phoenix, AZ","AZ",14570,"RNO","Reno, NV","NV","2011","2004",-7.00,0.00,15.00,3.00,"2157","2145",-12.00,0.00,0.00,"",0.00,106.00,101.00,83.00,1.00,601.00,,,,,,
2016,7,5,2,2016-07-05,"AA",19805,"AA","529",14100,"PHL","Philadelphia, PA","PA",14747,"SEA","Seattle, WA","WA","2035","2029",-6.00,0.00,13.00,36.00,"2327","2342",15.00,15.00,0.00,"",0.00,352.00,373.00,324.00,1.00,2378.00,0.00,0.00,15.00,0.00,0.00,
2016,7,5,2,2016-07-05,"AA",19805,"AA","530",14747,"SEA","Seattle, WA","WA",14100,"PHL","Philadelphia, PA","PA","2205","2159",-6.00,0.00,12.00,2.00,"0606","0618",12.00,12.00,0.00,"",0.00,301.00,319.00,305.00,1.00,2378.00,,,,,,
2016,7,5,2,2016-07-05,"AA",19805,"AA","531",11433,"DTW","Detroit, MI","MI",14107,"PHX","Phoenix, AZ","AZ","0735","0735",0.00,0.00,11.00,7.00,"0900","0835",-25.00,0.00,0.00,"",0.00,265.00,240.00,222.00,1.00,1671.00,,,,,,
2016,7,5,2,2016-07-05,"AA",19805,"AA","531",14107,"PHX","Phoenix, AZ","AZ",14570,"RNO","Reno, NV","NV","0951","1015",24.00,24.00,12.00,4.00,"1138","1158",20.00,20.00,0.00,"",0.00,107.00,103.00,87.00,1.00,601.00,20.00,0.00,0.00,0.00,0.00,
2016,7,5,2,2016-07-05,"AA",19805,"AA","534",15304,"TPA","Tampa, FL","FL",14107,"PHX","Phoenix, AZ","AZ","0740","",,,,,"0906","",,,1.00,"A",0.00,266.00,,,1.00,1788.00,,,,,,
2016,7,5,2,2016-07-05,"AA",19805,"AA","536",11057,"CLT","Charlotte, NC","NC",11298,"DFW","Dallas/Fort Worth, TX","TX","0600","0558",-2.00,0.00,11.00,8.00,"0738","0729",-9.00,0.00,0.00,"",0.00,158.00,151.00,132.00,1.00,936.00,,,,,,
2016,7,5,2,2016-07-05,"AA",19805,"AA","536",11298,"DFW","Dallas/Fort Worth, TX","TX",14100,"PHL","Philadelphia, PA","PA","0840","0834",-6.00,0.00,14.00,4.00,"1259","1230",-29.00,0.00,0.00,"",0.00,199.00,176.00,158.00,1.00,1303.00,,,,,,
2016,7,5,2,2016-07-05,"AA",19805,"AA","539",13930,"ORD","Chicago, IL","IL",14100,"PHL","Philadelphia, PA","PA","0545","0542",-3.00,0.00,10.00,33.00,"0843","0900",17.00,17.00,0.00,"",0.00,118.00,138.00,95.00,1.00,678.00,0.00,0.00,17.00,0.00,0.00,
2016,7,5,2,2016-07-05,"AA",19805,"AA","539",14100,"PHL","Philadelphia, PA","PA",15304,"TPA","Tampa, FL","FL","0955","0952",-3.00,0.00,12.00,3.00,"1239","1217",-22.00,0.00,0.00,"",0.00,164.00,145.00,130.00,1.00,920.00,,,,,,
2016,7,5,2,2016-07-05,"AA",19805,"AA","540",12266,"IAH","Houston, TX","TX",14107,"PHX","Phoenix, AZ","AZ","0600","0600",0.00,0.00,44.00,3.00,"0638","0704",26.00,26.00,0.00,"",0.00,158.00,184.00,137.00,1.00,1009.00,0.00,0.00,26.00,0.00,0.00,
2016,7,5,2,2016-07-05,"AA",19805,"AA","541",10693,"BNA","Nashville, TN","TN",12892,"LAX","Los Angeles, CA","CA","1040","1046",6.00,6.00,10.00,9.00,"1305","1248",-17.00,0.00,0.00,"",0.00,265.00,242.00,223.00,1.00,1797.00,,,,,,
2016,7,5,2,2016-07-05,"AA",19805,"AA","542",11298,"DFW","Dallas/Fort Worth, TX","TX",14107,"PHX","Phoenix, AZ","AZ","1105","1103",-2.00,0.00,21.00,3.00,"1133","1132",-1.00,0.00,0.00,"",0.00,148.00,149.00,125.00,1.00,868.00,,,,,,
2016,7,5,2,2016-07-05,"AA",19805,"AA","542",14107,"PHX","Phoenix, AZ","AZ",11298,"DFW","Dallas/Fort Worth, TX","TX","0500","0455",-5.00,0.00,12.00,15.00,"0922","0936",14.00,14.00,0.00,"",0.00,142.00,161.00,134.00,1.00,868.00,,,,,,
2016,7,5,2,2016-07-05,"AA",19805,"AA","543",10721,"BOS","Boston, MA","MA",14100,"PHL","Philadelphia, PA","PA","0600","0551",-9.00,0.00,19.00,6.00,"0727","0710",-17.00,0.00,0.00,"",0.00,87.00,79.00,54.00,1.00,280.00,,,,,,
2016,7,5,2,2016-07-05,"AA",19805,"AA","543",14100,"PHL","Philadelphia, PA","PA",11298,"DFW","Dallas/Fort Worth, TX","TX","0917","0914",-3.00,0.00,15.00,10.00,"1139","1133",-6.00,0.00,0.00,"",0.00,202.00,199.00,174.00,1.00,1303.00,,,,,,
2016,7,5,2,2016-07-05,"AA",19805,"AA","544",11298,"DFW","Dallas/Fort Worth, TX","TX",14107,"PHX","Phoenix, AZ","AZ","1740","1803",23.00,23.00,17.00,5.00,"1804","1829",25.00,25.00,0.00,"",0.00,144.00,146.00,124.00,1.00,868.00,19.00,0.00,2.00,0.00,4.00,
2016,7,5,2,2016-07-05,"AA",19805,"AA","544",14107,"PHX","Phoenix, AZ","AZ",11298,"DFW","Dallas/Fort Worth, TX","TX","1219","1214",-5.00,0.00,15.00,24.00,"1644","1649",5.00,5.00,0.00,"",0.00,145.00,155.00,116.00,1.00,868.00,,,,,,
2016,7,5,2,2016-07-05,"AA",19805,"AA","545",12892,"LAX","Los Angeles, CA","CA",14107,"PHX","Phoenix, AZ","AZ","1620","1752",92.00,92.00,13.00,11.00,"1750","1917",87.00,87.00,0.00,"",0.00,90.00,85.00,61.00,1.00,370.00,0.00,0.00,0.00,0.00,87.00,
2016,7,5,2,2016-07-05,"AA",19805,"AA","545",14107,"PHX","Phoenix, AZ","AZ",11298,"DFW","Dallas/Fort Worth, TX","TX","1855","2002",67.00,67.00,17.00,11.00,"2321","0019",58.00,58.00,0.00,"",0.00,146.00,137.00,109.00,1.00,868.00,58.00,0.00,0.00,0.00,0.00,
2016,7,5,2,2016-07-05,"AA",19805,"AA","546",11298,"DFW","Dallas/Fort Worth, TX","TX",14107,"PHX","Phoenix, AZ","AZ","2030","2140",70.00,70.00,16.00,9.00,"2057","2205",68.00,68.00,0.00,"",0.00,147.00,145.00,120.00,1.00,868.00,68.00,0.00,0.00,0.00,0.00,
2016,7,5,2,2016-07-05,"AA",19805,"AA","547",13930,"ORD","Chicago, IL","IL",14107,"PHX","Phoenix, AZ","AZ","1715","1714",-1.00,0.00,18.00,4.00,"1902","1842",-20.00,0.00,0.00,"",0.00,227.00,208.00,186.00,1.00,1440.00,,,,,,
2016,7,5,2,2016-07-05,"AA",19805,"AA","548",11884,"GEG","Spokane, WA","WA",14107,"PHX","Phoenix, AZ","AZ","1510","1500",-10.00,0.00,18.00,7.00,"1747","1741",-6.00,0.00,0.00,"",0.00,157.00,161.00,136.00,1.00,1020.00,,,,,,
2016,7,5,2,2016-07-05,"AA",19805,"AA","548",14107,"PHX","Phoenix, AZ","AZ",13342,"MKE","Milwaukee, WI","WI","1850","1842",-8.00,0.00,9.00,6.00,"0010","0005",-5.00,0.00,0.00,"",0.00,200.00,203.00,188.00,1.00,1460.00,,,,,,
2016,7,5,2,2016-07-05,"AA",19805,"AA","549",14107,"PHX","Phoenix, AZ","AZ",11298,"DFW","Dallas/Fort Worth, TX","TX","0635","0626",-9.00,0.00,13.00,12.00,"1100","1049",-11.00,0.00,0.00,"",0.00,145.00,143.00,118.00,1.00,868.00,,,,,,
2016,7,5,2,2016-07-05,"AA",19805,"AA","550",11298,"DFW","Dallas/Fort Worth, TX","TX",11057,"CLT","Charlotte, NC","NC","1850","1912",22.00,22.00,17.00,25.00,"2232","2252",20.00,20.00,0.00,"",0.00,162.00,160.00,118.00,1.00,936.00,20.00,0.00,0.00,0.00,0.00,
2016,7,5,2,2016-07-05,"AA",19805,"AA","550",13930,"ORD","Chicago, IL","IL",14107,"PHX","Phoenix, AZ","AZ","1045","1056",11.00,11.00,11.00,14.00,"1222","1225",3.00,3.00,0.00,"",0.00,217.00,209.00,184.00,1.00,1440.00,,,,,,
2016,7,5,2,2016-07-05,"AA",19805,"AA","550",14100,"PHL","Philadelphia, PA","PA",13930,"ORD","Chicago, IL","IL","0750","0900",70.00,70.00,17.00,9.00,"0915","1008",53.00,53.00,0.00,"",0.00,145.00,128.00,102.00,1.00,678.00,53.00,0.00,0.00,0.00,0.00,
2016,7,5,2,2016-07-05,"AA",19805,"AA","550",14107,"PHX","Phoenix, AZ","AZ",11298,"DFW","Dallas/Fort Worth, TX","TX","1320","1410",50.00,50.00,12.00,7.00,"1744","1819",35.00,35.00,0.00,"",0.00,144.00,129.00,110.00,1.00,868.00,35.00,0.00,0.00,0.00,0.00,
2016,7,5,2,2016-07-05,"AA",19805,"AA","551",11298,"DFW","Dallas/Fort Worth, TX","TX",14100,"PHL","Philadelphia, PA","PA","2030","2025",-5.00,0.00,16.00,8.00,"0050","0026",-24.00,0.00,0.00,"",0.00,200.00,181.00,157.00,1.00,1303.00,,,,,,
2016,7,5,2,2016-07-05,"AA",19805,"AA","551",12892,"LAX","Los Angeles, CA","CA",14107,"PHX","Phoenix, AZ","AZ","1230","1232",2.00,2.00,18.00,15.00,"1401","1404",3.00,3.00,0.00,"",0.00,91.00,92.00,59.00,1.00,370.00,,,,,,
2016,7,5,2,2016-07-05,"AA",19805,"AA","551",14107,"PHX","Phoenix, AZ","AZ",11298,"DFW","Dallas/Fort Worth, TX","TX","1505","1505",0.00,0.00,12.00,13.00,"1929","1920",-9.00,0.00,0.00,"",0.00,144.00,135.00,110.00,1.00,868.00,,,,,,
2016,7,5,2,2016-07-05,"AA",19805,"AA","552",12892,"LAX","Los Angeles, CA","CA",13198,"MCI","Kansas City, MO","MO","0815","0951",96.00,96.00,21.00,8.00,"1343","1500",77.00,77.00,0.00,"",0.00,208.00,189.00,160.00,1.00,1363.00,77.00,0.00,0.00,0.00,0.00,
2016,7,5,2,2016-07-05,"AA",19805,"AA","552",13198,"MCI","Kansas City, MO","MO",14107,"PHX","Phoenix, AZ","AZ","1445","1601",76.00,76.00,14.00,6.00,"1534","1635",61.00,61.00,0.00,"",0.00,169.00,154.00,134.00,1.00,1044.00,17.00,0.00,0.00,0.00,44.00,
2016,7,5,2,2016-07-05,"AA",19805,"AA","552",14107,"PHX","Phoenix, AZ","AZ",14893,"SMF","Sacramento, CA","CA","1635","1716",41.00,41.00,11.00,3.00,"1826","1859",33.00,33.00,0.00,"",0.00,111.00,103.00,89.00,1.00,647.00,33.00,0.00,0.00,0.00,0.00,
2016,7,5,2,2016-07-05,"AA",19805,"AA","557",11057,"CLT","Charlotte, NC","NC",14771,"SFO","San Francisco, CA","CA","2220","0038",138.00,138.00,14.00,6.00,"0042","0251",129.00,129.00,0.00,"",0.00,322.00,313.00,293.00,1.00,2296.00,0.00,56.00,0.00,0.00,73.00,
2016,7,5,2,2016-07-05,"AA",19805,"AA","557",11697,"FLL","Fort Lauderdale, FL","FL",11057,"CLT","Charlotte, NC","NC","1920","2036",76.00,76.00,12.00,29.00,"2123","2243",80.00,80.00,0.00,"",0.00,123.00,127.00,86.00,1.00,632.00,0.00,0.00,4.00,0.00,76.00,
2016,7,5,2,2016-07-05,"AA",19805,"AA","559",11057,"CLT","Charlotte, NC","NC",14100,"PHL","Philadelphia, PA","PA","1620","1713",53.00,53.00,14.00,15.00,"1807","1902",55.00,55.00,0.00,"",0.00,107.00,109.00,80.00,1.00,449.00,0.00,53.00,2.00,0.00,0.00,
2016,7,5,2,2016-07-05,"AA",19805,"AA","560",14107,"PHX","Phoenix, AZ","AZ",11298,"DFW","Dallas/Fort Worth, TX","TX","1045","1040",-5.00,0.00,14.00,9.00,"1516","1452",-24.00,0.00,0.00,"",0.00,151.00,132.00,109.00,1.00,868.00,,,,,,
2016,7,5,2,2016-07-05,"AA",19805,"AA","562",11298,"DFW","Dallas/Fort Worth, TX","TX",14100,"PHL","Philadelphia, PA","PA","0600","0610",10.00,10.00,23.00,4.00,"1014","1023",9.00,9.00,0.00,"",0.00,194.00,193.00,166.00,1.00,1303.00,,,,,,
2016,7,5,2,2016-07-05,"AA",19805,"AA","563",11278,"DCA","Washington, DC","VA",14107,"PHX","Phoenix, AZ","AZ","1715","1729",14.00,14.00,31.00,7.00,"1908","1919",11.00,11.00,0.00,"",0.00,293.00,290.00,252.00,1.00,1979.00,,,,,,
2016,7,5,2,2016-07-05,"AA",19805,"AA","563",14107,"PHX","Phoenix, AZ","AZ",14679,"SAN","San Diego, CA","CA","2020","2013",-7.00,0.00,16.00,2.00,"2130","2120",-10.00,0.00,0.00,"",0.00,70.00,67.00,49.00,1.00,304.00,,,,,,
2016,7,5,2,2016-07-05,"AA",19805,"AA","564",14893,"SMF","Sacramento, CA","CA",14107,"PHX","Phoenix, AZ","AZ","1915","1928",13.00,13.00,9.00,5.00,"2103","2106",3.00,3.00,0.00,"",0.00,108.00,98.00,84.00,1.00,647.00,,,,,,
2016,7,5,2,2016-07-05,"AA",19805,"AA","565",11057,"CLT","Charlotte, NC","NC",11298,"DFW","Dallas/Fort Worth, TX","TX","1830","2210",220.00,220.00,10.00,17.00,"2015","2341",206.00,206.00,0.00,"",0.00,165.00,151.00,124.00,1.00,936.00,22.00,0.00,0.00,0.00,184.00,
2016,7,5,2,2016-07-05,"AA",19805,"AA","566",14057,"PDX","Portland, OR","OR",14107,"PHX","Phoenix, AZ","AZ","0840","0837",-3.00,0.00,10.00,4.00,"1112","1100",-12.00,0.00,0.00,"",0.00,152.00,143.00,129.00,1.00,1009.00,,,,,,
2016,7,5,2,2016-07-05,"AA",19805,"AA","566",14107,"PHX","Phoenix, AZ","AZ",13204,"MCO","Orlando, FL","FL","1218","1214",-4.00,0.00,13.00,7.00,"1934","1925",-9.00,0.00,0.00,"",0.00,256.00,251.00,231.00,1.00,1849.00,,,,,,
2016,7,5,2,2016-07-05,"AA",19805,"AA","567",14107,"PHX","Phoenix, AZ","AZ",13204,"MCO","Orlando, FL","FL","0858","0859",1.00,1.00,33.00,8.00,"1622","1638",16.00,16.00,0.00,"",0.00,264.00,279.00,238.00,1.00,1849.00,0.00,0.00,15.00,0.00,1.00,
2016,7,5,2,2016-07-05,"AA",19805,"AA","567",14679,"SAN","San Diego, CA","CA",14107,"PHX","Phoenix, AZ","AZ","0625","0647",22.00,22.00,27.00,7.00,"0752","0808",16.00,16.00,0.00,"",0.00,87.00,81.00,47.00,1.00,304.00,16.00,0.00,0.00,0.00,0.00,
2016,7,5,2,2016-07-05,"AA",19805,"AA","572",12892,"LAX","Los Angeles, CA","CA",13487,"MSP","Minneapolis, MN","MN","2359","2359",0.00,0.00,32.00,4.00,"0543","0530",-13.00,0.00,0.00,"",0.00,224.00,211.00,175.00,1.00,1535.00,,,,,,
2016,7,5,2,2016-07-05,"AA",19805,"AA","574",14107,"PHX","Phoenix, AZ","AZ",15304,"TPA","Tampa, FL","FL","1510","1506",-4.00,0.00,13.00,4.00,"2212","2158",-14.00,0.00,0.00,"",0.00,242.00,232.00,215.00,1.00,1788.00,,,,,,
2016,7,5,2,2016-07-05,"AA",19805,"AA","574",14831,"SJC","San Jose, CA","CA",14107,"PHX","Phoenix, AZ","AZ","1224","1223",-1.00,0.00,9.00,14.00,"1416","1413",-3.00,0.00,0.00,"",0.00,112.00,110.00,87.00,1.00,621.00,,,,,,
2016,7,5,2,2016-07-05,"AA",19805,"AA","575",11298,"DFW","Dallas/Fort Worth, TX","TX",14107,"PHX","Phoenix, AZ","AZ","1325","1321",-4.00,0.00,14.00,6.00,"1349","1343",-6.00,0.00,0.00,"",0.00,144.00,142.00,122.00,1.00,868.00,,,,,,
2016,7,5,2,2016-07-05,"AA",19805,"AA","576",11057,"CLT","Charlotte, NC","NC",11298,"DFW","Dallas/Fort Worth, TX","TX","1920","2113",113.00,113.00,16.00,10.00,"2059","2244",105.00,105.00,0.00,"",0.00,159.00,151.00,125.00,1.00,936.00,0.00,80.00,0.00,0.00,25.00,
2016,7,5,2,2016-07-05,"AA",19805,"AA","576",11298,"DFW","Dallas/Fort Worth, TX","TX",12889,"LAS","Las Vegas, NV","NV","2210","2332",82.00,82.00,16.00,8.00,"2258","0013",75.00,75.00,0.00,"",0.00,168.00,161.00,137.00,1.00,1055.00,75.00,0.00,0.00,0.00,0.00,
2016,7,5,2,2016-07-05,"AA",19805,"AA","577",14100,"PHL","Philadelphia, PA","PA",12889,"LAS","Las Vegas, NV","NV","0800","0754",-6.00,0.00,38.00,7.00,"1018","1023",5.00,5.00,0.00,"",0.00,318.00,329.00,284.00,1.00,2176.00,,,,,,
2016,7,5,2,2016-07-05,"AA",19805,"AA","579",14679,"SAN","San Diego, CA","CA",11057,"CLT","Charlotte, NC","NC","2235","2235",0.00,0.00,21.00,5.00,"0608","0604",-4.00,0.00,0.00,"",0.00,273.00,269.00,243.00,1.00,2077.00,,,,,,
2016,7,5,2,2016-07-05,"AA",19805,"AA","580",14107,"PHX","Phoenix, AZ","AZ",11884,"GEG","Spokane, WA","WA","2005","2005",0.00,0.00,16.00,7.00,"2237","2235",-2.00,0.00,0.00,"",0.00,152.00,150.00,127.00,1.00,1020.00,,,,,,
2016,7,5,2,2016-07-05,"AA",19805,"AA","580",14122,"PIT","Pittsburgh, PA","PA",14107,"PHX","Phoenix, AZ","AZ","1740","1734",-6.00,0.00,9.00,5.00,"1903","1847",-16.00,0.00,0.00,"",0.00,263.00,253.00,239.00,1.00,1814.00,,,,,,
2016,7,5,2,2016-07-05,"AA",19805,"AA","581",11057,"CLT","Charlotte, NC","NC",13204,"MCO","Orlando, FL","FL","1445","1509",24.00,24.00,32.00,11.00,"1623","1659",36.00,36.00,0.00,"",0.00,98.00,110.00,67.00,1.00,468.00,24.00,0.00,12.00,0.00,0.00,
2016,7,5,2,2016-07-05,"AA",19805,"AA","581",12953,"LGA","New York, NY","NY",11057,"CLT","Charlotte, NC","NC","1130","1126",-4.00,0.00,36.00,5.00,"1342","1329",-13.00,0.00,0.00,"",0.00,132.00,123.00,82.00,1.00,544.00,,,,,,
2016,7,5,2,2016-07-05,"AA",19805,"AA","582",11423,"DSM","Des Moines, IA","IA",14107,"PHX","Phoenix, AZ","AZ","0800","0822",22.00,22.00,15.00,5.00,"0911","0914",3.00,3.00,0.00,"",0.00,191.00,172.00,152.00,1.00,1150.00,,,,,,
2016,7,5,2,2016-07-05,"AA",19805,"AA","582",14107,"PHX","Phoenix, AZ","AZ",13342,"MKE","Milwaukee, WI","WI","1009","1005",-4.00,0.00,14.00,4.00,"1531","1524",-7.00,0.00,0.00,"",0.00,202.00,199.00,181.00,1.00,1460.00,,,,,,
2016,7,5,2,2016-07-05,"AA",19805,"AA","583",13487,"MSP","Minneapolis, MN","MN",12892,"LAX","Los Angeles, CA","CA","0650","0643",-7.00,0.00,12.00,17.00,"0900","0836",-24.00,0.00,0.00,"",0.00,250.00,233.00,204.00,1.00,1535.00,,,,,,
2016,7,5,2,2016-07-05,"AA",19805,"AA","585",11298,"DFW","Dallas/Fort Worth, TX","TX",14100,"PHL","Philadelphia, PA","PA","0720","0756",36.00,36.00,16.00,8.00,"1140","1157",17.00,17.00,0.00,"",0.00,200.00,181.00,157.00,1.00,1303.00,8.00,0.00,0.00,0.00,9.00,
2016,7,5,2,2016-07-05,"AA",19805,"AA","585",14747,"SEA","Seattle, WA","WA",11298,"DFW","Dallas/Fort Worth, TX","TX","0020","0059",39.00,39.00,15.00,12.00,"0602","0645",43.00,43.00,0.00,"",0.00,222.00,226.00,199.00,1.00,1660.00,39.00,0.00,4.00,0.00,0.00,
2016,7,5,2,2016-07-05,"AA",19805,"AA","586",11066,"CMH","Columbus, OH","OH",14107,"PHX","Phoenix, AZ","AZ","0750","0838",48.00,48.00,16.00,4.00,"0906","0931",25.00,25.00,0.00,"",0.00,256.00,233.00,213.00,1.00,1670.00,25.00,0.00,0.00,0.00,0.00,
2016,7,5,2,2016-07-05,"AA",19805,"AA","586",14107,"PHX","Phoenix, AZ","AZ",11884,"GEG","Spokane, WA","WA","1028","1033",5.00,5.00,18.00,5.00,"1307","1310",3.00,3.00,0.00,"",0.00,159.00,157.00,134.00,1.00,1020.00,,,,,,
2016,7,5,2,2016-07-05,"AA",19805,"AA","588",14107,"PHX","Phoenix, AZ","AZ",14831,"SJC","San Jose, CA","CA","0950","0957",7.00,7.00,15.00,3.00,"1139","1143",4.00,4.00,0.00,"",0.00,109.00,106.00,88.00,1.00,621.00,,,,,,
2016,7,5,2,2016-07-05,"AA",19805,"AA","588",14122,"PIT","Pittsburgh, PA","PA",14107,"PHX","Phoenix, AZ","AZ","0729","0724",-5.00,0.00,11.00,16.00,"0900","0847",-13.00,0.00,0.00,"",0.00,271.00,263.00,236.00,1.00,1814.00,,,,,,
2016,7,5,2,2016-07-05,"AA",19805,"AA","589",11057,"CLT","Charlotte, NC","NC",10397,"ATL","Atlanta, GA","GA","1750","2341",351.00,351.00,20.00,5.00,"1907","0043",336.00,336.00,0.00,"",0.00,77.00,62.00,37.00,1.00,226.00,0.00,145.00,0.00,0.00,191.00,
2016,7,5,2,2016-07-05,"AA",19805,"AA","589",11278,"DCA","Washington, DC","VA",11057,"CLT","Charlotte, NC","NC","1520","1804",164.00,164.00,86.00,29.00,"1652","2055",243.00,243.00,0.00,"",0.00,92.00,171.00,56.00,1.00,331.00,0.00,164.00,79.00,0.00,0.00,
2016,7,5,2,2016-07-05,"AA",19805,"AA","590",10713,"BOI","Boise, ID","ID",14107,"PHX","Phoenix, AZ","AZ","1321","1315",-6.00,0.00,9.00,8.00,"1424","1413",-11.00,0.00,0.00,"",0.00,123.00,118.00,101.00,1.00,735.00,,,,,,
2016,7,5,2,2016-07-05,"AA",19805,"AA","591",11298,"DFW","Dallas/Fort Worth, TX","TX",14100,"PHL","Philadelphia, PA","PA","1830","1827",-3.00,0.00,14.00,3.00,"2251","2225",-26.00,0.00,0.00,"",0.00,201.00,178.00,161.00,1.00,1303.00,,,,,,
2016,7,5,2,2016-07-05,"AA",19805,"AA","591",14100,"PHL","Philadelphia, PA","PA",11298,"DFW","Dallas/Fort Worth, TX","TX","1430","1428",-2.00,0.00,18.00,21.00,"1655","1702",7.00,7.00,0.00,"",0.00,205.00,214.00,175.00,1.00,1303.00,,,,,,
2016,7,5,2,2016-07-05,"AA",19805,"AA","592",10713,"BOI","Boise, ID","ID",14107,"PHX","Phoenix, AZ","AZ","0635","0635",0.00,0.00,12.00,4.00,"0738","0731",-7.00,0.00,0.00,"",0.00,123.00,116.00,100.00,1.00,735.00,,,,,,
2016,7,5,2,2016-07-05,"AA",19805,"AA","592",13198,"MCI","Kansas City, MO","MO",12892,"LAX","Los Angeles, CA","CA","1420","1413",-7.00,0.00,18.00,14.00,"1603","1548",-15.00,0.00,0.00,"",0.00,223.00,215.00,183.00,1.00,1363.00,,,,,,
2016,7,5,2,2016-07-05,"AA",19805,"AA","592",14107,"PHX","Phoenix, AZ","AZ",13198,"MCI","Kansas City, MO","MO","0845","0845",0.00,0.00,17.00,7.00,"1328","1318",-10.00,0.00,0.00,"",0.00,163.00,153.00,129.00,1.00,1044.00,,,,,,
2016,7,5,2,2016-07-05,"AA",19805,"AA","593",14107,"PHX","Phoenix, AZ","AZ",13930,"ORD","Chicago, IL","IL","0855","0851",-4.00,0.00,22.00,11.00,"1438","1419",-19.00,0.00,0.00,"",0.00,223.00,208.00,175.00,1.00,1440.00,,,,,,
2016,7,5,2,2016-07-05,"AA",19805,"AA","593",14893,"SMF","Sacramento, CA","CA",14107,"PHX","Phoenix, AZ","AZ","0600","0557",-3.00,0.00,11.00,3.00,"0749","0739",-10.00,0.00,0.00,"",0.00,109.00,102.00,88.00,1.00,647.00,,,,,,
2016,7,5,2,2016-07-05,"AA",19805,"AA","594",14107,"PHX","Phoenix, AZ","AZ",12266,"IAH","Houston, TX","TX","1525","1517",-8.00,0.00,11.00,5.00,"2001","1948",-13.00,0.00,0.00,"",0.00,156.00,151.00,135.00,1.00,1009.00,,,,,,
2016,7,5,2,2016-07-05,"AA",19805,"AA","595",14107,"PHX","Phoenix, AZ","AZ",11278,"DCA","Washington, DC","VA","0847","0840",-7.00,0.00,18.00,4.00,"1612","1548",-24.00,0.00,0.00,"",0.00,265.00,248.00,226.00,1.00,1979.00,,,,,,
2016,7,5,2,2016-07-05,"AA",19805,"AA","596",10397,"ATL","Atlanta, GA","GA",14107,"PHX","Phoenix, AZ","AZ","1805","2040",155.00,155.00,9.00,5.00,"1901","2114",133.00,133.00,0.00,"",0.00,236.00,214.00,200.00,1.00,1587.00,0.00,0.00,0.00,0.00,133.00,
2016,7,5,2,2016-07-05,"AA",19805,"AA","597",14100,"PHL","Philadelphia, PA","PA",12892,"LAX","Los Angeles, CA","CA","0955","0953",-2.00,0.00,14.00,17.00,"1248","1227",-21.00,0.00,0.00,"",0.00,353.00,334.00,303.00,1.00,2402.00,,,,,,
2016,7,5,2,2016-07-05,"AA",19805,"AA","598",12892,"LAX","Los Angeles, CA","CA",14100,"PHL","Philadelphia, PA","PA","1355","1352",-3.00,0.00,19.00,5.00,"2214","2156",-18.00,0.00,0.00,"",0.00,319.00,304.00,280.00,1.00,2402.00,,,,,,
2016,7,5,2,2016-07-05,"AA",19805,"AA","599",13871,"OMA","Omaha, NE","NE",14107,"PHX","Phoenix, AZ","AZ","1450","1445",-5.00,0.00,12.00,7.00,"1532","1524",-8.00,0.00,0.00,"",0.00,162.00,159.00,140.00,1.00,1037.00,,,,,,
2016,7,5,2,2016-07-05,"AA",19805,"AA","599",14107,"PHX","Phoenix, AZ","AZ",14831,"SJC","San Jose, CA","CA","1640","1636",-4.00,0.00,9.00,5.00,"1825","1817",-8.00,0.00,0.00,"",0.00,105.00,101.00,87.00,1.00,621.00,,,,,,
2016,7,5,2,2016-07-05,"AA",19805,"AA","600",11057,"CLT","Charlotte, NC","NC",14107,"PHX","Phoenix, AZ","AZ","0945","0941",-4.00,0.00,31.00,7.00,"1111","1110",-1.00,0.00,0.00,"",0.00,266.00,269.00,231.00,1.00,1773.00,,,,,,
2016,7,5,2,2016-07-05,"AA",19805,"AA","600",14635,"RSW","Fort Myers, FL","FL",11057,"CLT","Charlotte, NC","NC","0635","0627",-8.00,0.00,13.00,10.00,"0828","0814",-14.00,0.00,0.00,"",0.00,113.00,107.00,84.00,1.00,600.00,,,,,,
2016,7,5,2,2016-07-05,"AA",19805,"AA","601",11057,"CLT","Charlotte, NC","NC",10792,"BUF","Buffalo, NY","NY","1540","1748",128.00,128.00,11.00,3.00,"1717","1916",119.00,119.00,0.00,"",0.00,97.00,88.00,74.00,1.00,546.00,0.00,98.00,0.00,0.00,21.00,
2016,7,5,2,2016-07-05,"AA",19805,"AA","603",14107,"PHX","Phoenix, AZ","AZ",14747,"SEA","Seattle, WA","WA","2021","2035",14.00,14.00,12.00,70.00,"2319","0024",65.00,65.00,0.00,"",0.00,178.00,229.00,147.00,1.00,1107.00,0.00,0.00,51.00,0.00,14.00,
2016,7,5,2,2016-07-05,"AA",19805,"AA","604",12892,"LAX","Los Angeles, CA","CA",13487,"MSP","Minneapolis, MN","MN","0950","0948",-2.00,0.00,28.00,4.00,"1538","1514",-24.00,0.00,0.00,"",0.00,228.00,206.00,174.00,1.00,1535.00,,,,,,
2016,7,5,2,2016-07-05,"AA",19805,"AA","604",13487,"MSP","Minneapolis, MN","MN",12892,"LAX","Los Angeles, CA","CA","1645","1638",-7.00,0.00,12.00,13.00,"1855","1833",-22.00,0.00,0.00,"",0.00,250.00,235.00,210.00,1.00,1535.00,,,,,,
2016,7,5,2,2016-07-05,"AA",19805,"AA","605",12892,"LAX","Los Angeles, CA","CA",14100,"PHL","Philadelphia, PA","PA","0005","0031",26.00,26.00,39.00,5.00,"0825","0900",35.00,35.00,0.00,"",0.00,320.00,329.00,285.00,1.00,2402.00,0.00,0.00,35.00,0.00,0.00,
2016,7,5,2,2016-07-05,"AA",19805,"AA","606",11298,"DFW","Dallas/Fort Worth, TX","TX",14107,"PHX","Phoenix, AZ","AZ","1845","1924",39.00,39.00,15.00,6.00,"1915","1948",33.00,33.00,0.00,"",0.00,150.00,144.00,123.00,1.00,868.00,33.00,0.00,0.00,0.00,0.00,
2016,7,5,2,2016-07-05,"AA",19805,"AA","606",14679,"SAN","San Diego, CA","CA",11298,"DFW","Dallas/Fort Worth, TX","TX","1247","1342",55.00,55.00,21.00,6.00,"1745","1829",44.00,44.00,0.00,"",0.00,178.00,167.00,140.00,1.00,1171.00,2.00,0.00,0.00,0.00,42.00,
2016,7,5,2,2016-07-05,"AA",19805,"AA","607",12889,"LAS","Las Vegas, NV","NV",14100,"PHL","Philadelphia, PA","PA","2235","2238",3.00,3.00,11.00,2.00,"0614","0612",-2.00,0.00,0.00,"",0.00,279.00,274.00,261.00,1.00,2176.00,,,,,,
2016,7,5,2,2016-07-05,"AA",19805,"AA","608",12892,"LAX","Los Angeles, CA","CA",14107,"PHX","Phoenix, AZ","AZ","1745","1751",6.00,6.00,24.00,5.00,"1915","1919",4.00,4.00,0.00,"",0.00,90.00,88.00,59.00,1.00,370.00,,,,,,
2016,7,5,2,2016-07-05,"AA",19805,"AA","608",14107,"PHX","Phoenix, AZ","AZ",12889,"LAS","Las Vegas, NV","NV","2022","2014",-8.00,0.00,16.00,6.00,"2132","2120",-12.00,0.00,0.00,"",0.00,70.00,66.00,44.00,1.00,255.00,,,,,,
2016,7,5,2,2016-07-05,"AA",19805,"AA","609",11057,"CLT","Charlotte, NC","NC",14747,"SEA","Seattle, WA","WA","1810","1859",49.00,49.00,20.00,8.00,"2048","2129",41.00,41.00,0.00,"",0.00,338.00,330.00,302.00,1.00,2279.00,0.00,41.00,0.00,0.00,0.00,
2016,7,5,2,2016-07-05,"AA",19805,"AA","609",11618,"EWR","Newark, NJ","NJ",11057,"CLT","Charlotte, NC","NC","1505","1800",175.00,175.00,37.00,56.00,"1701","2058",237.00,237.00,0.00,"",0.00,116.00,178.00,85.00,1.00,529.00,0.00,0.00,237.00,0.00,0.00,
2016,7,5,2,2016-07-05,"AA",19805,"AA","610",10397,"ATL","Atlanta, GA","GA",11057,"CLT","Charlotte, NC","NC","1715","1709",-6.00,0.00,38.00,18.00,"1845","1846",1.00,1.00,0.00,"",0.00,90.00,97.00,41.00,1.00,226.00,,,,,,
2016,7,5,2,2016-07-05,"AA",19805,"AA","610",13796,"OAK","Oakland, CA","CA",14107,"PHX","Phoenix, AZ","AZ","0600","0558",-2.00,0.00,11.00,15.00,"0758","0751",-7.00,0.00,0.00,"",0.00,118.00,113.00,87.00,1.00,646.00,,,,,,
2016,7,5,2,2016-07-05,"AA",19805,"AA","610",14107,"PHX","Phoenix, AZ","AZ",10397,"ATL","Atlanta, GA","GA","0858","0854",-4.00,0.00,21.00,11.00,"1552","1555",3.00,3.00,0.00,"",0.00,234.00,241.00,209.00,1.00,1587.00,,,,,,
2016,7,5,2,2016-07-05,"AA",19805,"AA","611",11298,"DFW","Dallas/Fort Worth, TX","TX",10397,"ATL","Atlanta, GA","GA","1645","1638",-7.00,0.00,28.00,8.00,"1959","1954",-5.00,0.00,0.00,"",0.00,134.00,136.00,100.00,1.00,731.00,,,,,,
2016,7,5,2,2016-07-05,"AA",19805,"AA","611",14100,"PHL","Philadelphia, PA","PA",11298,"DFW","Dallas/Fort Worth, TX","TX","1309","1304",-5.00,0.00,19.00,13.00,"1530","1528",-2.00,0.00,0.00,"",0.00,201.00,204.00,172.00,1.00,1303.00,,,,,,
2016,7,5,2,2016-07-05,"AA",19805,"AA","612",10397,"ATL","Atlanta, GA","GA",11298,"DFW","Dallas/Fort Worth, TX","TX","1955","",,,,,"2114","",,,1.00,"A",0.00,139.00,,,1.00,731.00,,,,,,
2016,7,5,2,2016-07-05,"AA",19805,"AA","612",14107,"PHX","Phoenix, AZ","AZ",10397,"ATL","Atlanta, GA","GA","1220","1353",93.00,93.00,25.00,107.00,"1905","2240",215.00,215.00,0.00,"",0.00,225.00,347.00,215.00,1.00,1587.00,0.00,0.00,215.00,0.00,0.00,
2016,7,5,2,2016-07-05,"AA",19805,"AA","612",14570,"RNO","Reno, NV","NV",14107,"PHX","Phoenix, AZ","AZ","0930","0923",-7.00,0.00,11.00,5.00,"1113","1058",-15.00,0.00,0.00,"",0.00,103.00,95.00,79.00,1.00,601.00,,,,,,
2016,7,5,2,2016-07-05,"AA",19805,"AA","615",10721,"BOS","Boston, MA","MA",14100,"PHL","Philadelphia, PA","PA","0500","0457",-3.00,0.00,24.00,4.00,"0621","0618",-3.00,0.00,0.00,"",0.00,81.00,81.00,53.00,1.00,280.00,,,,,,
2016,7,5,2,2016-07-05,"AA",19805,"AA","615",14100,"PHL","Philadelphia, PA","PA",14771,"SFO","San Francisco, CA","CA","0740","0736",-4.00,0.00,18.00,4.00,"1039","1032",-7.00,0.00,0.00,"",0.00,359.00,356.00,334.00,1.00,2521.00,,,,,,
2016,7,5,2,2016-07-05,"AA",19805,"AA","616",11057,"CLT","Charlotte, NC","NC",11292,"DEN","Denver, CO","CO","2020","2042",22.00,22.00,17.00,6.00,"2150","2202",12.00,12.00,0.00,"",0.00,210.00,200.00,177.00,1.00,1337.00,,,,,,
2016,7,5,2,2016-07-05,"AA",19805,"AA","616",12953,"LGA","New York, NY","NY",11057,"CLT","Charlotte, NC","NC","1710","1744",34.00,34.00,13.00,28.00,"1920","1952",32.00,32.00,0.00,"",0.00,130.00,128.00,87.00,1.00,544.00,0.00,6.00,0.00,0.00,26.00,
2016,7,5,2,2016-07-05,"AA",19805,"AA","618",11298,"DFW","Dallas/Fort Worth, TX","TX",12889,"LAS","Las Vegas, NV","NV","1635","1706",31.00,31.00,16.00,5.00,"1723","1745",22.00,22.00,0.00,"",0.00,168.00,159.00,138.00,1.00,1055.00,22.00,0.00,0.00,0.00,0.00,
2016,7,5,2,2016-07-05,"AA",19805,"AA","618",12889,"LAS","Las Vegas, NV","NV",11298,"DFW","Dallas/Fort Worth, TX","TX","1815","1825",10.00,10.00,9.00,10.00,"2253","2253",0.00,0.00,0.00,"",0.00,158.00,148.00,129.00,1.00,1055.00,,,,,,
2016,7,5,2,2016-07-05,"AA",19805,"AA","619",11057,"CLT","Charlotte, NC","NC",14771,"SFO","San Francisco, CA","CA","1955","2104",69.00,69.00,26.00,5.00,"2213","2326",73.00,73.00,0.00,"",0.00,318.00,322.00,291.00,1.00,2296.00,37.00,0.00,4.00,0.00,32.00,
2016,7,5,2,2016-07-05,"AA",19805,"AA","620",13830,"OGG","Kahului, HI","HI",14107,"PHX","Phoenix, AZ","AZ","2220","2239",19.00,19.00,9.00,5.00,"0658","0702",4.00,4.00,0.00,"",0.00,338.00,323.00,309.00,1.00,2845.00,,,,,,
2016,7,5,2,2016-07-05,"AA",19805,"AA","622",13930,"ORD","Chicago, IL","IL",11057,"CLT","Charlotte, NC","NC","1340","1335",-5.00,0.00,20.00,96.00,"1641","2235",,,0.00,"",1.00,121.00,,,1.00,599.00,,,,,,
2016,7,5,2,2016-07-05,"AA",19805,"AA","624",14747,"SEA","Seattle, WA","WA",11057,"CLT","Charlotte, NC","NC","2214","2237",23.00,23.00,22.00,7.00,"0605","0646",41.00,41.00,0.00,"",0.00,291.00,309.00,280.00,1.00,2279.00,13.00,0.00,18.00,0.00,10.00,
2016,7,5,2,2016-07-05,"AA",19805,"AA","625",14107,"PHX","Phoenix, AZ","AZ",10713,"BOI","Boise, ID","ID","0940","0937",-3.00,0.00,12.00,6.00,"1241","1229",-12.00,0.00,0.00,"",0.00,121.00,112.00,94.00,1.00,735.00,,,,,,
2016,7,5,2,2016-07-05,"AA",19805,"AA","626",11278,"DCA","Washington, DC","VA",11057,"CLT","Charlotte, NC","NC","0615","0609",-6.00,0.00,18.00,5.00,"0746","0726",-20.00,0.00,0.00,"",0.00,91.00,77.00,54.00,1.00,331.00,,,,,,
2016,7,5,2,2016-07-05,"AA",19805,"AA","627",11433,"DTW","Detroit, MI","MI",14107,"PHX","Phoenix, AZ","AZ","1750","1752",2.00,2.00,26.00,6.00,"1900","1900",0.00,0.00,0.00,"",0.00,250.00,248.00,216.00,1.00,1671.00,,,,,,
2016,7,5,2,2016-07-05,"AA",19805,"AA","627",14107,"PHX","Phoenix, AZ","AZ",13796,"OAK","Oakland, CA","CA","2005","2014",9.00,9.00,12.00,6.00,"2200","2201",1.00,1.00,0.00,"",0.00,115.00,107.00,89.00,1.00,646.00,,,,,,
2016,7,5,2,2016-07-05,"AA",19805,"AA","628",11057,"CLT","Charlotte, NC","NC",14107,"PHX","Phoenix, AZ","AZ","1300","1300",0.00,0.00,18.00,15.00,"1417","1417",0.00,0.00,0.00,"",0.00,257.00,257.00,224.00,1.00,1773.00,,,,,,
2016,7,5,2,2016-07-05,"AA",19805,"AA","628",13930,"ORD","Chicago, IL","IL",11057,"CLT","Charlotte, NC","NC","0900","0857",-3.00,0.00,22.00,10.00,"1158","1153",-5.00,0.00,0.00,"",0.00,118.00,116.00,84.00,1.00,599.00,,,,,,
2016,7,5,2,2016-07-05,"AA",19805,"AA","630",12173,"HNL","Honolulu, HI","HI",14107,"PHX","Phoenix, AZ","AZ","2125","2122",-3.00,0.00,18.00,7.00,"0619","0604",-15.00,0.00,0.00,"",0.00,354.00,342.00,317.00,1.00,2917.00,,,,,,
2016,7,5,2,2016-07-05,"AA",19805,"AA","631",12173,"HNL","Honolulu, HI","HI",14107,"PHX","Phoenix, AZ","AZ","2110","2118",8.00,8.00,15.00,6.00,"0604","0555",-9.00,0.00,0.00,"",0.00,354.00,337.00,316.00,1.00,2917.00,,,,,,
2016,7,5,2,2016-07-05,"AA",19805,"AA","633",14107,"PHX","Phoenix, AZ","AZ",13830,"OGG","Kahului, HI","HI","1355","1350",-5.00,0.00,23.00,9.00,"1723","1726",3.00,3.00,0.00,"",0.00,388.00,396.00,364.00,1.00,2845.00,,,,,,
2016,7,5,2,2016-07-05,"AA",19805,"AA","634",14107,"PHX","Phoenix, AZ","AZ",14122,"PIT","Pittsburgh, PA","PA","1604","1559",-5.00,0.00,10.00,4.00,"2259","2249",-10.00,0.00,0.00,"",0.00,235.00,230.00,216.00,1.00,1814.00,,,,,,
2016,7,5,2,2016-07-05,"AA",19805,"AA","635",12892,"LAX","Los Angeles, CA","CA",10693,"BNA","Nashville, TN","TN","1820","1814",-6.00,0.00,17.00,7.00,"0029","0009",-20.00,0.00,0.00,"",0.00,249.00,235.00,211.00,1.00,1797.00,,,,,,
2016,7,5,2,2016-07-05,"AA",19805,"AA","636",13487,"MSP","Minneapolis, MN","MN",14107,"PHX","Phoenix, AZ","AZ","1440","1435",-5.00,0.00,13.00,4.00,"1553","1540",-13.00,0.00,0.00,"",0.00,193.00,185.00,168.00,1.00,1276.00,,,,,,
2016,7,5,2,2016-07-05,"AA",19805,"AA","636",14107,"PHX","Phoenix, AZ","AZ",12889,"LAS","Las Vegas, NV","NV","1700","1651",-9.00,0.00,14.00,6.00,"1805","1751",-14.00,0.00,0.00,"",0.00,65.00,60.00,40.00,1.00,255.00,,,,,,
2016,7,5,2,2016-07-05,"AA",19805,"AA","637",11057,"CLT","Charlotte, NC","NC",12889,"LAS","Las Vegas, NV","NV","1650","1814",84.00,84.00,16.00,8.00,"1830","1938",68.00,68.00,0.00,"",0.00,280.00,264.00,240.00,1.00,1916.00,0.00,68.00,0.00,0.00,0.00,
2016,7,5,2,2016-07-05,"AA",19805,"AA","637",13204,"MCO","Orlando, FL","FL",11057,"CLT","Charlotte, NC","NC","1406","1410",4.00,4.00,23.00,5.00,"1555","1551",-4.00,0.00,0.00,"",0.00,109.00,101.00,73.00,1.00,468.00,,,,,,
2016,7,5,2,2016-07-05,"AA",19805,"AA","638",11433,"DTW","Detroit, MI","MI",14107,"PHX","Phoenix, AZ","AZ","1125","1124",-1.00,0.00,17.00,13.00,"1229","1227",-2.00,0.00,0.00,"",0.00,244.00,243.00,213.00,1.00,1671.00,,,,,,
2016,7,5,2,2016-07-05,"AA",19805,"AA","638",14107,"PHX","Phoenix, AZ","AZ",14831,"SJC","San Jose, CA","CA","1332","1325",-7.00,0.00,14.00,4.00,"1518","1510",-8.00,0.00,0.00,"",0.00,106.00,105.00,87.00,1.00,621.00,,,,,,
2016,7,5,2,2016-07-05,"AA",19805,"AA","639",11298,"DFW","Dallas/Fort Worth, TX","TX",14107,"PHX","Phoenix, AZ","AZ","1215","1231",16.00,16.00,50.00,10.00,"1241","1332",51.00,51.00,0.00,"",0.00,146.00,181.00,121.00,1.00,868.00,0.00,0.00,51.00,0.00,0.00,
2016,7,5,2,2016-07-05,"AA",19805,"AA","639",14107,"PHX","Phoenix, AZ","AZ",14679,"SAN","San Diego, CA","CA","1355","1420",25.00,25.00,10.00,4.00,"1505","1520",15.00,15.00,0.00,"",0.00,70.00,60.00,46.00,1.00,304.00,15.00,0.00,0.00,0.00,0.00,
2016,7,5,2,2016-07-05,"AA",19805,"AA","639",14679,"SAN","San Diego, CA","CA",11298,"DFW","Dallas/Fort Worth, TX","TX","1605","1609",4.00,4.00,13.00,11.00,"2105","2057",-8.00,0.00,0.00,"",0.00,180.00,168.00,144.00,1.00,1171.00,,,,,,
2016,7,5,2,2016-07-05,"AA",19805,"AA","640",14107,"PHX","Phoenix, AZ","AZ",12892,"LAX","Los Angeles, CA","CA","2000","2013",13.00,13.00,26.00,13.00,"2135","2148",13.00,13.00,0.00,"",0.00,95.00,95.00,56.00,1.00,370.00,,,,,,
2016,7,5,2,2016-07-05,"AA",19805,"AA","642",11292,"DEN","Denver, CO","CO",14107,"PHX","Phoenix, AZ","AZ","1829","1824",-5.00,0.00,9.00,5.00,"1920","1908",-12.00,0.00,0.00,"",0.00,111.00,104.00,90.00,1.00,602.00,,,,,,
2016,7,5,2,2016-07-05,"AA",19805,"AA","642",14107,"PHX","Phoenix, AZ","AZ",11292,"DEN","Denver, CO","CO","1455","1457",2.00,2.00,14.00,6.00,"1740","1734",-6.00,0.00,0.00,"",0.00,105.00,97.00,77.00,1.00,602.00,,,,,,
2016,7,5,2,2016-07-05,"AA",19805,"AA","643",11057,"CLT","Charlotte, NC","NC",12889,"LAS","Las Vegas, NV","NV","2009","2055",46.00,46.00,15.00,8.00,"2145","2217",32.00,32.00,0.00,"",0.00,276.00,262.00,239.00,1.00,1916.00,32.00,0.00,0.00,0.00,0.00,
2016,7,5,2,2016-07-05,"AA",19805,"AA","644",13342,"MKE","Milwaukee, WI","WI",14107,"PHX","Phoenix, AZ","AZ","1620","1615",-5.00,0.00,18.00,8.00,"1758","1756",-2.00,0.00,0.00,"",0.00,218.00,221.00,195.00,1.00,1460.00,,,,,,
2016,7,5,2,2016-07-05,"AA",19805,"AA","646",14107,"PHX","Phoenix, AZ","AZ",10721,"BOS","Boston, MA","MA","0905","0855",-10.00,0.00,24.00,9.00,"1712","1651",-21.00,0.00,0.00,"",0.00,307.00,296.00,263.00,1.00,2300.00,,,,,,
2016,7,5,2,2016-07-05,"AA",19805,"AA","647",14100,"PHL","Philadelphia, PA","PA",14107,"PHX","Phoenix, AZ","AZ","0710","0705",-5.00,0.00,9.00,9.00,"0906","0858",-8.00,0.00,0.00,"",0.00,296.00,293.00,275.00,1.00,2075.00,,,,,,
2016,7,5,2,2016-07-05,"AA",19805,"AA","647",14107,"PHX","Phoenix, AZ","AZ",13891,"ONT","Ontario, CA","CA","1006","0959",-7.00,0.00,15.00,5.00,"1123","1110",-13.00,0.00,0.00,"",0.00,77.00,71.00,51.00,1.00,325.00,,,,,,
2016,7,5,2,2016-07-05,"AA",19805,"AA","648",14679,"SAN","San Diego, CA","CA",14100,"PHL","Philadelphia, PA","PA","2205","2227",22.00,22.00,28.00,4.00,"0609","0634",25.00,25.00,0.00,"",0.00,304.00,307.00,275.00,1.00,2370.00,22.00,0.00,3.00,0.00,0.00,
2016,7,5,2,2016-07-05,"AA",19805,"AA","649",14107,"PHX","Phoenix, AZ","AZ",11298,"DFW","Dallas/Fort Worth, TX","TX","0859","0855",-4.00,0.00,28.00,11.00,"1335","1343",8.00,8.00,0.00,"",0.00,156.00,168.00,129.00,1.00,868.00,,,,,,
2016,7,5,2,2016-07-05,"AA",19805,"AA","649",14771,"SFO","San Francisco, CA","CA",14107,"PHX","Phoenix, AZ","AZ","0600","0552",-8.00,0.00,9.00,8.00,"0800","0737",-23.00,0.00,0.00,"",0.00,120.00,105.00,88.00,1.00,651.00,,,,,,
2016,7,5,2,2016-07-05,"AA",19805,"AA","650",12892,"LAX","Los Angeles, CA","CA",14100,"PHL","Philadelphia, PA","PA","2200","2208",8.00,8.00,14.00,4.00,"0617","0610",-7.00,0.00,0.00,"",0.00,317.00,302.00,284.00,1.00,2402.00,,,,,,
2016,7,5,2,2016-07-05,"AA",19805,"AA","651",11057,"CLT","Charlotte, NC","NC",11292,"DEN","Denver, CO","CO","1820","2049",149.00,149.00,19.00,5.00,"1954","2207",133.00,133.00,0.00,"",0.00,214.00,198.00,174.00,1.00,1337.00,19.00,0.00,0.00,0.00,114.00,
2016,7,5,2,2016-07-05,"AA",19805,"AA","651",13204,"MCO","Orlando, FL","FL",11057,"CLT","Charlotte, NC","NC","1535","1538",3.00,3.00,137.00,12.00,"1725","1933",128.00,128.00,0.00,"",0.00,110.00,235.00,86.00,1.00,468.00,0.00,0.00,128.00,0.00,0.00,
2016,7,5,2,2016-07-05,"AA",19805,"AA","652",14107,"PHX","Phoenix, AZ","AZ",15016,"STL","St. Louis, MO","MO","0846","0838",-8.00,0.00,16.00,3.00,"1349","1323",-26.00,0.00,0.00,"",0.00,183.00,165.00,146.00,1.00,1262.00,,,,,,
2016,7,5,2,2016-07-05,"AA",19805,"AA","652",14869,"SLC","Salt Lake City, UT","UT",14107,"PHX","Phoenix, AZ","AZ","0710","0704",-6.00,0.00,12.00,7.00,"0745","0730",-15.00,0.00,0.00,"",0.00,95.00,86.00,67.00,1.00,507.00,,,,,,
2016,7,5,2,2016-07-05,"AA",19805,"AA","653",10299,"ANC","Anchorage, AK","AK",12892,"LAX","Los Angeles, CA","CA","2335","2333",-2.00,0.00,11.00,14.00,"0610","0536",-34.00,0.00,0.00,"",0.00,335.00,303.00,278.00,1.00,2345.00,,,,,,
2016,7,5,2,2016-07-05,"AA",19805,"AA","653",10397,"ATL","Atlanta, GA","GA",11057,"CLT","Charlotte, NC","NC","1040","1038",-2.00,0.00,18.00,8.00,"1157","1154",-3.00,0.00,0.00,"",0.00,77.00,76.00,50.00,1.00,226.00,,,,,,
2016,7,5,2,2016-07-05,"AA",19805,"AA","653",10423,"AUS","Austin, TX","TX",14107,"PHX","Phoenix, AZ","AZ","1530","1523",-7.00,0.00,8.00,9.00,"1547","1536",-11.00,0.00,0.00,"",0.00,137.00,133.00,116.00,1.00,872.00,,,,,,
2016,7,5,2,2016-07-05,"AA",19805,"AA","653",11057,"CLT","Charlotte, NC","NC",10423,"AUS","Austin, TX","TX","1255","1254",-1.00,0.00,8.00,7.00,"1434","1426",-8.00,0.00,0.00,"",0.00,159.00,152.00,137.00,1.00,1032.00,,,,,,
2016,7,5,2,2016-07-05,"AA",19805,"AA","653",14107,"PHX","Phoenix, AZ","AZ",10299,"ANC","Anchorage, AK","AK","1715","1714",-1.00,0.00,16.00,4.00,"2151","2156",5.00,5.00,0.00,"",0.00,336.00,342.00,322.00,1.00,2552.00,,,,,,
2016,7,5,2,2016-07-05,"AA",19805,"AA","654",12889,"LAS","Las Vegas, NV","NV",14100,"PHL","Philadelphia, PA","PA","1405","1540",95.00,95.00,17.00,4.00,"2150","2312",82.00,82.00,0.00,"",0.00,285.00,272.00,251.00,1.00,2176.00,7.00,0.00,0.00,0.00,75.00,
2016,7,5,2,2016-07-05,"AA",19805,"AA","655",14635,"RSW","Fort Myers, FL","FL",11057,"CLT","Charlotte, NC","NC","1310","1305",-5.00,0.00,11.00,17.00,"1505","1500",-5.00,0.00,0.00,"",0.00,115.00,115.00,87.00,1.00,600.00,,,,,,
2016,7,5,2,2016-07-05,"AA",19805,"AA","656",13204,"MCO","Orlando, FL","FL",14100,"PHL","Philadelphia, PA","PA","0620","0612",-8.00,0.00,17.00,10.00,"0844","0838",-6.00,0.00,0.00,"",0.00,144.00,146.00,119.00,1.00,861.00,,,,,,
2016,7,5,2,2016-07-05,"AA",19805,"AA","656",14100,"PHL","Philadelphia, PA","PA",14771,"SFO","San Francisco, CA","CA","1025","1019",-6.00,0.00,15.00,8.00,"1328","1305",-23.00,0.00,0.00,"",0.00,363.00,346.00,323.00,1.00,2521.00,,,,,,
2016,7,5,2,2016-07-05,"AA",19805,"AA","657",11057,"CLT","Charlotte, NC","NC",12266,"IAH","Houston, TX","TX","1320","1332",12.00,12.00,13.00,4.00,"1452","1458",6.00,6.00,0.00,"",0.00,152.00,146.00,129.00,1.00,912.00,,,,,,
2016,7,5,2,2016-07-05,"AA",19805,"AA","657",14307,"PVD","Providence, RI","RI",11057,"CLT","Charlotte, NC","NC","1015","1018",3.00,3.00,10.00,7.00,"1228","1219",-9.00,0.00,0.00,"",0.00,133.00,121.00,104.00,1.00,683.00,,,,,,
2016,7,5,2,2016-07-05,"AA",19805,"AA","658",11057,"CLT","Charlotte, NC","NC",12889,"LAS","Las Vegas, NV","NV","0800","0754",-6.00,0.00,28.00,6.00,"0942","0933",-9.00,0.00,0.00,"",0.00,282.00,279.00,245.00,1.00,1916.00,,,,,,
2016,7,5,2,2016-07-05,"AA",19805,"AA","659",11066,"CMH","Columbus, OH","OH",12892,"LAX","Los Angeles, CA","CA","1655","1656",1.00,1.00,12.00,17.00,"1840","1839",-1.00,0.00,0.00,"",0.00,285.00,283.00,254.00,1.00,1995.00,,,,,,
2016,7,5,2,2016-07-05,"AA",19805,"AA","660",12892,"LAX","Los Angeles, CA","CA",14100,"PHL","Philadelphia, PA","PA","1105","1126",21.00,21.00,37.00,7.00,"1925","1957",32.00,32.00,0.00,"",0.00,320.00,331.00,287.00,1.00,2402.00,0.00,0.00,11.00,0.00,21.00,
2016,7,5,2,2016-07-05,"AA",19805,"AA","662",11057,"CLT","Charlotte, NC","NC",14771,"SFO","San Francisco, CA","CA","0730","",,,,,"0950","",,,1.00,"A",0.00,320.00,,,1.00,2296.00,,,,,,
2016,7,5,2,2016-07-05,"AA",19805,"AA","663",14107,"PHX","Phoenix, AZ","AZ",12758,"KOA","Kona, HI","HI","1040","1043",3.00,3.00,20.00,3.00,"1405","1409",4.00,4.00,0.00,"",0.00,385.00,386.00,363.00,1.00,2860.00,,,,,,
2016,7,5,2,2016-07-05,"AA",19805,"AA","664",12758,"KOA","Kona, HI","HI",14107,"PHX","Phoenix, AZ","AZ","2250","2248",-2.00,0.00,11.00,3.00,"0732","0713",-19.00,0.00,0.00,"",0.00,342.00,325.00,311.00,1.00,2860.00,,,,,,
2016,7,5,2,2016-07-05,"AA",19805,"AA","665",14107,"PHX","Phoenix, AZ","AZ",11066,"CMH","Columbus, OH","OH","0844","0836",-8.00,0.00,23.00,5.00,"1532","1522",-10.00,0.00,0.00,"",0.00,228.00,226.00,198.00,1.00,1670.00,,,,,,
2016,7,5,2,2016-07-05,"AA",19805,"AA","665",14570,"RNO","Reno, NV","NV",14107,"PHX","Phoenix, AZ","AZ","0605","0602",-3.00,0.00,11.00,4.00,"0748","0748",0.00,0.00,0.00,"",0.00,103.00,106.00,91.00,1.00,601.00,,,,,,
2016,7,5,2,2016-07-05,"AA",19805,"AA","668",14100,"PHL","Philadelphia, PA","PA",11292,"DEN","Denver, CO","CO","2100","2100",0.00,0.00,21.00,9.00,"2309","2256",-13.00,0.00,0.00,"",0.00,249.00,236.00,206.00,1.00,1558.00,,,,,,
2016,7,5,2,2016-07-05,"AA",19805,"AA","669",11292,"DEN","Denver, CO","CO",14100,"PHL","Philadelphia, PA","PA","0030","0042",12.00,12.00,16.00,5.00,"0556","0605",9.00,9.00,0.00,"",0.00,206.00,203.00,182.00,1.00,1558.00,,,,,,
2016,7,5,2,2016-07-05,"AA",19805,"AA","670",11298,"DFW","Dallas/Fort Worth, TX","TX",12889,"LAS","Las Vegas, NV","NV","1240","1236",-4.00,0.00,38.00,7.00,"1332","1343",11.00,11.00,0.00,"",0.00,172.00,187.00,142.00,1.00,1055.00,,,,,,
2016,7,5,2,2016-07-05,"AA",19805,"AA","670",12889,"LAS","Las Vegas, NV","NV",11298,"DFW","Dallas/Fort Worth, TX","TX","1435","1436",1.00,1.00,14.00,11.00,"1923","1911",-12.00,0.00,0.00,"",0.00,168.00,155.00,130.00,1.00,1055.00,,,,,,
2016,7,5,2,2016-07-05,"AA",19805,"AA","672",12889,"LAS","Las Vegas, NV","NV",11298,"DFW","Dallas/Fort Worth, TX","TX","0615","0611",-4.00,0.00,15.00,20.00,"1059","1105",6.00,6.00,0.00,"",0.00,164.00,174.00,139.00,1.00,1055.00,,,,,,
2016,7,5,2,2016-07-05,"AA",19805,"AA","673",10821,"BWI","Baltimore, MD","MD",11057,"CLT","Charlotte, NC","NC","1535","1806",151.00,151.00,26.00,6.00,"1706","1941",155.00,155.00,0.00,"",0.00,91.00,95.00,63.00,1.00,361.00,0.00,0.00,155.00,0.00,0.00,
2016,7,5,2,2016-07-05,"AA",19805,"AA","673",11057,"CLT","Charlotte, NC","NC",12266,"IAH","Houston, TX","TX","1759","2234",275.00,275.00,21.00,8.00,"1927","0001",274.00,274.00,0.00,"",0.00,148.00,147.00,118.00,1.00,912.00,128.00,0.00,0.00,0.00,146.00,
2016,7,5,2,2016-07-05,"AA",19805,"AA","674",14100,"PHL","Philadelphia, PA","PA",14679,"SAN","San Diego, CA","CA","0755","0748",-7.00,0.00,41.00,5.00,"1027","1033",6.00,6.00,0.00,"",0.00,332.00,345.00,299.00,1.00,2370.00,,,,,,
2016,7,5,2,2016-07-05,"AA",19805,"AA","675",14100,"PHL","Philadelphia, PA","PA",11298,"DFW","Dallas/Fort Worth, TX","TX","1800","1809",9.00,9.00,26.00,15.00,"2039","2041",2.00,2.00,0.00,"",0.00,219.00,212.00,171.00,1.00,1303.00,,,,,,
2016,7,5,2,2016-07-05,"AA",19805,"AA","676",12892,"LAX","Los Angeles, CA","CA",10299,"ANC","Anchorage, AK","AK","1937","1942",5.00,5.00,17.00,5.00,"0020","0005",-15.00,0.00,0.00,"",0.00,343.00,323.00,301.00,1.00,2345.00,,,,,,
2016,7,5,2,2016-07-05,"AA",19805,"AA","677",12889,"LAS","Las Vegas, NV","NV",14100,"PHL","Philadelphia, PA","PA","0655","0648",-7.00,0.00,16.00,5.00,"1434","1420",-14.00,0.00,0.00,"",0.00,279.00,272.00,251.00,1.00,2176.00,,,,,,
2016,7,5,2,2016-07-05,"AA",19805,"AA","678",11057,"CLT","Charlotte, NC","NC",12892,"LAX","Los Angeles, CA","CA","1805","",,,,,"2014","",,,1.00,"A",0.00,309.00,,,1.00,2125.00,,,,,,
2016,7,5,2,2016-07-05,"AA",19805,"AA","679",10721,"BOS","Boston, MA","MA",11057,"CLT","Charlotte, NC","NC","0755","0751",-4.00,0.00,17.00,7.00,"1023","1005",-18.00,0.00,0.00,"",0.00,148.00,134.00,110.00,1.00,728.00,,,,,,
2016,7,5,2,2016-07-05,"AA",19805,"AA","679",11057,"CLT","Charlotte, NC","NC",14107,"PHX","Phoenix, AZ","AZ","1125","1125",0.00,0.00,18.00,8.00,"1240","1244",4.00,4.00,0.00,"",0.00,255.00,259.00,233.00,1.00,1773.00,,,,,,
2016,7,5,2,2016-07-05,"AA",19805,"AA","680",14107,"PHX","Phoenix, AZ","AZ",11278,"DCA","Washington, DC","VA","1240","1237",-3.00,0.00,11.00,2.00,"2003","1942",-21.00,0.00,0.00,"",0.00,263.00,245.00,232.00,1.00,1979.00,,,,,,
2016,7,5,2,2016-07-05,"AA",19805,"AA","683",13495,"MSY","New Orleans, LA","LA",14100,"PHL","Philadelphia, PA","PA","1310","1306",-4.00,0.00,11.00,3.00,"1704","1650",-14.00,0.00,0.00,"",0.00,174.00,164.00,150.00,1.00,1089.00,,,,,,
2016,7,5,2,2016-07-05,"AA",19805,"AA","683",14100,"PHL","Philadelphia, PA","PA",13495,"MSY","New Orleans, LA","LA","1005","1002",-3.00,0.00,20.00,3.00,"1213","1157",-16.00,0.00,0.00,"",0.00,188.00,175.00,152.00,1.00,1089.00,,,,,,
2016,7,5,2,2016-07-05,"AA",19805,"AA","684",14107,"PHX","Phoenix, AZ","AZ",12982,"LIH","Lihue, HI","HI","1015","1030",15.00,15.00,16.00,3.00,"1401","1400",-1.00,0.00,0.00,"",0.00,406.00,390.00,371.00,1.00,2979.00,,,,,,
2016,7,5,2,2016-07-05,"AA",19805,"AA","686",11057,"CLT","Charlotte, NC","NC",14107,"PHX","Phoenix, AZ","AZ","1435","1513",38.00,38.00,20.00,5.00,"1551","1622",31.00,31.00,0.00,"",0.00,256.00,249.00,224.00,1.00,1773.00,0.00,0.00,0.00,0.00,31.00,
2016,7,5,2,2016-07-05,"AA",19805,"AA","686",13204,"MCO","Orlando, FL","FL",11057,"CLT","Charlotte, NC","NC","1155","1245",50.00,50.00,12.00,7.00,"1335","1419",44.00,44.00,0.00,"",0.00,100.00,94.00,75.00,1.00,468.00,44.00,0.00,0.00,0.00,0.00,
2016,7,5,2,2016-07-05,"AA",19805,"AA","686",14107,"PHX","Phoenix, AZ","AZ",14771,"SFO","San Francisco, CA","CA","1705","1717",12.00,12.00,15.00,5.00,"1901","1914",13.00,13.00,0.00,"",0.00,116.00,117.00,97.00,1.00,651.00,,,,,,
2016,7,5,2,2016-07-05,"AA",19805,"AA","687",12892,"LAX","Los Angeles, CA","CA",11057,"CLT","Charlotte, NC","NC","0600","0612",12.00,12.00,14.00,9.00,"1352","1342",-10.00,0.00,0.00,"",0.00,292.00,270.00,247.00,1.00,2125.00,,,,,,
2016,7,5,2,2016-07-05,"AA",19805,"AA","688",12892,"LAX","Los Angeles, CA","CA",14100,"PHL","Philadelphia, PA","PA","2359","2356",-3.00,0.00,22.00,6.00,"0819","0814",-5.00,0.00,0.00,"",0.00,320.00,318.00,290.00,1.00,2402.00,,,,,,
2016,7,5,2,2016-07-05,"AA",19805,"AA","689",14100,"PHL","Philadelphia, PA","PA",12889,"LAS","Las Vegas, NV","NV","1010","1008",-2.00,0.00,17.00,6.00,"1233","1208",-25.00,0.00,0.00,"",0.00,323.00,300.00,277.00,1.00,2176.00,,,,,,
2016,7,5,2,2016-07-05,"AA",19805,"AA","690",14107,"PHX","Phoenix, AZ","AZ",12173,"HNL","Honolulu, HI","HI","1100","1100",0.00,0.00,16.00,5.00,"1433","1440",7.00,7.00,0.00,"",0.00,393.00,400.00,379.00,1.00,2917.00,,,,,,
2016,7,5,2,2016-07-05,"AA",19805,"AA","691",11057,"CLT","Charlotte, NC","NC",13204,"MCO","Orlando, FL","FL","1305","1303",-2.00,0.00,12.00,9.00,"1441","1429",-12.00,0.00,0.00,"",0.00,96.00,86.00,65.00,1.00,468.00,,,,,,
2016,7,5,2,2016-07-05,"AA",19805,"AA","691",14107,"PHX","Phoenix, AZ","AZ",11057,"CLT","Charlotte, NC","NC","0505","0458",-7.00,0.00,13.00,10.00,"1209","1148",-21.00,0.00,0.00,"",0.00,244.00,230.00,207.00,1.00,1773.00,,,,,,
2016,7,5,2,2016-07-05,"AA",19805,"AA","692",14107,"PHX","Phoenix, AZ","AZ",12173,"HNL","Honolulu, HI","HI","1035","1031",-4.00,0.00,14.00,7.00,"1415","1356",-19.00,0.00,0.00,"",0.00,400.00,385.00,364.00,1.00,2917.00,,,,,,
2016,7,5,2,2016-07-05,"AA",19805,"AA","693",12173,"HNL","Honolulu, HI","HI",14107,"PHX","Phoenix, AZ","AZ","2225","2219",-6.00,0.00,21.00,6.00,"0718","0659",-19.00,0.00,0.00,"",0.00,353.00,340.00,313.00,1.00,2917.00,,,,,,
2016,7,5,2,2016-07-05,"AA",19805,"AA","694",14107,"PHX","Phoenix, AZ","AZ",12173,"HNL","Honolulu, HI","HI","1410","1405",-5.00,0.00,22.00,2.00,"1742","1748",6.00,6.00,0.00,"",0.00,392.00,403.00,379.00,1.00,2917.00,,,,,,
2016,7,5,2,2016-07-05,"AA",19805,"AA","695",11292,"DEN","Denver, CO","CO",14100,"PHL","Philadelphia, PA","PA","0705","0659",-6.00,0.00,17.00,6.00,"1236","1229",-7.00,0.00,0.00,"",0.00,211.00,210.00,187.00,1.00,1558.00,,,,,,
2016,7,5,2,2016-07-05,"AA",19805,"AA","695",14100,"PHL","Philadelphia, PA","PA",14107,"PHX","Phoenix, AZ","AZ","1405","1405",0.00,0.00,19.00,6.00,"1603","1546",-17.00,0.00,0.00,"",0.00,298.00,281.00,256.00,1.00,2075.00,,,,,,
2016,7,5,2,2016-07-05,"AA",19805,"AA","695",14107,"PHX","Phoenix, AZ","AZ",12892,"LAX","Los Angeles, CA","CA","1715","1714",-1.00,0.00,9.00,23.00,"1843","1842",-1.00,0.00,0.00,"",0.00,88.00,88.00,56.00,1.00,370.00,,,,,,
2016,7,5,2,2016-07-05,"AA",19805,"AA","696",12892,"LAX","Los Angeles, CA","CA",11057,"CLT","Charlotte, NC","NC","2240","2241",1.00,1.00,39.00,5.00,"0635","0627",-8.00,0.00,0.00,"",0.00,295.00,286.00,242.00,1.00,2125.00,,,,,,
2016,7,5,2,2016-07-05,"AA",19805,"AA","697",12982,"LIH","Lihue, HI","HI",14107,"PHX","Phoenix, AZ","AZ","2210","2155",-15.00,0.00,18.00,4.00,"0707","0642",-25.00,0.00,0.00,"",0.00,357.00,347.00,325.00,1.00,2979.00,,,,,,
2016,7,5,2,2016-07-05,"AA",19805,"AA","698",11298,"DFW","Dallas/Fort Worth, TX","TX",14679,"SAN","San Diego, CA","CA","1100","1053",-7.00,0.00,72.00,4.00,"1157","1250",53.00,53.00,0.00,"",0.00,177.00,237.00,161.00,1.00,1171.00,0.00,0.00,53.00,0.00,0.00,
2016,7,5,2,2016-07-05,"AA",19805,"AA","698",13204,"MCO","Orlando, FL","FL",11298,"DFW","Dallas/Fort Worth, TX","TX","0730","0724",-6.00,0.00,14.00,6.00,"0913","0849",-24.00,0.00,0.00,"",0.00,163.00,145.00,125.00,1.00,985.00,,,,,,
2016,7,5,2,2016-07-05,"AA",19805,"AA","699",14831,"SJC","San Jose, CA","CA",14107,"PHX","Phoenix, AZ","AZ","1910","1902",-8.00,0.00,10.00,7.00,"2101","2051",-10.00,0.00,0.00,"",0.00,111.00,109.00,92.00,1.00,621.00,,,,,,
2016,7,5,2,2016-07-05,"AA",19805,"AA","700",12892,"LAX","Los Angeles, CA","CA",14100,"PHL","Philadelphia, PA","PA","0620","0618",-2.00,0.00,26.00,5.00,"1437","1427",-10.00,0.00,0.00,"",0.00,317.00,309.00,278.00,1.00,2402.00,,,,,,
2016,7,5,2,2016-07-05,"AA",19805,"AA","701",14100,"PHL","Philadelphia, PA","PA",12892,"LAX","Los Angeles, CA","CA","1605","1606",1.00,1.00,22.00,9.00,"1857","1841",-16.00,0.00,0.00,"",0.00,352.00,335.00,304.00,1.00,2402.00,,,,,,
2016,7,5,2,2016-07-05,"AA",19805,"AA","702",11298,"DFW","Dallas/Fort Worth, TX","TX",14100,"PHL","Philadelphia, PA","PA","1245","1238",-7.00,0.00,25.00,5.00,"1705","1658",-7.00,0.00,0.00,"",0.00,200.00,200.00,170.00,1.00,1303.00,,,,,,
2016,7,5,2,2016-07-05,"AA",19805,"AA","703",10721,"BOS","Boston, MA","MA",11057,"CLT","Charlotte, NC","NC","1435","1435",0.00,0.00,23.00,20.00,"1700","2028",,,0.00,"",1.00,145.00,,,1.00,728.00,,,,,,
2016,7,5,2,2016-07-05,"AA",19805,"AA","703",11057,"CLT","Charlotte, NC","NC",10821,"BWI","Baltimore, MD","MD","1759","2156",237.00,237.00,14.00,7.00,"1924","2309",225.00,225.00,0.00,"",0.00,85.00,73.00,52.00,1.00,361.00,36.00,0.00,0.00,0.00,189.00,
2016,7,5,2,2016-07-05,"AA",19805,"AA","704",14771,"SFO","San Francisco, CA","CA",11057,"CLT","Charlotte, NC","NC","0635","0627",-8.00,0.00,29.00,22.00,"1437","1442",5.00,5.00,0.00,"",0.00,302.00,315.00,264.00,1.00,2296.00,,,,,,
2016,7,5,2,2016-07-05,"AA",19805,"AA","705",11057,"CLT","Charlotte, NC","NC",14771,"SFO","San Francisco, CA","CA","1620","2041",261.00,261.00,13.00,7.00,"1845","2247",242.00,242.00,0.00,"",0.00,325.00,306.00,286.00,1.00,2296.00,0.00,242.00,0.00,0.00,0.00,
2016,7,5,2,2016-07-05,"AA",19805,"AA","706",12339,"IND","Indianapolis, IN","IN",14107,"PHX","Phoenix, AZ","AZ","1820","1815",-5.00,0.00,11.00,12.00,"1900","1848",-12.00,0.00,0.00,"",0.00,220.00,213.00,190.00,1.00,1488.00,,,,,,
2016,7,5,2,2016-07-05,"AA",19805,"AA","706",12892,"LAX","Los Angeles, CA","CA",12339,"IND","Indianapolis, IN","IN","0945","0943",-2.00,0.00,17.00,6.00,"1659","1639",-20.00,0.00,0.00,"",0.00,254.00,236.00,213.00,1.00,1814.00,,,,,,
2016,7,5,2,2016-07-05,"AA",19805,"AA","707",14100,"PHL","Philadelphia, PA","PA",14107,"PHX","Phoenix, AZ","AZ","0810","0819",9.00,9.00,17.00,4.00,"1012","0951",-21.00,0.00,0.00,"",0.00,302.00,272.00,251.00,1.00,2075.00,,,,,,
2016,7,5,2,2016-07-05,"AA",19805,"AA","708",14100,"PHL","Philadelphia, PA","PA",13930,"ORD","Chicago, IL","IL","0505","0455",-10.00,0.00,17.00,6.00,"0616","0558",-18.00,0.00,0.00,"",0.00,131.00,123.00,100.00,1.00,678.00,,,,,,
2016,7,5,2,2016-07-05,"AA",19805,"AA","709",14100,"PHL","Philadelphia, PA","PA",14771,"SFO","San Francisco, CA","CA","2025","2024",-1.00,0.00,14.00,6.00,"2319","2307",-12.00,0.00,0.00,"",0.00,354.00,343.00,323.00,1.00,2521.00,,,,,,
2016,7,5,2,2016-07-05,"AA",19805,"AA","710",14107,"PHX","Phoenix, AZ","AZ",13930,"ORD","Chicago, IL","IL","1030","1043",13.00,13.00,16.00,10.00,"1611","1603",-8.00,0.00,0.00,"",0.00,221.00,200.00,174.00,1.00,1440.00,,,,,,
2016,7,5,2,2016-07-05,"AA",19805,"AA","711",13930,"ORD","Chicago, IL","IL",14107,"PHX","Phoenix, AZ","AZ","1408","1406",-2.00,0.00,26.00,6.00,"1553","1544",-9.00,0.00,0.00,"",0.00,225.00,218.00,186.00,1.00,1440.00,,,,,,
2016,7,5,2,2016-07-05,"AA",19805,"AA","712",15304,"TPA","Tampa, FL","FL",11278,"DCA","Washington, DC","VA","0847","0840",-7.00,0.00,11.00,5.00,"1100","1043",-17.00,0.00,0.00,"",0.00,133.00,123.00,107.00,1.00,814.00,,,,,,
2016,7,5,2,2016-07-05,"AA",19805,"AA","713",10721,"BOS","Boston, MA","MA",11057,"CLT","Charlotte, NC","NC","0605","0601",-4.00,0.00,19.00,11.00,"0824","0812",-12.00,0.00,0.00,"",0.00,139.00,131.00,101.00,1.00,728.00,,,,,,
2016,7,5,2,2016-07-05,"AA",19805,"AA","713",11057,"CLT","Charlotte, NC","NC",13487,"MSP","Minneapolis, MN","MN","0920","0915",-5.00,0.00,18.00,5.00,"1101","1046",-15.00,0.00,0.00,"",0.00,161.00,151.00,128.00,1.00,930.00,,,,,,
2016,7,5,2,2016-07-05,"AA",19805,"AA","714",10721,"BOS","Boston, MA","MA",14100,"PHL","Philadelphia, PA","PA","1615","1707",52.00,52.00,10.00,6.00,"1747","1816",29.00,29.00,0.00,"",0.00,92.00,69.00,53.00,1.00,280.00,0.00,0.00,0.00,0.00,29.00,
2016,7,5,2,2016-07-05,"AA",19805,"AA","715",14100,"PHL","Philadelphia, PA","PA",10721,"BOS","Boston, MA","MA","1745","1742",-3.00,0.00,13.00,10.00,"1908","1852",-16.00,0.00,0.00,"",0.00,83.00,70.00,47.00,1.00,280.00,,,,,,
2016,7,5,2,2016-07-05,"AA",19805,"AA","716",12892,"LAX","Los Angeles, CA","CA",14100,"PHL","Philadelphia, PA","PA","0835","0835",0.00,0.00,25.00,4.00,"1659","1642",-17.00,0.00,0.00,"",0.00,324.00,307.00,278.00,1.00,2402.00,,,,,,
2016,7,5,2,2016-07-05,"AA",19805,"AA","717",14100,"PHL","Philadelphia, PA","PA",12892,"LAX","Los Angeles, CA","CA","2035","2029",-6.00,0.00,15.00,31.00,"2322","2308",-14.00,0.00,0.00,"",0.00,347.00,339.00,293.00,1.00,2402.00,,,,,,
2016,7,5,2,2016-07-05,"AA",19805,"AA","718",10397,"ATL","Atlanta, GA","GA",14100,"PHL","Philadelphia, PA","PA","1440","1531",51.00,51.00,32.00,3.00,"1642","1739",57.00,57.00,0.00,"",0.00,122.00,128.00,93.00,1.00,666.00,0.00,47.00,6.00,0.00,4.00,
2016,7,5,2,2016-07-05,"AA",19805,"AA","719",14100,"PHL","Philadelphia, PA","PA",10397,"ATL","Atlanta, GA","GA","1830","1826",-4.00,0.00,34.00,11.00,"2058","2045",-13.00,0.00,0.00,"",0.00,148.00,139.00,94.00,1.00,666.00,,,,,,
2016,7,5,2,2016-07-05,"AA",19805,"AA","720",11298,"DFW","Dallas/Fort Worth, TX","TX",11057,"CLT","Charlotte, NC","NC","1255","1250",-5.00,0.00,24.00,115.00,"1635","2242",,,0.00,"",1.00,160.00,,,1.00,936.00,,,,,,
2016,7,5,2,2016-07-05,"AA",19805,"AA","721",11057,"CLT","Charlotte, NC","NC",11298,"DFW","Dallas/Fort Worth, TX","TX","1740","2111",211.00,211.00,15.00,7.00,"1919","2233",194.00,194.00,0.00,"",0.00,159.00,142.00,120.00,1.00,936.00,55.00,0.00,0.00,0.00,139.00,
2016,7,5,2,2016-07-05,"AA",19805,"AA","722",14771,"SFO","San Francisco, CA","CA",14100,"PHL","Philadelphia, PA","PA","1050","1054",4.00,4.00,12.00,4.00,"1912","1857",-15.00,0.00,0.00,"",0.00,322.00,303.00,287.00,1.00,2521.00,,,,,,
2016,7,5,2,2016-07-05,"AA",19805,"AA","723",14100,"PHL","Philadelphia, PA","PA",14771,"SFO","San Francisco, CA","CA","1605","1559",-6.00,0.00,18.00,6.00,"1909","1845",-24.00,0.00,0.00,"",0.00,364.00,346.00,322.00,1.00,2521.00,,,,,,
2016,7,5,2,2016-07-05,"AA",19805,"AA","724",12892,"LAX","Los Angeles, CA","CA",11057,"CLT","Charlotte, NC","NC","0835","0829",-6.00,0.00,35.00,9.00,"1634","1921",,,0.00,"",1.00,299.00,,,1.00,2125.00,,,,,,
2016,7,5,2,2016-07-05,"AA",19805,"AA","725",11057,"CLT","Charlotte, NC","NC",12892,"LAX","Los Angeles, CA","CA","1640","2219",339.00,339.00,17.00,16.00,"1850","0013",323.00,323.00,0.00,"",0.00,310.00,294.00,261.00,1.00,2125.00,250.00,0.00,0.00,0.00,73.00,
2016,7,5,2,2016-07-05,"AA",19805,"AA","726",12892,"LAX","Los Angeles, CA","CA",14122,"PIT","Pittsburgh, PA","PA","1520","1521",1.00,1.00,10.00,4.00,"2301","2246",-15.00,0.00,0.00,"",0.00,281.00,265.00,251.00,1.00,2136.00,,,,,,
2016,7,5,2,2016-07-05,"AA",19805,"AA","727",14122,"PIT","Pittsburgh, PA","PA",12892,"LAX","Los Angeles, CA","CA","0640","0632",-8.00,0.00,11.00,43.00,"0846","0852",6.00,6.00,0.00,"",0.00,306.00,320.00,266.00,1.00,2136.00,,,,,,
2016,7,5,2,2016-07-05,"AA",19805,"AA","728",14747,"SEA","Seattle, WA","WA",14100,"PHL","Philadelphia, PA","PA","0815","0811",-4.00,0.00,27.00,6.00,"1625","1623",-2.00,0.00,0.00,"",0.00,310.00,312.00,279.00,1.00,2378.00,,,,,,
2016,7,5,2,2016-07-05,"AA",19805,"AA","729",14100,"PHL","Philadelphia, PA","PA",14747,"SEA","Seattle, WA","WA","1615","1615",0.00,0.00,34.00,12.00,"1915","1934",19.00,19.00,0.00,"",0.00,360.00,379.00,333.00,1.00,2378.00,0.00,0.00,19.00,0.00,0.00,
2016,7,5,2,2016-07-05,"AA",19805,"AA","730",15304,"TPA","Tampa, FL","FL",11057,"CLT","Charlotte, NC","NC","1526","1832",186.00,186.00,26.00,20.00,"1714","2027",193.00,193.00,0.00,"",0.00,108.00,115.00,69.00,1.00,507.00,0.00,186.00,7.00,0.00,0.00,
2016,7,5,2,2016-07-05,"AA",19805,"AA","731",11057,"CLT","Charlotte, NC","NC",15304,"TPA","Tampa, FL","FL","1800","",,,,,"1939","",,,1.00,"A",0.00,99.00,,,1.00,507.00,,,,,,
2016,7,5,2,2016-07-05,"AA",19805,"AA","732",13495,"MSY","New Orleans, LA","LA",11057,"CLT","Charlotte, NC","NC","1610","1610",0.00,0.00,31.00,20.00,"1909","1929",20.00,20.00,0.00,"",0.00,119.00,139.00,88.00,1.00,651.00,0.00,0.00,20.00,0.00,0.00,
2016,7,5,2,2016-07-05,"AA",19805,"AA","733",11057,"CLT","Charlotte, NC","NC",14683,"SAT","San Antonio, TX","TX","2030","2051",21.00,21.00,22.00,3.00,"2219","2234",15.00,15.00,0.00,"",0.00,169.00,163.00,138.00,1.00,1095.00,0.00,0.00,0.00,0.00,15.00,
2016,7,5,2,2016-07-05,"AA",19805,"AA","734",12889,"LAS","Las Vegas, NV","NV",14100,"PHL","Philadelphia, PA","PA","1059","1052",-7.00,0.00,13.00,6.00,"1842","1821",-21.00,0.00,0.00,"",0.00,283.00,269.00,250.00,1.00,2176.00,,,,,,
2016,7,5,2,2016-07-05,"AA",19805,"AA","735",14100,"PHL","Philadelphia, PA","PA",12889,"LAS","Las Vegas, NV","NV","1615","1610",-5.00,0.00,21.00,7.00,"1837","1818",-19.00,0.00,0.00,"",0.00,322.00,308.00,280.00,1.00,2176.00,,,,,,
2016,7,5,2,2016-07-05,"AA",19805,"AA","738",10721,"BOS","Boston, MA","MA",14100,"PHL","Philadelphia, PA","PA","1755","1822",27.00,27.00,18.00,4.00,"1931","1943",12.00,12.00,0.00,"",0.00,96.00,81.00,59.00,1.00,280.00,,,,,,
2016,7,5,2,2016-07-05,"AA",19805,"AA","739",14100,"PHL","Philadelphia, PA","PA",10721,"BOS","Boston, MA","MA","1535","1535",0.00,0.00,60.00,16.00,"1656","1743",47.00,47.00,0.00,"",0.00,81.00,128.00,52.00,1.00,280.00,0.00,0.00,47.00,0.00,0.00,
2016,7,5,2,2016-07-05,"AA",19805,"AA","740",14843,"SJU","San Juan, PR","PR",14100,"PHL","Philadelphia, PA","PA","0815","0813",-2.00,0.00,18.00,5.00,"1233","1217",-16.00,0.00,0.00,"",0.00,258.00,244.00,221.00,1.00,1576.00,,,,,,
2016,7,5,2,2016-07-05,"AA",19805,"AA","741",14100,"PHL","Philadelphia, PA","PA",14843,"SJU","San Juan, PR","PR","1805","1759",-6.00,0.00,20.00,5.00,"2234","2210",-24.00,0.00,0.00,"",0.00,269.00,251.00,226.00,1.00,1576.00,,,,,,
2016,7,5,2,2016-07-05,"AA",19805,"AA","742",13930,"ORD","Chicago, IL","IL",14100,"PHL","Philadelphia, PA","PA","1215","1243",28.00,28.00,13.00,5.00,"1523","1539",16.00,16.00,0.00,"",0.00,128.00,116.00,98.00,1.00,678.00,16.00,0.00,0.00,0.00,0.00,
2016,7,5,2,2016-07-05,"AA",19805,"AA","743",14100,"PHL","Philadelphia, PA","PA",13930,"ORD","Chicago, IL","IL","2030","2025",-5.00,0.00,15.00,6.00,"2153","2122",-31.00,0.00,0.00,"",0.00,143.00,117.00,96.00,1.00,678.00,,,,,,
2016,7,5,2,2016-07-05,"AA",19805,"AA","744",12266,"IAH","Houston, TX","TX",11057,"CLT","Charlotte, NC","NC","1539","1646",67.00,67.00,19.00,12.00,"1915","2024",69.00,69.00,0.00,"",0.00,156.00,158.00,127.00,1.00,912.00,0.00,67.00,2.00,0.00,0.00,
2016,7,5,2,2016-07-05,"AA",19805,"AA","745",11057,"CLT","Charlotte, NC","NC",12266,"IAH","Houston, TX","TX","2019","2145",86.00,86.00,15.00,8.00,"2150","2304",74.00,74.00,0.00,"",0.00,151.00,139.00,116.00,1.00,912.00,30.00,0.00,0.00,0.00,44.00,
2016,7,5,2,2016-07-05,"AA",19805,"AA","746",13204,"MCO","Orlando, FL","FL",11057,"CLT","Charlotte, NC","NC","1714","1945",151.00,151.00,45.00,24.00,"1905","2200",175.00,175.00,0.00,"",0.00,111.00,135.00,66.00,1.00,468.00,0.00,116.00,24.00,0.00,35.00,
2016,7,5,2,2016-07-05,"AA",19805,"AA","747",11057,"CLT","Charlotte, NC","NC",13204,"MCO","Orlando, FL","FL","2016","0143",327.00,327.00,25.00,5.00,"2152","0322",330.00,330.00,0.00,"",0.00,96.00,99.00,69.00,1.00,468.00,168.00,0.00,3.00,0.00,159.00,
2016,7,5,2,2016-07-05,"AA",19805,"AA","747",13930,"ORD","Chicago, IL","IL",11057,"CLT","Charlotte, NC","NC","1550","1547",-3.00,0.00,54.00,8.00,"1846","1916",30.00,30.00,0.00,"",0.00,116.00,149.00,87.00,1.00,599.00,0.00,0.00,30.00,0.00,0.00,
2016,7,5,2,2016-07-05,"AA",19805,"AA","748",12889,"LAS","Las Vegas, NV","NV",11057,"CLT","Charlotte, NC","NC","0500","0509",9.00,9.00,13.00,7.00,"1216","1212",-4.00,0.00,0.00,"",0.00,256.00,243.00,223.00,1.00,1916.00,,,,,,
2016,7,5,2,2016-07-05,"AA",19805,"AA","749",11057,"CLT","Charlotte, NC","NC",12889,"LAS","Las Vegas, NV","NV","1820","2134",194.00,194.00,16.00,7.00,"2001","2301",180.00,180.00,0.00,"",0.00,281.00,267.00,244.00,1.00,1916.00,11.00,0.00,0.00,0.00,169.00,
2016,7,5,2,2016-07-05,"AA",19805,"AA","754",14679,"SAN","San Diego, CA","CA",14100,"PHL","Philadelphia, PA","PA","0845","0839",-6.00,0.00,20.00,4.00,"1658","1639",-19.00,0.00,0.00,"",0.00,313.00,300.00,276.00,1.00,2370.00,,,,,,
2016,7,5,2,2016-07-05,"AA",19805,"AA","755",14100,"PHL","Philadelphia, PA","PA",14679,"SAN","San Diego, CA","CA","1815","1811",-4.00,0.00,32.00,3.00,"2057","2047",-10.00,0.00,0.00,"",0.00,342.00,336.00,301.00,1.00,2370.00,,,,,,
2016,7,5,2,2016-07-05,"AA",19805,"AA","756",11057,"CLT","Charlotte, NC","NC",15016,"STL","St. Louis, MO","MO","1435","1433",-2.00,0.00,23.00,4.00,"1530","1533",3.00,3.00,0.00,"",0.00,115.00,120.00,93.00,1.00,575.00,,,,,,
2016,7,5,2,2016-07-05,"AA",19805,"AA","756",11433,"DTW","Detroit, MI","MI",11057,"CLT","Charlotte, NC","NC","1150","1146",-4.00,0.00,12.00,7.00,"1336","1319",-17.00,0.00,0.00,"",0.00,106.00,93.00,74.00,1.00,500.00,,,,,,
2016,7,5,2,2016-07-05,"AA",19805,"AA","758",14771,"SFO","San Francisco, CA","CA",14100,"PHL","Philadelphia, PA","PA","0630","0624",-6.00,0.00,19.00,5.00,"1453","1429",-24.00,0.00,0.00,"",0.00,323.00,305.00,281.00,1.00,2521.00,,,,,,
2016,7,5,2,2016-07-05,"AA",19805,"AA","759",14100,"PHL","Philadelphia, PA","PA",14771,"SFO","San Francisco, CA","CA","1800","1810",10.00,10.00,23.00,7.00,"2106","2102",-4.00,0.00,0.00,"",0.00,366.00,352.00,322.00,1.00,2521.00,,,,,,
2016,7,5,2,2016-07-05,"AA",19805,"AA","760",11057,"CLT","Charlotte, NC","NC",10397,"ATL","Atlanta, GA","GA","2000","0048",288.00,288.00,14.00,12.00,"2114","0152",278.00,278.00,0.00,"",0.00,74.00,64.00,38.00,1.00,226.00,0.00,0.00,278.00,0.00,0.00,
2016,7,5,2,2016-07-05,"AA",19805,"AA","760",13303,"MIA","Miami, FL","FL",11057,"CLT","Charlotte, NC","NC","1710","1854",104.00,104.00,18.00,24.00,"1923","2108",105.00,105.00,0.00,"",0.00,133.00,134.00,92.00,1.00,650.00,104.00,0.00,1.00,0.00,0.00,
2016,7,5,2,2016-07-05,"AA",19805,"AA","761",11298,"DFW","Dallas/Fort Worth, TX","TX",14107,"PHX","Phoenix, AZ","AZ","0715","0715",0.00,0.00,23.00,10.00,"0740","0748",8.00,8.00,0.00,"",0.00,145.00,153.00,120.00,1.00,868.00,,,,,,
2016,7,5,2,2016-07-05,"AA",19805,"AA","763",14100,"PHL","Philadelphia, PA","PA",14747,"SEA","Seattle, WA","WA","0735","0734",-1.00,0.00,17.00,14.00,"1027","1030",3.00,3.00,0.00,"",0.00,352.00,356.00,325.00,1.00,2378.00,,,,,,
2016,7,5,2,2016-07-05,"AA",19805,"AA","765",11057,"CLT","Charlotte, NC","NC",15016,"STL","St. Louis, MO","MO","1815","1954",99.00,99.00,24.00,7.00,"1916","2052",96.00,96.00,0.00,"",0.00,121.00,118.00,87.00,1.00,575.00,0.00,60.00,0.00,0.00,36.00,
2016,7,5,2,2016-07-05,"AA",19805,"AA","765",12266,"IAH","Houston, TX","TX",11057,"CLT","Charlotte, NC","NC","1340","1329",-11.00,0.00,25.00,26.00,"1716","1820",64.00,64.00,0.00,"",0.00,156.00,231.00,180.00,1.00,912.00,0.00,0.00,64.00,0.00,0.00,
2016,7,5,2,2016-07-05,"AA",19805,"AA","766",14747,"SEA","Seattle, WA","WA",14100,"PHL","Philadelphia, PA","PA","1125","1138",13.00,13.00,41.00,4.00,"1937","1946",9.00,9.00,0.00,"",0.00,312.00,308.00,263.00,1.00,2378.00,,,,,,
2016,7,5,2,2016-07-05,"AA",19805,"AA","767",14107,"PHX","Phoenix, AZ","AZ",11057,"CLT","Charlotte, NC","NC","1005","1020",15.00,15.00,14.00,38.00,"1715","2200",,,0.00,"",1.00,250.00,,,1.00,1773.00,,,,,,
2016,7,5,2,2016-07-05,"AA",19805,"AA","768",13204,"MCO","Orlando, FL","FL",14100,"PHL","Philadelphia, PA","PA","1531","1545",14.00,14.00,15.00,4.00,"1805","1801",-4.00,0.00,0.00,"",0.00,154.00,136.00,117.00,1.00,861.00,,,,,,
2016,7,5,2,2016-07-05,"AA",19805,"AA","769",14100,"PHL","Philadelphia, PA","PA",13204,"MCO","Orlando, FL","FL","1600","1601",1.00,1.00,14.00,8.00,"1836","1825",-11.00,0.00,0.00,"",0.00,156.00,144.00,122.00,1.00,861.00,,,,,,
2016,7,5,2,2016-07-05,"AA",19805,"AA","770",13204,"MCO","Orlando, FL","FL",11057,"CLT","Charlotte, NC","NC","0830","",,,,,"1014","",,,1.00,"A",0.00,104.00,,,1.00,468.00,,,,,,
2016,7,5,2,2016-07-05,"AA",19805,"AA","771",14100,"PHL","Philadelphia, PA","PA",14843,"SJU","San Juan, PR","PR","0950","0952",2.00,2.00,14.00,8.00,"1352","1329",-23.00,0.00,0.00,"",0.00,242.00,217.00,195.00,1.00,1576.00,,,,,,
2016,7,5,2,2016-07-05,"AA",19805,"AA","772",14843,"SJU","San Juan, PR","PR",14100,"PHL","Philadelphia, PA","PA","1500","1454",-6.00,0.00,18.00,3.00,"1903","1838",-25.00,0.00,0.00,"",0.00,243.00,224.00,203.00,1.00,1576.00,,,,,,
2016,7,5,2,2016-07-05,"AA",19805,"AA","773",14100,"PHL","Philadelphia, PA","PA",14843,"SJU","San Juan, PR","PR","1155","1150",-5.00,0.00,17.00,6.00,"1616","1559",-17.00,0.00,0.00,"",0.00,261.00,249.00,226.00,1.00,1576.00,,,,,,
2016,7,5,2,2016-07-05,"AA",19805,"AA","774",14771,"SFO","San Francisco, CA","CA",14100,"PHL","Philadelphia, PA","PA","1330","1327",-3.00,0.00,20.00,5.00,"2152","2142",-10.00,0.00,0.00,"",0.00,322.00,315.00,290.00,1.00,2521.00,,,,,,
2016,7,5,2,2016-07-05,"AA",19805,"AA","775",12892,"LAX","Los Angeles, CA","CA",14492,"RDU","Raleigh/Durham, NC","NC","0955","1001",6.00,6.00,24.00,,"1800","",,,0.00,"",1.00,305.00,,,1.00,2238.00,,,,,,
2016,7,5,2,2016-07-05,"AA",19805,"AA","776",14107,"PHX","Phoenix, AZ","AZ",14100,"PHL","Philadelphia, PA","PA","1215","1211",-4.00,0.00,11.00,5.00,"1950","1924",-26.00,0.00,0.00,"",0.00,275.00,253.00,237.00,1.00,2075.00,,,,,,
2016,7,5,2,2016-07-05,"AA",19805,"AA","777",14100,"PHL","Philadelphia, PA","PA",14107,"PHX","Phoenix, AZ","AZ","1600","1601",1.00,1.00,18.00,4.00,"1808","1743",-25.00,0.00,0.00,"",0.00,308.00,282.00,260.00,1.00,2075.00,,,,,,
2016,7,5,2,2016-07-05,"AA",19805,"AA","781",14100,"PHL","Philadelphia, PA","PA",12892,"LAX","Los Angeles, CA","CA","0745","0744",-1.00,0.00,24.00,10.00,"1033","1015",-18.00,0.00,0.00,"",0.00,348.00,331.00,297.00,1.00,2402.00,,,,,,
2016,7,5,2,2016-07-05,"AA",19805,"AA","782",14027,"PBI","West Palm Beach/Palm Beach, FL","FL",14100,"PHL","Philadelphia, PA","PA","0600","0558",-2.00,0.00,11.00,5.00,"0837","0827",-10.00,0.00,0.00,"",0.00,157.00,149.00,133.00,1.00,951.00,,,,,,
2016,7,5,2,2016-07-05,"AA",19805,"AA","783",11057,"CLT","Charlotte, NC","NC",14843,"SJU","San Juan, PR","PR","1145","1155",10.00,10.00,25.00,7.00,"1537","1539",2.00,2.00,0.00,"",0.00,232.00,224.00,192.00,1.00,1475.00,,,,,,
2016,7,5,2,2016-07-05,"AA",19805,"AA","783",11298,"DFW","Dallas/Fort Worth, TX","TX",11057,"CLT","Charlotte, NC","NC","0710","0708",-2.00,0.00,15.00,11.00,"1047","1037",-10.00,0.00,0.00,"",0.00,157.00,149.00,123.00,1.00,936.00,,,,,,
2016,7,5,2,2016-07-05,"AA",19805,"AA","784",14100,"PHL","Philadelphia, PA","PA",12889,"LAS","Las Vegas, NV","NV","1900","1900",0.00,0.00,35.00,10.00,"2116","2142",26.00,26.00,0.00,"",0.00,316.00,342.00,297.00,1.00,2176.00,0.00,0.00,26.00,0.00,0.00,
2016,7,5,2,2016-07-05,"AA",19805,"AA","785",14100,"PHL","Philadelphia, PA","PA",12892,"LAX","Los Angeles, CA","CA","1800","1812",12.00,12.00,26.00,18.00,"2057","2112",15.00,15.00,0.00,"",0.00,357.00,360.00,316.00,1.00,2402.00,12.00,0.00,3.00,0.00,0.00,
2016,7,5,2,2016-07-05,"AA",19805,"AA","786",10397,"ATL","Atlanta, GA","GA",11057,"CLT","Charlotte, NC","NC","1535","2013",278.00,278.00,17.00,28.00,"1702","2137",275.00,275.00,0.00,"",0.00,87.00,84.00,39.00,1.00,226.00,0.00,0.00,0.00,0.00,275.00,
2016,7,5,2,2016-07-05,"AA",19805,"AA","787",11057,"CLT","Charlotte, NC","NC",10397,"ATL","Atlanta, GA","GA","1555","1825",150.00,150.00,43.00,12.00,"1709","2003",174.00,174.00,0.00,"",0.00,74.00,98.00,43.00,1.00,226.00,0.00,150.00,24.00,0.00,0.00,
2016,7,5,2,2016-07-05,"AA",19805,"AA","789",14492,"RDU","Raleigh/Durham, NC","NC",12892,"LAX","Los Angeles, CA","CA","1905","",,,,,"2140","",,,1.00,"A",0.00,335.00,,,1.00,2238.00,,,,,,
2016,7,5,2,2016-07-05,"AA",19805,"AA","792",13487,"MSP","Minneapolis, MN","MN",14100,"PHL","Philadelphia, PA","PA","1830","",,,,,"2207","",,,1.00,"A",0.00,157.00,,,1.00,980.00,,,,,,
2016,7,5,2,2016-07-05,"AA",19805,"AA","792",14100,"PHL","Philadelphia, PA","PA",13487,"MSP","Minneapolis, MN","MN","1555","1550",-5.00,0.00,16.00,11.00,"1749","1739",-10.00,0.00,0.00,"",0.00,174.00,169.00,142.00,1.00,980.00,,,,,,
2016,7,5,2,2016-07-05,"AA",19805,"AA","793",10721,"BOS","Boston, MA","MA",11057,"CLT","Charlotte, NC","NC","1709","1822",73.00,73.00,21.00,26.00,"1938","2104",86.00,86.00,0.00,"",0.00,149.00,162.00,115.00,1.00,728.00,0.00,0.00,86.00,0.00,0.00,
2016,7,5,2,2016-07-05,"AA",19805,"AA","793",11057,"CLT","Charlotte, NC","NC",15016,"STL","St. Louis, MO","MO","2030","2153",83.00,83.00,17.00,5.00,"2128","2248",80.00,80.00,0.00,"",0.00,118.00,115.00,93.00,1.00,575.00,4.00,0.00,0.00,0.00,76.00,
2016,7,5,2,2016-07-05,"AA",19805,"AA","797",14100,"PHL","Philadelphia, PA","PA",12892,"LAX","Los Angeles, CA","CA","1355","1355",0.00,0.00,20.00,20.00,"1637","1638",1.00,1.00,0.00,"",0.00,342.00,343.00,303.00,1.00,2402.00,,,,,,
2016,7,5,2,2016-07-05,"AA",19805,"AA","798",13303,"MIA","Miami, FL","FL",14100,"PHL","Philadelphia, PA","PA","1408","1416",8.00,8.00,24.00,4.00,"1650","1653",3.00,3.00,0.00,"",0.00,162.00,157.00,129.00,1.00,1013.00,,,,,,
2016,7,5,2,2016-07-05,"AA",19805,"AA","803",14107,"PHX","Phoenix, AZ","AZ",11423,"DSM","Des Moines, IA","IA","1848","1929",41.00,41.00,12.00,9.00,"2334","0012",38.00,38.00,0.00,"",0.00,166.00,163.00,142.00,1.00,1150.00,38.00,0.00,0.00,0.00,0.00,
2016,7,5,2,2016-07-05,"AA",19805,"AA","804",14057,"PDX","Portland, OR","OR",14100,"PHL","Philadelphia, PA","PA","0030","0055",25.00,25.00,13.00,4.00,"0832","0843",11.00,11.00,0.00,"",0.00,302.00,288.00,271.00,1.00,2406.00,,,,,,
2016,7,5,2,2016-07-05,"AA",19805,"AA","806",13303,"MIA","Miami, FL","FL",14100,"PHL","Philadelphia, PA","PA","0600","0558",-2.00,0.00,20.00,4.00,"0844","0836",-8.00,0.00,0.00,"",0.00,164.00,158.00,134.00,1.00,1013.00,,,,,,
2016,7,5,2,2016-07-05,"AA",19805,"AA","807",14100,"PHL","Philadelphia, PA","PA",14679,"SAN","San Diego, CA","CA","1615","1611",-4.00,0.00,18.00,3.00,"1854","1820",-34.00,0.00,0.00,"",0.00,339.00,309.00,288.00,1.00,2370.00,,,,,,
2016,7,5,2,2016-07-05,"AA",19805,"AA","809",12889,"LAS","Las Vegas, NV","NV",14100,"PHL","Philadelphia, PA","PA","0059","0054",-5.00,0.00,14.00,4.00,"0836","0839",3.00,3.00,0.00,"",0.00,277.00,285.00,267.00,1.00,2176.00,,,,,,
2016,7,5,2,2016-07-05,"AA",19805,"AA","810",14100,"PHL","Philadelphia, PA","PA",12889,"LAS","Las Vegas, NV","NV","2125","2122",-3.00,0.00,10.00,6.00,"2339","2320",-19.00,0.00,0.00,"",0.00,314.00,298.00,282.00,1.00,2176.00,,,,,,
2016,7,5,2,2016-07-05,"AA",19805,"AA","814",15304,"TPA","Tampa, FL","FL",14100,"PHL","Philadelphia, PA","PA","1400","1407",7.00,7.00,11.00,11.00,"1635","1635",0.00,0.00,0.00,"",0.00,155.00,148.00,126.00,1.00,920.00,,,,,,
2016,7,5,2,2016-07-05,"AA",19805,"AA","821",15096,"SYR","Syracuse, NY","NY",11057,"CLT","Charlotte, NC","NC","0800","0752",-8.00,0.00,10.00,19.00,"1006","0949",-17.00,0.00,0.00,"",0.00,126.00,117.00,88.00,1.00,603.00,,,,,,
2016,7,5,2,2016-07-05,"AA",19805,"AA","823",12266,"IAH","Houston, TX","TX",11057,"CLT","Charlotte, NC","NC","0515","0510",-5.00,0.00,13.00,8.00,"0841","0848",7.00,7.00,0.00,"",0.00,146.00,158.00,137.00,1.00,912.00,,,,,,
2016,7,5,2,2016-07-05,"AA",19805,"AA","824",10721,"BOS","Boston, MA","MA",14100,"PHL","Philadelphia, PA","PA","0800","0753",-7.00,0.00,50.00,5.00,"0930","0952",22.00,22.00,0.00,"",0.00,90.00,119.00,64.00,1.00,280.00,0.00,0.00,22.00,0.00,0.00,
2016,7,5,2,2016-07-05,"AA",19805,"AA","826",14100,"PHL","Philadelphia, PA","PA",14869,"SLC","Salt Lake City, UT","UT","1759","1753",-6.00,0.00,20.00,5.00,"2056","2034",-22.00,0.00,0.00,"",0.00,297.00,281.00,256.00,1.00,1927.00,,,,,,
2016,7,5,2,2016-07-05,"AA",19805,"AA","829",10792,"BUF","Buffalo, NY","NY",11057,"CLT","Charlotte, NC","NC","0620","0618",-2.00,0.00,8.00,11.00,"0811","0802",-9.00,0.00,0.00,"",0.00,111.00,104.00,85.00,1.00,546.00,,,,,,
2016,7,5,2,2016-07-05,"AA",19805,"AA","830",11057,"CLT","Charlotte, NC","NC",14100,"PHL","Philadelphia, PA","PA","1730","2025",175.00,175.00,14.00,4.00,"1907","2155",168.00,168.00,0.00,"",0.00,97.00,90.00,72.00,1.00,449.00,0.00,76.00,0.00,0.00,92.00,
2016,7,5,2,2016-07-05,"AA",19805,"AA","832",14771,"SFO","San Francisco, CA","CA",14100,"PHL","Philadelphia, PA","PA","0025","0037",12.00,12.00,15.00,6.00,"0842","0852",10.00,10.00,0.00,"",0.00,317.00,315.00,294.00,1.00,2521.00,,,,,,
2016,7,5,2,2016-07-05,"AA",19805,"AA","834",14100,"PHL","Philadelphia, PA","PA",15304,"TPA","Tampa, FL","FL","1755","1748",-7.00,0.00,17.00,4.00,"2031","2020",-11.00,0.00,0.00,"",0.00,156.00,152.00,131.00,1.00,920.00,,,,,,
2016,7,5,2,2016-07-05,"AA",19805,"AA","839",14100,"PHL","Philadelphia, PA","PA",13204,"MCO","Orlando, FL","FL","2055","2050",-5.00,0.00,15.00,9.00,"2327","2305",-22.00,0.00,0.00,"",0.00,152.00,135.00,111.00,1.00,861.00,,,,,,
2016,7,5,2,2016-07-05,"AA",19805,"AA","840",14492,"RDU","Raleigh/Durham, NC","NC",11057,"CLT","Charlotte, NC","NC","0710","0706",-4.00,0.00,19.00,6.00,"0813","0800",-13.00,0.00,0.00,"",0.00,63.00,54.00,29.00,1.00,130.00,,,,,,
2016,7,5,2,2016-07-05,"AA",19805,"AA","848",13931,"ORF","Norfolk, VA","VA",11057,"CLT","Charlotte, NC","NC","1109","1105",-4.00,0.00,14.00,4.00,"1227","1210",-17.00,0.00,0.00,"",0.00,78.00,65.00,47.00,1.00,290.00,,,,,,
2016,7,5,2,2016-07-05,"AA",19805,"AA","849",10397,"ATL","Atlanta, GA","GA",14100,"PHL","Philadelphia, PA","PA","1945","2119",94.00,94.00,32.00,6.00,"2150","2333",103.00,103.00,0.00,"",0.00,125.00,134.00,96.00,1.00,666.00,0.00,15.00,9.00,0.00,79.00,
2016,7,5,2,2016-07-05,"AA",19805,"AA","850",11057,"CLT","Charlotte, NC","NC",10693,"BNA","Nashville, TN","TN","1140","1141",1.00,1.00,26.00,5.00,"1208","1205",-3.00,0.00,0.00,"",0.00,88.00,84.00,53.00,1.00,328.00,,,,,,
2016,7,5,2,2016-07-05,"AA",19805,"AA","850",14683,"SAT","San Antonio, TX","TX",11057,"CLT","Charlotte, NC","NC","0650","0642",-8.00,0.00,13.00,7.00,"1039","1030",-9.00,0.00,0.00,"",0.00,169.00,168.00,148.00,1.00,1095.00,,,,,,
2016,7,5,2,2016-07-05,"AA",19805,"AA","851",14100,"PHL","Philadelphia, PA","PA",11292,"DEN","Denver, CO","CO","1755","1758",3.00,3.00,21.00,11.00,"2002","1959",-3.00,0.00,0.00,"",0.00,247.00,241.00,209.00,1.00,1558.00,,,,,,
2016,7,5,2,2016-07-05,"AA",19805,"AA","853",11057,"CLT","Charlotte, NC","NC",13930,"ORD","Chicago, IL","IL","1305","1347",42.00,42.00,11.00,7.00,"1409","1434",25.00,25.00,0.00,"",0.00,124.00,107.00,89.00,1.00,599.00,0.00,0.00,0.00,0.00,25.00,
2016,7,5,2,2016-07-05,"AA",19805,"AA","853",13204,"MCO","Orlando, FL","FL",11057,"CLT","Charlotte, NC","NC","1020","1019",-1.00,0.00,11.00,10.00,"1202","1200",-2.00,0.00,0.00,"",0.00,102.00,101.00,80.00,1.00,468.00,,,,,,
2016,7,5,2,2016-07-05,"AA",19805,"AA","853",13930,"ORD","Chicago, IL","IL",14107,"PHX","Phoenix, AZ","AZ","1530","1527",-3.00,0.00,11.00,5.00,"1711","1651",-20.00,0.00,0.00,"",0.00,221.00,204.00,188.00,1.00,1440.00,,,,,,
2016,7,5,2,2016-07-05,"AA",19805,"AA","854",14100,"PHL","Philadelphia, PA","PA",14747,"SEA","Seattle, WA","WA","1800","1756",-4.00,0.00,19.00,27.00,"2101","2106",5.00,5.00,0.00,"",0.00,361.00,370.00,324.00,1.00,2378.00,,,,,,
2016,7,5,2,2016-07-05,"AA",19805,"AA","855",14747,"SEA","Seattle, WA","WA",14100,"PHL","Philadelphia, PA","PA","0045","0050",5.00,5.00,14.00,3.00,"0846","0835",-11.00,0.00,0.00,"",0.00,301.00,285.00,268.00,1.00,2378.00,,,,,,
2016,7,5,2,2016-07-05,"AA",19805,"AA","856",11057,"CLT","Charlotte, NC","NC",11278,"DCA","Washington, DC","VA","1944","",,,,,"2103","",,,1.00,"A",0.00,79.00,,,1.00,331.00,,,,,,
2016,7,5,2,2016-07-05,"AA",19805,"AA","858",10792,"BUF","Buffalo, NY","NY",11057,"CLT","Charlotte, NC","NC","0825","0916",51.00,51.00,29.00,6.00,"1018","1112",54.00,54.00,0.00,"",0.00,113.00,116.00,81.00,1.00,546.00,51.00,0.00,3.00,0.00,0.00,
2016,7,5,2,2016-07-05,"AA",19805,"AA","862",11278,"DCA","Washington, DC","VA",13204,"MCO","Orlando, FL","FL","0750","0746",-4.00,0.00,31.00,7.00,"1009","1011",2.00,2.00,0.00,"",0.00,139.00,145.00,107.00,1.00,759.00,,,,,,
2016,7,5,2,2016-07-05,"AA",19805,"AA","862",13204,"MCO","Orlando, FL","FL",11278,"DCA","Washington, DC","VA","1050","1100",10.00,10.00,13.00,2.00,"1259","1255",-4.00,0.00,0.00,"",0.00,129.00,115.00,100.00,1.00,759.00,,,,,,
2016,7,5,2,2016-07-05,"AA",19805,"AA","867",14027,"PBI","West Palm Beach/Palm Beach, FL","FL",11057,"CLT","Charlotte, NC","NC","0815","0811",-4.00,0.00,11.00,13.00,"1010","1007",-3.00,0.00,0.00,"",0.00,115.00,116.00,92.00,1.00,590.00,,,,,,
2016,7,5,2,2016-07-05,"AA",19805,"AA","873",11057,"CLT","Charlotte, NC","NC",10397,"ATL","Atlanta, GA","GA","1324","1745",261.00,261.00,55.00,6.00,"1444","1935",291.00,291.00,0.00,"",0.00,80.00,110.00,49.00,1.00,226.00,0.00,0.00,291.00,0.00,0.00,
2016,7,5,2,2016-07-05,"AA",19805,"AA","873",11298,"DFW","Dallas/Fort Worth, TX","TX",11057,"CLT","Charlotte, NC","NC","0850","0848",-2.00,0.00,28.00,7.00,"1229","1230",1.00,1.00,0.00,"",0.00,159.00,162.00,127.00,1.00,936.00,,,,,,
2016,7,5,2,2016-07-05,"AA",19805,"AA","875",13487,"MSP","Minneapolis, MN","MN",11057,"CLT","Charlotte, NC","NC","0640","0640",0.00,0.00,18.00,15.00,"1014","1006",-8.00,0.00,0.00,"",0.00,154.00,146.00,113.00,1.00,930.00,,,,,,
2016,7,5,2,2016-07-05,"AA",19805,"AA","876",12451,"JAX","Jacksonville, FL","FL",11057,"CLT","Charlotte, NC","NC","0845","0846",1.00,1.00,15.00,10.00,"1009","1010",1.00,1.00,0.00,"",0.00,84.00,84.00,59.00,1.00,328.00,,,,,,
2016,7,5,2,2016-07-05,"AA",19805,"AA","879",13198,"MCI","Kansas City, MO","MO",11057,"CLT","Charlotte, NC","NC","0710","0706",-4.00,0.00,13.00,10.00,"1030","1014",-16.00,0.00,0.00,"",0.00,140.00,128.00,105.00,1.00,808.00,,,,,,
2016,7,5,2,2016-07-05,"AA",19805,"AA","883",14100,"PHL","Philadelphia, PA","PA",11057,"CLT","Charlotte, NC","NC","0630","0625",-5.00,0.00,15.00,10.00,"0812","0758",-14.00,0.00,0.00,"",0.00,102.00,93.00,68.00,1.00,449.00,,,,,,
2016,7,5,2,2016-07-05,"AA",19805,"AA","885",12953,"LGA","New York, NY","NY",11057,"CLT","Charlotte, NC","NC","0759","0757",-2.00,0.00,,,"1000","",,,1.00,"A",0.00,121.00,,,1.00,544.00,,,,,,
2016,7,5,2,2016-07-05,"AA",19805,"AA","889",11298,"DFW","Dallas/Fort Worth, TX","TX",14107,"PHX","Phoenix, AZ","AZ","2228","0023",115.00,115.00,15.00,7.00,"2254","0044",110.00,110.00,0.00,"",0.00,146.00,141.00,119.00,1.00,868.00,0.00,0.00,0.00,0.00,110.00,
2016,7,5,2,2016-07-05,"AA",19805,"AA","890",11057,"CLT","Charlotte, NC","NC",11298,"DFW","Dallas/Fort Worth, TX","TX","2210","",,,,,"2350","",,,1.00,"A",0.00,160.00,,,1.00,936.00,,,,,,
2016,7,5,2,2016-07-05,"AA",19805,"AA","890",13204,"MCO","Orlando, FL","FL",11057,"CLT","Charlotte, NC","NC","1920","2127",127.00,127.00,15.00,35.00,"2108","2325",137.00,137.00,0.00,"",0.00,108.00,118.00,68.00,1.00,468.00,0.00,0.00,10.00,0.00,127.00,
2016,7,5,2,2016-07-05,"AA",19805,"AA","891",10721,"BOS","Boston, MA","MA",11057,"CLT","Charlotte, NC","NC","1104","1059",-5.00,0.00,22.00,16.00,"1325","1323",-2.00,0.00,0.00,"",0.00,141.00,144.00,106.00,1.00,728.00,,,,,,
2016,7,5,2,2016-07-05,"AA",19805,"AA","891",11057,"CLT","Charlotte, NC","NC",11298,"DFW","Dallas/Fort Worth, TX","TX","1425","1424",-1.00,0.00,10.00,6.00,"1604","1545",-19.00,0.00,0.00,"",0.00,159.00,141.00,125.00,1.00,936.00,,,,,,
2016,7,5,2,2016-07-05,"AA",19805,"AA","892",14100,"PHL","Philadelphia, PA","PA",11057,"CLT","Charlotte, NC","NC","1905","1957",52.00,52.00,9.00,70.00,"2056","2224",88.00,88.00,0.00,"",0.00,111.00,147.00,68.00,1.00,449.00,0.00,0.00,36.00,0.00,52.00,
2016,7,5,2,2016-07-05,"AA",19805,"AA","893",11278,"DCA","Washington, DC","VA",11057,"CLT","Charlotte, NC","NC","0659","0657",-2.00,0.00,19.00,5.00,"0830","0815",-15.00,0.00,0.00,"",0.00,91.00,78.00,54.00,1.00,331.00,,,,,,
2016,7,5,2,2016-07-05,"AA",19805,"AA","896",11423,"DSM","Des Moines, IA","IA",14107,"PHX","Phoenix, AZ","AZ","1800","1757",-3.00,0.00,13.00,7.00,"1858","1851",-7.00,0.00,0.00,"",0.00,178.00,174.00,154.00,1.00,1150.00,,,,,,
2016,7,5,2,2016-07-05,"AA",19805,"AA","896",14107,"PHX","Phoenix, AZ","AZ",11423,"DSM","Des Moines, IA","IA","1225","1221",-4.00,0.00,12.00,4.00,"1712","1655",-17.00,0.00,0.00,"",0.00,167.00,154.00,138.00,1.00,1150.00,,,,,,
2016,7,5,2,2016-07-05,"AA",19805,"AA","898",14771,"SFO","San Francisco, CA","CA",11057,"CLT","Charlotte, NC","NC","2215","2214",-1.00,0.00,18.00,4.00,"0608","0602",-6.00,0.00,0.00,"",0.00,293.00,288.00,266.00,1.00,2296.00,,,,,,
2016,7,5,2,2016-07-05,"AA",19805,"AA","1652",10397,"ATL","Atlanta, GA","GA",13303,"MIA","Miami, FL","FL","1700","",,,,,"1902","",,,1.00,"A",0.00,122.00,,,1.00,594.00,,,,,,
2016,7,5,2,2016-07-05,"AA",19805,"AA","1652",11042,"CLE","Cleveland, OH","OH",11057,"CLT","Charlotte, NC","NC","1205","1204",-1.00,0.00,13.00,14.00,"1338","1335",-3.00,0.00,0.00,"",0.00,93.00,91.00,64.00,1.00,430.00,,,,,,
2016,7,5,2,2016-07-05,"AA",19805,"AA","1652",11057,"CLT","Charlotte, NC","NC",10397,"ATL","Atlanta, GA","GA","1445","1800",195.00,195.00,20.00,6.00,"1602","1910",188.00,188.00,0.00,"",0.00,77.00,70.00,44.00,1.00,226.00,0.00,0.00,188.00,0.00,0.00,
2016,7,5,2,2016-07-05,"AA",19805,"AA","1653",11057,"CLT","Charlotte, NC","NC",13198,"MCI","Kansas City, MO","MO","1610","1817",127.00,127.00,18.00,8.00,"1736","1938",122.00,122.00,0.00,"",0.00,146.00,141.00,115.00,1.00,808.00,0.00,122.00,0.00,0.00,0.00,
2016,7,5,2,2016-07-05,"AA",19805,"AA","1654",11057,"CLT","Charlotte, NC","NC",10529,"BDL","Hartford, CT","CT","0730","0728",-2.00,0.00,13.00,3.00,"0927","0913",-14.00,0.00,0.00,"",0.00,117.00,105.00,89.00,1.00,644.00,,,,,,
2016,7,5,2,2016-07-05,"AA",19805,"AA","1654",14492,"RDU","Raleigh/Durham, NC","NC",11057,"CLT","Charlotte, NC","NC","0525","0524",-1.00,0.00,14.00,4.00,"0618","0611",-7.00,0.00,0.00,"",0.00,53.00,47.00,29.00,1.00,130.00,,,,,,
2016,7,5,2,2016-07-05,"AA",19805,"AA","1655",14100,"PHL","Philadelphia, PA","PA",10721,"BOS","Boston, MA","MA","0800","0756",-4.00,0.00,19.00,14.00,"0928","0914",-14.00,0.00,0.00,"",0.00,88.00,78.00,45.00,1.00,280.00,,,,,,
2016,7,5,2,2016-07-05,"AA",19805,"AA","1656",10693,"BNA","Nashville, TN","TN",12892,"LAX","Los Angeles, CA","CA","1631","1649",18.00,18.00,11.00,53.00,"1855","1948",53.00,53.00,0.00,"",0.00,264.00,299.00,235.00,1.00,1797.00,1.00,0.00,35.00,0.00,17.00,
2016,7,5,2,2016-07-05,"AA",19805,"AA","1657",14100,"PHL","Philadelphia, PA","PA",10721,"BOS","Boston, MA","MA","0950","0945",-5.00,0.00,16.00,6.00,"1125","1052",-33.00,0.00,0.00,"",0.00,95.00,67.00,45.00,1.00,280.00,,,,,,
2016,7,5,2,2016-07-05,"AA",19805,"AA","1659",14100,"PHL","Philadelphia, PA","PA",10721,"BOS","Boston, MA","MA","1115","1122",7.00,7.00,29.00,8.00,"1234","1248",14.00,14.00,0.00,"",0.00,79.00,86.00,49.00,1.00,280.00,,,,,,
2016,7,5,2,2016-07-05,"AA",19805,"AA","1660",10721,"BOS","Boston, MA","MA",14100,"PHL","Philadelphia, PA","PA","0700","0656",-4.00,0.00,20.00,7.00,"0837","0827",-10.00,0.00,0.00,"",0.00,97.00,91.00,64.00,1.00,280.00,,,,,,
2016,7,5,2,2016-07-05,"AA",19805,"AA","1661",13204,"MCO","Orlando, FL","FL",14100,"PHL","Philadelphia, PA","PA","0810","0806",-4.00,0.00,13.00,2.00,"1035","1016",-19.00,0.00,0.00,"",0.00,145.00,130.00,115.00,1.00,861.00,,,,,,
2016,7,5,2,2016-07-05,"AA",19805,"AA","1661",14100,"PHL","Philadelphia, PA","PA",10721,"BOS","Boston, MA","MA","1215","1209",-6.00,0.00,8.00,9.00,"1329","1311",-18.00,0.00,0.00,"",0.00,74.00,62.00,45.00,1.00,280.00,,,,,,
2016,7,5,2,2016-07-05,"AA",19805,"AA","1662",10721,"BOS","Boston, MA","MA",14100,"PHL","Philadelphia, PA","PA","0900","1018",78.00,78.00,29.00,6.00,"1030","1149",79.00,79.00,0.00,"",0.00,90.00,91.00,56.00,1.00,280.00,78.00,0.00,1.00,0.00,0.00,
2016,7,5,2,2016-07-05,"AA",19805,"AA","1663",14100,"PHL","Philadelphia, PA","PA",10721,"BOS","Boston, MA","MA","1400","1355",-5.00,0.00,87.00,8.00,"1522","1617",55.00,55.00,0.00,"",0.00,82.00,142.00,47.00,1.00,280.00,0.00,0.00,55.00,0.00,0.00,
2016,7,5,2,2016-07-05,"AA",19805,"AA","1664",10721,"BOS","Boston, MA","MA",14100,"PHL","Philadelphia, PA","PA","1100","1057",-3.00,0.00,15.00,6.00,"1232","1220",-12.00,0.00,0.00,"",0.00,92.00,83.00,62.00,1.00,280.00,,,,,,
2016,7,5,2,2016-07-05,"AA",19805,"AA","1666",13204,"MCO","Orlando, FL","FL",14100,"PHL","Philadelphia, PA","PA","1724","1736",12.00,12.00,14.00,3.00,"1955","1955",0.00,0.00,0.00,"",0.00,151.00,139.00,122.00,1.00,861.00,,,,,,
2016,7,5,2,2016-07-05,"AA",19805,"AA","1668",10721,"BOS","Boston, MA","MA",14100,"PHL","Philadelphia, PA","PA","1215","1208",-7.00,0.00,12.00,4.00,"1343","1322",-21.00,0.00,0.00,"",0.00,88.00,74.00,58.00,1.00,280.00,,,,,,
2016,7,5,2,2016-07-05,"AA",19805,"AA","1669",12953,"LGA","New York, NY","NY",14492,"RDU","Raleigh/Durham, NC","NC","0852","0850",-2.00,0.00,30.00,4.00,"1030","1035",5.00,5.00,0.00,"",0.00,98.00,105.00,71.00,1.00,431.00,,,,,,
2016,7,5,2,2016-07-05,"AA",19805,"AA","1669",14492,"RDU","Raleigh/Durham, NC","NC",12953,"LGA","New York, NY","NY","1110","1119",9.00,9.00,18.00,7.00,"1242","1246",4.00,4.00,0.00,"",0.00,92.00,87.00,62.00,1.00,431.00,,,,,,
2016,7,5,2,2016-07-05,"AA",19805,"AA","1670",10721,"BOS","Boston, MA","MA",14100,"PHL","Philadelphia, PA","PA","1315","1327",12.00,12.00,13.00,4.00,"1454","1444",-10.00,0.00,0.00,"",0.00,99.00,77.00,60.00,1.00,280.00,,,,,,
2016,7,5,2,2016-07-05,"AA",19805,"AA","1671",14100,"PHL","Philadelphia, PA","PA",10721,"BOS","Boston, MA","MA","2015","2016",1.00,1.00,10.00,9.00,"2133","2123",-10.00,0.00,0.00,"",0.00,78.00,67.00,48.00,1.00,280.00,,,,,,
2016,7,5,2,2016-07-05,"AA",19805,"AA","1672",10721,"BOS","Boston, MA","MA",14100,"PHL","Philadelphia, PA","PA","1500","1454",-6.00,0.00,37.00,6.00,"1640","1632",-8.00,0.00,0.00,"",0.00,100.00,98.00,55.00,1.00,280.00,,,,,,
2016,7,5,2,2016-07-05,"AA",19805,"AA","1673",14100,"PHL","Philadelphia, PA","PA",10721,"BOS","Boston, MA","MA","2115","2108",-7.00,0.00,23.00,11.00,"2241","2227",-14.00,0.00,0.00,"",0.00,86.00,79.00,45.00,1.00,280.00,,,,,,
2016,7,5,2,2016-07-05,"AA",19805,"AA","1674",12889,"LAS","Las Vegas, NV","NV",13303,"MIA","Miami, FL","FL","2200","2201",1.00,1.00,18.00,9.00,"0541","0538",-3.00,0.00,0.00,"",0.00,281.00,277.00,250.00,1.00,2174.00,,,,,,
2016,7,5,2,2016-07-05,"AA",19805,"AA","1675",14100,"PHL","Philadelphia, PA","PA",10721,"BOS","Boston, MA","MA","2250","2311",21.00,21.00,9.00,7.00,"0004","0024",20.00,20.00,0.00,"",0.00,74.00,73.00,57.00,1.00,280.00,10.00,0.00,0.00,0.00,10.00,
2016,7,5,2,2016-07-05,"AA",19805,"AA","1677",11057,"CLT","Charlotte, NC","NC",14122,"PIT","Pittsburgh, PA","PA","0945","0940",-5.00,0.00,22.00,4.00,"1116","1106",-10.00,0.00,0.00,"",0.00,91.00,86.00,60.00,1.00,366.00,,,,,,
2016,7,5,2,2016-07-05,"AA",19805,"AA","1677",12339,"IND","Indianapolis, IN","IN",11057,"CLT","Charlotte, NC","NC","0705","0658",-7.00,0.00,10.00,8.00,"0845","0820",-25.00,0.00,0.00,"",0.00,100.00,82.00,64.00,1.00,427.00,,,,,,
2016,7,5,2,2016-07-05,"AA",19805,"AA","1678",10397,"ATL","Atlanta, GA","GA",12953,"LGA","New York, NY","NY","1655","1801",66.00,66.00,20.00,7.00,"1909","2013",64.00,64.00,0.00,"",0.00,134.00,132.00,105.00,1.00,762.00,0.00,14.00,0.00,0.00,50.00,
2016,7,5,2,2016-07-05,"AA",19805,"AA","1678",12953,"LGA","New York, NY","NY",10397,"ATL","Atlanta, GA","GA","1340","1338",-2.00,0.00,107.00,5.00,"1615","1717",62.00,62.00,0.00,"",0.00,155.00,219.00,107.00,1.00,762.00,0.00,0.00,62.00,0.00,0.00,
2016,7,5,2,2016-07-05,"AA",19805,"AA","1679",10721,"BOS","Boston, MA","MA",14100,"PHL","Philadelphia, PA","PA","2000","1950",-10.00,0.00,16.00,4.00,"2130","2102",-28.00,0.00,0.00,"",0.00,90.00,72.00,52.00,1.00,280.00,,,,,,
2016,7,5,2,2016-07-05,"AA",19805,"AA","1680",14100,"PHL","Philadelphia, PA","PA",14027,"PBI","West Palm Beach/Palm Beach, FL","FL","1830","1828",-2.00,0.00,32.00,4.00,"2125","2118",-7.00,0.00,0.00,"",0.00,175.00,170.00,134.00,1.00,951.00,,,,,,
2016,7,5,2,2016-07-05,"AA",19805,"AA","1681",10821,"BWI","Baltimore, MD","MD",11057,"CLT","Charlotte, NC","NC","1902","2018",76.00,76.00,19.00,80.00,"2033","2300",147.00,147.00,0.00,"",0.00,91.00,162.00,63.00,1.00,361.00,0.00,0.00,71.00,0.00,76.00,
2016,7,5,2,2016-07-05,"AA",19805,"AA","1682",13198,"MCI","Kansas City, MO","MO",14100,"PHL","Philadelphia, PA","PA","0700","0706",6.00,6.00,22.00,6.00,"1039","1048",9.00,9.00,0.00,"",0.00,159.00,162.00,134.00,1.00,1038.00,,,,,,
2016,7,5,2,2016-07-05,"AA",19805,"AA","1683",10397,"ATL","Atlanta, GA","GA",12953,"LGA","New York, NY","NY","0605","0602",-3.00,0.00,17.00,5.00,"0815","0810",-5.00,0.00,0.00,"",0.00,130.00,128.00,106.00,1.00,762.00,,,,,,
2016,7,5,2,2016-07-05,"AA",19805,"AA","1684",11298,"DFW","Dallas/Fort Worth, TX","TX",13204,"MCO","Orlando, FL","FL","1105","1106",1.00,1.00,15.00,6.00,"1446","1448",2.00,2.00,0.00,"",0.00,161.00,162.00,141.00,1.00,985.00,,,,,,
2016,7,5,2,2016-07-05,"AA",19805,"AA","1684",14100,"PHL","Philadelphia, PA","PA",11298,"DFW","Dallas/Fort Worth, TX","TX","0723","0718",-5.00,0.00,11.00,12.00,"0950","1009",19.00,19.00,0.00,"",0.00,207.00,231.00,208.00,1.00,1303.00,0.00,0.00,19.00,0.00,0.00,
2016,7,5,2,2016-07-05,"AA",19805,"AA","1686",14100,"PHL","Philadelphia, PA","PA",13487,"MSP","Minneapolis, MN","MN","1120","1116",-4.00,0.00,18.00,4.00,"1309","1301",-8.00,0.00,0.00,"",0.00,169.00,165.00,143.00,1.00,980.00,,,,,,
2016,7,5,2,2016-07-05,"AA",19805,"AA","1687",12953,"LGA","New York, NY","NY",10397,"ATL","Atlanta, GA","GA","2000","2054",54.00,54.00,17.00,10.00,"2234","2308",34.00,34.00,0.00,"",0.00,154.00,134.00,107.00,1.00,762.00,7.00,0.00,0.00,0.00,27.00,
2016,7,5,2,2016-07-05,"AA",19805,"AA","1688",11298,"DFW","Dallas/Fort Worth, TX","TX",13204,"MCO","Orlando, FL","FL","1845","1845",0.00,0.00,14.00,7.00,"2227","2214",-13.00,0.00,0.00,"",0.00,162.00,149.00,128.00,1.00,985.00,,,,,,
2016,7,5,2,2016-07-05,"AA",19805,"AA","1688",13204,"MCO","Orlando, FL","FL",11298,"DFW","Dallas/Fort Worth, TX","TX","1540","1555",15.00,15.00,16.00,7.00,"1724","1738",14.00,14.00,0.00,"",0.00,164.00,163.00,140.00,1.00,985.00,,,,,,
2016,7,5,2,2016-07-05,"AA",19805,"AA","1689",14100,"PHL","Philadelphia, PA","PA",14492,"RDU","Raleigh/Durham, NC","NC","1135","1132",-3.00,0.00,22.00,6.00,"1259","1254",-5.00,0.00,0.00,"",0.00,84.00,82.00,54.00,1.00,337.00,,,,,,
2016,7,5,2,2016-07-05,"AA",19805,"AA","1689",14492,"RDU","Raleigh/Durham, NC","NC",14100,"PHL","Philadelphia, PA","PA","1339","1339",0.00,0.00,13.00,3.00,"1505","1454",-11.00,0.00,0.00,"",0.00,86.00,75.00,59.00,1.00,337.00,,,,,,
2016,7,5,2,2016-07-05,"AA",19805,"AA","1691",14100,"PHL","Philadelphia, PA","PA",13198,"MCI","Kansas City, MO","MO","2015","2008",-7.00,0.00,11.00,7.00,"2203","2147",-16.00,0.00,0.00,"",0.00,168.00,159.00,141.00,1.00,1038.00,,,,,,
2016,7,5,2,2016-07-05,"AA",19805,"AA","1692",11057,"CLT","Charlotte, NC","NC",10529,"BDL","Hartford, CT","CT","2025","2029",4.00,4.00,26.00,3.00,"2222","2232",10.00,10.00,0.00,"",0.00,117.00,123.00,94.00,1.00,644.00,,,,,,
2016,7,5,2,2016-07-05,"AA",19805,"AA","1692",11697,"FLL","Fort Lauderdale, FL","FL",11057,"CLT","Charlotte, NC","NC","1710","1746",36.00,36.00,10.00,7.00,"1911","1937",26.00,26.00,0.00,"",0.00,121.00,111.00,94.00,1.00,632.00,0.00,0.00,26.00,0.00,0.00,
2016,7,5,2,2016-07-05,"AA",19805,"AA","1693",11298,"DFW","Dallas/Fort Worth, TX","TX",12889,"LAS","Las Vegas, NV","NV","1905","2040",95.00,95.00,18.00,6.00,"1955","2122",87.00,87.00,0.00,"",0.00,170.00,162.00,138.00,1.00,1055.00,8.00,0.00,0.00,0.00,79.00,
2016,7,5,2,2016-07-05,"AA",19805,"AA","1698",12266,"IAH","Houston, TX","TX",14100,"PHL","Philadelphia, PA","PA","1745","1740",-5.00,0.00,21.00,4.00,"2208","2201",-7.00,0.00,0.00,"",0.00,203.00,201.00,176.00,1.00,1325.00,,,,,,
2016,7,5,2,2016-07-05,"AA",19805,"AA","1698",14100,"PHL","Philadelphia, PA","PA",12266,"IAH","Houston, TX","TX","1430","1428",-2.00,0.00,24.00,5.00,"1658","1654",-4.00,0.00,0.00,"",0.00,208.00,206.00,177.00,1.00,1325.00,,,,,,
2016,7,5,2,2016-07-05,"AA",19805,"AA","1700",11057,"CLT","Charlotte, NC","NC",10529,"BDL","Hartford, CT","CT","1429","1452",23.00,23.00,32.00,6.00,"1624","1658",34.00,34.00,0.00,"",0.00,115.00,126.00,88.00,1.00,644.00,23.00,0.00,11.00,0.00,0.00,
2016,7,5,2,2016-07-05,"AA",19805,"AA","1700",14122,"PIT","Pittsburgh, PA","PA",11057,"CLT","Charlotte, NC","NC","1159","1154",-5.00,0.00,9.00,8.00,"1328","1310",-18.00,0.00,0.00,"",0.00,89.00,76.00,59.00,1.00,366.00,,,,,,
2016,7,5,2,2016-07-05,"AA",19805,"AA","1701",11057,"CLT","Charlotte, NC","NC",13303,"MIA","Miami, FL","FL","1820","1907",47.00,47.00,16.00,4.00,"2026","2102",36.00,36.00,0.00,"",0.00,126.00,115.00,95.00,1.00,650.00,2.00,0.00,0.00,0.00,34.00,
2016,7,5,2,2016-07-05,"AA",19805,"AA","1701",13198,"MCI","Kansas City, MO","MO",11057,"CLT","Charlotte, NC","NC","1355","1347",-8.00,0.00,19.00,13.00,"1714","1804",50.00,50.00,0.00,"",0.00,139.00,197.00,165.00,1.00,808.00,0.00,0.00,50.00,0.00,0.00,
2016,7,5,2,2016-07-05,"AA",19805,"AA","1704",11057,"CLT","Charlotte, NC","NC",10529,"BDL","Hartford, CT","CT","2210","2353",103.00,103.00,22.00,4.00,"0005","0145",100.00,100.00,0.00,"",0.00,115.00,112.00,86.00,1.00,644.00,0.00,7.00,0.00,0.00,93.00,
2016,7,5,2,2016-07-05,"AA",19805,"AA","1704",11298,"DFW","Dallas/Fort Worth, TX","TX",11057,"CLT","Charlotte, NC","NC","1735","1800",25.00,25.00,14.00,95.00,"2110","2251",101.00,101.00,0.00,"",0.00,155.00,231.00,122.00,1.00,936.00,0.00,0.00,101.00,0.00,0.00,
2016,7,5,2,2016-07-05,"AA",19805,"AA","1705",12889,"LAS","Las Vegas, NV","NV",12892,"LAX","Los Angeles, CA","CA","1310","1338",28.00,28.00,16.00,5.00,"1429","1439",10.00,10.00,0.00,"",0.00,79.00,61.00,40.00,1.00,236.00,,,,,,
2016,7,5,2,2016-07-05,"AA",19805,"AA","1705",12892,"LAX","Los Angeles, CA","CA",12889,"LAS","Las Vegas, NV","NV","1105","1206",61.00,61.00,12.00,3.00,"1224","1304",40.00,40.00,0.00,"",0.00,79.00,58.00,43.00,1.00,236.00,40.00,0.00,0.00,0.00,0.00,
2016,7,5,2,2016-07-05,"AA",19805,"AA","1706",11057,"CLT","Charlotte, NC","NC",13244,"MEM","Memphis, TN","TN","2230","2227",-3.00,0.00,16.00,10.00,"2312","2314",2.00,2.00,0.00,"",0.00,102.00,107.00,81.00,1.00,511.00,,,,,,
2016,7,5,2,2016-07-05,"AA",19805,"AA","1707",11433,"DTW","Detroit, MI","MI",11057,"CLT","Charlotte, NC","NC","0820","0817",-3.00,0.00,20.00,14.00,"1009","1010",1.00,1.00,0.00,"",0.00,109.00,113.00,79.00,1.00,500.00,,,,,,
2016,7,5,2,2016-07-05,"AA",19805,"AA","1708",10397,"ATL","Atlanta, GA","GA",11057,"CLT","Charlotte, NC","NC","0725","0719",-6.00,0.00,24.00,9.00,"0839","0843",4.00,4.00,0.00,"",0.00,74.00,84.00,51.00,1.00,226.00,,,,,,
2016,7,5,2,2016-07-05,"AA",19805,"AA","1708",11057,"CLT","Charlotte, NC","NC",11697,"FLL","Fort Lauderdale, FL","FL","0945","0941",-4.00,0.00,21.00,3.00,"1150","1135",-15.00,0.00,0.00,"",0.00,125.00,114.00,90.00,1.00,632.00,,,,,,
2016,7,5,2,2016-07-05,"AA",19805,"AA","1709",14747,"SEA","Seattle, WA","WA",11057,"CLT","Charlotte, NC","NC","0045","0050",5.00,5.00,10.00,8.00,"0840","0833",-7.00,0.00,0.00,"",0.00,295.00,283.00,265.00,1.00,2279.00,,,,,,
2016,7,5,2,2016-07-05,"AA",19805,"AA","1711",10821,"BWI","Baltimore, MD","MD",11057,"CLT","Charlotte, NC","NC","0515","0513",-2.00,0.00,14.00,8.00,"0634","0632",-2.00,0.00,0.00,"",0.00,79.00,79.00,57.00,1.00,361.00,,,,,,
2016,7,5,2,2016-07-05,"AA",19805,"AA","1712",14107,"PHX","Phoenix, AZ","AZ",14100,"PHL","Philadelphia, PA","PA","1450","1444",-6.00,0.00,13.00,4.00,"2222","2204",-18.00,0.00,0.00,"",0.00,272.00,260.00,243.00,1.00,2075.00,,,,,,
2016,7,5,2,2016-07-05,"AA",19805,"AA","1715",10529,"BDL","Hartford, CT","CT",11057,"CLT","Charlotte, NC","NC","1300","1251",-9.00,0.00,17.00,13.00,"1503","1454",-9.00,0.00,0.00,"",0.00,123.00,123.00,93.00,1.00,644.00,,,,,,
2016,7,5,2,2016-07-05,"AA",19805,"AA","1715",11057,"CLT","Charlotte, NC","NC",10693,"BNA","Nashville, TN","TN","1555","1552",-3.00,0.00,76.00,6.00,"1612","1711",59.00,59.00,0.00,"",0.00,77.00,139.00,57.00,1.00,328.00,0.00,0.00,59.00,0.00,0.00,
2016,7,5,2,2016-07-05,"AA",19805,"AA","1716",11057,"CLT","Charlotte, NC","NC",13198,"MCI","Kansas City, MO","MO","2010","2010",0.00,0.00,16.00,11.00,"2136","2135",-1.00,0.00,0.00,"",0.00,146.00,145.00,118.00,1.00,808.00,,,,,,
2016,7,5,2,2016-07-05,"AA",19805,"AA","1717",11057,"CLT","Charlotte, NC","NC",11697,"FLL","Fort Lauderdale, FL","FL","2210","2229",19.00,19.00,11.00,3.00,"0005","0011",6.00,6.00,0.00,"",0.00,115.00,102.00,88.00,1.00,632.00,,,,,,
2016,7,5,2,2016-07-05,"AA",19805,"AA","1717",14771,"SFO","San Francisco, CA","CA",11057,"CLT","Charlotte, NC","NC","1305","",,,,,"2110","",,,1.00,"A",0.00,305.00,,,1.00,2296.00,,,,,,
2016,7,5,2,2016-07-05,"AA",19805,"AA","1718",13204,"MCO","Orlando, FL","FL",11278,"DCA","Washington, DC","VA","0830","0825",-5.00,0.00,15.00,7.00,"1038","1025",-13.00,0.00,0.00,"",0.00,128.00,120.00,98.00,1.00,759.00,,,,,,
2016,7,5,2,2016-07-05,"AA",19805,"AA","1719",11057,"CLT","Charlotte, NC","NC",11697,"FLL","Fort Lauderdale, FL","FL","1625","1746",81.00,81.00,31.00,3.00,"1825","1955",90.00,90.00,0.00,"",0.00,120.00,129.00,95.00,1.00,632.00,0.00,78.00,9.00,0.00,3.00,
2016,7,5,2,2016-07-05,"AA",19805,"AA","1719",11298,"DFW","Dallas/Fort Worth, TX","TX",11057,"CLT","Charlotte, NC","NC","1155","1225",30.00,30.00,22.00,16.00,"1528","1847",,,0.00,"",1.00,153.00,,,1.00,936.00,,,,,,
2016,7,5,2,2016-07-05,"AA",19805,"AA","1720",11057,"CLT","Charlotte, NC","NC",13230,"MDT","Harrisburg, PA","PA","1950","0007",257.00,257.00,19.00,6.00,"2118","0136",258.00,258.00,0.00,"",0.00,88.00,89.00,64.00,1.00,413.00,0.00,0.00,1.00,0.00,257.00,
2016,7,5,2,2016-07-05,"AA",19805,"AA","1720",11278,"DCA","Washington, DC","VA",11057,"CLT","Charlotte, NC","NC","1720","2052",212.00,212.00,46.00,39.00,"1852","2313",261.00,261.00,0.00,"",0.00,92.00,141.00,56.00,1.00,331.00,212.00,0.00,49.00,0.00,0.00,
2016,7,5,2,2016-07-05,"AA",19805,"AA","1721",11057,"CLT","Charlotte, NC","NC",11618,"EWR","Newark, NJ","NJ","1805","1859",54.00,54.00,19.00,7.00,"1958","2046",48.00,48.00,0.00,"",0.00,113.00,107.00,81.00,1.00,529.00,48.00,0.00,0.00,0.00,0.00,
2016,7,5,2,2016-07-05,"AA",19805,"AA","1721",11697,"FLL","Fort Lauderdale, FL","FL",11057,"CLT","Charlotte, NC","NC","1450","1504",14.00,14.00,9.00,26.00,"1700","1818",78.00,78.00,0.00,"",0.00,130.00,194.00,159.00,1.00,632.00,0.00,0.00,64.00,0.00,14.00,
2016,7,5,2,2016-07-05,"AA",19805,"AA","1722",11057,"CLT","Charlotte, NC","NC",11278,"DCA","Washington, DC","VA","0930","0952",22.00,22.00,18.00,4.00,"1056","1104",8.00,8.00,0.00,"",0.00,86.00,72.00,50.00,1.00,331.00,,,,,,
2016,7,5,2,2016-07-05,"AA",19805,"AA","1722",12451,"JAX","Jacksonville, FL","FL",11057,"CLT","Charlotte, NC","NC","0709","0710",1.00,1.00,17.00,7.00,"0831","0834",3.00,3.00,0.00,"",0.00,82.00,84.00,60.00,1.00,328.00,,,,,,
2016,7,5,2,2016-07-05,"AA",19805,"AA","1724",14122,"PIT","Pittsburgh, PA","PA",11057,"CLT","Charlotte, NC","NC","1905","2037",92.00,92.00,9.00,92.00,"2032","2320",168.00,168.00,0.00,"",0.00,87.00,163.00,62.00,1.00,366.00,0.00,0.00,76.00,0.00,92.00,
2016,7,5,2,2016-07-05,"AA",19805,"AA","1725",11057,"CLT","Charlotte, NC","NC",13204,"MCO","Orlando, FL","FL","0740","0740",0.00,0.00,15.00,8.00,"0922","0911",-11.00,0.00,0.00,"",0.00,102.00,91.00,68.00,1.00,468.00,,,,,,
2016,7,5,2,2016-07-05,"AA",19805,"AA","1727",10397,"ATL","Atlanta, GA","GA",14100,"PHL","Philadelphia, PA","PA","1045","1039",-6.00,0.00,13.00,3.00,"1248","1228",-20.00,0.00,0.00,"",0.00,123.00,109.00,93.00,1.00,666.00,,,,,,
2016,7,5,2,2016-07-05,"AA",19805,"AA","1727",14100,"PHL","Philadelphia, PA","PA",10397,"ATL","Atlanta, GA","GA","0745","0733",-12.00,0.00,27.00,8.00,"1003","0948",-15.00,0.00,0.00,"",0.00,138.00,135.00,100.00,1.00,666.00,,,,,,
2016,7,5,2,2016-07-05,"AA",19805,"AA","1728",13204,"MCO","Orlando, FL","FL",14100,"PHL","Philadelphia, PA","PA","1210","1207",-3.00,0.00,22.00,5.00,"1438","1432",-6.00,0.00,0.00,"",0.00,148.00,145.00,118.00,1.00,861.00,,,,,,
2016,7,5,2,2016-07-05,"AA",19805,"AA","1728",14100,"PHL","Philadelphia, PA","PA",13204,"MCO","Orlando, FL","FL","0805","0759",-6.00,0.00,31.00,9.00,"1039","1031",-8.00,0.00,0.00,"",0.00,154.00,152.00,112.00,1.00,861.00,,,,,,
2016,7,5,2,2016-07-05,"AA",19805,"AA","1729",11057,"CLT","Charlotte, NC","NC",13204,"MCO","Orlando, FL","FL","1120","1119",-1.00,0.00,14.00,19.00,"1255","1259",4.00,4.00,0.00,"",0.00,95.00,100.00,67.00,1.00,468.00,,,,,,
2016,7,5,2,2016-07-05,"AA",19805,"AA","1729",13930,"ORD","Chicago, IL","IL",11057,"CLT","Charlotte, NC","NC","0715","0710",-5.00,0.00,21.00,15.00,"1011","1008",-3.00,0.00,0.00,"",0.00,116.00,118.00,82.00,1.00,599.00,,,,,,
2016,7,5,2,2016-07-05,"AA",19805,"AA","1730",11057,"CLT","Charlotte, NC","NC",11278,"DCA","Washington, DC","VA","1130","1124",-6.00,0.00,14.00,6.00,"1256","1237",-19.00,0.00,0.00,"",0.00,86.00,73.00,53.00,1.00,331.00,,,,,,
2016,7,5,2,2016-07-05,"AA",19805,"AA","1730",15016,"STL","St. Louis, MO","MO",11057,"CLT","Charlotte, NC","NC","0735","0741",6.00,6.00,15.00,8.00,"1028","1023",-5.00,0.00,0.00,"",0.00,113.00,102.00,79.00,1.00,575.00,,,,,,
2016,7,5,2,2016-07-05,"AA",19805,"AA","1731",14100,"PHL","Philadelphia, PA","PA",14122,"PIT","Pittsburgh, PA","PA","2250","0004",74.00,74.00,23.00,4.00,"2355","0113",78.00,78.00,0.00,"",0.00,65.00,69.00,42.00,1.00,268.00,0.00,0.00,4.00,0.00,74.00,
2016,7,5,2,2016-07-05,"AA",19805,"AA","1731",14122,"PIT","Pittsburgh, PA","PA",14100,"PHL","Philadelphia, PA","PA","2040","2029",-11.00,0.00,12.00,10.00,"2150","2138",-12.00,0.00,0.00,"",0.00,70.00,69.00,47.00,1.00,268.00,,,,,,
2016,7,5,2,2016-07-05,"AA",19805,"AA","1732",11057,"CLT","Charlotte, NC","NC",11278,"DCA","Washington, DC","VA","0730","0724",-6.00,0.00,15.00,13.00,"0855","0843",-12.00,0.00,0.00,"",0.00,85.00,79.00,51.00,1.00,331.00,,,,,,
2016,7,5,2,2016-07-05,"AA",19805,"AA","1733",11057,"CLT","Charlotte, NC","NC",13204,"MCO","Orlando, FL","FL","1815","2252",277.00,277.00,15.00,7.00,"1955","0020",265.00,265.00,0.00,"",0.00,100.00,88.00,66.00,1.00,468.00,0.00,25.00,0.00,0.00,240.00,
2016,7,5,2,2016-07-05,"AA",19805,"AA","1733",14100,"PHL","Philadelphia, PA","PA",11057,"CLT","Charlotte, NC","NC","1530","1843",193.00,193.00,19.00,76.00,"1715","2131",256.00,256.00,0.00,"",0.00,105.00,168.00,73.00,1.00,449.00,0.00,193.00,63.00,0.00,0.00,
2016,7,5,2,2016-07-05,"AA",19805,"AA","1735",11057,"CLT","Charlotte, NC","NC",12889,"LAS","Las Vegas, NV","NV","1120","1259",99.00,99.00,15.00,7.00,"1255","1442",107.00,107.00,0.00,"",0.00,275.00,283.00,261.00,1.00,1916.00,4.00,0.00,8.00,0.00,95.00,
2016,7,5,2,2016-07-05,"AA",19805,"AA","1735",11697,"FLL","Fort Lauderdale, FL","FL",11057,"CLT","Charlotte, NC","NC","0805","0803",-2.00,0.00,14.00,16.00,"1009","1007",-2.00,0.00,0.00,"",0.00,124.00,124.00,94.00,1.00,632.00,,,,,,
2016,7,5,2,2016-07-05,"AA",19805,"AA","1736",11057,"CLT","Charlotte, NC","NC",12451,"JAX","Jacksonville, FL","FL","1150","1143",-7.00,0.00,15.00,6.00,"1315","1253",-22.00,0.00,0.00,"",0.00,85.00,70.00,49.00,1.00,328.00,,,,,,
2016,7,5,2,2016-07-05,"AA",19805,"AA","1736",13244,"MEM","Memphis, TN","TN",11057,"CLT","Charlotte, NC","NC","0800","0802",2.00,2.00,17.00,7.00,"1048","1039",-9.00,0.00,0.00,"",0.00,108.00,97.00,73.00,1.00,511.00,,,,,,
2016,7,5,2,2016-07-05,"AA",19805,"AA","1737",11057,"CLT","Charlotte, NC","NC",12892,"LAX","Los Angeles, CA","CA","1456","1507",11.00,11.00,28.00,10.00,"1705","1714",9.00,9.00,0.00,"",0.00,309.00,307.00,269.00,1.00,2125.00,,,,,,
2016,7,5,2,2016-07-05,"AA",19805,"AA","1737",12892,"LAX","Los Angeles, CA","CA",14771,"SFO","San Francisco, CA","CA","1825","1907",42.00,42.00,14.00,4.00,"1952","2017",25.00,25.00,0.00,"",0.00,87.00,70.00,52.00,1.00,337.00,25.00,0.00,0.00,0.00,0.00,
2016,7,5,2,2016-07-05,"AA",19805,"AA","1740",10423,"AUS","Austin, TX","TX",11057,"CLT","Charlotte, NC","NC","1345","1350",5.00,5.00,10.00,8.00,"1727","1807",40.00,40.00,0.00,"",0.00,162.00,197.00,179.00,1.00,1032.00,5.00,0.00,35.00,0.00,0.00,
2016,7,5,2,2016-07-05,"AA",19805,"AA","1740",11057,"CLT","Charlotte, NC","NC",12953,"LGA","New York, NY","NY","1835","2052",137.00,137.00,30.00,6.00,"2031","2247",136.00,136.00,0.00,"",0.00,116.00,115.00,79.00,1.00,544.00,18.00,0.00,0.00,0.00,118.00,
2016,7,5,2,2016-07-05,"AA",19805,"AA","1740",14107,"PHX","Phoenix, AZ","AZ",10423,"AUS","Austin, TX","TX","0842","0834",-8.00,0.00,15.00,4.00,"1304","1242",-22.00,0.00,0.00,"",0.00,142.00,128.00,109.00,1.00,872.00,,,,,,
2016,7,5,2,2016-07-05,"AA",19805,"AA","1741",11278,"DCA","Washington, DC","VA",11697,"FLL","Fort Lauderdale, FL","FL","1550","1551",1.00,1.00,23.00,3.00,"1831","1822",-9.00,0.00,0.00,"",0.00,161.00,151.00,125.00,1.00,899.00,,,,,,
2016,7,5,2,2016-07-05,"AA",19805,"AA","1741",11697,"FLL","Fort Lauderdale, FL","FL",11278,"DCA","Washington, DC","VA","1950","1949",-1.00,0.00,15.00,29.00,"2217","2248",31.00,31.00,0.00,"",0.00,147.00,179.00,135.00,1.00,899.00,0.00,0.00,31.00,0.00,0.00,
2016,7,5,2,2016-07-05,"AA",19805,"AA","1742",14107,"PHX","Phoenix, AZ","AZ",11298,"DFW","Dallas/Fort Worth, TX","TX","0720","0759",39.00,39.00,16.00,18.00,"1148","1227",39.00,39.00,0.00,"",0.00,148.00,148.00,114.00,1.00,868.00,0.00,0.00,39.00,0.00,0.00,
2016,7,5,2,2016-07-05,"AA",19805,"AA","1743",11298,"DFW","Dallas/Fort Worth, TX","TX",11057,"CLT","Charlotte, NC","NC","2020","2016",-4.00,0.00,14.00,23.00,"2356","2353",-3.00,0.00,0.00,"",0.00,156.00,157.00,120.00,1.00,936.00,,,,,,
2016,7,5,2,2016-07-05,"AA",19805,"AA","1743",14100,"PHL","Philadelphia, PA","PA",11298,"DFW","Dallas/Fort Worth, TX","TX","1625","1633",8.00,8.00,22.00,14.00,"1904","1859",-5.00,0.00,0.00,"",0.00,219.00,206.00,170.00,1.00,1303.00,,,,,,
2016,7,5,2,2016-07-05,"AA",19805,"AA","1744",14100,"PHL","Philadelphia, PA","PA",11278,"DCA","Washington, DC","VA","1550","1548",-2.00,0.00,14.00,6.00,"1653","1639",-14.00,0.00,0.00,"",0.00,63.00,51.00,31.00,1.00,119.00,,,,,,
2016,7,5,2,2016-07-05,"AA",19805,"AA","1745",11057,"CLT","Charlotte, NC","NC",14122,"PIT","Pittsburgh, PA","PA","1635","1848",133.00,133.00,22.00,3.00,"1804","2008",124.00,124.00,0.00,"",0.00,89.00,80.00,55.00,1.00,366.00,0.00,124.00,0.00,0.00,0.00,
2016,7,5,2,2016-07-05,"AA",19805,"AA","1745",14492,"RDU","Raleigh/Durham, NC","NC",11057,"CLT","Charlotte, NC","NC","1445","1440",-5.00,0.00,21.00,7.00,"1545","1543",-2.00,0.00,0.00,"",0.00,60.00,63.00,35.00,1.00,130.00,,,,,,
2016,7,5,2,2016-07-05,"AA",19805,"AA","1746",14100,"PHL","Philadelphia, PA","PA",13204,"MCO","Orlando, FL","FL","1130","1238",68.00,68.00,12.00,9.00,"1358","1454",56.00,56.00,0.00,"",0.00,148.00,136.00,115.00,1.00,861.00,0.00,0.00,0.00,0.00,56.00,
2016,7,5,2,2016-07-05,"AA",19805,"AA","1747",11057,"CLT","Charlotte, NC","NC",14122,"PIT","Pittsburgh, PA","PA","1954","2123",89.00,89.00,12.00,5.00,"2116","2233",77.00,77.00,0.00,"",0.00,82.00,70.00,53.00,1.00,366.00,77.00,0.00,0.00,0.00,0.00,
2016,7,5,2,2016-07-05,"AA",19805,"AA","1747",15016,"STL","St. Louis, MO","MO",11057,"CLT","Charlotte, NC","NC","1610","1743",93.00,93.00,8.00,24.00,"1905","2039",94.00,94.00,0.00,"",0.00,115.00,116.00,84.00,1.00,575.00,0.00,0.00,94.00,0.00,0.00,
2016,7,5,2,2016-07-05,"AA",19805,"AA","1748",14100,"PHL","Philadelphia, PA","PA",13204,"MCO","Orlando, FL","FL","1405","1433",28.00,28.00,14.00,9.00,"1632","1647",15.00,15.00,0.00,"",0.00,147.00,134.00,111.00,1.00,861.00,15.00,0.00,0.00,0.00,0.00,
2016,7,5,2,2016-07-05,"AA",19805,"AA","1749",11278,"DCA","Washington, DC","VA",14100,"PHL","Philadelphia, PA","PA","1755","1750",-5.00,0.00,16.00,4.00,"1901","1845",-16.00,0.00,0.00,"",0.00,66.00,55.00,35.00,1.00,119.00,,,,,,
2016,7,5,2,2016-07-05,"AA",19805,"AA","1750",11057,"CLT","Charlotte, NC","NC",11278,"DCA","Washington, DC","VA","1753","2117",204.00,204.00,12.00,19.00,"1915","2239",204.00,204.00,0.00,"",0.00,82.00,82.00,51.00,1.00,331.00,3.00,0.00,0.00,0.00,201.00,
2016,7,5,2,2016-07-05,"AA",19805,"AA","1750",12451,"JAX","Jacksonville, FL","FL",11057,"CLT","Charlotte, NC","NC","1525","1822",177.00,177.00,18.00,45.00,"1653","2029",216.00,216.00,0.00,"",0.00,88.00,127.00,64.00,1.00,328.00,0.00,0.00,216.00,0.00,0.00,
2016,7,5,2,2016-07-05,"AA",19805,"AA","1751",14100,"PHL","Philadelphia, PA","PA",14635,"RSW","Fort Myers, FL","FL","1810","1824",14.00,14.00,26.00,3.00,"2113","2105",-8.00,0.00,0.00,"",0.00,183.00,161.00,132.00,1.00,993.00,,,,,,
2016,7,5,2,2016-07-05,"AA",19805,"AA","1752",11057,"CLT","Charlotte, NC","NC",15016,"STL","St. Louis, MO","MO","1120","1116",-4.00,0.00,11.00,5.00,"1215","1159",-16.00,0.00,0.00,"",0.00,115.00,103.00,87.00,1.00,575.00,,,,,,
2016,7,5,2,2016-07-05,"AA",19805,"AA","1752",15016,"STL","St. Louis, MO","MO",11057,"CLT","Charlotte, NC","NC","1308","1258",-10.00,0.00,14.00,60.00,"1600","1705",65.00,65.00,0.00,"",0.00,112.00,187.00,113.00,1.00,575.00,0.00,0.00,65.00,0.00,0.00,
2016,7,5,2,2016-07-05,"AA",19805,"AA","1753",14307,"PVD","Providence, RI","RI",11057,"CLT","Charlotte, NC","NC","0610","0611",1.00,1.00,19.00,6.00,"0819","0821",2.00,2.00,0.00,"",0.00,129.00,130.00,105.00,1.00,683.00,,,,,,
2016,7,5,2,2016-07-05,"AA",19805,"AA","1755",10397,"ATL","Atlanta, GA","GA",14100,"PHL","Philadelphia, PA","PA","1735","1905",90.00,90.00,16.00,4.00,"1945","2105",80.00,80.00,0.00,"",0.00,130.00,120.00,100.00,1.00,666.00,2.00,0.00,0.00,0.00,78.00,
2016,7,5,2,2016-07-05,"AA",19805,"AA","1755",14100,"PHL","Philadelphia, PA","PA",14492,"RDU","Raleigh/Durham, NC","NC","2050","2044",-6.00,0.00,16.00,3.00,"2217","2157",-20.00,0.00,0.00,"",0.00,87.00,73.00,54.00,1.00,337.00,,,,,,
2016,7,5,2,2016-07-05,"AA",19805,"AA","1756",11057,"CLT","Charlotte, NC","NC",10529,"BDL","Hartford, CT","CT","0950","0946",-4.00,0.00,20.00,6.00,"1155","1142",-13.00,0.00,0.00,"",0.00,125.00,116.00,90.00,1.00,644.00,,,,,,
2016,7,5,2,2016-07-05,"AA",19805,"AA","1756",15016,"STL","St. Louis, MO","MO",11057,"CLT","Charlotte, NC","NC","0600","0556",-4.00,0.00,17.00,11.00,"0853","0847",-6.00,0.00,0.00,"",0.00,113.00,111.00,83.00,1.00,575.00,,,,,,
2016,7,5,2,2016-07-05,"AA",19805,"AA","1757",15304,"TPA","Tampa, FL","FL",14100,"PHL","Philadelphia, PA","PA","0805","0758",-7.00,0.00,15.00,3.00,"1035","1025",-10.00,0.00,0.00,"",0.00,150.00,147.00,129.00,1.00,920.00,,,,,,
2016,7,5,2,2016-07-05,"AA",19805,"AA","1758",14307,"PVD","Providence, RI","RI",14100,"PHL","Philadelphia, PA","PA","1805","1754",-11.00,0.00,15.00,7.00,"1922","1907",-15.00,0.00,0.00,"",0.00,77.00,73.00,51.00,1.00,237.00,,,,,,
2016,7,5,2,2016-07-05,"AA",19805,"AA","1759",14100,"PHL","Philadelphia, PA","PA",14307,"PVD","Providence, RI","RI","1605","1557",-8.00,0.00,15.00,5.00,"1725","1700",-25.00,0.00,0.00,"",0.00,80.00,63.00,43.00,1.00,237.00,,,,,,
2016,7,5,2,2016-07-05,"AA",19805,"AA","1760",10821,"BWI","Baltimore, MD","MD",11057,"CLT","Charlotte, NC","NC","1200","1153",-7.00,0.00,11.00,5.00,"1325","1305",-20.00,0.00,0.00,"",0.00,85.00,72.00,56.00,1.00,361.00,,,,,,
2016,7,5,2,2016-07-05,"AA",19805,"AA","1760",11057,"CLT","Charlotte, NC","NC",11697,"FLL","Fort Lauderdale, FL","FL","1430","1429",-1.00,0.00,16.00,2.00,"1625","1618",-7.00,0.00,0.00,"",0.00,115.00,109.00,91.00,1.00,632.00,,,,,,
2016,7,5,2,2016-07-05,"AA",19805,"AA","1761",11278,"DCA","Washington, DC","VA",15304,"TPA","Tampa, FL","FL","1800","1755",-5.00,0.00,79.00,3.00,"2029","2115",46.00,46.00,0.00,"",0.00,149.00,200.00,118.00,1.00,814.00,0.00,0.00,46.00,0.00,0.00,
2016,7,5,2,2016-07-05,"AA",19805,"AA","1763",11298,"DFW","Dallas/Fort Worth, TX","TX",12889,"LAS","Las Vegas, NV","NV","0719","0719",0.00,0.00,33.00,8.00,"0806","0834",28.00,28.00,0.00,"",0.00,167.00,195.00,154.00,1.00,1055.00,0.00,0.00,28.00,0.00,0.00,
2016,7,5,2,2016-07-05,"AA",19805,"AA","1763",12889,"LAS","Las Vegas, NV","NV",11298,"DFW","Dallas/Fort Worth, TX","TX","0856","0923",27.00,27.00,11.00,10.00,"1340","1401",21.00,21.00,0.00,"",0.00,164.00,158.00,137.00,1.00,1055.00,21.00,0.00,0.00,0.00,0.00,
2016,7,5,2,2016-07-05,"AA",19805,"AA","1764",11697,"FLL","Fort Lauderdale, FL","FL",11278,"DCA","Washington, DC","VA","0815","0811",-4.00,0.00,14.00,23.00,"1043","1047",4.00,4.00,0.00,"",0.00,148.00,156.00,119.00,1.00,899.00,,,,,,
2016,7,5,2,2016-07-05,"AA",19805,"AA","1766",12892,"LAX","Los Angeles, CA","CA",12339,"IND","Indianapolis, IN","IN","2245","2253",8.00,8.00,36.00,6.00,"0555","0617",22.00,22.00,0.00,"",0.00,250.00,264.00,222.00,1.00,1814.00,8.00,0.00,14.00,0.00,0.00,
2016,7,5,2,2016-07-05,"AA",19805,"AA","1767",12339,"IND","Indianapolis, IN","IN",12892,"LAX","Los Angeles, CA","CA","0725","0720",-5.00,0.00,10.00,18.00,"0856","0840",-16.00,0.00,0.00,"",0.00,271.00,260.00,232.00,1.00,1814.00,,,,,,
2016,7,5,2,2016-07-05,"AA",19805,"AA","1768",14100,"PHL","Philadelphia, PA","PA",11298,"DFW","Dallas/Fort Worth, TX","TX","0500","0535",35.00,35.00,12.00,7.00,"0720","0750",30.00,30.00,0.00,"",0.00,200.00,195.00,176.00,1.00,1303.00,30.00,0.00,0.00,0.00,0.00,
2016,7,5,2,2016-07-05,"AA",19805,"AA","1770",11057,"CLT","Charlotte, NC","NC",13931,"ORF","Norfolk, VA","VA","0914","0911",-3.00,0.00,13.00,4.00,"1020","1015",-5.00,0.00,0.00,"",0.00,66.00,64.00,47.00,1.00,290.00,,,,,,
2016,7,5,2,2016-07-05,"AA",19805,"AA","1770",12323,"ILM","Wilmington, NC","NC",11057,"CLT","Charlotte, NC","NC","0650","0644",-6.00,0.00,11.00,5.00,"0807","0738",-29.00,0.00,0.00,"",0.00,77.00,54.00,38.00,1.00,185.00,,,,,,
2016,7,5,2,2016-07-05,"AA",19805,"AA","1772",11057,"CLT","Charlotte, NC","NC",11298,"DFW","Dallas/Fort Worth, TX","TX","0925","0922",-3.00,0.00,19.00,9.00,"1108","1056",-12.00,0.00,0.00,"",0.00,163.00,154.00,126.00,1.00,936.00,,,,,,
2016,7,5,2,2016-07-05,"AA",19805,"AA","1772",12953,"LGA","New York, NY","NY",11057,"CLT","Charlotte, NC","NC","0615","0614",-1.00,0.00,28.00,6.00,"0810","0811",1.00,1.00,0.00,"",0.00,115.00,117.00,83.00,1.00,544.00,,,,,,
2016,7,5,2,2016-07-05,"AA",19805,"AA","1773",14100,"PHL","Philadelphia, PA","PA",14307,"PVD","Providence, RI","RI","2040","2036",-4.00,0.00,12.00,4.00,"2153","2138",-15.00,0.00,0.00,"",0.00,73.00,62.00,46.00,1.00,237.00,,,,,,
2016,7,5,2,2016-07-05,"AA",19805,"AA","1774",10397,"ATL","Atlanta, GA","GA",11057,"CLT","Charlotte, NC","NC","1959","0115",316.00,316.00,23.00,6.00,"2117","0219",302.00,302.00,0.00,"",0.00,78.00,64.00,35.00,1.00,226.00,0.00,0.00,0.00,0.00,302.00,
2016,7,5,2,2016-07-05,"AA",19805,"AA","1774",11057,"CLT","Charlotte, NC","NC",11433,"DTW","Detroit, MI","MI","2220","0042",142.00,142.00,15.00,4.00,"0008","0210",122.00,122.00,0.00,"",0.00,108.00,88.00,69.00,1.00,500.00,0.00,35.00,0.00,0.00,87.00,
2016,7,5,2,2016-07-05,"AA",19805,"AA","1775",11057,"CLT","Charlotte, NC","NC",11298,"DFW","Dallas/Fort Worth, TX","TX","1613","1757",104.00,104.00,27.00,6.00,"1755","1936",101.00,101.00,0.00,"",0.00,162.00,159.00,126.00,1.00,936.00,0.00,101.00,0.00,0.00,0.00,
2016,7,5,2,2016-07-05,"AA",19805,"AA","1775",12953,"LGA","New York, NY","NY",11057,"CLT","Charlotte, NC","NC","1259","1256",-3.00,0.00,25.00,13.00,"1504","1457",-7.00,0.00,0.00,"",0.00,125.00,121.00,83.00,1.00,544.00,,,,,,
2016,7,5,2,2016-07-05,"AA",19805,"AA","1777",14893,"SMF","Sacramento, CA","CA",14107,"PHX","Phoenix, AZ","AZ","0950","0948",-2.00,0.00,10.00,3.00,"1137","1128",-9.00,0.00,0.00,"",0.00,107.00,100.00,87.00,1.00,647.00,,,,,,
2016,7,5,2,2016-07-05,"AA",19805,"AA","1778",12478,"JFK","New York, NY","NY",11057,"CLT","Charlotte, NC","NC","1030","1030",0.00,0.00,24.00,11.00,"1227","1224",-3.00,0.00,0.00,"",0.00,117.00,114.00,79.00,1.00,541.00,,,,,,
2016,7,5,2,2016-07-05,"AA",19805,"AA","1780",11057,"CLT","Charlotte, NC","NC",11042,"CLE","Cleveland, OH","OH","0940","0957",17.00,17.00,20.00,6.00,"1121","1127",6.00,6.00,0.00,"",0.00,101.00,90.00,64.00,1.00,430.00,,,,,,
2016,7,5,2,2016-07-05,"AA",19805,"AA","1780",13931,"ORF","Norfolk, VA","VA",11057,"CLT","Charlotte, NC","NC","0715","0710",-5.00,0.00,22.00,6.00,"0837","0829",-8.00,0.00,0.00,"",0.00,82.00,79.00,51.00,1.00,290.00,,,,,,
2016,7,5,2,2016-07-05,"AA",19805,"AA","1783",11057,"CLT","Charlotte, NC","NC",10721,"BOS","Boston, MA","MA","2029","2230",121.00,121.00,15.00,5.00,"2240","0027",107.00,107.00,0.00,"",0.00,131.00,117.00,97.00,1.00,728.00,98.00,0.00,0.00,0.00,9.00,
2016,7,5,2,2016-07-05,"AA",19805,"AA","1783",12892,"LAX","Los Angeles, CA","CA",11057,"CLT","Charlotte, NC","NC","1135","1132",-3.00,0.00,19.00,15.00,"1927","1914",-13.00,0.00,0.00,"",0.00,292.00,282.00,248.00,1.00,2125.00,,,,,,
2016,7,5,2,2016-07-05,"AA",19805,"AA","1784",11057,"CLT","Charlotte, NC","NC",13244,"MEM","Memphis, TN","TN","0924","0943",19.00,19.00,26.00,5.00,"1010","1038",28.00,28.00,0.00,"",0.00,106.00,115.00,84.00,1.00,511.00,19.00,0.00,9.00,0.00,0.00,
2016,7,5,2,2016-07-05,"AA",19805,"AA","1784",14122,"PIT","Pittsburgh, PA","PA",11057,"CLT","Charlotte, NC","NC","0700","0655",-5.00,0.00,15.00,4.00,"0828","0817",-11.00,0.00,0.00,"",0.00,88.00,82.00,63.00,1.00,366.00,,,,,,
2016,7,5,2,2016-07-05,"AA",19805,"AA","1785",10257,"ALB","Albany, NY","NY",11057,"CLT","Charlotte, NC","NC","1915","2028",73.00,73.00,11.00,100.00,"2130","0002",152.00,152.00,0.00,"",0.00,135.00,214.00,103.00,1.00,646.00,0.00,0.00,79.00,0.00,73.00,
2016,7,5,2,2016-07-05,"AA",19805,"AA","1785",11057,"CLT","Charlotte, NC","NC",13931,"ORF","Norfolk, VA","VA","2240","0120",160.00,160.00,16.00,5.00,"2348","0228",160.00,160.00,0.00,"",0.00,68.00,68.00,47.00,1.00,290.00,33.00,0.00,0.00,0.00,127.00,
2016,7,5,2,2016-07-05,"AA",19805,"AA","1786",14100,"PHL","Philadelphia, PA","PA",13204,"MCO","Orlando, FL","FL","1845","1859",14.00,14.00,16.00,8.00,"2124","2123",-1.00,0.00,0.00,"",0.00,159.00,144.00,120.00,1.00,861.00,,,,,,
2016,7,5,2,2016-07-05,"AA",19805,"AA","1787",11057,"CLT","Charlotte, NC","NC",14057,"PDX","Portland, OR","OR","1811","2301",290.00,290.00,13.00,5.00,"2043","0117",274.00,274.00,0.00,"",0.00,332.00,316.00,298.00,1.00,2282.00,0.00,52.00,0.00,0.00,222.00,
2016,7,5,2,2016-07-05,"AA",19805,"AA","1788",10721,"BOS","Boston, MA","MA",11057,"CLT","Charlotte, NC","NC","1916","1958",42.00,42.00,16.00,8.00,"2145","2208",23.00,23.00,0.00,"",0.00,149.00,130.00,106.00,1.00,728.00,0.00,0.00,0.00,0.00,23.00,
2016,7,5,2,2016-07-05,"AA",19805,"AA","1788",11057,"CLT","Charlotte, NC","NC",13930,"ORD","Chicago, IL","IL","2240","2325",45.00,45.00,13.00,6.00,"2345","0002",17.00,17.00,0.00,"",0.00,125.00,97.00,78.00,1.00,599.00,0.00,8.00,0.00,0.00,9.00,
2016,7,5,2,2016-07-05,"AA",19805,"AA","1789",11057,"CLT","Charlotte, NC","NC",14027,"PBI","West Palm Beach/Palm Beach, FL","FL","1430","1457",27.00,27.00,37.00,4.00,"1618","1658",40.00,40.00,0.00,"",0.00,108.00,121.00,80.00,1.00,590.00,17.00,0.00,13.00,0.00,10.00,
2016,7,5,2,2016-07-05,"AA",19805,"AA","1789",14100,"PHL","Philadelphia, PA","PA",11057,"CLT","Charlotte, NC","NC","1140","1242",62.00,62.00,17.00,5.00,"1329","1411",42.00,42.00,0.00,"",0.00,109.00,89.00,67.00,1.00,449.00,42.00,0.00,0.00,0.00,0.00,
2016,7,5,2,2016-07-05,"AA",19805,"AA","1790",11697,"FLL","Fort Lauderdale, FL","FL",14100,"PHL","Philadelphia, PA","PA","1405","1420",15.00,15.00,10.00,7.00,"1656","1649",-7.00,0.00,0.00,"",0.00,171.00,149.00,132.00,1.00,992.00,,,,,,
2016,7,5,2,2016-07-05,"AA",19805,"AA","1791",11057,"CLT","Charlotte, NC","NC",15304,"TPA","Tampa, FL","FL","1630","",,,,,"1812","",,,1.00,"C",0.00,102.00,,,1.00,507.00,,,,,,
2016,7,5,2,2016-07-05,"AA",19805,"AA","1791",13487,"MSP","Minneapolis, MN","MN",11057,"CLT","Charlotte, NC","NC","1149","1246",57.00,57.00,11.00,66.00,"1520","2122",,,0.00,"",1.00,151.00,,,1.00,930.00,,,,,,
2016,7,5,2,2016-07-05,"AA",19805,"AA","1793",11057,"CLT","Charlotte, NC","NC",14122,"PIT","Pittsburgh, PA","PA","2225","",,,,,"2348","",,,1.00,"A",0.00,83.00,,,1.00,366.00,,,,,,
2016,7,5,2,2016-07-05,"AA",19805,"AA","1793",13495,"MSY","New Orleans, LA","LA",11057,"CLT","Charlotte, NC","NC","1825","1954",89.00,89.00,19.00,53.00,"2123","2349",146.00,146.00,0.00,"",0.00,118.00,175.00,103.00,1.00,651.00,0.00,0.00,57.00,0.00,89.00,
2016,7,5,2,2016-07-05,"AA",19805,"AA","1794",11057,"CLT","Charlotte, NC","NC",14747,"SEA","Seattle, WA","WA","2020","0029",249.00,249.00,16.00,6.00,"2254","0241",227.00,227.00,0.00,"",0.00,334.00,312.00,290.00,1.00,2279.00,0.00,165.00,0.00,0.00,62.00,
2016,7,5,2,2016-07-05,"AA",19805,"AA","1794",14492,"RDU","Raleigh/Durham, NC","NC",11057,"CLT","Charlotte, NC","NC","1758","1909",71.00,71.00,25.00,22.00,"1900","2033",93.00,93.00,0.00,"",0.00,62.00,84.00,37.00,1.00,130.00,0.00,71.00,22.00,0.00,0.00,
2016,7,5,2,2016-07-05,"AA",19805,"AA","1796",11057,"CLT","Charlotte, NC","NC",14100,"PHL","Philadelphia, PA","PA","2215","2240",25.00,25.00,13.00,6.00,"2355","0005",10.00,10.00,0.00,"",0.00,100.00,85.00,66.00,1.00,449.00,,,,,,
2016,7,5,2,2016-07-05,"AA",19805,"AA","1796",11292,"DEN","Denver, CO","CO",11057,"CLT","Charlotte, NC","NC","1600","1557",-3.00,0.00,13.00,41.00,"2118","2136",18.00,18.00,0.00,"",0.00,198.00,219.00,165.00,1.00,1337.00,0.00,0.00,18.00,0.00,0.00,
2016,7,5,2,2016-07-05,"AA",19805,"AA","1797",10397,"ATL","Atlanta, GA","GA",11057,"CLT","Charlotte, NC","NC","0855","0849",-6.00,0.00,25.00,13.00,"1017","1014",-3.00,0.00,0.00,"",0.00,82.00,85.00,47.00,1.00,226.00,,,,,,
2016,7,5,2,2016-07-05,"AA",19805,"AA","1797",11057,"CLT","Charlotte, NC","NC",14492,"RDU","Raleigh/Durham, NC","NC","1120","1120",0.00,0.00,16.00,2.00,"1214","1207",-7.00,0.00,0.00,"",0.00,54.00,47.00,29.00,1.00,130.00,,,,,,
2016,7,5,2,2016-07-05,"AA",19805,"AA","1798",11057,"CLT","Charlotte, NC","NC",14100,"PHL","Philadelphia, PA","PA","2005","0141",336.00,336.00,21.00,6.00,"2145","0306",321.00,321.00,0.00,"",0.00,100.00,85.00,58.00,1.00,449.00,34.00,0.00,0.00,0.00,287.00,
2016,7,5,2,2016-07-05,"AA",19805,"AA","1798",12451,"JAX","Jacksonville, FL","FL",11057,"CLT","Charlotte, NC","NC","1745","2235",290.00,290.00,10.00,45.00,"1909","0020",311.00,311.00,0.00,"",0.00,84.00,105.00,50.00,1.00,328.00,0.00,0.00,21.00,0.00,290.00,
2016,7,5,2,2016-07-05,"AA",19805,"AA","1799",11057,"CLT","Charlotte, NC","NC",14771,"SFO","San Francisco, CA","CA","1810","",,,,,"2035","",,,1.00,"A",0.00,325.00,,,1.00,2296.00,,,,,,
2016,7,5,2,2016-07-05,"AA",19805,"AA","1799",13303,"MIA","Miami, FL","FL",11057,"CLT","Charlotte, NC","NC","1455","1456",1.00,1.00,17.00,15.00,"1701","1818",77.00,77.00,0.00,"",0.00,126.00,202.00,170.00,1.00,650.00,1.00,0.00,76.00,0.00,0.00,
2016,7,5,2,2016-07-05,"AA",19805,"AA","1800",11697,"FLL","Fort Lauderdale, FL","FL",14100,"PHL","Philadelphia, PA","PA","1010","1015",5.00,5.00,10.00,2.00,"1251","1237",-14.00,0.00,0.00,"",0.00,161.00,142.00,130.00,1.00,992.00,,,,,,
2016,7,5,2,2016-07-05,"AA",19805,"AA","1800",14100,"PHL","Philadelphia, PA","PA",11697,"FLL","Fort Lauderdale, FL","FL","0645","0648",3.00,3.00,14.00,4.00,"0925","0932",7.00,7.00,0.00,"",0.00,160.00,164.00,146.00,1.00,992.00,,,,,,
2016,7,5,2,2016-07-05,"AA",19805,"AA","1801",11298,"DFW","Dallas/Fort Worth, TX","TX",14100,"PHL","Philadelphia, PA","PA","1650","1647",-3.00,0.00,25.00,4.00,"2111","2058",-13.00,0.00,0.00,"",0.00,201.00,191.00,162.00,1.00,1303.00,,,,,,
2016,7,5,2,2016-07-05,"AA",19805,"AA","1802",11057,"CLT","Charlotte, NC","NC",13495,"MSY","New Orleans, LA","LA","1645","1813",88.00,88.00,30.00,3.00,"1745","1923",98.00,98.00,0.00,"",0.00,120.00,130.00,97.00,1.00,651.00,0.00,88.00,10.00,0.00,0.00,
2016,7,5,2,2016-07-05,"AA",19805,"AA","1803",14107,"PHX","Phoenix, AZ","AZ",14100,"PHL","Philadelphia, PA","PA","1115","1137",22.00,22.00,14.00,4.00,"1850","1854",4.00,4.00,0.00,"",0.00,275.00,257.00,239.00,1.00,2075.00,,,,,,
2016,7,5,2,2016-07-05,"AA",19805,"AA","1804",12892,"LAX","Los Angeles, CA","CA",14747,"SEA","Seattle, WA","WA","1405","1413",8.00,8.00,20.00,11.00,"1650","1655",5.00,5.00,0.00,"",0.00,165.00,162.00,131.00,1.00,954.00,,,,,,
2016,7,5,2,2016-07-05,"AA",19805,"AA","1804",14747,"SEA","Seattle, WA","WA",12892,"LAX","Los Angeles, CA","CA","1730","1735",5.00,5.00,22.00,18.00,"2017","2023",6.00,6.00,0.00,"",0.00,167.00,168.00,128.00,1.00,954.00,,,,,,
2016,7,5,2,2016-07-05,"AA",19805,"AA","1805",10721,"BOS","Boston, MA","MA",11057,"CLT","Charlotte, NC","NC","0935","0931",-4.00,0.00,32.00,11.00,"1157","1205",8.00,8.00,0.00,"",0.00,142.00,154.00,111.00,1.00,728.00,,,,,,
2016,7,5,2,2016-07-05,"AA",19805,"AA","1806",11057,"CLT","Charlotte, NC","NC",10721,"BOS","Boston, MA","MA","1756","",,,,,"2006","",,,1.00,"A",0.00,130.00,,,1.00,728.00,,,,,,
2016,7,5,2,2016-07-05,"AA",19805,"AA","1808",11057,"CLT","Charlotte, NC","NC",15304,"TPA","Tampa, FL","FL","1300","1258",-2.00,0.00,15.00,3.00,"1436","1430",-6.00,0.00,0.00,"",0.00,96.00,92.00,74.00,1.00,507.00,,,,,,
2016,7,5,2,2016-07-05,"AA",19805,"AA","1808",11292,"DEN","Denver, CO","CO",11057,"CLT","Charlotte, NC","NC","0645","0644",-1.00,0.00,13.00,10.00,"1202","1143",-19.00,0.00,0.00,"",0.00,197.00,179.00,156.00,1.00,1337.00,,,,,,
2016,7,5,2,2016-07-05,"AA",19805,"AA","1809",11057,"CLT","Charlotte, NC","NC",13495,"MSY","New Orleans, LA","LA","1900","",,,,,"1950","",,,1.00,"A",0.00,110.00,,,1.00,651.00,,,,,,
2016,7,5,2,2016-07-05,"AA",19805,"AA","1809",12953,"LGA","New York, NY","NY",11057,"CLT","Charlotte, NC","NC","1555","1650",55.00,55.00,59.00,14.00,"1809","1930",81.00,81.00,0.00,"",0.00,134.00,160.00,87.00,1.00,544.00,49.00,0.00,26.00,0.00,6.00,
2016,7,5,2,2016-07-05,"AA",19805,"AA","1810",11057,"CLT","Charlotte, NC","NC",15304,"TPA","Tampa, FL","FL","1455","1458",3.00,3.00,32.00,2.00,"1633","1643",10.00,10.00,0.00,"",0.00,98.00,105.00,71.00,1.00,507.00,,,,,,
2016,7,5,2,2016-07-05,"AA",19805,"AA","1810",14027,"PBI","West Palm Beach/Palm Beach, FL","FL",11057,"CLT","Charlotte, NC","NC","1155","1213",18.00,18.00,15.00,11.00,"1351","1404",13.00,13.00,0.00,"",0.00,116.00,111.00,85.00,1.00,590.00,,,,,,
2016,7,5,2,2016-07-05,"AA",19805,"AA","1811",11292,"DEN","Denver, CO","CO",11057,"CLT","Charlotte, NC","NC","1205","1201",-4.00,0.00,10.00,21.00,"1724","2111",,,0.00,"",1.00,199.00,,,1.00,1337.00,,,,,,
2016,7,5,2,2016-07-05,"AA",19805,"AA","1812",11057,"CLT","Charlotte, NC","NC",10721,"BOS","Boston, MA","MA","2215","",,,,,"0025","",,,1.00,"A",0.00,130.00,,,1.00,728.00,,,,,,
2016,7,5,2,2016-07-05,"AA",19805,"AA","1812",14635,"RSW","Fort Myers, FL","FL",11057,"CLT","Charlotte, NC","NC","1915","2040",85.00,85.00,12.00,112.00,"2111","0004",173.00,173.00,0.00,"",0.00,116.00,204.00,80.00,1.00,600.00,0.00,0.00,88.00,0.00,85.00,
2016,7,5,2,2016-07-05,"AA",19805,"AA","1813",11057,"CLT","Charlotte, NC","NC",15304,"TPA","Tampa, FL","FL","0750","0745",-5.00,0.00,15.00,4.00,"0931","0915",-16.00,0.00,0.00,"",0.00,101.00,90.00,71.00,1.00,507.00,,,,,,
2016,7,5,2,2016-07-05,"AA",19805,"AA","1814",11057,"CLT","Charlotte, NC","NC",10397,"ATL","Atlanta, GA","GA","1135","1131",-4.00,0.00,59.00,8.00,"1254","1400",66.00,66.00,0.00,"",0.00,79.00,149.00,82.00,1.00,226.00,0.00,0.00,66.00,0.00,0.00,
2016,7,5,2,2016-07-05,"AA",19805,"AA","1814",14321,"PWM","Portland, ME","ME",11057,"CLT","Charlotte, NC","NC","0805","0801",-4.00,0.00,22.00,3.00,"1031","1024",-7.00,0.00,0.00,"",0.00,146.00,143.00,118.00,1.00,813.00,,,,,,
2016,7,5,2,2016-07-05,"AA",19805,"AA","1816",11278,"DCA","Washington, DC","VA",13204,"MCO","Orlando, FL","FL","0940","0935",-5.00,0.00,15.00,12.00,"1204","1151",-13.00,0.00,0.00,"",0.00,144.00,136.00,109.00,1.00,759.00,,,,,,
2016,7,5,2,2016-07-05,"AA",19805,"AA","1816",13204,"MCO","Orlando, FL","FL",11278,"DCA","Washington, DC","VA","1245","1246",1.00,1.00,15.00,4.00,"1459","1445",-14.00,0.00,0.00,"",0.00,134.00,119.00,100.00,1.00,759.00,,,,,,
2016,7,5,2,2016-07-05,"AA",19805,"AA","1820",11057,"CLT","Charlotte, NC","NC",14635,"RSW","Fort Myers, FL","FL","2209","2341",92.00,92.00,11.00,4.00,"2357","0120",83.00,83.00,0.00,"",0.00,108.00,99.00,84.00,1.00,600.00,0.00,20.00,0.00,0.00,63.00,
2016,7,5,2,2016-07-05,"AA",19805,"AA","1821",10693,"BNA","Nashville, TN","TN",11057,"CLT","Charlotte, NC","NC","1250","1257",7.00,7.00,17.00,18.00,"1520","1530",10.00,10.00,0.00,"",0.00,90.00,93.00,58.00,1.00,328.00,,,,,,
2016,7,5,2,2016-07-05,"AA",19805,"AA","1821",11057,"CLT","Charlotte, NC","NC",11433,"DTW","Detroit, MI","MI","1621","1800",99.00,99.00,11.00,8.00,"1816","1932",76.00,76.00,0.00,"",0.00,115.00,92.00,73.00,1.00,500.00,0.00,76.00,0.00,0.00,0.00,
2016,7,5,2,2016-07-05,"AA",19805,"AA","1822",14027,"PBI","West Palm Beach/Palm Beach, FL","FL",14100,"PHL","Philadelphia, PA","PA","1415","1410",-5.00,0.00,10.00,13.00,"1659","1641",-18.00,0.00,0.00,"",0.00,164.00,151.00,128.00,1.00,951.00,,,,,,
2016,7,5,2,2016-07-05,"AA",19805,"AA","1822",14100,"PHL","Philadelphia, PA","PA",14027,"PBI","West Palm Beach/Palm Beach, FL","FL","1005","1000",-5.00,0.00,18.00,4.00,"1258","1228",-30.00,0.00,0.00,"",0.00,173.00,148.00,126.00,1.00,951.00,,,,,,
2016,7,5,2,2016-07-05,"AA",19805,"AA","1824",14100,"PHL","Philadelphia, PA","PA",10721,"BOS","Boston, MA","MA","0600","0556",-4.00,0.00,14.00,6.00,"0714","0705",-9.00,0.00,0.00,"",0.00,74.00,69.00,49.00,1.00,280.00,,,,,,
2016,7,5,2,2016-07-05,"AA",19805,"AA","1825",15304,"TPA","Tampa, FL","FL",11057,"CLT","Charlotte, NC","NC","1345","1343",-2.00,0.00,13.00,20.00,"1530","1533",3.00,3.00,0.00,"",0.00,105.00,110.00,77.00,1.00,507.00,,,,,,
2016,7,5,2,2016-07-05,"AA",19805,"AA","1826",11292,"DEN","Denver, CO","CO",14107,"PHX","Phoenix, AZ","AZ","1215","1214",-1.00,0.00,11.00,6.00,"1302","1255",-7.00,0.00,0.00,"",0.00,107.00,101.00,84.00,1.00,602.00,,,,,,
2016,7,5,2,2016-07-05,"AA",19805,"AA","1826",14107,"PHX","Phoenix, AZ","AZ",12889,"LAS","Las Vegas, NV","NV","1405","1353",-12.00,0.00,21.00,6.00,"1515","1504",-11.00,0.00,0.00,"",0.00,70.00,71.00,44.00,1.00,255.00,,,,,,
2016,7,5,2,2016-07-05,"AA",19805,"AA","1827",11057,"CLT","Charlotte, NC","NC",14683,"SAT","San Antonio, TX","TX","1445","1442",-3.00,0.00,43.00,23.00,"1636","1725",49.00,49.00,0.00,"",0.00,171.00,223.00,157.00,1.00,1095.00,0.00,0.00,49.00,0.00,0.00,
2016,7,5,2,2016-07-05,"AA",19805,"AA","1827",13244,"MEM","Memphis, TN","TN",11057,"CLT","Charlotte, NC","NC","1055","1113",18.00,18.00,12.00,10.00,"1342","1355",13.00,13.00,0.00,"",0.00,107.00,102.00,80.00,1.00,511.00,,,,,,
2016,7,5,2,2016-07-05,"AA",19805,"AA","1828",13303,"MIA","Miami, FL","FL",11057,"CLT","Charlotte, NC","NC","2132","2148",16.00,16.00,16.00,42.00,"2343","0013",30.00,30.00,0.00,"",0.00,131.00,145.00,87.00,1.00,650.00,16.00,0.00,14.00,0.00,0.00,
2016,7,5,2,2016-07-05,"AA",19805,"AA","1829",11057,"CLT","Charlotte, NC","NC",14492,"RDU","Raleigh/Durham, NC","NC","2244","",,,,,"2337","",,,1.00,"A",0.00,53.00,,,1.00,130.00,,,,,,
2016,7,5,2,2016-07-05,"AA",19805,"AA","1829",14747,"SEA","Seattle, WA","WA",11057,"CLT","Charlotte, NC","NC","1320","1324",4.00,4.00,18.00,73.00,"2127","2216",49.00,49.00,0.00,"",0.00,307.00,352.00,261.00,1.00,2279.00,4.00,0.00,45.00,0.00,0.00,
2016,7,5,2,2016-07-05,"AA",19805,"AA","1831",11057,"CLT","Charlotte, NC","NC",13303,"MIA","Miami, FL","FL","1145","1140",-5.00,0.00,25.00,7.00,"1354","1345",-9.00,0.00,0.00,"",0.00,129.00,125.00,93.00,1.00,650.00,,,,,,
2016,7,5,2,2016-07-05,"AA",19805,"AA","1831",14307,"PVD","Providence, RI","RI",11057,"CLT","Charlotte, NC","NC","0815","0809",-6.00,0.00,32.00,8.00,"1030","1037",7.00,7.00,0.00,"",0.00,135.00,148.00,108.00,1.00,683.00,,,,,,
2016,7,5,2,2016-07-05,"AA",19805,"AA","1832",12892,"LAX","Los Angeles, CA","CA",14747,"SEA","Seattle, WA","WA","1105","1106",1.00,1.00,11.00,8.00,"1351","1340",-11.00,0.00,0.00,"",0.00,166.00,154.00,135.00,1.00,954.00,,,,,,
2016,7,5,2,2016-07-05,"AA",19805,"AA","1832",14747,"SEA","Seattle, WA","WA",12892,"LAX","Los Angeles, CA","CA","1435","1433",-2.00,0.00,20.00,26.00,"1727","1726",-1.00,0.00,0.00,"",0.00,172.00,173.00,127.00,1.00,954.00,,,,,,
2016,7,5,2,2016-07-05,"AA",19805,"AA","1833",14100,"PHL","Philadelphia, PA","PA",10397,"ATL","Atlanta, GA","GA","1635","1810",95.00,95.00,25.00,11.00,"1854","2024",90.00,90.00,0.00,"",0.00,139.00,134.00,98.00,1.00,666.00,0.00,90.00,0.00,0.00,0.00,
2016,7,5,2,2016-07-05,"AA",19805,"AA","1835",11057,"CLT","Charlotte, NC","NC",15096,"SYR","Syracuse, NY","NY","2237","0012",95.00,95.00,21.00,6.00,"0025","0155",90.00,90.00,0.00,"",0.00,108.00,103.00,76.00,1.00,603.00,0.00,71.00,0.00,0.00,19.00,
2016,7,5,2,2016-07-05,"AA",19805,"AA","1835",13891,"ONT","Ontario, CA","CA",14107,"PHX","Phoenix, AZ","AZ","1215","1217",2.00,2.00,11.00,5.00,"1329","1325",-4.00,0.00,0.00,"",0.00,74.00,68.00,52.00,1.00,325.00,,,,,,
2016,7,5,2,2016-07-05,"AA",19805,"AA","1835",14107,"PHX","Phoenix, AZ","AZ",11057,"CLT","Charlotte, NC","NC","1425","1433",8.00,8.00,26.00,94.00,"2129","2320",111.00,111.00,0.00,"",0.00,244.00,347.00,227.00,1.00,1773.00,0.00,0.00,111.00,0.00,0.00,
2016,7,5,2,2016-07-05,"AA",19805,"AA","1836",14107,"PHX","Phoenix, AZ","AZ",12889,"LAS","Las Vegas, NV","NV","1025","1022",-3.00,0.00,18.00,11.00,"1140","1137",-3.00,0.00,0.00,"",0.00,75.00,75.00,46.00,1.00,255.00,,,,,,
2016,7,5,2,2016-07-05,"AA",19805,"AA","1837",11057,"CLT","Charlotte, NC","NC",14635,"RSW","Fort Myers, FL","FL","0745","0740",-5.00,0.00,12.00,4.00,"0941","0926",-15.00,0.00,0.00,"",0.00,116.00,106.00,90.00,1.00,600.00,,,,,,
2016,7,5,2,2016-07-05,"AA",19805,"AA","1838",13204,"MCO","Orlando, FL","FL",14100,"PHL","Philadelphia, PA","PA","1250","1300",10.00,10.00,11.00,5.00,"1518","1512",-6.00,0.00,0.00,"",0.00,148.00,132.00,116.00,1.00,861.00,,,,,,
2016,7,5,2,2016-07-05,"AA",19805,"AA","1838",14100,"PHL","Philadelphia, PA","PA",13204,"MCO","Orlando, FL","FL","0930","0930",0.00,0.00,47.00,8.00,"1200","1216",16.00,16.00,0.00,"",0.00,150.00,166.00,111.00,1.00,861.00,0.00,0.00,16.00,0.00,0.00,
2016,7,5,2,2016-07-05,"AA",19805,"AA","1839",11057,"CLT","Charlotte, NC","NC",14100,"PHL","Philadelphia, PA","PA","0900","0903",3.00,3.00,10.00,3.00,"1035","1031",-4.00,0.00,0.00,"",0.00,95.00,88.00,75.00,1.00,449.00,,,,,,
2016,7,5,2,2016-07-05,"AA",19805,"AA","1839",11697,"FLL","Fort Lauderdale, FL","FL",11057,"CLT","Charlotte, NC","NC","0610","0634",24.00,24.00,11.00,6.00,"0806","0826",20.00,20.00,0.00,"",0.00,116.00,112.00,95.00,1.00,632.00,20.00,0.00,0.00,0.00,0.00,
2016,7,5,2,2016-07-05,"AA",19805,"AA","1840",11057,"CLT","Charlotte, NC","NC",14122,"PIT","Pittsburgh, PA","PA","1815","2003",108.00,108.00,16.00,3.00,"1943","2113",90.00,90.00,0.00,"",0.00,88.00,70.00,51.00,1.00,366.00,0.00,48.00,0.00,0.00,42.00,
2016,7,5,2,2016-07-05,"AA",19805,"AA","1840",14492,"RDU","Raleigh/Durham, NC","NC",11057,"CLT","Charlotte, NC","NC","1610","1646",36.00,36.00,113.00,6.00,"1712","1920",128.00,128.00,0.00,"",0.00,62.00,154.00,35.00,1.00,130.00,0.00,0.00,128.00,0.00,0.00,
2016,7,5,2,2016-07-05,"AA",19805,"AA","1841",11278,"DCA","Washington, DC","VA",15304,"TPA","Tampa, FL","FL","1415","1416",1.00,1.00,11.00,4.00,"1639","1625",-14.00,0.00,0.00,"",0.00,144.00,129.00,114.00,1.00,814.00,,,,,,
2016,7,5,2,2016-07-05,"AA",19805,"AA","1841",15304,"TPA","Tampa, FL","FL",11278,"DCA","Washington, DC","VA","1810","1808",-2.00,0.00,11.00,28.00,"2028","2033",5.00,5.00,0.00,"",0.00,138.00,145.00,106.00,1.00,814.00,,,,,,
2016,7,5,2,2016-07-05,"AA",19805,"AA","1842",11057,"CLT","Charlotte, NC","NC",14122,"PIT","Pittsburgh, PA","PA","1310","1305",-5.00,0.00,13.00,4.00,"1436","1419",-17.00,0.00,0.00,"",0.00,86.00,74.00,57.00,1.00,366.00,,,,,,
2016,7,5,2,2016-07-05,"AA",19805,"AA","1842",12953,"LGA","New York, NY","NY",11057,"CLT","Charlotte, NC","NC","1005","1102",57.00,57.00,28.00,10.00,"1218","1259",41.00,41.00,0.00,"",0.00,133.00,117.00,79.00,1.00,544.00,0.00,0.00,0.00,0.00,41.00,
2016,7,5,2,2016-07-05,"AA",19805,"AA","1843",11057,"CLT","Charlotte, NC","NC",10257,"ALB","Albany, NY","NY","1624","1716",52.00,52.00,72.00,4.00,"1826","1957",91.00,91.00,0.00,"",0.00,122.00,161.00,85.00,1.00,646.00,0.00,52.00,39.00,0.00,0.00,
2016,7,5,2,2016-07-05,"AA",19805,"AA","1843",12339,"IND","Indianapolis, IN","IN",11057,"CLT","Charlotte, NC","NC","1353","1344",-9.00,0.00,13.00,24.00,"1531","1531",0.00,0.00,0.00,"",0.00,98.00,107.00,70.00,1.00,427.00,,,,,,
2016,7,5,2,2016-07-05,"AA",19805,"AA","1844",11057,"CLT","Charlotte, NC","NC",13930,"ORD","Chicago, IL","IL","1125","1132",7.00,7.00,23.00,11.00,"1230","1230",0.00,0.00,0.00,"",0.00,125.00,118.00,84.00,1.00,599.00,,,,,,
2016,7,5,2,2016-07-05,"AA",19805,"AA","1846",11278,"DCA","Washington, DC","VA",15304,"TPA","Tampa, FL","FL","1140","1138",-2.00,0.00,26.00,2.00,"1355","1401",6.00,6.00,0.00,"",0.00,135.00,143.00,115.00,1.00,814.00,,,,,,
2016,7,5,2,2016-07-05,"AA",19805,"AA","1846",15304,"TPA","Tampa, FL","FL",11278,"DCA","Washington, DC","VA","1458","1450",-8.00,0.00,14.00,14.00,"1714","1705",-9.00,0.00,0.00,"",0.00,136.00,135.00,107.00,1.00,814.00,,,,,,
2016,7,5,2,2016-07-05,"AA",19805,"AA","1847",10693,"BNA","Nashville, TN","TN",11057,"CLT","Charlotte, NC","NC","0745","0741",-4.00,0.00,13.00,20.00,"1014","1004",-10.00,0.00,0.00,"",0.00,89.00,83.00,50.00,1.00,328.00,,,,,,
2016,7,5,2,2016-07-05,"AA",19805,"AA","1847",11057,"CLT","Charlotte, NC","NC",14100,"PHL","Philadelphia, PA","PA","1115","1120",5.00,5.00,20.00,4.00,"1249","1257",8.00,8.00,0.00,"",0.00,94.00,97.00,73.00,1.00,449.00,,,,,,
2016,7,5,2,2016-07-05,"AA",19805,"AA","1848",11697,"FLL","Fort Lauderdale, FL","FL",14100,"PHL","Philadelphia, PA","PA","0610","0607",-3.00,0.00,12.00,6.00,"0854","0836",-18.00,0.00,0.00,"",0.00,164.00,149.00,131.00,1.00,992.00,,,,,,
2016,7,5,2,2016-07-05,"AA",19805,"AA","1849",11057,"CLT","Charlotte, NC","NC",12451,"JAX","Jacksonville, FL","FL","1319","1313",-6.00,0.00,13.00,5.00,"1440","1422",-18.00,0.00,0.00,"",0.00,81.00,69.00,51.00,1.00,328.00,,,,,,
2016,7,5,2,2016-07-05,"AA",19805,"AA","1849",14635,"RSW","Fort Myers, FL","FL",11057,"CLT","Charlotte, NC","NC","1025","1017",-8.00,0.00,9.00,10.00,"1220","1206",-14.00,0.00,0.00,"",0.00,115.00,109.00,90.00,1.00,600.00,,,,,,
2016,7,5,2,2016-07-05,"AA",19805,"AA","1850",13204,"MCO","Orlando, FL","FL",14100,"PHL","Philadelphia, PA","PA","1020","1016",-4.00,0.00,14.00,16.00,"1241","1246",5.00,5.00,0.00,"",0.00,141.00,150.00,120.00,1.00,861.00,,,,,,
2016,7,5,2,2016-07-05,"AA",19805,"AA","1850",14100,"PHL","Philadelphia, PA","PA",13204,"MCO","Orlando, FL","FL","0655","0648",-7.00,0.00,15.00,7.00,"0915","0905",-10.00,0.00,0.00,"",0.00,140.00,137.00,115.00,1.00,861.00,,,,,,
2016,7,5,2,2016-07-05,"AA",19805,"AA","1851",11057,"CLT","Charlotte, NC","NC",13930,"ORD","Chicago, IL","IL","2000","2020",20.00,20.00,16.00,9.00,"2107","2107",0.00,0.00,0.00,"",0.00,127.00,107.00,82.00,1.00,599.00,,,,,,
2016,7,5,2,2016-07-05,"AA",19805,"AA","1852",11057,"CLT","Charlotte, NC","NC",14843,"SJU","San Juan, PR","PR","0950","0946",-4.00,0.00,21.00,5.00,"1342","1329",-13.00,0.00,0.00,"",0.00,232.00,223.00,197.00,1.00,1475.00,,,,,,
2016,7,5,2,2016-07-05,"AA",19805,"AA","1853",11057,"CLT","Charlotte, NC","NC",14635,"RSW","Fort Myers, FL","FL","0950","0943",-7.00,0.00,33.00,5.00,"1151","1152",1.00,1.00,0.00,"",0.00,121.00,129.00,91.00,1.00,600.00,,,,,,
2016,7,5,2,2016-07-05,"AA",19805,"AA","1853",13487,"MSP","Minneapolis, MN","MN",11057,"CLT","Charlotte, NC","NC","0520","0517",-3.00,0.00,10.00,9.00,"0849","0831",-18.00,0.00,0.00,"",0.00,149.00,134.00,115.00,1.00,930.00,,,,,,
2016,7,5,2,2016-07-05,"AA",19805,"AA","1854",11057,"CLT","Charlotte, NC","NC",10397,"ATL","Atlanta, GA","GA","2245","0124",159.00,159.00,16.00,5.00,"2358","0221",143.00,143.00,0.00,"",0.00,73.00,57.00,36.00,1.00,226.00,9.00,0.00,0.00,0.00,134.00,
2016,7,5,2,2016-07-05,"AA",19805,"AA","1854",14107,"PHX","Phoenix, AZ","AZ",11057,"CLT","Charlotte, NC","NC","1445","1522",37.00,37.00,12.00,34.00,"2149","2239",50.00,50.00,0.00,"",0.00,244.00,257.00,211.00,1.00,1773.00,0.00,0.00,13.00,0.00,37.00,
2016,7,5,2,2016-07-05,"AA",19805,"AA","1854",14771,"SFO","San Francisco, CA","CA",14107,"PHX","Phoenix, AZ","AZ","1140","1235",55.00,55.00,12.00,7.00,"1341","1427",46.00,46.00,0.00,"",0.00,121.00,112.00,93.00,1.00,651.00,0.00,0.00,0.00,0.00,46.00,
2016,7,5,2,2016-07-05,"AA",19805,"AA","1855",11057,"CLT","Charlotte, NC","NC",13487,"MSP","Minneapolis, MN","MN","1450","1506",16.00,16.00,37.00,4.00,"1632","1714",42.00,42.00,0.00,"",0.00,162.00,188.00,147.00,1.00,930.00,5.00,0.00,26.00,0.00,11.00,
2016,7,5,2,2016-07-05,"AA",19805,"AA","1855",15304,"TPA","Tampa, FL","FL",11057,"CLT","Charlotte, NC","NC","1150","1201",11.00,11.00,11.00,21.00,"1334","1350",16.00,16.00,0.00,"",0.00,104.00,109.00,77.00,1.00,507.00,9.00,0.00,5.00,0.00,2.00,
2016,7,5,2,2016-07-05,"AA",19805,"AA","1856",14107,"PHX","Phoenix, AZ","AZ",14100,"PHL","Philadelphia, PA","PA","0700","0656",-4.00,0.00,12.00,8.00,"1434","1413",-21.00,0.00,0.00,"",0.00,274.00,257.00,237.00,1.00,2075.00,,,,,,
2016,7,5,2,2016-07-05,"AA",19805,"AA","1857",11057,"CLT","Charlotte, NC","NC",13204,"MCO","Orlando, FL","FL","2220","",,,,,"2356","",,,1.00,"A",0.00,96.00,,,1.00,468.00,,,,,,
2016,7,5,2,2016-07-05,"AA",19805,"AA","1857",12889,"LAS","Las Vegas, NV","NV",11057,"CLT","Charlotte, NC","NC","1355","1351",-4.00,0.00,21.00,21.00,"2118","2115",-3.00,0.00,0.00,"",0.00,263.00,264.00,222.00,1.00,1916.00,,,,,,
2016,7,5,2,2016-07-05,"AA",19805,"AA","1860",11057,"CLT","Charlotte, NC","NC",14576,"ROC","Rochester, NY","NY","1440","1437",-3.00,0.00,11.00,5.00,"1627","1612",-15.00,0.00,0.00,"",0.00,107.00,95.00,79.00,1.00,573.00,,,,,,
2016,7,5,2,2016-07-05,"AA",19805,"AA","1860",13198,"MCI","Kansas City, MO","MO",11057,"CLT","Charlotte, NC","NC","1015","1010",-5.00,0.00,17.00,10.00,"1331","1320",-11.00,0.00,0.00,"",0.00,136.00,130.00,103.00,1.00,808.00,,,,,,
2016,7,5,2,2016-07-05,"AA",19805,"AA","1861",11057,"CLT","Charlotte, NC","NC",14492,"RDU","Raleigh/Durham, NC","NC","2016","",,,,,"2111","",,,1.00,"A",0.00,55.00,,,1.00,130.00,,,,,,
2016,7,5,2,2016-07-05,"AA",19805,"AA","1861",14524,"RIC","Richmond, VA","VA",11057,"CLT","Charlotte, NC","NC","1757","2019",142.00,142.00,13.00,96.00,"1915","2256",221.00,221.00,0.00,"",0.00,78.00,157.00,48.00,1.00,257.00,0.00,0.00,221.00,0.00,0.00,
2016,7,5,2,2016-07-05,"AA",19805,"AA","1862",11057,"CLT","Charlotte, NC","NC",14107,"PHX","Phoenix, AZ","AZ","1924","2007",43.00,43.00,15.00,4.00,"2038","2110",32.00,32.00,0.00,"",0.00,254.00,243.00,224.00,1.00,1773.00,0.00,31.00,0.00,0.00,1.00,
2016,7,5,2,2016-07-05,"AA",19805,"AA","1862",14843,"SJU","San Juan, PR","PR",11057,"CLT","Charlotte, NC","NC","1440","1433",-7.00,0.00,15.00,11.00,"1829","1830",1.00,1.00,0.00,"",0.00,229.00,237.00,211.00,1.00,1475.00,,,,,,
2016,7,5,2,2016-07-05,"AA",19805,"AA","1864",11057,"CLT","Charlotte, NC","NC",11278,"DCA","Washington, DC","VA","1640","2019",219.00,219.00,16.00,24.00,"1810","2149",219.00,219.00,0.00,"",0.00,90.00,90.00,50.00,1.00,331.00,0.00,104.00,0.00,0.00,115.00,
2016,7,5,2,2016-07-05,"AA",19805,"AA","1864",14524,"RIC","Richmond, VA","VA",11057,"CLT","Charlotte, NC","NC","1430","1428",-2.00,0.00,11.00,7.00,"1542","1536",-6.00,0.00,0.00,"",0.00,72.00,68.00,50.00,1.00,257.00,,,,,,
2016,7,5,2,2016-07-05,"AA",19805,"AA","1865",11057,"CLT","Charlotte, NC","NC",11292,"DEN","Denver, CO","CO","2225","",,,,,"2356","",,,1.00,"A",0.00,211.00,,,1.00,1337.00,,,,,,
2016,7,5,2,2016-07-05,"AA",19805,"AA","1865",12478,"JFK","New York, NY","NY",11057,"CLT","Charlotte, NC","NC","1900","",,,,,"2114","",,,1.00,"A",0.00,134.00,,,1.00,541.00,,,,,,
2016,7,5,2,2016-07-05,"AA",19805,"AA","1866",11057,"CLT","Charlotte, NC","NC",14027,"PBI","West Palm Beach/Palm Beach, FL","FL","0919","0935",16.00,16.00,29.00,5.00,"1103","1136",33.00,33.00,0.00,"",0.00,104.00,121.00,87.00,1.00,590.00,16.00,0.00,17.00,0.00,0.00,
2016,7,5,2,2016-07-05,"AA",19805,"AA","1866",11618,"EWR","Newark, NJ","NJ",11057,"CLT","Charlotte, NC","NC","0600","0554",-6.00,0.00,15.00,4.00,"0749","0731",-18.00,0.00,0.00,"",0.00,109.00,97.00,78.00,1.00,529.00,,,,,,
2016,7,5,2,2016-07-05,"AA",19805,"AA","1867",11057,"CLT","Charlotte, NC","NC",10693,"BNA","Nashville, TN","TN","2004","2056",52.00,52.00,15.00,5.00,"2024","2124",60.00,60.00,0.00,"",0.00,80.00,88.00,68.00,1.00,328.00,50.00,0.00,8.00,0.00,2.00,
2016,7,5,2,2016-07-05,"AA",19805,"AA","1867",15304,"TPA","Tampa, FL","FL",11057,"CLT","Charlotte, NC","NC","1720","1749",29.00,29.00,7.00,8.00,"1908","1916",8.00,8.00,0.00,"",0.00,108.00,87.00,72.00,1.00,507.00,,,,,,
2016,7,5,2,2016-07-05,"AA",19805,"AA","1868",11057,"CLT","Charlotte, NC","NC",10994,"CHS","Charleston, SC","SC","1114","1110",-4.00,0.00,11.00,5.00,"1209","1158",-11.00,0.00,0.00,"",0.00,55.00,48.00,32.00,1.00,168.00,,,,,,
2016,7,5,2,2016-07-05,"AA",19805,"AA","1868",14576,"ROC","Rochester, NY","NY",11057,"CLT","Charlotte, NC","NC","0810","0804",-6.00,0.00,12.00,16.00,"1008","1002",-6.00,0.00,0.00,"",0.00,118.00,118.00,90.00,1.00,573.00,,,,,,
2016,7,5,2,2016-07-05,"AA",19805,"AA","1870",11057,"CLT","Charlotte, NC","NC",14576,"ROC","Rochester, NY","NY","2215","2343",88.00,88.00,,,"2358","",,,1.00,"A",0.00,103.00,,,1.00,573.00,,,,,,
2016,7,5,2,2016-07-05,"AA",19805,"AA","1870",14683,"SAT","San Antonio, TX","TX",11057,"CLT","Charlotte, NC","NC","1735","1805",30.00,30.00,17.00,8.00,"2127","2208",41.00,41.00,0.00,"",0.00,172.00,183.00,158.00,1.00,1095.00,0.00,0.00,11.00,0.00,30.00,
2016,7,5,2,2016-07-05,"AA",19805,"AA","1871",10529,"BDL","Hartford, CT","CT",11057,"CLT","Charlotte, NC","NC","1705","1734",29.00,29.00,28.00,57.00,"1913","2053",100.00,100.00,0.00,"",0.00,128.00,199.00,114.00,1.00,644.00,0.00,0.00,71.00,0.00,29.00,
2016,7,5,2,2016-07-05,"AA",19805,"AA","1871",11057,"CLT","Charlotte, NC","NC",15304,"TPA","Tampa, FL","FL","2006","",,,,,"2141","",,,1.00,"A",0.00,95.00,,,1.00,507.00,,,,,,
2016,7,5,2,2016-07-05,"AA",19805,"AA","1872",11278,"DCA","Washington, DC","VA",13204,"MCO","Orlando, FL","FL","1145","1137",-8.00,0.00,23.00,8.00,"1401","1353",-8.00,0.00,0.00,"",0.00,136.00,136.00,105.00,1.00,759.00,,,,,,
2016,7,5,2,2016-07-05,"AA",19805,"AA","1872",13204,"MCO","Orlando, FL","FL",11278,"DCA","Washington, DC","VA","1505","1454",-11.00,0.00,13.00,2.00,"1719","1647",-32.00,0.00,0.00,"",0.00,134.00,113.00,98.00,1.00,759.00,,,,,,
2016,7,5,2,2016-07-05,"AA",19805,"AA","1873",11057,"CLT","Charlotte, NC","NC",15304,"TPA","Tampa, FL","FL","2210","2337",87.00,87.00,23.00,5.00,"2344","0119",95.00,95.00,0.00,"",0.00,94.00,102.00,74.00,1.00,507.00,0.00,42.00,8.00,0.00,45.00,
2016,7,5,2,2016-07-05,"AA",19805,"AA","1873",12892,"LAX","Los Angeles, CA","CA",11057,"CLT","Charlotte, NC","NC","1300","1255",-5.00,0.00,17.00,99.00,"2052","2200",68.00,68.00,0.00,"",0.00,292.00,365.00,249.00,1.00,2125.00,0.00,0.00,68.00,0.00,0.00,
2016,7,5,2,2016-07-05,"AA",19805,"AA","1874",11278,"DCA","Washington, DC","VA",13204,"MCO","Orlando, FL","FL","1545","1549",4.00,4.00,24.00,8.00,"1805","1819",14.00,14.00,0.00,"",0.00,140.00,150.00,118.00,1.00,759.00,,,,,,
2016,7,5,2,2016-07-05,"AA",19805,"AA","1874",13204,"MCO","Orlando, FL","FL",11278,"DCA","Washington, DC","VA","2007","2003",-4.00,0.00,25.00,22.00,"2215","2248",33.00,33.00,0.00,"",0.00,128.00,165.00,118.00,1.00,759.00,0.00,0.00,33.00,0.00,0.00,
2016,7,5,2,2016-07-05,"AA",19805,"AA","1876",11278,"DCA","Washington, DC","VA",13204,"MCO","Orlando, FL","FL","1930","2231",181.00,181.00,15.00,19.00,"2145","0046",181.00,181.00,0.00,"",0.00,135.00,135.00,101.00,1.00,759.00,0.00,0.00,0.00,0.00,181.00,
2016,7,5,2,2016-07-05,"AA",19805,"AA","1877",11057,"CLT","Charlotte, NC","NC",13303,"MIA","Miami, FL","FL","0700","0656",-4.00,0.00,13.00,5.00,"0856","0851",-5.00,0.00,0.00,"",0.00,116.00,115.00,97.00,1.00,650.00,,,,,,
2016,7,5,2,2016-07-05,"AA",19805,"AA","1878",11057,"CLT","Charlotte, NC","NC",11298,"DFW","Dallas/Fort Worth, TX","TX","1325","1336",11.00,11.00,11.00,10.00,"1511","1506",-5.00,0.00,0.00,"",0.00,166.00,150.00,129.00,1.00,936.00,,,,,,
2016,7,5,2,2016-07-05,"AA",19805,"AA","1878",13303,"MIA","Miami, FL","FL",11057,"CLT","Charlotte, NC","NC","0954","0957",3.00,3.00,29.00,6.00,"1211","1208",-3.00,0.00,0.00,"",0.00,137.00,131.00,96.00,1.00,650.00,,,,,,
2016,7,5,2,2016-07-05,"AA",19805,"AA","1879",10721,"BOS","Boston, MA","MA",11057,"CLT","Charlotte, NC","NC","1251","1307",16.00,16.00,21.00,21.00,"1512","1532",20.00,20.00,0.00,"",0.00,141.00,145.00,103.00,1.00,728.00,0.00,0.00,20.00,0.00,0.00,
2016,7,5,2,2016-07-05,"AA",19805,"AA","1879",11057,"CLT","Charlotte, NC","NC",14747,"SEA","Seattle, WA","WA","1615","1751",96.00,96.00,22.00,8.00,"1850","2016",86.00,86.00,0.00,"",0.00,335.00,325.00,295.00,1.00,2279.00,0.00,75.00,0.00,0.00,11.00,
2016,7,5,2,2016-07-05,"AA",19805,"AA","1880",11278,"DCA","Washington, DC","VA",14027,"PBI","West Palm Beach/Palm Beach, FL","FL","1155","1153",-2.00,0.00,22.00,4.00,"1423","1427",4.00,4.00,0.00,"",0.00,148.00,154.00,128.00,1.00,857.00,,,,,,
2016,7,5,2,2016-07-05,"AA",19805,"AA","1880",14027,"PBI","West Palm Beach/Palm Beach, FL","FL",11278,"DCA","Washington, DC","VA","1616","1612",-4.00,0.00,13.00,8.00,"1835","1839",4.00,4.00,0.00,"",0.00,139.00,147.00,126.00,1.00,857.00,,,,,,
2016,7,5,2,2016-07-05,"AA",19805,"AA","1881",14100,"PHL","Philadelphia, PA","PA",14107,"PHX","Phoenix, AZ","AZ","1820","1813",-7.00,0.00,37.00,6.00,"2035","2033",-2.00,0.00,0.00,"",0.00,315.00,320.00,277.00,1.00,2075.00,,,,,,
2016,7,5,2,2016-07-05,"AA",19805,"AA","1883",14100,"PHL","Philadelphia, PA","PA",13487,"MSP","Minneapolis, MN","MN","0730","0811",41.00,41.00,13.00,4.00,"0921","0940",19.00,19.00,0.00,"",0.00,171.00,149.00,132.00,1.00,980.00,2.00,0.00,0.00,0.00,17.00,
2016,7,5,2,2016-07-05,"AA",19805,"AA","1884",13487,"MSP","Minneapolis, MN","MN",14100,"PHL","Philadelphia, PA","PA","1015","1028",13.00,13.00,8.00,6.00,"1348","1344",-4.00,0.00,0.00,"",0.00,153.00,136.00,122.00,1.00,980.00,,,,,,
2016,7,5,2,2016-07-05,"AA",19805,"AA","1885",11057,"CLT","Charlotte, NC","NC",10792,"BUF","Buffalo, NY","NY","2015","2018",3.00,3.00,11.00,2.00,"2158","2146",-12.00,0.00,0.00,"",0.00,103.00,88.00,75.00,1.00,546.00,,,,,,
2016,7,5,2,2016-07-05,"AA",19805,"AA","1886",11057,"CLT","Charlotte, NC","NC",14524,"RIC","Richmond, VA","VA","1609","1825",136.00,136.00,27.00,4.00,"1716","1936",140.00,140.00,0.00,"",0.00,67.00,71.00,40.00,1.00,257.00,0.00,107.00,4.00,0.00,29.00,
2016,7,5,2,2016-07-05,"AA",19805,"AA","1886",11278,"DCA","Washington, DC","VA",11057,"CLT","Charlotte, NC","NC","1355","1415",20.00,20.00,21.00,3.00,"1523","1553",30.00,30.00,0.00,"",0.00,88.00,98.00,74.00,1.00,331.00,20.00,0.00,10.00,0.00,0.00,
2016,7,5,2,2016-07-05,"AA",19805,"AA","1887",14100,"PHL","Philadelphia, PA","PA",10397,"ATL","Atlanta, GA","GA","1435","1620",105.00,105.00,20.00,8.00,"1643","1823",100.00,100.00,0.00,"",0.00,128.00,123.00,95.00,1.00,666.00,0.00,100.00,0.00,0.00,0.00,
2016,7,5,2,2016-07-05,"AA",19805,"AA","1888",14100,"PHL","Philadelphia, PA","PA",10721,"BOS","Boston, MA","MA","1915","1910",-5.00,0.00,17.00,8.00,"2039","2023",-16.00,0.00,0.00,"",0.00,84.00,73.00,48.00,1.00,280.00,,,,,,
2016,7,5,2,2016-07-05,"AA",19805,"AA","1889",10821,"BWI","Baltimore, MD","MD",11057,"CLT","Charlotte, NC","NC","1347","1343",-4.00,0.00,16.00,25.00,"1512","1527",15.00,15.00,0.00,"",0.00,85.00,104.00,63.00,1.00,361.00,0.00,0.00,15.00,0.00,0.00,
2016,7,5,2,2016-07-05,"AA",19805,"AA","1889",11057,"CLT","Charlotte, NC","NC",10529,"BDL","Hartford, CT","CT","1619","1718",59.00,59.00,37.00,4.00,"1818","1941",83.00,83.00,0.00,"",0.00,119.00,143.00,102.00,1.00,644.00,0.00,59.00,24.00,0.00,0.00,
2016,7,5,2,2016-07-05,"AA",19805,"AA","1893",11057,"CLT","Charlotte, NC","NC",10423,"AUS","Austin, TX","TX","2210","0007",117.00,117.00,20.00,8.00,"2352","0145",113.00,113.00,0.00,"",0.00,162.00,158.00,130.00,1.00,1032.00,0.00,101.00,0.00,0.00,12.00,
2016,7,5,2,2016-07-05,"AA",19805,"AA","1893",11433,"DTW","Detroit, MI","MI",11057,"CLT","Charlotte, NC","NC","1856","2008",72.00,72.00,17.00,91.00,"2045","2315",150.00,150.00,0.00,"",0.00,109.00,187.00,79.00,1.00,500.00,0.00,0.00,78.00,0.00,72.00,
2016,7,5,2,2016-07-05,"AA",19805,"AA","1894",13930,"ORD","Chicago, IL","IL",14100,"PHL","Philadelphia, PA","PA","0835","0829",-6.00,0.00,13.00,4.00,"1139","1123",-16.00,0.00,0.00,"",0.00,124.00,114.00,97.00,1.00,678.00,,,,,,
2016,7,5,2,2016-07-05,"AA",19805,"AA","1896",14747,"SEA","Seattle, WA","WA",14107,"PHX","Phoenix, AZ","AZ","0820","0818",-2.00,0.00,23.00,4.00,"1111","1104",-7.00,0.00,0.00,"",0.00,171.00,166.00,139.00,1.00,1107.00,,,,,,
2016,7,5,2,2016-07-05,"AA",19805,"AA","1898",11057,"CLT","Charlotte, NC","NC",12266,"IAH","Houston, TX","TX","0755","0746",-9.00,0.00,38.00,9.00,"0930","0939",9.00,9.00,0.00,"",0.00,155.00,173.00,126.00,1.00,912.00,,,,,,
2016,7,5,2,2016-07-05,"AA",19805,"AA","1899",11057,"CLT","Charlotte, NC","NC",13204,"MCO","Orlando, FL","FL","1640","1906",146.00,146.00,19.00,10.00,"1823","2048",145.00,145.00,0.00,"",0.00,103.00,102.00,73.00,1.00,468.00,0.00,142.00,0.00,0.00,3.00,
2016,7,5,2,2016-07-05,"AA",19805,"AA","1899",12892,"LAX","Los Angeles, CA","CA",14107,"PHX","Phoenix, AZ","AZ","0600","0600",0.00,0.00,14.00,9.00,"0730","0717",-13.00,0.00,0.00,"",0.00,90.00,77.00,54.00,1.00,370.00,,,,,,
2016,7,5,2,2016-07-05,"AA",19805,"AA","1899",14107,"PHX","Phoenix, AZ","AZ",11057,"CLT","Charlotte, NC","NC","0835","0832",-3.00,0.00,15.00,27.00,"1542","1545",3.00,3.00,0.00,"",0.00,247.00,253.00,211.00,1.00,1773.00,,,,,,
2016,7,5,2,2016-07-05,"AA",19805,"AA","1903",11057,"CLT","Charlotte, NC","NC",14307,"PVD","Providence, RI","RI","0735","0728",-7.00,0.00,22.00,4.00,"0935","0927",-8.00,0.00,0.00,"",0.00,120.00,119.00,93.00,1.00,683.00,,,,,,
2016,7,5,2,2016-07-05,"AA",19805,"AA","1903",14524,"RIC","Richmond, VA","VA",11057,"CLT","Charlotte, NC","NC","0513","0505",-8.00,0.00,14.00,5.00,"0626","0609",-17.00,0.00,0.00,"",0.00,73.00,64.00,45.00,1.00,257.00,,,,,,
2016,7,5,2,2016-07-05,"AA",19805,"AA","1904",11057,"CLT","Charlotte, NC","NC",14122,"PIT","Pittsburgh, PA","PA","0800","0753",-7.00,0.00,22.00,5.00,"0929","0920",-9.00,0.00,0.00,"",0.00,89.00,87.00,60.00,1.00,366.00,,,,,,
2016,7,5,2,2016-07-05,"AA",19805,"AA","1904",11278,"DCA","Washington, DC","VA",11057,"CLT","Charlotte, NC","NC","0540","0533",-7.00,0.00,17.00,6.00,"0700","0646",-14.00,0.00,0.00,"",0.00,80.00,73.00,50.00,1.00,331.00,,,,,,
2016,7,5,2,2016-07-05,"AA",19805,"AA","1905",11057,"CLT","Charlotte, NC","NC",13204,"MCO","Orlando, FL","FL","0919","0927",8.00,8.00,17.00,10.00,"1054","1059",5.00,5.00,0.00,"",0.00,95.00,92.00,65.00,1.00,468.00,,,,,,
2016,7,5,2,2016-07-05,"AA",19805,"AA","1905",12889,"LAS","Las Vegas, NV","NV",11057,"CLT","Charlotte, NC","NC","0055","0122",27.00,27.00,11.00,10.00,"0809","0831",22.00,22.00,0.00,"",0.00,254.00,249.00,228.00,1.00,1916.00,22.00,0.00,0.00,0.00,0.00,
2016,7,5,2,2016-07-05,"AA",19805,"AA","1906",11057,"CLT","Charlotte, NC","NC",13198,"MCI","Kansas City, MO","MO","0755","0747",-8.00,0.00,13.00,6.00,"0927","0901",-26.00,0.00,0.00,"",0.00,152.00,134.00,115.00,1.00,808.00,,,,,,
2016,7,5,2,2016-07-05,"AA",19805,"AA","1908",11057,"CLT","Charlotte, NC","NC",13930,"ORD","Chicago, IL","IL","1755","",,,,,"1901","",,,1.00,"A",0.00,126.00,,,1.00,599.00,,,,,,
2016,7,5,2,2016-07-05,"AA",19805,"AA","1908",13930,"ORD","Chicago, IL","IL",14107,"PHX","Phoenix, AZ","AZ","2015","",,,,,"2158","",,,1.00,"A",0.00,223.00,,,1.00,1440.00,,,,,,
2016,7,5,2,2016-07-05,"AA",19805,"AA","1908",14771,"SFO","San Francisco, CA","CA",11057,"CLT","Charlotte, NC","NC","0849","0845",-4.00,0.00,11.00,60.00,"1652","2238",,,0.00,"",1.00,303.00,,,1.00,2296.00,,,,,,
2016,7,5,2,2016-07-05,"AA",19805,"AA","1910",11057,"CLT","Charlotte, NC","NC",12953,"LGA","New York, NY","NY","0955","0956",1.00,1.00,30.00,14.00,"1152","1157",5.00,5.00,0.00,"",0.00,117.00,121.00,77.00,1.00,544.00,,,,,,
2016,7,5,2,2016-07-05,"AA",19805,"AA","1910",12892,"LAX","Los Angeles, CA","CA",11057,"CLT","Charlotte, NC","NC","0055","0056",1.00,1.00,28.00,10.00,"0847","0848",1.00,1.00,0.00,"",0.00,292.00,292.00,254.00,1.00,2125.00,,,,,,
2016,7,5,2,2016-07-05,"AA",19805,"AA","1912",10821,"BWI","Baltimore, MD","MD",11057,"CLT","Charlotte, NC","NC","0700","0657",-3.00,0.00,23.00,9.00,"0831","0828",-3.00,0.00,0.00,"",0.00,91.00,91.00,59.00,1.00,361.00,,,,,,
2016,7,5,2,2016-07-05,"AA",19805,"AA","1912",11057,"CLT","Charlotte, NC","NC",14747,"SEA","Seattle, WA","WA","0940","0936",-4.00,0.00,13.00,12.00,"1220","1204",-16.00,0.00,0.00,"",0.00,340.00,328.00,303.00,1.00,2279.00,,,,,,
2016,7,5,2,2016-07-05,"AA",19805,"AA","1915",11057,"CLT","Charlotte, NC","NC",14492,"RDU","Raleigh/Durham, NC","NC","1811","",,,,,"1910","",,,1.00,"A",0.00,59.00,,,1.00,130.00,,,,,,
2016,7,5,2,2016-07-05,"AA",19805,"AA","1916",11057,"CLT","Charlotte, NC","NC",13930,"ORD","Chicago, IL","IL","0755","0749",-6.00,0.00,14.00,11.00,"0907","0841",-26.00,0.00,0.00,"",0.00,132.00,112.00,87.00,1.00,599.00,,,,,,
2016,7,5,2,2016-07-05,"AA",19805,"AA","1916",13204,"MCO","Orlando, FL","FL",11057,"CLT","Charlotte, NC","NC","0515","0511",-4.00,0.00,10.00,6.00,"0649","0639",-10.00,0.00,0.00,"",0.00,94.00,88.00,72.00,1.00,468.00,,,,,,
2016,7,5,2,2016-07-05,"AA",19805,"AA","1920",14771,"SFO","San Francisco, CA","CA",11057,"CLT","Charlotte, NC","NC","1055","1131",36.00,36.00,18.00,8.00,"1859","1918",19.00,19.00,0.00,"",0.00,304.00,287.00,261.00,1.00,2296.00,0.00,0.00,0.00,0.00,19.00,
2016,7,5,2,2016-07-05,"AA",19805,"AA","1921",11057,"CLT","Charlotte, NC","NC",12451,"JAX","Jacksonville, FL","FL","2015","2109",54.00,54.00,21.00,5.00,"2132","2226",54.00,54.00,0.00,"",0.00,77.00,77.00,51.00,1.00,328.00,45.00,0.00,0.00,0.00,9.00,
2016,7,5,2,2016-07-05,"AA",19805,"AA","1921",14576,"ROC","Rochester, NY","NY",11057,"CLT","Charlotte, NC","NC","1709","1735",26.00,26.00,8.00,6.00,"1910","1919",9.00,9.00,0.00,"",0.00,121.00,104.00,90.00,1.00,573.00,,,,,,
2016,7,5,2,2016-07-05,"AA",19805,"AA","1922",11057,"CLT","Charlotte, NC","NC",14524,"RIC","Richmond, VA","VA","2240","0100",140.00,140.00,1.00,6.00,"2347","0150",123.00,123.00,0.00,"",0.00,67.00,50.00,43.00,1.00,257.00,123.00,0.00,0.00,0.00,0.00,
2016,7,5,2,2016-07-05,"AA",19805,"AA","1922",11278,"DCA","Washington, DC","VA",11057,"CLT","Charlotte, NC","NC","2000","2314",194.00,194.00,15.00,7.00,"2131","0029",178.00,178.00,0.00,"",0.00,91.00,75.00,53.00,1.00,331.00,0.00,0.00,0.00,0.00,178.00,
2016,7,5,2,2016-07-05,"AA",19805,"AA","1923",10257,"ALB","Albany, NY","NY",11057,"CLT","Charlotte, NC","NC","0805","0803",-2.00,0.00,23.00,4.00,"1019","1016",-3.00,0.00,0.00,"",0.00,134.00,133.00,106.00,1.00,646.00,,,,,,
2016,7,5,2,2016-07-05,"AA",19805,"AA","1924",11057,"CLT","Charlotte, NC","NC",10821,"BWI","Baltimore, MD","MD","1135","1130",-5.00,0.00,16.00,5.00,"1302","1248",-14.00,0.00,0.00,"",0.00,87.00,78.00,57.00,1.00,361.00,,,,,,
2016,7,5,2,2016-07-05,"AA",19805,"AA","1924",13230,"MDT","Harrisburg, PA","PA",11057,"CLT","Charlotte, NC","NC","0900","0852",-8.00,0.00,11.00,5.00,"1033","1016",-17.00,0.00,0.00,"",0.00,93.00,84.00,68.00,1.00,413.00,,,,,,
2016,7,5,2,2016-07-05,"AA",19805,"AA","1925",10529,"BDL","Hartford, CT","CT",11057,"CLT","Charlotte, NC","NC","0620","0612",-8.00,0.00,33.00,5.00,"0822","0826",4.00,4.00,0.00,"",0.00,122.00,134.00,96.00,1.00,644.00,,,,,,
2016,7,5,2,2016-07-05,"AA",19805,"AA","1925",11057,"CLT","Charlotte, NC","NC",15304,"TPA","Tampa, FL","FL","0935","0931",-4.00,0.00,11.00,3.00,"1117","1057",-20.00,0.00,0.00,"",0.00,102.00,86.00,72.00,1.00,507.00,,,,,,
2016,7,5,2,2016-07-05,"AA",19805,"AA","1925",15304,"TPA","Tampa, FL","FL",14100,"PHL","Philadelphia, PA","PA","1209","1205",-4.00,0.00,17.00,10.00,"1439","1440",1.00,1.00,0.00,"",0.00,150.00,155.00,128.00,1.00,920.00,,,,,,
2016,7,5,2,2016-07-05,"AA",19805,"AA","1926",14771,"SFO","San Francisco, CA","CA",12892,"LAX","Los Angeles, CA","CA","2115","2108",-7.00,0.00,16.00,15.00,"2246","2235",-11.00,0.00,0.00,"",0.00,91.00,87.00,56.00,1.00,337.00,,,,,,
2016,7,5,2,2016-07-05,"AA",19805,"AA","1927",10529,"BDL","Hartford, CT","CT",11057,"CLT","Charlotte, NC","NC","1009","1002",-7.00,0.00,11.00,5.00,"1208","1152",-16.00,0.00,0.00,"",0.00,119.00,110.00,94.00,1.00,644.00,,,,,,
2016,7,5,2,2016-07-05,"AA",19805,"AA","1927",11057,"CLT","Charlotte, NC","NC",14492,"RDU","Raleigh/Durham, NC","NC","1304","1300",-4.00,0.00,11.00,4.00,"1400","1346",-14.00,0.00,0.00,"",0.00,56.00,46.00,31.00,1.00,130.00,,,,,,
2016,7,5,2,2016-07-05,"AA",19805,"AA","1930",14057,"PDX","Portland, OR","OR",11057,"CLT","Charlotte, NC","NC","2215","2207",-8.00,0.00,15.00,7.00,"0601","0625",24.00,24.00,0.00,"",0.00,286.00,318.00,296.00,1.00,2282.00,0.00,0.00,24.00,0.00,0.00,
2016,7,5,2,2016-07-05,"AA",19805,"AA","1933",14122,"PIT","Pittsburgh, PA","PA",14100,"PHL","Philadelphia, PA","PA","0715","0708",-7.00,0.00,12.00,5.00,"0841","0814",-27.00,0.00,0.00,"",0.00,86.00,66.00,49.00,1.00,268.00,,,,,,
2016,7,5,2,2016-07-05,"AA",19805,"AA","1934",10397,"ATL","Atlanta, GA","GA",11057,"CLT","Charlotte, NC","NC","1215","1210",-5.00,0.00,20.00,18.00,"1333","1334",1.00,1.00,0.00,"",0.00,78.00,84.00,46.00,1.00,226.00,,,,,,
2016,7,5,2,2016-07-05,"AA",19805,"AA","1934",11057,"CLT","Charlotte, NC","NC",14492,"RDU","Raleigh/Durham, NC","NC","1435","1450",15.00,15.00,12.00,2.00,"1530","1541",11.00,11.00,0.00,"",0.00,55.00,51.00,37.00,1.00,130.00,,,,,,
2016,7,5,2,2016-07-05,"AA",19805,"AA","1934",13303,"MIA","Miami, FL","FL",10397,"ATL","Atlanta, GA","GA","0925","0922",-3.00,0.00,13.00,11.00,"1121","1107",-14.00,0.00,0.00,"",0.00,116.00,105.00,81.00,1.00,594.00,,,,,,
2016,7,5,2,2016-07-05,"AA",19805,"AA","1934",14869,"SLC","Salt Lake City, UT","UT",13303,"MIA","Miami, FL","FL","0055","0132",37.00,37.00,17.00,11.00,"0727","0830",63.00,63.00,0.00,"",0.00,272.00,298.00,270.00,1.00,2088.00,37.00,0.00,26.00,0.00,0.00,
2016,7,5,2,2016-07-05,"AA",19805,"AA","1936",11057,"CLT","Charlotte, NC","NC",11618,"EWR","Newark, NJ","NJ","1200","1303",63.00,63.00,25.00,5.00,"1355","1500",65.00,65.00,0.00,"",0.00,115.00,117.00,87.00,1.00,529.00,63.00,0.00,2.00,0.00,0.00,
2016,7,5,2,2016-07-05,"AA",19805,"AA","1936",11278,"DCA","Washington, DC","VA",11057,"CLT","Charlotte, NC","NC","0900","0857",-3.00,0.00,29.00,6.00,"1033","1025",-8.00,0.00,0.00,"",0.00,93.00,88.00,53.00,1.00,331.00,,,,,,
2016,7,5,2,2016-07-05,"AA",19805,"AA","1937",11057,"CLT","Charlotte, NC","NC",10721,"BOS","Boston, MA","MA","1130","1127",-3.00,0.00,15.00,10.00,"1344","1330",-14.00,0.00,0.00,"",0.00,134.00,123.00,98.00,1.00,728.00,,,,,,
2016,7,5,2,2016-07-05,"AA",19805,"AA","1937",13495,"MSY","New Orleans, LA","LA",11057,"CLT","Charlotte, NC","NC","0725","0722",-3.00,0.00,13.00,11.00,"1023","1016",-7.00,0.00,0.00,"",0.00,118.00,114.00,90.00,1.00,651.00,,,,,,
2016,7,5,2,2016-07-05,"AA",19805,"AA","1938",11057,"CLT","Charlotte, NC","NC",11278,"DCA","Washington, DC","VA","1455","1505",10.00,10.00,17.00,4.00,"1620","1616",-4.00,0.00,0.00,"",0.00,85.00,71.00,50.00,1.00,331.00,,,,,,
2016,7,5,2,2016-07-05,"AA",19805,"AA","1938",12266,"IAH","Houston, TX","TX",11057,"CLT","Charlotte, NC","NC","1014","1010",-4.00,0.00,13.00,12.00,"1345","1339",-6.00,0.00,0.00,"",0.00,151.00,149.00,124.00,1.00,912.00,,,,,,
2016,7,9,6,2016-07-09,"AA",19805,"AA","547",13930,"ORD","Chicago, IL","IL",14107,"PHX","Phoenix, AZ","AZ","1715","1716",1.00,1.00,19.00,5.00,"1902","1841",-21.00,0.00,0.00,"",0.00,227.00,205.00,181.00,1.00,1440.00,,,,,,
2016,7,9,6,2016-07-09,"AA",19805,"AA","547",14107,"PHX","Phoenix, AZ","AZ",11298,"DFW","Dallas/Fort Worth, TX","TX","2010","",,,,,"0035","",,,1.00,"A",0.00,145.00,,,1.00,868.00,,,,,,
2016,7,9,6,2016-07-09,"AA",19805,"AA","548",11884,"GEG","Spokane, WA","WA",14107,"PHX","Phoenix, AZ","AZ","1510","1501",-9.00,0.00,12.00,4.00,"1747","1731",-16.00,0.00,0.00,"",0.00,157.00,150.00,134.00,1.00,1020.00,,,,,,
2016,7,9,6,2016-07-09,"AA",19805,"AA","548",14107,"PHX","Phoenix, AZ","AZ",13342,"MKE","Milwaukee, WI","WI","1850","1842",-8.00,0.00,8.00,3.00,"0010","2348",-22.00,0.00,0.00,"",0.00,200.00,186.00,175.00,1.00,1460.00,,,,,,
2016,7,9,6,2016-07-09,"AA",19805,"AA","549",14107,"PHX","Phoenix, AZ","AZ",11298,"DFW","Dallas/Fort Worth, TX","TX","0635","0707",32.00,32.00,19.00,10.00,"1059","1132",33.00,33.00,0.00,"",0.00,144.00,145.00,116.00,1.00,868.00,32.00,0.00,1.00,0.00,0.00,
2016,7,9,6,2016-07-09,"AA",19805,"AA","550",11298,"DFW","Dallas/Fort Worth, TX","TX",11057,"CLT","Charlotte, NC","NC","1850","2356",306.00,306.00,18.00,6.00,"2232","0318",286.00,286.00,0.00,"",0.00,162.00,142.00,118.00,1.00,936.00,0.00,23.00,0.00,0.00,263.00,
2016,7,9,6,2016-07-09,"AA",19805,"AA","550",13930,"ORD","Chicago, IL","IL",14107,"PHX","Phoenix, AZ","AZ","1045","1043",-2.00,0.00,11.00,5.00,"1222","1203",-19.00,0.00,0.00,"",0.00,217.00,200.00,184.00,1.00,1440.00,,,,,,
2016,7,9,6,2016-07-09,"AA",19805,"AA","550",14100,"PHL","Philadelphia, PA","PA",13930,"ORD","Chicago, IL","IL","0750","0832",42.00,42.00,15.00,12.00,"0915","0942",27.00,27.00,0.00,"",0.00,145.00,130.00,103.00,1.00,678.00,27.00,0.00,0.00,0.00,0.00,
2016,7,9,6,2016-07-09,"AA",19805,"AA","550",14107,"PHX","Phoenix, AZ","AZ",11298,"DFW","Dallas/Fort Worth, TX","TX","1320","1737",257.00,257.00,15.00,50.00,"1744","2236",292.00,292.00,0.00,"",0.00,144.00,179.00,114.00,1.00,868.00,102.00,0.00,190.00,0.00,0.00,
2016,7,9,6,2016-07-09,"AA",19805,"AA","551",14107,"PHX","Phoenix, AZ","AZ",11298,"DFW","Dallas/Fort Worth, TX","TX","1505","1631",86.00,86.00,16.00,36.00,"1929","2115",106.00,106.00,0.00,"",0.00,144.00,164.00,112.00,1.00,868.00,0.00,0.00,106.00,0.00,0.00,
2016,7,9,6,2016-07-09,"AA",19805,"AA","552",13198,"MCI","Kansas City, MO","MO",14107,"PHX","Phoenix, AZ","AZ","1445","2317",512.00,512.00,15.00,11.00,"1534","0008",514.00,514.00,0.00,"",0.00,169.00,171.00,145.00,1.00,1044.00,512.00,0.00,2.00,0.00,0.00,
2016,7,9,6,2016-07-09,"AA",19805,"AA","552",14107,"PHX","Phoenix, AZ","AZ",14893,"SMF","Sacramento, CA","CA","1635","1631",-4.00,0.00,13.00,4.00,"1826","1824",-2.00,0.00,0.00,"",0.00,111.00,113.00,96.00,1.00,647.00,,,,,,
2016,7,9,6,2016-07-09,"AA",19805,"AA","555",10994,"CHS","Charleston, SC","SC",11057,"CLT","Charlotte, NC","NC","2013","2010",-3.00,0.00,11.00,5.00,"2127","2106",-21.00,0.00,0.00,"",0.00,74.00,56.00,40.00,1.00,168.00,,,,,,
2016,7,9,6,2016-07-09,"AA",19805,"AA","555",11057,"CLT","Charlotte, NC","NC",10994,"CHS","Charleston, SC","SC","1828","1821",-7.00,0.00,22.00,6.00,"1933","1923",-10.00,0.00,0.00,"",0.00,65.00,62.00,34.00,1.00,168.00,,,,,,
2016,7,9,6,2016-07-09,"AA",19805,"AA","556",12889,"LAS","Las Vegas, NV","NV",14107,"PHX","Phoenix, AZ","AZ","2115","2230",75.00,75.00,31.00,10.00,"2224","2355",91.00,91.00,0.00,"",0.00,69.00,85.00,44.00,1.00,255.00,75.00,0.00,16.00,0.00,0.00,
2016,7,9,6,2016-07-09,"AA",19805,"AA","556",14107,"PHX","Phoenix, AZ","AZ",13204,"MCO","Orlando, FL","FL","2345","0048",63.00,63.00,17.00,6.00,"0654","0753",59.00,59.00,0.00,"",0.00,249.00,245.00,222.00,1.00,1849.00,59.00,0.00,0.00,0.00,0.00,
2016,7,9,6,2016-07-09,"AA",19805,"AA","557",11057,"CLT","Charlotte, NC","NC",14771,"SFO","San Francisco, CA","CA","2220","2302",42.00,42.00,23.00,4.00,"0042","0130",48.00,48.00,0.00,"",0.00,322.00,328.00,301.00,1.00,2296.00,28.00,0.00,6.00,0.00,14.00,
2016,7,9,6,2016-07-09,"AA",19805,"AA","557",11697,"FLL","Fort Lauderdale, FL","FL",11057,"CLT","Charlotte, NC","NC","1920","1931",11.00,11.00,31.00,4.00,"2123","2139",16.00,16.00,0.00,"",0.00,123.00,128.00,93.00,1.00,632.00,0.00,11.00,5.00,0.00,0.00,
2016,7,9,6,2016-07-09,"AA",19805,"AA","559",11057,"CLT","Charlotte, NC","NC",14100,"PHL","Philadelphia, PA","PA","1620","1617",-3.00,0.00,18.00,8.00,"1807","2013",,,0.00,"",1.00,107.00,,,1.00,449.00,,,,,,
2016,7,9,6,2016-07-09,"AA",19805,"AA","560",11057,"CLT","Charlotte, NC","NC",14107,"PHX","Phoenix, AZ","AZ","0740","",,,,,"0905","",,,1.00,"A",0.00,265.00,,,1.00,1773.00,,,,,,
2016,7,9,6,2016-07-09,"AA",19805,"AA","560",11298,"DFW","Dallas/Fort Worth, TX","TX",11278,"DCA","Washington, DC","VA","1655","1718",23.00,23.00,42.00,5.00,"2054","2129",35.00,35.00,0.00,"",0.00,179.00,191.00,144.00,1.00,1192.00,0.00,23.00,12.00,0.00,0.00,
2016,7,9,6,2016-07-09,"AA",19805,"AA","560",14107,"PHX","Phoenix, AZ","AZ",11298,"DFW","Dallas/Fort Worth, TX","TX","1045","1053",8.00,8.00,23.00,7.00,"1516","1515",-1.00,0.00,0.00,"",0.00,151.00,142.00,112.00,1.00,868.00,,,,,,
2016,7,9,6,2016-07-09,"AA",19805,"AA","562",11298,"DFW","Dallas/Fort Worth, TX","TX",14100,"PHL","Philadelphia, PA","PA","0600","0557",-3.00,0.00,29.00,8.00,"1014","1026",12.00,12.00,0.00,"",0.00,194.00,209.00,172.00,1.00,1303.00,,,,,,
2016,7,9,6,2016-07-09,"AA",19805,"AA","563",11278,"DCA","Washington, DC","VA",14107,"PHX","Phoenix, AZ","AZ","1715","1723",8.00,8.00,24.00,11.00,"1908","1910",2.00,2.00,0.00,"",0.00,293.00,287.00,252.00,1.00,1979.00,,,,,,
2016,7,9,6,2016-07-09,"AA",19805,"AA","563",14107,"PHX","Phoenix, AZ","AZ",14679,"SAN","San Diego, CA","CA","2020","2013",-7.00,0.00,18.00,3.00,"2130","2121",-9.00,0.00,0.00,"",0.00,70.00,68.00,47.00,1.00,304.00,,,,,,
2016,7,9,6,2016-07-09,"AA",19805,"AA","564",14893,"SMF","Sacramento, CA","CA",14107,"PHX","Phoenix, AZ","AZ","1915","1908",-7.00,0.00,9.00,5.00,"2103","2045",-18.00,0.00,0.00,"",0.00,108.00,97.00,83.00,1.00,647.00,,,,,,
2016,7,9,6,2016-07-09,"AA",19805,"AA","565",11057,"CLT","Charlotte, NC","NC",11298,"DFW","Dallas/Fort Worth, TX","TX","1830","1832",2.00,2.00,25.00,41.00,"2015","2050",35.00,35.00,0.00,"",0.00,165.00,198.00,132.00,1.00,936.00,2.00,0.00,33.00,0.00,0.00,
2016,7,9,6,2016-07-09,"AA",19805,"AA","565",11298,"DFW","Dallas/Fort Worth, TX","TX",14107,"PHX","Phoenix, AZ","AZ","2125","2148",23.00,23.00,17.00,6.00,"2147","2212",25.00,25.00,0.00,"",0.00,142.00,144.00,121.00,1.00,868.00,0.00,3.00,2.00,0.00,20.00,
2016,7,9,6,2016-07-09,"AA",19805,"AA","565",14107,"PHX","Phoenix, AZ","AZ",12889,"LAS","Las Vegas, NV","NV","2248","2239",-9.00,0.00,15.00,11.00,"2352","2345",-7.00,0.00,0.00,"",0.00,64.00,66.00,40.00,1.00,255.00,,,,,,
2016,7,9,6,2016-07-09,"AA",19805,"AA","567",14107,"PHX","Phoenix, AZ","AZ",13204,"MCO","Orlando, FL","FL","0858","0857",-1.00,0.00,18.00,6.00,"1622","1610",-12.00,0.00,0.00,"",0.00,264.00,253.00,229.00,1.00,1849.00,,,,,,
2016,7,9,6,2016-07-09,"AA",19805,"AA","567",14679,"SAN","San Diego, CA","CA",14107,"PHX","Phoenix, AZ","AZ","0625","0619",-6.00,0.00,23.00,18.00,"0752","0754",2.00,2.00,0.00,"",0.00,87.00,95.00,54.00,1.00,304.00,,,,,,
2016,7,9,6,2016-07-09,"AA",19805,"AA","568",14107,"PHX","Phoenix, AZ","AZ",15304,"TPA","Tampa, FL","FL","2340","2348",8.00,8.00,13.00,4.00,"0636","0639",3.00,3.00,0.00,"",0.00,236.00,231.00,214.00,1.00,1788.00,,,,,,
2016,7,9,6,2016-07-09,"AA",19805,"AA","568",14679,"SAN","San Diego, CA","CA",14107,"PHX","Phoenix, AZ","AZ","2115","2107",-8.00,0.00,17.00,15.00,"2235","2231",-4.00,0.00,0.00,"",0.00,80.00,84.00,52.00,1.00,304.00,,,,,,
2016,7,9,6,2016-07-09,"AA",19805,"AA","572",12892,"LAX","Los Angeles, CA","CA",13487,"MSP","Minneapolis, MN","MN","2359","0015",16.00,16.00,31.00,7.00,"0543","0655",72.00,72.00,0.00,"",0.00,224.00,280.00,242.00,1.00,1535.00,16.00,0.00,56.00,0.00,0.00,
2016,7,9,6,2016-07-09,"AA",19805,"AA","574",14107,"PHX","Phoenix, AZ","AZ",15304,"TPA","Tampa, FL","FL","1510","1501",-9.00,0.00,11.00,3.00,"2212","2155",-17.00,0.00,0.00,"",0.00,242.00,234.00,220.00,1.00,1788.00,,,,,,
2016,7,9,6,2016-07-09,"AA",19805,"AA","574",14570,"RNO","Reno, NV","NV",14107,"PHX","Phoenix, AZ","AZ","1225","1218",-7.00,0.00,11.00,8.00,"1410","1355",-15.00,0.00,0.00,"",0.00,105.00,97.00,78.00,1.00,601.00,,,,,,
2016,7,9,6,2016-07-09,"AA",19805,"AA","575",11298,"DFW","Dallas/Fort Worth, TX","TX",14107,"PHX","Phoenix, AZ","AZ","1325","1325",0.00,0.00,14.00,4.00,"1349","1336",-13.00,0.00,0.00,"",0.00,144.00,131.00,113.00,1.00,868.00,,,,,,
2016,7,9,6,2016-07-09,"AA",19805,"AA","576",11057,"CLT","Charlotte, NC","NC",11298,"DFW","Dallas/Fort Worth, TX","TX","1920","1930",10.00,10.00,12.00,63.00,"2059","2151",52.00,52.00,0.00,"",0.00,159.00,201.00,126.00,1.00,936.00,10.00,0.00,42.00,0.00,0.00,
2016,7,9,6,2016-07-09,"AA",19805,"AA","576",11298,"DFW","Dallas/Fort Worth, TX","TX",12889,"LAS","Las Vegas, NV","NV","2210","2334",84.00,84.00,13.00,6.00,"2258","0008",70.00,70.00,0.00,"",0.00,168.00,154.00,135.00,1.00,1055.00,10.00,0.00,0.00,0.00,60.00,
2016,7,9,6,2016-07-09,"AA",19805,"AA","577",14100,"PHL","Philadelphia, PA","PA",12889,"LAS","Las Vegas, NV","NV","0800","0755",-5.00,0.00,22.00,7.00,"1018","1007",-11.00,0.00,0.00,"",0.00,318.00,312.00,283.00,1.00,2176.00,,,,,,
2016,7,9,6,2016-07-09,"AA",19805,"AA","578",10721,"BOS","Boston, MA","MA",11057,"CLT","Charlotte, NC","NC","1251","1253",2.00,2.00,13.00,9.00,"1512","1506",-6.00,0.00,0.00,"",0.00,141.00,133.00,111.00,1.00,728.00,,,,,,
2016,7,9,6,2016-07-09,"AA",19805,"AA","578",11057,"CLT","Charlotte, NC","NC",12339,"IND","Indianapolis, IN","IN","1630","1622",-8.00,0.00,18.00,6.00,"1809","1748",-21.00,0.00,0.00,"",0.00,99.00,86.00,62.00,1.00,427.00,,,,,,
2016,7,9,6,2016-07-09,"AA",19805,"AA","579",14679,"SAN","San Diego, CA","CA",11057,"CLT","Charlotte, NC","NC","2235","2234",-1.00,0.00,16.00,5.00,"0608","0555",-13.00,0.00,0.00,"",0.00,273.00,261.00,240.00,1.00,2077.00,,,,,,
2016,7,9,6,2016-07-09,"AA",19805,"AA","580",14107,"PHX","Phoenix, AZ","AZ",11884,"GEG","Spokane, WA","WA","2005","2003",-2.00,0.00,14.00,5.00,"2237","2240",3.00,3.00,0.00,"",0.00,152.00,157.00,138.00,1.00,1020.00,,,,,,
2016,7,9,6,2016-07-09,"AA",19805,"AA","580",14122,"PIT","Pittsburgh, PA","PA",14107,"PHX","Phoenix, AZ","AZ","1740","1742",2.00,2.00,9.00,4.00,"1903","1844",-19.00,0.00,0.00,"",0.00,263.00,242.00,229.00,1.00,1814.00,,,,,,
2016,7,9,6,2016-07-09,"AA",19805,"AA","581",11057,"CLT","Charlotte, NC","NC",13204,"MCO","Orlando, FL","FL","1445","1438",-7.00,0.00,19.00,10.00,"1623","1619",-4.00,0.00,0.00,"",0.00,98.00,101.00,72.00,1.00,468.00,,,,,,
2016,7,9,6,2016-07-09,"AA",19805,"AA","581",12953,"LGA","New York, NY","NY",11057,"CLT","Charlotte, NC","NC","1130","1129",-1.00,0.00,14.00,5.00,"1342","1312",-30.00,0.00,0.00,"",0.00,132.00,103.00,84.00,1.00,544.00,,,,,,
2016,7,9,6,2016-07-09,"AA",19805,"AA","582",11433,"DTW","Detroit, MI","MI",14107,"PHX","Phoenix, AZ","AZ","0735","0729",-6.00,0.00,31.00,13.00,"0900","0854",-6.00,0.00,0.00,"",0.00,265.00,265.00,221.00,1.00,1671.00,,,,,,
2016,7,9,6,2016-07-09,"AA",19805,"AA","582",14107,"PHX","Phoenix, AZ","AZ",13342,"MKE","Milwaukee, WI","WI","1009","1008",-1.00,0.00,20.00,2.00,"1531","1526",-5.00,0.00,0.00,"",0.00,202.00,198.00,176.00,1.00,1460.00,,,,,,
2016,7,9,6,2016-07-09,"AA",19805,"AA","583",13487,"MSP","Minneapolis, MN","MN",12892,"LAX","Los Angeles, CA","CA","0650","0645",-5.00,0.00,12.00,9.00,"0900","0827",-33.00,0.00,0.00,"",0.00,250.00,222.00,201.00,1.00,1535.00,,,,,,
2016,7,9,6,2016-07-09,"AA",19805,"AA","585",11298,"DFW","Dallas/Fort Worth, TX","TX",14100,"PHL","Philadelphia, PA","PA","0720","0714",-6.00,0.00,18.00,5.00,"1140","1127",-13.00,0.00,0.00,"",0.00,200.00,193.00,170.00,1.00,1303.00,,,,,,
2016,7,9,6,2016-07-09,"AA",19805,"AA","585",14747,"SEA","Seattle, WA","WA",11298,"DFW","Dallas/Fort Worth, TX","TX","0020","0036",16.00,16.00,17.00,8.00,"0602","0616",14.00,14.00,0.00,"",0.00,222.00,220.00,195.00,1.00,1660.00,,,,,,
2016,7,9,6,2016-07-09,"AA",19805,"AA","586",11066,"CMH","Columbus, OH","OH",14107,"PHX","Phoenix, AZ","AZ","0750","0741",-9.00,0.00,17.00,33.00,"0906","0911",5.00,5.00,0.00,"",0.00,256.00,270.00,220.00,1.00,1670.00,,,,,,
2016,7,9,6,2016-07-09,"AA",19805,"AA","586",14107,"PHX","Phoenix, AZ","AZ",11884,"GEG","Spokane, WA","WA","1028","1022",-6.00,0.00,26.00,4.00,"1307","1306",-1.00,0.00,0.00,"",0.00,159.00,164.00,134.00,1.00,1020.00,,,,,,
2016,7,9,6,2016-07-09,"AA",19805,"AA","588",11884,"GEG","Spokane, WA","WA",14107,"PHX","Phoenix, AZ","AZ","0620","0610",-10.00,0.00,11.00,21.00,"0903","0854",-9.00,0.00,0.00,"",0.00,163.00,164.00,132.00,1.00,1020.00,,,,,,
2016,7,9,6,2016-07-09,"AA",19805,"AA","588",14107,"PHX","Phoenix, AZ","AZ",14831,"SJC","San Jose, CA","CA","0950","0947",-3.00,0.00,13.00,3.00,"1139","1135",-4.00,0.00,0.00,"",0.00,109.00,108.00,92.00,1.00,621.00,,,,,,
2016,7,9,6,2016-07-09,"AA",19805,"AA","590",10713,"BOI","Boise, ID","ID",14107,"PHX","Phoenix, AZ","AZ","1321","",,,,,"1424","",,,1.00,"A",0.00,123.00,,,1.00,735.00,,,,,,
2016,7,9,6,2016-07-09,"AA",19805,"AA","590",14107,"PHX","Phoenix, AZ","AZ",13198,"MCI","Kansas City, MO","MO","1524","1808",164.00,164.00,17.00,5.00,"1959","2242",163.00,163.00,0.00,"",0.00,155.00,154.00,132.00,1.00,1044.00,163.00,0.00,0.00,0.00,0.00,
2016,7,9,6,2016-07-09,"AA",19805,"AA","591",11298,"DFW","Dallas/Fort Worth, TX","TX",14100,"PHL","Philadelphia, PA","PA","1830","2138",188.00,188.00,21.00,5.00,"2251","0141",170.00,170.00,0.00,"",0.00,201.00,183.00,157.00,1.00,1303.00,29.00,0.00,0.00,0.00,141.00,
2016,7,9,6,2016-07-09,"AA",19805,"AA","591",14100,"PHL","Philadelphia, PA","PA",11298,"DFW","Dallas/Fort Worth, TX","TX","1430","1432",2.00,2.00,25.00,27.00,"1655","2047",,,0.00,"",1.00,205.00,,,1.00,1303.00,,,,,,
2016,7,9,6,2016-07-09,"AA",19805,"AA","592",10713,"BOI","Boise, ID","ID",14107,"PHX","Phoenix, AZ","AZ","0635","0628",-7.00,0.00,15.00,4.00,"0738","0723",-15.00,0.00,0.00,"",0.00,123.00,115.00,96.00,1.00,735.00,,,,,,
2016,7,9,6,2016-07-09,"AA",19805,"AA","592",14107,"PHX","Phoenix, AZ","AZ",13198,"MCI","Kansas City, MO","MO","0845","0848",3.00,3.00,18.00,8.00,"1328","1326",-2.00,0.00,0.00,"",0.00,163.00,158.00,132.00,1.00,1044.00,,,,,,
2016,7,9,6,2016-07-09,"AA",19805,"AA","593",14107,"PHX","Phoenix, AZ","AZ",13930,"ORD","Chicago, IL","IL","0855","0943",48.00,48.00,13.00,15.00,"1438","1501",23.00,23.00,0.00,"",0.00,223.00,198.00,170.00,1.00,1440.00,23.00,0.00,0.00,0.00,0.00,
2016,7,9,6,2016-07-09,"AA",19805,"AA","593",14893,"SMF","Sacramento, CA","CA",14107,"PHX","Phoenix, AZ","AZ","0600","",,,,,"0749","",,,1.00,"A",0.00,109.00,,,1.00,647.00,,,,,,
2016,7,9,6,2016-07-09,"AA",19805,"AA","594",14107,"PHX","Phoenix, AZ","AZ",12266,"IAH","Houston, TX","TX","1525","1517",-8.00,0.00,14.00,15.00,"2001","1953",-8.00,0.00,0.00,"",0.00,156.00,156.00,127.00,1.00,1009.00,,,,,,
2016,7,9,6,2016-07-09,"AA",19805,"AA","594",14831,"SJC","San Jose, CA","CA",14107,"PHX","Phoenix, AZ","AZ","1224","1214",-10.00,0.00,11.00,16.00,"1416","1408",-8.00,0.00,0.00,"",0.00,112.00,114.00,87.00,1.00,621.00,,,,,,
2016,7,9,6,2016-07-09,"AA",19805,"AA","595",14107,"PHX","Phoenix, AZ","AZ",11278,"DCA","Washington, DC","VA","0847","0847",0.00,0.00,36.00,3.00,"1612","1612",0.00,0.00,0.00,"",0.00,265.00,265.00,226.00,1.00,1979.00,,,,,,
2016,7,9,6,2016-07-09,"AA",19805,"AA","595",14747,"SEA","Seattle, WA","WA",14107,"PHX","Phoenix, AZ","AZ","0500","",,,,,"0746","",,,1.00,"A",0.00,166.00,,,1.00,1107.00,,,,,,
2016,7,9,6,2016-07-09,"AA",19805,"AA","596",10397,"ATL","Atlanta, GA","GA",14107,"PHX","Phoenix, AZ","AZ","1805","1800",-5.00,0.00,17.00,4.00,"1901","1902",1.00,1.00,0.00,"",0.00,236.00,242.00,221.00,1.00,1587.00,,,,,,
2016,7,9,6,2016-07-09,"AA",19805,"AA","597",14100,"PHL","Philadelphia, PA","PA",12892,"LAX","Los Angeles, CA","CA","0955","0955",0.00,0.00,16.00,6.00,"1248","1225",-23.00,0.00,0.00,"",0.00,353.00,330.00,308.00,1.00,2402.00,,,,,,
2016,7,9,6,2016-07-09,"AA",19805,"AA","598",12892,"LAX","Los Angeles, CA","CA",14100,"PHL","Philadelphia, PA","PA","1355","1352",-3.00,0.00,14.00,8.00,"2214","2151",-23.00,0.00,0.00,"",0.00,319.00,299.00,277.00,1.00,2402.00,,,,,,
2016,7,9,6,2016-07-09,"AA",19805,"AA","599",13871,"OMA","Omaha, NE","NE",14107,"PHX","Phoenix, AZ","AZ","1450","1446",-4.00,0.00,12.00,6.00,"1532","1519",-13.00,0.00,0.00,"",0.00,162.00,153.00,135.00,1.00,1037.00,,,,,,
2016,7,9,6,2016-07-09,"AA",19805,"AA","599",14107,"PHX","Phoenix, AZ","AZ",14831,"SJC","San Jose, CA","CA","1640","1634",-6.00,0.00,18.00,2.00,"1825","1827",2.00,2.00,0.00,"",0.00,105.00,113.00,93.00,1.00,621.00,,,,,,
2016,7,9,6,2016-07-09,"AA",19805,"AA","600",11057,"CLT","Charlotte, NC","NC",14107,"PHX","Phoenix, AZ","AZ","0945","0944",-1.00,0.00,27.00,3.00,"1111","1112",1.00,1.00,0.00,"",0.00,266.00,268.00,238.00,1.00,1773.00,,,,,,
2016,7,9,6,2016-07-09,"AA",19805,"AA","601",11057,"CLT","Charlotte, NC","NC",13230,"MDT","Harrisburg, PA","PA","1955","1954",-1.00,0.00,20.00,5.00,"2123","2123",0.00,0.00,0.00,"",0.00,88.00,89.00,64.00,1.00,413.00,,,,,,
2016,7,9,6,2016-07-09,"AA",19805,"AA","602",11057,"CLT","Charlotte, NC","NC",10721,"BOS","Boston, MA","MA","1310","1322",12.00,12.00,18.00,9.00,"1525","1519",-6.00,0.00,0.00,"",0.00,135.00,117.00,90.00,1.00,728.00,,,,,,
2016,7,9,6,2016-07-09,"AA",19805,"AA","602",14635,"RSW","Fort Myers, FL","FL",11057,"CLT","Charlotte, NC","NC","1025","1019",-6.00,0.00,10.00,14.00,"1220","1206",-14.00,0.00,0.00,"",0.00,115.00,107.00,83.00,1.00,600.00,,,,,,
2016,7,9,6,2016-07-09,"AA",19805,"AA","603",14107,"PHX","Phoenix, AZ","AZ",14747,"SEA","Seattle, WA","WA","2021","2051",30.00,30.00,13.00,14.00,"2319","2344",25.00,25.00,0.00,"",0.00,178.00,173.00,146.00,1.00,1107.00,18.00,0.00,0.00,0.00,7.00,
2016,7,9,6,2016-07-09,"AA",19805,"AA","604",12892,"LAX","Los Angeles, CA","CA",13487,"MSP","Minneapolis, MN","MN","0950","0949",-1.00,0.00,18.00,6.00,"1538","1519",-19.00,0.00,0.00,"",0.00,228.00,210.00,186.00,1.00,1535.00,,,,,,
2016,7,9,6,2016-07-09,"AA",19805,"AA","604",13487,"MSP","Minneapolis, MN","MN",12892,"LAX","Los Angeles, CA","CA","1645","1642",-3.00,0.00,15.00,13.00,"1855","1829",-26.00,0.00,0.00,"",0.00,250.00,227.00,199.00,1.00,1535.00,,,,,,
2016,7,9,6,2016-07-09,"AA",19805,"AA","605",11697,"FLL","Fort Lauderdale, FL","FL",11057,"CLT","Charlotte, NC","NC","1245","1241",-4.00,0.00,12.00,10.00,"1446","1430",-16.00,0.00,0.00,"",0.00,121.00,109.00,87.00,1.00,632.00,,,,,,
2016,7,9,6,2016-07-09,"AA",19805,"AA","606",11298,"DFW","Dallas/Fort Worth, TX","TX",14107,"PHX","Phoenix, AZ","AZ","1845","1846",1.00,1.00,38.00,5.00,"1915","1935",20.00,20.00,0.00,"",0.00,150.00,169.00,126.00,1.00,868.00,0.00,1.00,19.00,0.00,0.00,
2016,7,9,6,2016-07-09,"AA",19805,"AA","606",14679,"SAN","San Diego, CA","CA",11298,"DFW","Dallas/Fort Worth, TX","TX","1247","1243",-4.00,0.00,12.00,11.00,"1745","1735",-10.00,0.00,0.00,"",0.00,178.00,172.00,149.00,1.00,1171.00,,,,,,
2016,7,9,6,2016-07-09,"AA",19805,"AA","607",12889,"LAS","Las Vegas, NV","NV",14100,"PHL","Philadelphia, PA","PA","2235","2244",9.00,9.00,33.00,4.00,"0614","0635",21.00,21.00,0.00,"",0.00,279.00,291.00,254.00,1.00,2176.00,9.00,0.00,12.00,0.00,0.00,
2016,7,9,6,2016-07-09,"AA",19805,"AA","608",12892,"LAX","Los Angeles, CA","CA",14107,"PHX","Phoenix, AZ","AZ","1745","1741",-4.00,0.00,24.00,10.00,"1915","1916",1.00,1.00,0.00,"",0.00,90.00,95.00,61.00,1.00,370.00,,,,,,
2016,7,9,6,2016-07-09,"AA",19805,"AA","608",14107,"PHX","Phoenix, AZ","AZ",12889,"LAS","Las Vegas, NV","NV","2022","2048",26.00,26.00,20.00,6.00,"2132","2154",22.00,22.00,0.00,"",0.00,70.00,66.00,40.00,1.00,255.00,22.00,0.00,0.00,0.00,0.00,
2016,7,9,6,2016-07-09,"AA",19805,"AA","609",11057,"CLT","Charlotte, NC","NC",14747,"SEA","Seattle, WA","WA","1810","1816",6.00,6.00,20.00,19.00,"2048","2051",3.00,3.00,0.00,"",0.00,338.00,335.00,296.00,1.00,2279.00,,,,,,
2016,7,9,6,2016-07-09,"AA",19805,"AA","610",13796,"OAK","Oakland, CA","CA",14107,"PHX","Phoenix, AZ","AZ","0600","0554",-6.00,0.00,17.00,10.00,"0758","0751",-7.00,0.00,0.00,"",0.00,118.00,117.00,90.00,1.00,646.00,,,,,,
2016,7,9,6,2016-07-09,"AA",19805,"AA","610",14107,"PHX","Phoenix, AZ","AZ",10397,"ATL","Atlanta, GA","GA","0858","0856",-2.00,0.00,21.00,10.00,"1552","1543",-9.00,0.00,0.00,"",0.00,234.00,227.00,196.00,1.00,1587.00,,,,,,
2016,7,9,6,2016-07-09,"AA",19805,"AA","612",14057,"PDX","Portland, OR","OR",14107,"PHX","Phoenix, AZ","AZ","0840","0842",2.00,2.00,14.00,3.00,"1112","1105",-7.00,0.00,0.00,"",0.00,152.00,143.00,126.00,1.00,1009.00,,,,,,
2016,7,9,6,2016-07-09,"AA",19805,"AA","612",14107,"PHX","Phoenix, AZ","AZ",10397,"ATL","Atlanta, GA","GA","1220","1228",8.00,8.00,12.00,7.00,"1905","1858",-7.00,0.00,0.00,"",0.00,225.00,210.00,191.00,1.00,1587.00,,,,,,
2016,7,9,6,2016-07-09,"AA",19805,"AA","613",10397,"ATL","Atlanta, GA","GA",14107,"PHX","Phoenix, AZ","AZ","2059","2053",-6.00,0.00,14.00,5.00,"2154","2146",-8.00,0.00,0.00,"",0.00,235.00,233.00,214.00,1.00,1587.00,,,,,,
2016,7,9,6,2016-07-09,"AA",19805,"AA","614",14100,"PHL","Philadelphia, PA","PA",11298,"DFW","Dallas/Fort Worth, TX","TX","1309","1310",1.00,1.00,16.00,15.00,"1530","1539",9.00,9.00,0.00,"",0.00,201.00,209.00,178.00,1.00,1303.00,,,,,,
2016,7,9,6,2016-07-09,"AA",19805,"AA","615",14100,"PHL","Philadelphia, PA","PA",14771,"SFO","San Francisco, CA","CA","0740","0741",1.00,1.00,16.00,5.00,"1039","1046",7.00,7.00,0.00,"",0.00,359.00,365.00,344.00,1.00,2521.00,,,,,,
2016,7,9,6,2016-07-09,"AA",19805,"AA","616",11057,"CLT","Charlotte, NC","NC",11292,"DEN","Denver, CO","CO","1625","1623",-2.00,0.00,14.00,44.00,"1759","1818",19.00,19.00,0.00,"",0.00,214.00,235.00,177.00,1.00,1337.00,0.00,0.00,19.00,0.00,0.00,
2016,7,9,6,2016-07-09,"AA",19805,"AA","617",11057,"CLT","Charlotte, NC","NC",14843,"SJU","San Juan, PR","PR","1305","1332",27.00,27.00,17.00,8.00,"1649","1710",21.00,21.00,0.00,"",0.00,224.00,218.00,193.00,1.00,1475.00,11.00,0.00,0.00,0.00,10.00,
2016,7,9,6,2016-07-09,"AA",19805,"AA","617",11292,"DEN","Denver, CO","CO",11057,"CLT","Charlotte, NC","NC","0645","0642",-3.00,0.00,12.00,10.00,"1202","1143",-19.00,0.00,0.00,"",0.00,197.00,181.00,159.00,1.00,1337.00,,,,,,
2016,7,9,6,2016-07-09,"AA",19805,"AA","618",11298,"DFW","Dallas/Fort Worth, TX","TX",12889,"LAS","Las Vegas, NV","NV","1635","",,,,,"1723","",,,1.00,"A",0.00,168.00,,,1.00,1055.00,,,,,,
2016,7,9,6,2016-07-09,"AA",19805,"AA","618",12889,"LAS","Las Vegas, NV","NV",11298,"DFW","Dallas/Fort Worth, TX","TX","1815","",,,,,"2253","",,,1.00,"A",0.00,158.00,,,1.00,1055.00,,,,,,
2016,7,9,6,2016-07-09,"AA",19805,"AA","619",11057,"CLT","Charlotte, NC","NC",14771,"SFO","San Francisco, CA","CA","1955","2039",44.00,44.00,25.00,7.00,"2213","2303",50.00,50.00,0.00,"",0.00,318.00,324.00,292.00,1.00,2296.00,0.00,0.00,6.00,24.00,20.00,
2016,7,9,6,2016-07-09,"AA",19805,"AA","622",14570,"RNO","Reno, NV","NV",14107,"PHX","Phoenix, AZ","AZ","1915","1913",-2.00,0.00,9.00,6.00,"2101","2050",-11.00,0.00,0.00,"",0.00,106.00,97.00,82.00,1.00,601.00,,,,,,
2016,7,9,6,2016-07-09,"AA",19805,"AA","623",14107,"PHX","Phoenix, AZ","AZ",12982,"LIH","Lihue, HI","HI","1345","1411",26.00,26.00,18.00,4.00,"1724","1746",22.00,22.00,0.00,"",0.00,399.00,395.00,373.00,1.00,2979.00,0.00,0.00,0.00,0.00,22.00,
2016,7,9,6,2016-07-09,"AA",19805,"AA","624",14747,"SEA","Seattle, WA","WA",11057,"CLT","Charlotte, NC","NC","2214","2213",-1.00,0.00,23.00,5.00,"0605","0609",4.00,4.00,0.00,"",0.00,291.00,296.00,268.00,1.00,2279.00,,,,,,
2016,7,9,6,2016-07-09,"AA",19805,"AA","625",11423,"DSM","Des Moines, IA","IA",14107,"PHX","Phoenix, AZ","AZ","0755","0748",-7.00,0.00,11.00,42.00,"0853","0909",16.00,16.00,0.00,"",0.00,178.00,201.00,148.00,1.00,1150.00,0.00,0.00,16.00,0.00,0.00,
2016,7,9,6,2016-07-09,"AA",19805,"AA","625",14107,"PHX","Phoenix, AZ","AZ",10713,"BOI","Boise, ID","ID","0940","",,,,,"1241","",,,1.00,"A",0.00,121.00,,,1.00,735.00,,,,,,
2016,7,9,6,2016-07-09,"AA",19805,"AA","626",14107,"PHX","Phoenix, AZ","AZ",10721,"BOS","Boston, MA","MA","2355","",,,,,"0747","",,,1.00,"A",0.00,292.00,,,1.00,2300.00,,,,,,
2016,7,9,6,2016-07-09,"AA",19805,"AA","627",14107,"PHX","Phoenix, AZ","AZ",13796,"OAK","Oakland, CA","CA","2005","2012",7.00,7.00,11.00,3.00,"2200","2156",-4.00,0.00,0.00,"",0.00,115.00,104.00,90.00,1.00,646.00,,,,,,
2016,7,9,6,2016-07-09,"AA",19805,"AA","628",11057,"CLT","Charlotte, NC","NC",14107,"PHX","Phoenix, AZ","AZ","1300","1255",-5.00,0.00,14.00,21.00,"1417","1417",0.00,0.00,0.00,"",0.00,257.00,262.00,227.00,1.00,1773.00,,,,,,
2016,7,9,6,2016-07-09,"AA",19805,"AA","628",13930,"ORD","Chicago, IL","IL",11057,"CLT","Charlotte, NC","NC","0900","0852",-8.00,0.00,11.00,3.00,"1158","1127",-31.00,0.00,0.00,"",0.00,118.00,95.00,81.00,1.00,599.00,,,,,,
2016,7,9,6,2016-07-09,"AA",19805,"AA","630",15304,"TPA","Tampa, FL","FL",11057,"CLT","Charlotte, NC","NC","0845","0856",11.00,11.00,14.00,8.00,"1034","1034",0.00,0.00,0.00,"",0.00,109.00,98.00,76.00,1.00,507.00,,,,,,
2016,7,9,6,2016-07-09,"AA",19805,"AA","631",12173,"HNL","Honolulu, HI","HI",14107,"PHX","Phoenix, AZ","AZ","2110","2106",-4.00,0.00,17.00,5.00,"0604","0552",-12.00,0.00,0.00,"",0.00,354.00,346.00,324.00,1.00,2917.00,,,,,,
2016,7,9,6,2016-07-09,"AA",19805,"AA","633",14107,"PHX","Phoenix, AZ","AZ",13830,"OGG","Kahului, HI","HI","0805","0806",1.00,1.00,13.00,4.00,"1132","1122",-10.00,0.00,0.00,"",0.00,387.00,376.00,359.00,1.00,2845.00,,,,,,
2016,7,9,6,2016-07-09,"AA",19805,"AA","634",14107,"PHX","Phoenix, AZ","AZ",14122,"PIT","Pittsburgh, PA","PA","1620","1717",57.00,57.00,11.00,5.00,"2315","0016",61.00,61.00,0.00,"",0.00,235.00,239.00,223.00,1.00,1814.00,0.00,0.00,4.00,5.00,52.00,
2016,7,9,6,2016-07-09,"AA",19805,"AA","636",14107,"PHX","Phoenix, AZ","AZ",12889,"LAS","Las Vegas, NV","NV","1720","1810",50.00,50.00,9.00,5.00,"1825","1905",40.00,40.00,0.00,"",0.00,65.00,55.00,41.00,1.00,255.00,0.00,0.00,0.00,0.00,40.00,
2016,7,9,6,2016-07-09,"AA",19805,"AA","637",11057,"CLT","Charlotte, NC","NC",12889,"LAS","Las Vegas, NV","NV","1650","1738",48.00,48.00,15.00,10.00,"1830","1903",33.00,33.00,0.00,"",0.00,280.00,265.00,240.00,1.00,1916.00,10.00,0.00,0.00,0.00,23.00,
2016,7,9,6,2016-07-09,"AA",19805,"AA","637",13204,"MCO","Orlando, FL","FL",11057,"CLT","Charlotte, NC","NC","1406","1443",37.00,37.00,20.00,6.00,"1555","1628",33.00,33.00,0.00,"",0.00,109.00,105.00,79.00,1.00,468.00,15.00,0.00,0.00,0.00,18.00,
2016,7,9,6,2016-07-09,"AA",19805,"AA","639",11292,"DEN","Denver, CO","CO",14107,"PHX","Phoenix, AZ","AZ","1218","1215",-3.00,0.00,13.00,6.00,"1305","1257",-8.00,0.00,0.00,"",0.00,107.00,102.00,83.00,1.00,602.00,,,,,,
2016,7,9,6,2016-07-09,"AA",19805,"AA","639",14107,"PHX","Phoenix, AZ","AZ",14679,"SAN","San Diego, CA","CA","1405","1359",-6.00,0.00,12.00,3.00,"1515","1500",-15.00,0.00,0.00,"",0.00,70.00,61.00,46.00,1.00,304.00,,,,,,
2016,7,9,6,2016-07-09,"AA",19805,"AA","639",14679,"SAN","San Diego, CA","CA",11298,"DFW","Dallas/Fort Worth, TX","TX","1605","1606",1.00,1.00,16.00,18.00,"2105","2109",4.00,4.00,0.00,"",0.00,180.00,183.00,149.00,1.00,1171.00,,,,,,
2016,7,9,6,2016-07-09,"AA",19805,"AA","640",14107,"PHX","Phoenix, AZ","AZ",12892,"LAX","Los Angeles, CA","CA","2000","1957",-3.00,0.00,16.00,16.00,"2135","2128",-7.00,0.00,0.00,"",0.00,95.00,91.00,59.00,1.00,370.00,,,,,,
2016,7,9,6,2016-07-09,"AA",19805,"AA","641",14107,"PHX","Phoenix, AZ","AZ",14679,"SAN","San Diego, CA","CA","2255","2251",-4.00,0.00,13.00,3.00,"2359","2355",-4.00,0.00,0.00,"",0.00,64.00,64.00,48.00,1.00,304.00,,,,,,
2016,7,9,6,2016-07-09,"AA",19805,"AA","641",15304,"TPA","Tampa, FL","FL",14107,"PHX","Phoenix, AZ","AZ","2045","2046",1.00,1.00,10.00,11.00,"2152","2153",1.00,1.00,0.00,"",0.00,247.00,247.00,226.00,1.00,1788.00,,,,,,
2016,7,9,6,2016-07-09,"AA",19805,"AA","642",14107,"PHX","Phoenix, AZ","AZ",11292,"DEN","Denver, CO","CO","1455","1448",-7.00,0.00,11.00,49.00,"1740","1808",28.00,28.00,0.00,"",0.00,105.00,140.00,80.00,1.00,602.00,0.00,0.00,28.00,0.00,0.00,
2016,7,9,6,2016-07-09,"AA",19805,"AA","642",14771,"SFO","San Francisco, CA","CA",14107,"PHX","Phoenix, AZ","AZ","1140","1138",-2.00,0.00,15.00,5.00,"1341","1329",-12.00,0.00,0.00,"",0.00,121.00,111.00,91.00,1.00,651.00,,,,,,
2016,7,9,6,2016-07-09,"AA",19805,"AA","643",11057,"CLT","Charlotte, NC","NC",12889,"LAS","Las Vegas, NV","NV","2009","2021",12.00,12.00,24.00,7.00,"2145","2205",20.00,20.00,0.00,"",0.00,276.00,284.00,253.00,1.00,1916.00,12.00,0.00,8.00,0.00,0.00,
2016,7,9,6,2016-07-09,"AA",19805,"AA","644",13342,"MKE","Milwaukee, WI","WI",14107,"PHX","Phoenix, AZ","AZ","1725","1719",-6.00,0.00,13.00,6.00,"1904","1847",-17.00,0.00,0.00,"",0.00,219.00,208.00,189.00,1.00,1460.00,,,,,,
2016,7,9,6,2016-07-09,"AA",19805,"AA","645",13830,"OGG","Kahului, HI","HI",14107,"PHX","Phoenix, AZ","AZ","1305","1305",0.00,0.00,23.00,13.00,"2151","2208",17.00,17.00,0.00,"",0.00,346.00,363.00,327.00,1.00,2845.00,0.00,0.00,17.00,0.00,0.00,
2016,7,9,6,2016-07-09,"AA",19805,"AA","646",14107,"PHX","Phoenix, AZ","AZ",10721,"BOS","Boston, MA","MA","0905","0859",-6.00,0.00,39.00,19.00,"1712","1725",13.00,13.00,0.00,"",0.00,307.00,326.00,268.00,1.00,2300.00,,,,,,
2016,7,9,6,2016-07-09,"AA",19805,"AA","647",14100,"PHL","Philadelphia, PA","PA",14107,"PHX","Phoenix, AZ","AZ","0710","0708",-2.00,0.00,13.00,19.00,"0906","0907",1.00,1.00,0.00,"",0.00,296.00,299.00,267.00,1.00,2075.00,,,,,,
2016,7,9,6,2016-07-09,"AA",19805,"AA","647",14107,"PHX","Phoenix, AZ","AZ",13891,"ONT","Ontario, CA","CA","1006","1004",-2.00,0.00,20.00,7.00,"1123","1120",-3.00,0.00,0.00,"",0.00,77.00,76.00,49.00,1.00,325.00,,,,,,
2016,7,9,6,2016-07-09,"AA",19805,"AA","648",14679,"SAN","San Diego, CA","CA",14100,"PHL","Philadelphia, PA","PA","2205","2158",-7.00,0.00,13.00,4.00,"0609","0541",-28.00,0.00,0.00,"",0.00,304.00,283.00,266.00,1.00,2370.00,,,,,,
2016,7,9,6,2016-07-09,"AA",19805,"AA","649",11298,"DFW","Dallas/Fort Worth, TX","TX",11057,"CLT","Charlotte, NC","NC","1440","",,,,,"1822","",,,1.00,"A",0.00,162.00,,,1.00,936.00,,,,,,
2016,7,9,6,2016-07-09,"AA",19805,"AA","649",14107,"PHX","Phoenix, AZ","AZ",11298,"DFW","Dallas/Fort Worth, TX","TX","0859","",,,,,"1335","",,,1.00,"A",0.00,156.00,,,1.00,868.00,,,,,,
2016,7,9,6,2016-07-09,"AA",19805,"AA","649",14771,"SFO","San Francisco, CA","CA",14107,"PHX","Phoenix, AZ","AZ","0600","0553",-7.00,0.00,12.00,28.00,"0800","0803",3.00,3.00,0.00,"",0.00,120.00,130.00,90.00,1.00,651.00,,,,,,
2016,7,9,6,2016-07-09,"AA",19805,"AA","650",12892,"LAX","Los Angeles, CA","CA",14100,"PHL","Philadelphia, PA","PA","2200","2319",79.00,79.00,31.00,4.00,"0617","0735",78.00,78.00,0.00,"",0.00,317.00,316.00,281.00,1.00,2402.00,78.00,0.00,0.00,0.00,0.00,
2016,7,9,6,2016-07-09,"AA",19805,"AA","651",11057,"CLT","Charlotte, NC","NC",11292,"DEN","Denver, CO","CO","1820","1833",13.00,13.00,29.00,18.00,"1954","2019",25.00,25.00,0.00,"",0.00,214.00,226.00,179.00,1.00,1337.00,9.00,0.00,12.00,0.00,4.00,
2016,7,9,6,2016-07-09,"AA",19805,"AA","651",13204,"MCO","Orlando, FL","FL",11057,"CLT","Charlotte, NC","NC","1535","1540",5.00,5.00,20.00,15.00,"1725","1729",4.00,4.00,0.00,"",0.00,110.00,109.00,74.00,1.00,468.00,,,,,,
2016,7,9,6,2016-07-09,"AA",19805,"AA","652",14107,"PHX","Phoenix, AZ","AZ",15016,"STL","St. Louis, MO","MO","0846","0843",-3.00,0.00,16.00,2.00,"1349","1336",-13.00,0.00,0.00,"",0.00,183.00,173.00,155.00,1.00,1262.00,,,,,,
2016,7,9,6,2016-07-09,"AA",19805,"AA","652",14869,"SLC","Salt Lake City, UT","UT",14107,"PHX","Phoenix, AZ","AZ","0710","0703",-7.00,0.00,13.00,5.00,"0745","0732",-13.00,0.00,0.00,"",0.00,95.00,89.00,71.00,1.00,507.00,,,,,,
2016,7,9,6,2016-07-09,"AA",19805,"AA","653",10299,"ANC","Anchorage, AK","AK",12892,"LAX","Los Angeles, CA","CA","2335","2326",-9.00,0.00,12.00,7.00,"0610","0523",-47.00,0.00,0.00,"",0.00,335.00,297.00,278.00,1.00,2345.00,,,,,,
2016,7,9,6,2016-07-09,"AA",19805,"AA","653",10713,"BOI","Boise, ID","ID",11298,"DFW","Dallas/Fort Worth, TX","TX","0715","0711",-4.00,0.00,11.00,19.00,"1128","1111",-17.00,0.00,0.00,"",0.00,193.00,180.00,150.00,1.00,1272.00,,,,,,
2016,7,9,6,2016-07-09,"AA",19805,"AA","653",11298,"DFW","Dallas/Fort Worth, TX","TX",12266,"IAH","Houston, TX","TX","1245","1241",-4.00,0.00,20.00,5.00,"1354","1349",-5.00,0.00,0.00,"",0.00,69.00,68.00,43.00,1.00,224.00,,,,,,
2016,7,9,6,2016-07-09,"AA",19805,"AA","653",12266,"IAH","Houston, TX","TX",14107,"PHX","Phoenix, AZ","AZ","1455","1449",-6.00,0.00,15.00,8.00,"1539","1526",-13.00,0.00,0.00,"",0.00,164.00,157.00,134.00,1.00,1009.00,,,,,,
2016,7,9,6,2016-07-09,"AA",19805,"AA","653",14107,"PHX","Phoenix, AZ","AZ",10299,"ANC","Anchorage, AK","AK","1715","1712",-3.00,0.00,9.00,5.00,"2151","2134",-17.00,0.00,0.00,"",0.00,336.00,322.00,308.00,1.00,2552.00,,,,,,
2016,7,9,6,2016-07-09,"AA",19805,"AA","654",12889,"LAS","Las Vegas, NV","NV",14100,"PHL","Philadelphia, PA","PA","1405","1355",-10.00,0.00,28.00,8.00,"2150","2144",-6.00,0.00,0.00,"",0.00,285.00,289.00,253.00,1.00,2176.00,,,,,,
2016,7,9,6,2016-07-09,"AA",19805,"AA","656",10721,"BOS","Boston, MA","MA",14100,"PHL","Philadelphia, PA","PA","0800","0759",-1.00,0.00,44.00,8.00,"0930","0958",28.00,28.00,0.00,"",0.00,90.00,119.00,67.00,1.00,280.00,0.00,0.00,28.00,0.00,0.00,
2016,7,9,6,2016-07-09,"AA",19805,"AA","656",14100,"PHL","Philadelphia, PA","PA",14771,"SFO","San Francisco, CA","CA","1025","1025",0.00,0.00,45.00,7.00,"1328","1351",23.00,23.00,0.00,"",0.00,363.00,386.00,334.00,1.00,2521.00,0.00,0.00,23.00,0.00,0.00,
2016,7,9,6,2016-07-09,"AA",19805,"AA","657",11057,"CLT","Charlotte, NC","NC",12266,"IAH","Houston, TX","TX","1320","1359",39.00,39.00,11.00,4.00,"1452","1525",33.00,33.00,0.00,"",0.00,152.00,146.00,131.00,1.00,912.00,3.00,0.00,0.00,0.00,30.00,
2016,7,9,6,2016-07-09,"AA",19805,"AA","657",11697,"FLL","Fort Lauderdale, FL","FL",11057,"CLT","Charlotte, NC","NC","1025","1019",-6.00,0.00,11.00,10.00,"1222","1211",-11.00,0.00,0.00,"",0.00,117.00,112.00,91.00,1.00,632.00,,,,,,
2016,7,9,6,2016-07-09,"AA",19805,"AA","658",11057,"CLT","Charlotte, NC","NC",12889,"LAS","Las Vegas, NV","NV","0800","0758",-2.00,0.00,23.00,6.00,"0942","0936",-6.00,0.00,0.00,"",0.00,282.00,278.00,249.00,1.00,1916.00,,,,,,
2016,7,9,6,2016-07-09,"AA",19805,"AA","659",11066,"CMH","Columbus, OH","OH",12892,"LAX","Los Angeles, CA","CA","1655","1648",-7.00,0.00,12.00,17.00,"1840","1844",4.00,4.00,0.00,"",0.00,285.00,296.00,267.00,1.00,1995.00,,,,,,
2016,7,9,6,2016-07-09,"AA",19805,"AA","660",12892,"LAX","Los Angeles, CA","CA",14100,"PHL","Philadelphia, PA","PA","1105","1101",-4.00,0.00,17.00,10.00,"1925","1908",-17.00,0.00,0.00,"",0.00,320.00,307.00,280.00,1.00,2402.00,,,,,,
2016,7,9,6,2016-07-09,"AA",19805,"AA","661",12173,"HNL","Honolulu, HI","HI",14107,"PHX","Phoenix, AZ","AZ","1300","1259",-1.00,0.00,26.00,5.00,"2205","2158",-7.00,0.00,0.00,"",0.00,365.00,359.00,328.00,1.00,2917.00,,,,,,
2016,7,9,6,2016-07-09,"AA",19805,"AA","662",11057,"CLT","Charlotte, NC","NC",14771,"SFO","San Francisco, CA","CA","0730","",,,,,"0950","",,,1.00,"A",0.00,320.00,,,1.00,2296.00,,,,,,
2016,7,9,6,2016-07-09,"AA",19805,"AA","663",14107,"PHX","Phoenix, AZ","AZ",12758,"KOA","Kona, HI","HI","1040","1035",-5.00,0.00,18.00,2.00,"1405","1351",-14.00,0.00,0.00,"",0.00,385.00,376.00,356.00,1.00,2860.00,,,,,,
2016,7,9,6,2016-07-09,"AA",19805,"AA","664",12758,"KOA","Kona, HI","HI",14107,"PHX","Phoenix, AZ","AZ","2250","2238",-12.00,0.00,10.00,3.00,"0732","0707",-25.00,0.00,0.00,"",0.00,342.00,329.00,316.00,1.00,2860.00,,,,,,
2016,7,9,6,2016-07-09,"AA",19805,"AA","665",14107,"PHX","Phoenix, AZ","AZ",11066,"CMH","Columbus, OH","OH","0844","0837",-7.00,0.00,35.00,4.00,"1532","1544",12.00,12.00,0.00,"",0.00,228.00,247.00,208.00,1.00,1670.00,,,,,,
2016,7,9,6,2016-07-09,"AA",19805,"AA","665",14570,"RNO","Reno, NV","NV",14107,"PHX","Phoenix, AZ","AZ","0605","0556",-9.00,0.00,15.00,8.00,"0748","0736",-12.00,0.00,0.00,"",0.00,103.00,100.00,77.00,1.00,601.00,,,,,,
2016,7,9,6,2016-07-09,"AA",19805,"AA","668",14100,"PHL","Philadelphia, PA","PA",11292,"DEN","Denver, CO","CO","2100","2057",-3.00,0.00,27.00,27.00,"2309","2311",2.00,2.00,0.00,"",0.00,249.00,254.00,200.00,1.00,1558.00,,,,,,
2016,7,9,6,2016-07-09,"AA",19805,"AA","669",11292,"DEN","Denver, CO","CO",14100,"PHL","Philadelphia, PA","PA","0030","0033",3.00,3.00,14.00,8.00,"0556","0550",-6.00,0.00,0.00,"",0.00,206.00,197.00,175.00,1.00,1558.00,,,,,,
2016,7,9,6,2016-07-09,"AA",19805,"AA","670",11298,"DFW","Dallas/Fort Worth, TX","TX",12889,"LAS","Las Vegas, NV","NV","1240","1235",-5.00,0.00,17.00,11.00,"1332","1322",-10.00,0.00,0.00,"",0.00,172.00,167.00,139.00,1.00,1055.00,,,,,,
2016,7,9,6,2016-07-09,"AA",19805,"AA","670",12889,"LAS","Las Vegas, NV","NV",11298,"DFW","Dallas/Fort Worth, TX","TX","1435","1459",24.00,24.00,9.00,13.00,"1923","1934",11.00,11.00,0.00,"",0.00,168.00,155.00,133.00,1.00,1055.00,,,,,,
2016,7,9,6,2016-07-09,"AA",19805,"AA","672",12889,"LAS","Las Vegas, NV","NV",11298,"DFW","Dallas/Fort Worth, TX","TX","0615","0609",-6.00,0.00,17.00,19.00,"1059","1111",12.00,12.00,0.00,"",0.00,164.00,182.00,146.00,1.00,1055.00,,,,,,
2016,7,9,6,2016-07-09,"AA",19805,"AA","673",10257,"ALB","Albany, NY","NY",11057,"CLT","Charlotte, NC","NC","1445","1458",13.00,13.00,11.00,18.00,"1658","1707",9.00,9.00,0.00,"",0.00,133.00,129.00,100.00,1.00,646.00,,,,,,
2016,7,9,6,2016-07-09,"AA",19805,"AA","673",11057,"CLT","Charlotte, NC","NC",12266,"IAH","Houston, TX","TX","1759","1754",-5.00,0.00,20.00,13.00,"1927","1946",19.00,19.00,0.00,"",0.00,148.00,172.00,139.00,1.00,912.00,0.00,0.00,19.00,0.00,0.00,
2016,7,9,6,2016-07-09,"AA",19805,"AA","674",14100,"PHL","Philadelphia, PA","PA",14679,"SAN","San Diego, CA","CA","0755","0748",-7.00,0.00,21.00,3.00,"1027","1012",-15.00,0.00,0.00,"",0.00,332.00,324.00,300.00,1.00,2370.00,,,,,,
2016,7,9,6,2016-07-09,"AA",19805,"AA","675",11298,"DFW","Dallas/Fort Worth, TX","TX",14057,"PDX","Portland, OR","OR","2200","2310",70.00,70.00,17.00,4.00,"2353","0056",63.00,63.00,0.00,"",0.00,233.00,226.00,205.00,1.00,1616.00,0.00,11.00,0.00,0.00,52.00,
2016,7,9,6,2016-07-09,"AA",19805,"AA","675",14100,"PHL","Philadelphia, PA","PA",11298,"DFW","Dallas/Fort Worth, TX","TX","1800","1813",13.00,13.00,32.00,84.00,"2039","2203",84.00,84.00,0.00,"",0.00,219.00,290.00,174.00,1.00,1303.00,0.00,0.00,71.00,0.00,13.00,
2016,7,9,6,2016-07-09,"AA",19805,"AA","676",12892,"LAX","Los Angeles, CA","CA",10299,"ANC","Anchorage, AK","AK","1937","1933",-4.00,0.00,14.00,5.00,"0020","2342",-38.00,0.00,0.00,"",0.00,343.00,309.00,290.00,1.00,2345.00,,,,,,
2016,7,9,6,2016-07-09,"AA",19805,"AA","677",12889,"LAS","Las Vegas, NV","NV",14100,"PHL","Philadelphia, PA","PA","0655","0701",6.00,6.00,15.00,5.00,"1434","1434",0.00,0.00,0.00,"",0.00,279.00,273.00,253.00,1.00,2176.00,,,,,,
2016,7,9,6,2016-07-09,"AA",19805,"AA","678",11057,"CLT","Charlotte, NC","NC",12892,"LAX","Los Angeles, CA","CA","1805","1810",5.00,5.00,24.00,10.00,"2014","2017",3.00,3.00,0.00,"",0.00,309.00,307.00,273.00,1.00,2125.00,,,,,,
2016,7,9,6,2016-07-09,"AA",19805,"AA","680",14107,"PHX","Phoenix, AZ","AZ",11278,"DCA","Washington, DC","VA","1240","1239",-1.00,0.00,13.00,7.00,"2003","1948",-15.00,0.00,0.00,"",0.00,263.00,249.00,229.00,1.00,1979.00,,,,,,
2016,7,9,6,2016-07-09,"AA",19805,"AA","684",14107,"PHX","Phoenix, AZ","AZ",12982,"LIH","Lihue, HI","HI","1015","1015",0.00,0.00,31.00,5.00,"1401","1404",3.00,3.00,0.00,"",0.00,406.00,409.00,373.00,1.00,2979.00,,,,,,
2016,7,9,6,2016-07-09,"AA",19805,"AA","685",11057,"CLT","Charlotte, NC","NC",15016,"STL","St. Louis, MO","MO","1115","1112",-3.00,0.00,11.00,3.00,"1206","1152",-14.00,0.00,0.00,"",0.00,111.00,100.00,86.00,1.00,575.00,,,,,,
2016,7,9,6,2016-07-09,"AA",19805,"AA","685",14576,"ROC","Rochester, NY","NY",11057,"CLT","Charlotte, NC","NC","0810","0805",-5.00,0.00,11.00,8.00,"1008","0954",-14.00,0.00,0.00,"",0.00,118.00,109.00,90.00,1.00,573.00,,,,,,
2016,7,9,6,2016-07-09,"AA",19805,"AA","686",11057,"CLT","Charlotte, NC","NC",14107,"PHX","Phoenix, AZ","AZ","1435","",,,,,"1551","",,,1.00,"A",0.00,256.00,,,1.00,1773.00,,,,,,
2016,7,9,6,2016-07-09,"AA",19805,"AA","686",13204,"MCO","Orlando, FL","FL",11057,"CLT","Charlotte, NC","NC","1155","1156",1.00,1.00,15.00,13.00,"1335","1333",-2.00,0.00,0.00,"",0.00,100.00,97.00,69.00,1.00,468.00,,,,,,
2016,7,9,6,2016-07-09,"AA",19805,"AA","686",14107,"PHX","Phoenix, AZ","AZ",14771,"SFO","San Francisco, CA","CA","1705","1701",-4.00,0.00,14.00,5.00,"1901","1852",-9.00,0.00,0.00,"",0.00,116.00,111.00,92.00,1.00,651.00,,,,,,
2016,7,9,6,2016-07-09,"AA",19805,"AA","687",12982,"LIH","Lihue, HI","HI",14107,"PHX","Phoenix, AZ","AZ","2110","2100",-10.00,0.00,10.00,4.00,"0604","0544",-20.00,0.00,0.00,"",0.00,354.00,344.00,330.00,1.00,2979.00,,,,,,
2016,7,9,6,2016-07-09,"AA",19805,"AA","688",12892,"LAX","Los Angeles, CA","CA",14100,"PHL","Philadelphia, PA","PA","2359","0010",11.00,11.00,28.00,5.00,"0819","0828",9.00,9.00,0.00,"",0.00,320.00,318.00,285.00,1.00,2402.00,,,,,,
2016,7,9,6,2016-07-09,"AA",19805,"AA","689",14100,"PHL","Philadelphia, PA","PA",12889,"LAS","Las Vegas, NV","NV","1010","1021",11.00,11.00,17.00,7.00,"1233","1221",-12.00,0.00,0.00,"",0.00,323.00,300.00,276.00,1.00,2176.00,,,,,,
2016,7,9,6,2016-07-09,"AA",19805,"AA","690",14107,"PHX","Phoenix, AZ","AZ",12173,"HNL","Honolulu, HI","HI","0750","0747",-3.00,0.00,15.00,3.00,"1127","1110",-17.00,0.00,0.00,"",0.00,397.00,383.00,365.00,1.00,2917.00,,,,,,
2016,7,9,6,2016-07-09,"AA",19805,"AA","691",11057,"CLT","Charlotte, NC","NC",13204,"MCO","Orlando, FL","FL","1305","1302",-3.00,0.00,13.00,21.00,"1441","1449",8.00,8.00,0.00,"",0.00,96.00,107.00,73.00,1.00,468.00,,,,,,
2016,7,9,6,2016-07-09,"AA",19805,"AA","691",14107,"PHX","Phoenix, AZ","AZ",11057,"CLT","Charlotte, NC","NC","0505","0500",-5.00,0.00,13.00,12.00,"1209","1154",-15.00,0.00,0.00,"",0.00,244.00,234.00,209.00,1.00,1773.00,,,,,,
2016,7,9,6,2016-07-09,"AA",19805,"AA","692",14107,"PHX","Phoenix, AZ","AZ",12173,"HNL","Honolulu, HI","HI","1035","1030",-5.00,0.00,21.00,4.00,"1415","1404",-11.00,0.00,0.00,"",0.00,400.00,394.00,369.00,1.00,2917.00,,,,,,
2016,7,9,6,2016-07-09,"AA",19805,"AA","693",12173,"HNL","Honolulu, HI","HI",14107,"PHX","Phoenix, AZ","AZ","2225","2220",-5.00,0.00,13.00,5.00,"0718","0652",-26.00,0.00,0.00,"",0.00,353.00,332.00,314.00,1.00,2917.00,,,,,,
2016,7,9,6,2016-07-09,"AA",19805,"AA","694",11298,"DFW","Dallas/Fort Worth, TX","TX",14107,"PHX","Phoenix, AZ","AZ","1215","1224",9.00,9.00,25.00,10.00,"1240","1300",20.00,20.00,0.00,"",0.00,145.00,156.00,121.00,1.00,868.00,0.00,0.00,11.00,0.00,9.00,
2016,7,9,6,2016-07-09,"AA",19805,"AA","694",14107,"PHX","Phoenix, AZ","AZ",12173,"HNL","Honolulu, HI","HI","1410","1416",6.00,6.00,22.00,2.00,"1742","1748",6.00,6.00,0.00,"",0.00,392.00,392.00,368.00,1.00,2917.00,,,,,,
2016,7,9,6,2016-07-09,"AA",19805,"AA","695",11292,"DEN","Denver, CO","CO",14100,"PHL","Philadelphia, PA","PA","0705","0702",-3.00,0.00,15.00,5.00,"1236","1218",-18.00,0.00,0.00,"",0.00,211.00,196.00,176.00,1.00,1558.00,,,,,,
2016,7,9,6,2016-07-09,"AA",19805,"AA","695",14100,"PHL","Philadelphia, PA","PA",14107,"PHX","Phoenix, AZ","AZ","1405","1547",102.00,102.00,36.00,5.00,"1603","1756",113.00,113.00,0.00,"",0.00,298.00,309.00,268.00,1.00,2075.00,102.00,0.00,11.00,0.00,0.00,
2016,7,9,6,2016-07-09,"AA",19805,"AA","695",14107,"PHX","Phoenix, AZ","AZ",12892,"LAX","Los Angeles, CA","CA","1715","2009",174.00,174.00,42.00,9.00,"1843","2156",193.00,193.00,0.00,"",0.00,88.00,107.00,56.00,1.00,370.00,99.00,0.00,19.00,0.00,75.00,
2016,7,9,6,2016-07-09,"AA",19805,"AA","696",12892,"LAX","Los Angeles, CA","CA",11057,"CLT","Charlotte, NC","NC","2240","2320",40.00,40.00,18.00,6.00,"0635","0654",19.00,19.00,0.00,"",0.00,295.00,274.00,250.00,1.00,2125.00,14.00,0.00,0.00,0.00,5.00,
2016,7,9,6,2016-07-09,"AA",19805,"AA","697",12982,"LIH","Lihue, HI","HI",14107,"PHX","Phoenix, AZ","AZ","2210","2153",-17.00,0.00,11.00,5.00,"0707","0642",-25.00,0.00,0.00,"",0.00,357.00,349.00,333.00,1.00,2979.00,,,,,,
2016,7,9,6,2016-07-09,"AA",19805,"AA","698",11298,"DFW","Dallas/Fort Worth, TX","TX",14679,"SAN","San Diego, CA","CA","1100","1055",-5.00,0.00,22.00,3.00,"1157","1150",-7.00,0.00,0.00,"",0.00,177.00,175.00,150.00,1.00,1171.00,,,,,,
2016,7,9,6,2016-07-09,"AA",19805,"AA","698",13204,"MCO","Orlando, FL","FL",11298,"DFW","Dallas/Fort Worth, TX","TX","0730","0734",4.00,4.00,12.00,12.00,"0913","0911",-2.00,0.00,0.00,"",0.00,163.00,157.00,133.00,1.00,985.00,,,,,,
2016,7,9,6,2016-07-09,"AA",19805,"AA","699",14831,"SJC","San Jose, CA","CA",14107,"PHX","Phoenix, AZ","AZ","1910","1857",-13.00,0.00,12.00,6.00,"2101","2042",-19.00,0.00,0.00,"",0.00,111.00,105.00,87.00,1.00,621.00,,,,,,
2016,7,9,6,2016-07-09,"AA",19805,"AA","700",12892,"LAX","Los Angeles, CA","CA",14100,"PHL","Philadelphia, PA","PA","0620","0617",-3.00,0.00,18.00,8.00,"1437","1421",-16.00,0.00,0.00,"",0.00,317.00,304.00,278.00,1.00,2402.00,,,,,,
2016,7,9,6,2016-07-09,"AA",19805,"AA","701",14100,"PHL","Philadelphia, PA","PA",12892,"LAX","Los Angeles, CA","CA","1605","1602",-3.00,0.00,27.00,12.00,"1857","1854",-3.00,0.00,0.00,"",0.00,352.00,352.00,313.00,1.00,2402.00,,,,,,
2016,7,9,6,2016-07-09,"AA",19805,"AA","702",11298,"DFW","Dallas/Fort Worth, TX","TX",14100,"PHL","Philadelphia, PA","PA","1245","1246",1.00,1.00,21.00,5.00,"1705","1705",0.00,0.00,0.00,"",0.00,200.00,199.00,173.00,1.00,1303.00,,,,,,
2016,7,9,6,2016-07-09,"AA",19805,"AA","703",10821,"BWI","Baltimore, MD","MD",14107,"PHX","Phoenix, AZ","AZ","2015","2014",-1.00,0.00,21.00,4.00,"2200","2149",-11.00,0.00,0.00,"",0.00,285.00,275.00,250.00,1.00,1999.00,,,,,,
2016,7,9,6,2016-07-09,"AA",19805,"AA","703",11057,"CLT","Charlotte, NC","NC",10821,"BWI","Baltimore, MD","MD","1759","1757",-2.00,0.00,20.00,6.00,"1924","1918",-6.00,0.00,0.00,"",0.00,85.00,81.00,55.00,1.00,361.00,,,,,,
2016,7,9,6,2016-07-09,"AA",19805,"AA","704",14771,"SFO","San Francisco, CA","CA",11057,"CLT","Charlotte, NC","NC","0635","0631",-4.00,0.00,19.00,8.00,"1437","1417",-20.00,0.00,0.00,"",0.00,302.00,286.00,259.00,1.00,2296.00,,,,,,
2016,7,9,6,2016-07-09,"AA",19805,"AA","705",11057,"CLT","Charlotte, NC","NC",14771,"SFO","San Francisco, CA","CA","1620","1706",46.00,46.00,11.00,5.00,"1845","1920",35.00,35.00,0.00,"",0.00,325.00,314.00,298.00,1.00,2296.00,35.00,0.00,0.00,0.00,0.00,
2016,7,9,6,2016-07-09,"AA",19805,"AA","706",12339,"IND","Indianapolis, IN","IN",14107,"PHX","Phoenix, AZ","AZ","1820","1812",-8.00,0.00,13.00,4.00,"1900","1835",-25.00,0.00,0.00,"",0.00,220.00,203.00,186.00,1.00,1488.00,,,,,,
2016,7,9,6,2016-07-09,"AA",19805,"AA","706",12892,"LAX","Los Angeles, CA","CA",12339,"IND","Indianapolis, IN","IN","0945","0941",-4.00,0.00,19.00,5.00,"1659","1638",-21.00,0.00,0.00,"",0.00,254.00,237.00,213.00,1.00,1814.00,,,,,,
2016,7,9,6,2016-07-09,"AA",19805,"AA","707",14100,"PHL","Philadelphia, PA","PA",14107,"PHX","Phoenix, AZ","AZ","0810","0808",-2.00,0.00,23.00,2.00,"1012","1000",-12.00,0.00,0.00,"",0.00,302.00,292.00,267.00,1.00,2075.00,,,,,,
2016,7,9,6,2016-07-09,"AA",19805,"AA","709",11057,"CLT","Charlotte, NC","NC",14100,"PHL","Philadelphia, PA","PA","1730","1730",0.00,0.00,12.00,12.00,"1907","1911",4.00,4.00,0.00,"",0.00,97.00,101.00,77.00,1.00,449.00,,,,,,
2016,7,9,6,2016-07-09,"AA",19805,"AA","709",14100,"PHL","Philadelphia, PA","PA",14771,"SFO","San Francisco, CA","CA","2025","2033",8.00,8.00,12.00,9.00,"2319","2331",12.00,12.00,0.00,"",0.00,354.00,358.00,337.00,1.00,2521.00,,,,,,
2016,7,9,6,2016-07-09,"AA",19805,"AA","710",14107,"PHX","Phoenix, AZ","AZ",13930,"ORD","Chicago, IL","IL","1030","1037",7.00,7.00,18.00,18.00,"1611","1610",-1.00,0.00,0.00,"",0.00,221.00,213.00,177.00,1.00,1440.00,,,,,,
2016,7,9,6,2016-07-09,"AA",19805,"AA","711",13930,"ORD","Chicago, IL","IL",14107,"PHX","Phoenix, AZ","AZ","1408","1406",-2.00,0.00,13.00,7.00,"1553","1531",-22.00,0.00,0.00,"",0.00,225.00,205.00,185.00,1.00,1440.00,,,,,,
2016,7,9,6,2016-07-09,"AA",19805,"AA","712",15304,"TPA","Tampa, FL","FL",11278,"DCA","Washington, DC","VA","0830","0841",11.00,11.00,10.00,2.00,"1043","1042",-1.00,0.00,0.00,"",0.00,133.00,121.00,109.00,1.00,814.00,,,,,,
2016,7,9,6,2016-07-09,"AA",19805,"AA","714",10721,"BOS","Boston, MA","MA",14100,"PHL","Philadelphia, PA","PA","1615","1653",38.00,38.00,35.00,9.00,"1748","1840",52.00,52.00,0.00,"",0.00,93.00,107.00,63.00,1.00,280.00,0.00,0.00,14.00,0.00,38.00,
2016,7,9,6,2016-07-09,"AA",19805,"AA","715",14100,"PHL","Philadelphia, PA","PA",10721,"BOS","Boston, MA","MA","1745","1746",1.00,1.00,12.00,9.00,"1909","1852",-17.00,0.00,0.00,"",0.00,84.00,66.00,45.00,1.00,280.00,,,,,,
2016,7,9,6,2016-07-09,"AA",19805,"AA","716",12892,"LAX","Los Angeles, CA","CA",14100,"PHL","Philadelphia, PA","PA","0835","0945",70.00,70.00,30.00,9.00,"1659","1807",68.00,68.00,0.00,"",0.00,324.00,322.00,283.00,1.00,2402.00,68.00,0.00,0.00,0.00,0.00,
2016,7,9,6,2016-07-09,"AA",19805,"AA","717",14100,"PHL","Philadelphia, PA","PA",12892,"LAX","Los Angeles, CA","CA","2035","2036",1.00,1.00,27.00,22.00,"2322","2332",10.00,10.00,0.00,"",0.00,347.00,356.00,307.00,1.00,2402.00,,,,,,
2016,7,9,6,2016-07-09,"AA",19805,"AA","720",11298,"DFW","Dallas/Fort Worth, TX","TX",11057,"CLT","Charlotte, NC","NC","1255","1248",-7.00,0.00,23.00,11.00,"1635","1620",-15.00,0.00,0.00,"",0.00,160.00,152.00,118.00,1.00,936.00,,,,,,
2016,7,9,6,2016-07-09,"AA",19805,"AA","722",14771,"SFO","San Francisco, CA","CA",14100,"PHL","Philadelphia, PA","PA","1050","1041",-9.00,0.00,19.00,7.00,"1912","1850",-22.00,0.00,0.00,"",0.00,322.00,309.00,283.00,1.00,2521.00,,,,,,
2016,7,9,6,2016-07-09,"AA",19805,"AA","723",14100,"PHL","Philadelphia, PA","PA",14771,"SFO","San Francisco, CA","CA","1605","1607",2.00,2.00,76.00,6.00,"1909","2005",56.00,56.00,0.00,"",0.00,364.00,418.00,336.00,1.00,2521.00,0.00,0.00,56.00,0.00,0.00,
2016,7,9,6,2016-07-09,"AA",19805,"AA","724",12892,"LAX","Los Angeles, CA","CA",11057,"CLT","Charlotte, NC","NC","0730","0724",-6.00,0.00,17.00,15.00,"1522","1504",-18.00,0.00,0.00,"",0.00,292.00,280.00,248.00,1.00,2125.00,,,,,,
2016,7,9,6,2016-07-09,"AA",19805,"AA","725",11057,"CLT","Charlotte, NC","NC",12892,"LAX","Los Angeles, CA","CA","1640","1650",10.00,10.00,25.00,14.00,"1850","1901",11.00,11.00,0.00,"",0.00,310.00,311.00,272.00,1.00,2125.00,,,,,,
2016,7,9,6,2016-07-09,"AA",19805,"AA","728",14747,"SEA","Seattle, WA","WA",14100,"PHL","Philadelphia, PA","PA","0815","0812",-3.00,0.00,29.00,15.00,"1625","1658",33.00,33.00,0.00,"",0.00,310.00,346.00,302.00,1.00,2378.00,0.00,0.00,33.00,0.00,0.00,
2016,7,9,6,2016-07-09,"AA",19805,"AA","729",14100,"PHL","Philadelphia, PA","PA",14747,"SEA","Seattle, WA","WA","1800","1825",25.00,25.00,29.00,10.00,"2101","2126",25.00,25.00,0.00,"",0.00,361.00,361.00,322.00,1.00,2378.00,25.00,0.00,0.00,0.00,0.00,
2016,7,9,6,2016-07-09,"AA",19805,"AA","730",15304,"TPA","Tampa, FL","FL",11057,"CLT","Charlotte, NC","NC","1526","1522",-4.00,0.00,11.00,11.00,"1714","1704",-10.00,0.00,0.00,"",0.00,108.00,102.00,80.00,1.00,507.00,,,,,,
2016,7,9,6,2016-07-09,"AA",19805,"AA","731",11057,"CLT","Charlotte, NC","NC",15304,"TPA","Tampa, FL","FL","1800","1815",15.00,15.00,12.00,2.00,"1939","1938",-1.00,0.00,0.00,"",0.00,99.00,83.00,69.00,1.00,507.00,,,,,,
2016,7,9,6,2016-07-09,"AA",19805,"AA","734",12889,"LAS","Las Vegas, NV","NV",14100,"PHL","Philadelphia, PA","PA","1059","1053",-6.00,0.00,20.00,14.00,"1842","1856",14.00,14.00,0.00,"",0.00,283.00,303.00,269.00,1.00,2176.00,,,,,,
2016,7,9,6,2016-07-09,"AA",19805,"AA","735",14100,"PHL","Philadelphia, PA","PA",12889,"LAS","Las Vegas, NV","NV","1615","1625",10.00,10.00,43.00,7.00,"1837","1856",19.00,19.00,0.00,"",0.00,322.00,331.00,281.00,1.00,2176.00,0.00,0.00,19.00,0.00,0.00,
2016,7,9,6,2016-07-09,"AA",19805,"AA","738",10721,"BOS","Boston, MA","MA",14100,"PHL","Philadelphia, PA","PA","1755","1750",-5.00,0.00,12.00,10.00,"1931","1927",-4.00,0.00,0.00,"",0.00,96.00,97.00,75.00,1.00,280.00,,,,,,
2016,7,9,6,2016-07-09,"AA",19805,"AA","739",14100,"PHL","Philadelphia, PA","PA",10721,"BOS","Boston, MA","MA","1535","1531",-4.00,0.00,13.00,6.00,"1656","1630",-26.00,0.00,0.00,"",0.00,81.00,59.00,40.00,1.00,280.00,,,,,,
2016,7,9,6,2016-07-09,"AA",19805,"AA","740",14843,"SJU","San Juan, PR","PR",14100,"PHL","Philadelphia, PA","PA","0815","0811",-4.00,0.00,24.00,12.00,"1233","1223",-10.00,0.00,0.00,"",0.00,258.00,252.00,216.00,1.00,1576.00,,,,,,
2016,7,9,6,2016-07-09,"AA",19805,"AA","741",14100,"PHL","Philadelphia, PA","PA",14843,"SJU","San Juan, PR","PR","1805","1807",2.00,2.00,99.00,7.00,"2234","2334",60.00,60.00,0.00,"",0.00,269.00,327.00,221.00,1.00,1576.00,2.00,0.00,58.00,0.00,0.00,
2016,7,9,6,2016-07-09,"AA",19805,"AA","742",13930,"ORD","Chicago, IL","IL",14100,"PHL","Philadelphia, PA","PA","1215","1212",-3.00,0.00,9.00,12.00,"1523","1459",-24.00,0.00,0.00,"",0.00,128.00,107.00,86.00,1.00,678.00,,,,,,
2016,7,9,6,2016-07-09,"AA",19805,"AA","743",14100,"PHL","Philadelphia, PA","PA",13930,"ORD","Chicago, IL","IL","2030","2027",-3.00,0.00,14.00,5.00,"2153","2134",-19.00,0.00,0.00,"",0.00,143.00,127.00,108.00,1.00,678.00,,,,,,
2016,7,9,6,2016-07-09,"AA",19805,"AA","744",12266,"IAH","Houston, TX","TX",11057,"CLT","Charlotte, NC","NC","1539","1604",25.00,25.00,13.00,8.00,"1915","1926",11.00,11.00,0.00,"",0.00,156.00,142.00,121.00,1.00,912.00,,,,,,
2016,7,9,6,2016-07-09,"AA",19805,"AA","745",11057,"CLT","Charlotte, NC","NC",12266,"IAH","Houston, TX","TX","2019","2037",18.00,18.00,31.00,7.00,"2150","2220",30.00,30.00,0.00,"",0.00,151.00,163.00,125.00,1.00,912.00,0.00,0.00,12.00,18.00,0.00,
2016,7,9,6,2016-07-09,"AA",19805,"AA","746",13204,"MCO","Orlando, FL","FL",11057,"CLT","Charlotte, NC","NC","1714","1706",-8.00,0.00,12.00,12.00,"1905","1850",-15.00,0.00,0.00,"",0.00,111.00,104.00,80.00,1.00,468.00,,,,,,
2016,7,9,6,2016-07-09,"AA",19805,"AA","748",12889,"LAS","Las Vegas, NV","NV",11057,"CLT","Charlotte, NC","NC","0800","0750",-10.00,0.00,10.00,8.00,"1519","1453",-26.00,0.00,0.00,"",0.00,259.00,243.00,225.00,1.00,1916.00,,,,,,
2016,7,9,6,2016-07-09,"AA",19805,"AA","749",11057,"CLT","Charlotte, NC","NC",12889,"LAS","Las Vegas, NV","NV","1820","1835",15.00,15.00,23.00,7.00,"2001","2015",14.00,14.00,0.00,"",0.00,281.00,280.00,250.00,1.00,1916.00,,,,,,
2016,7,9,6,2016-07-09,"AA",19805,"AA","752",10397,"ATL","Atlanta, GA","GA",11057,"CLT","Charlotte, NC","NC","0550","0547",-3.00,0.00,15.00,5.00,"0657","0648",-9.00,0.00,0.00,"",0.00,67.00,61.00,41.00,1.00,226.00,,,,,,
2016,7,9,6,2016-07-09,"AA",19805,"AA","752",11057,"CLT","Charlotte, NC","NC",14843,"SJU","San Juan, PR","PR","0800","0753",-7.00,0.00,23.00,4.00,"1148","1139",-9.00,0.00,0.00,"",0.00,228.00,226.00,199.00,1.00,1475.00,,,,,,
2016,7,9,6,2016-07-09,"AA",19805,"AA","754",14679,"SAN","San Diego, CA","CA",14100,"PHL","Philadelphia, PA","PA","0845","0836",-9.00,0.00,21.00,7.00,"1658","1711",13.00,13.00,0.00,"",0.00,313.00,335.00,307.00,1.00,2370.00,,,,,,
2016,7,9,6,2016-07-09,"AA",19805,"AA","755",14100,"PHL","Philadelphia, PA","PA",14679,"SAN","San Diego, CA","CA","1815","1900",45.00,45.00,39.00,2.00,"2057","2145",48.00,48.00,0.00,"",0.00,342.00,345.00,304.00,1.00,2370.00,0.00,0.00,3.00,0.00,45.00,
2016,7,9,6,2016-07-09,"AA",19805,"AA","756",11057,"CLT","Charlotte, NC","NC",15016,"STL","St. Louis, MO","MO","1435","1503",28.00,28.00,15.00,4.00,"1530","1548",18.00,18.00,0.00,"",0.00,115.00,105.00,86.00,1.00,575.00,5.00,0.00,0.00,0.00,13.00,
2016,7,9,6,2016-07-09,"AA",19805,"AA","756",13495,"MSY","New Orleans, LA","LA",11057,"CLT","Charlotte, NC","NC","1050","1044",-6.00,0.00,10.00,6.00,"1344","1329",-15.00,0.00,0.00,"",0.00,114.00,105.00,89.00,1.00,651.00,,,,,,
2016,7,9,6,2016-07-09,"AA",19805,"AA","758",14771,"SFO","San Francisco, CA","CA",14100,"PHL","Philadelphia, PA","PA","0630","0624",-6.00,0.00,14.00,8.00,"1453","1425",-28.00,0.00,0.00,"",0.00,323.00,301.00,279.00,1.00,2521.00,,,,,,
2016,7,9,6,2016-07-09,"AA",19805,"AA","759",14100,"PHL","Philadelphia, PA","PA",14771,"SFO","San Francisco, CA","CA","1800","1815",15.00,15.00,28.00,10.00,"2106","2122",16.00,16.00,0.00,"",0.00,366.00,367.00,329.00,1.00,2521.00,2.00,0.00,1.00,0.00,13.00,
2016,7,9,6,2016-07-09,"AA",19805,"AA","760",11057,"CLT","Charlotte, NC","NC",10397,"ATL","Atlanta, GA","GA","2000","2028",28.00,28.00,19.00,7.00,"2114","2135",21.00,21.00,0.00,"",0.00,74.00,67.00,41.00,1.00,226.00,2.00,0.00,0.00,0.00,19.00,
2016,7,9,6,2016-07-09,"AA",19805,"AA","761",11298,"DFW","Dallas/Fort Worth, TX","TX",14107,"PHX","Phoenix, AZ","AZ","0715","0713",-2.00,0.00,21.00,4.00,"0740","0733",-7.00,0.00,0.00,"",0.00,145.00,140.00,115.00,1.00,868.00,,,,,,
2016,7,9,6,2016-07-09,"AA",19805,"AA","761",13303,"MIA","Miami, FL","FL",13204,"MCO","Orlando, FL","FL","1730","1724",-6.00,0.00,20.00,8.00,"1843","1829",-14.00,0.00,0.00,"",0.00,73.00,65.00,37.00,1.00,192.00,,,,,,
2016,7,9,6,2016-07-09,"AA",19805,"AA","761",14107,"PHX","Phoenix, AZ","AZ",13303,"MIA","Miami, FL","FL","0839","0839",0.00,0.00,14.00,9.00,"1606","1554",-12.00,0.00,0.00,"",0.00,267.00,255.00,232.00,1.00,1972.00,,,,,,
2016,7,9,6,2016-07-09,"AA",19805,"AA","763",14100,"PHL","Philadelphia, PA","PA",14747,"SEA","Seattle, WA","WA","0735","0738",3.00,3.00,21.00,4.00,"1027","1049",22.00,22.00,0.00,"",0.00,352.00,371.00,346.00,1.00,2378.00,3.00,0.00,19.00,0.00,0.00,
2016,7,9,6,2016-07-09,"AA",19805,"AA","764",15304,"TPA","Tampa, FL","FL",14100,"PHL","Philadelphia, PA","PA","0805","0800",-5.00,0.00,11.00,8.00,"1035","1030",-5.00,0.00,0.00,"",0.00,150.00,150.00,131.00,1.00,920.00,,,,,,
2016,7,9,6,2016-07-09,"AA",19805,"AA","765",10423,"AUS","Austin, TX","TX",11057,"CLT","Charlotte, NC","NC","1345","1411",26.00,26.00,13.00,6.00,"1727","1747",20.00,20.00,0.00,"",0.00,162.00,156.00,137.00,1.00,1032.00,1.00,0.00,0.00,0.00,19.00,
2016,7,9,6,2016-07-09,"AA",19805,"AA","765",11057,"CLT","Charlotte, NC","NC",15016,"STL","St. Louis, MO","MO","1815","1842",27.00,27.00,23.00,5.00,"1916","1938",22.00,22.00,0.00,"",0.00,121.00,116.00,88.00,1.00,575.00,8.00,0.00,0.00,0.00,14.00,
2016,7,9,6,2016-07-09,"AA",19805,"AA","765",14107,"PHX","Phoenix, AZ","AZ",10423,"AUS","Austin, TX","TX","0842","0913",31.00,31.00,26.00,3.00,"1304","1330",26.00,26.00,0.00,"",0.00,142.00,137.00,108.00,1.00,872.00,26.00,0.00,0.00,0.00,0.00,
2016,7,9,6,2016-07-09,"AA",19805,"AA","765",15016,"STL","St. Louis, MO","MO",14107,"PHX","Phoenix, AZ","AZ","2040","2035",-5.00,0.00,11.00,5.00,"2151","2136",-15.00,0.00,0.00,"",0.00,191.00,181.00,165.00,1.00,1262.00,,,,,,
2016,7,9,6,2016-07-09,"AA",19805,"AA","766",14747,"SEA","Seattle, WA","WA",14100,"PHL","Philadelphia, PA","PA","1125","1210",45.00,45.00,21.00,8.00,"1937","1954",17.00,17.00,0.00,"",0.00,312.00,284.00,255.00,1.00,2378.00,10.00,0.00,0.00,0.00,7.00,
2016,7,9,6,2016-07-09,"AA",19805,"AA","767",14107,"PHX","Phoenix, AZ","AZ",11057,"CLT","Charlotte, NC","NC","1005","1018",13.00,13.00,24.00,8.00,"1715","1713",-2.00,0.00,0.00,"",0.00,250.00,235.00,203.00,1.00,1773.00,,,,,,
2016,7,9,6,2016-07-09,"AA",19805,"AA","768",13204,"MCO","Orlando, FL","FL",14100,"PHL","Philadelphia, PA","PA","1515","1537",22.00,22.00,12.00,5.00,"1749","1757",8.00,8.00,0.00,"",0.00,154.00,140.00,123.00,1.00,861.00,,,,,,
2016,7,9,6,2016-07-09,"AA",19805,"AA","769",14100,"PHL","Philadelphia, PA","PA",13204,"MCO","Orlando, FL","FL","1600","1558",-2.00,0.00,24.00,6.00,"1836","1824",-12.00,0.00,0.00,"",0.00,156.00,146.00,116.00,1.00,861.00,,,,,,
2016,7,9,6,2016-07-09,"AA",19805,"AA","770",13204,"MCO","Orlando, FL","FL",11057,"CLT","Charlotte, NC","NC","0830","0828",-2.00,0.00,14.00,8.00,"1014","1001",-13.00,0.00,0.00,"",0.00,104.00,93.00,71.00,1.00,468.00,,,,,,
2016,7,9,6,2016-07-09,"AA",19805,"AA","771",14100,"PHL","Philadelphia, PA","PA",14843,"SJU","San Juan, PR","PR","0950","0952",2.00,2.00,13.00,9.00,"1421","1403",-18.00,0.00,0.00,"",0.00,271.00,251.00,229.00,1.00,1576.00,,,,,,
2016,7,9,6,2016-07-09,"AA",19805,"AA","772",14843,"SJU","San Juan, PR","PR",14100,"PHL","Philadelphia, PA","PA","1515","1504",-11.00,0.00,24.00,9.00,"1944","1942",-2.00,0.00,0.00,"",0.00,269.00,278.00,245.00,1.00,1576.00,,,,,,
2016,7,9,6,2016-07-09,"AA",19805,"AA","773",14100,"PHL","Philadelphia, PA","PA",14843,"SJU","San Juan, PR","PR","1155","1155",0.00,0.00,13.00,17.00,"1616","1607",-9.00,0.00,0.00,"",0.00,261.00,252.00,222.00,1.00,1576.00,,,,,,
2016,7,9,6,2016-07-09,"AA",19805,"AA","774",14771,"SFO","San Francisco, CA","CA",14100,"PHL","Philadelphia, PA","PA","1330","1330",0.00,0.00,17.00,12.00,"2152","2130",-22.00,0.00,0.00,"",0.00,322.00,300.00,271.00,1.00,2521.00,,,,,,
2016,7,9,6,2016-07-09,"AA",19805,"AA","776",14107,"PHX","Phoenix, AZ","AZ",14100,"PHL","Philadelphia, PA","PA","1215","1220",5.00,5.00,12.00,15.00,"1950","1951",1.00,1.00,0.00,"",0.00,275.00,271.00,244.00,1.00,2075.00,,,,,,
2016,7,9,6,2016-07-09,"AA",19805,"AA","776",14570,"RNO","Reno, NV","NV",14107,"PHX","Phoenix, AZ","AZ","0930","0927",-3.00,0.00,12.00,3.00,"1113","1059",-14.00,0.00,0.00,"",0.00,103.00,92.00,77.00,1.00,601.00,,,,,,
2016,7,9,6,2016-07-09,"AA",19805,"AA","777",14100,"PHL","Philadelphia, PA","PA",14107,"PHX","Phoenix, AZ","AZ","1600","2025",265.00,265.00,13.00,6.00,"1808","2215",247.00,247.00,0.00,"",0.00,308.00,290.00,271.00,1.00,2075.00,247.00,0.00,0.00,0.00,0.00,
2016,7,9,6,2016-07-09,"AA",19805,"AA","781",14100,"PHL","Philadelphia, PA","PA",12892,"LAX","Los Angeles, CA","CA","0745","0738",-7.00,0.00,22.00,7.00,"1033","1006",-27.00,0.00,0.00,"",0.00,348.00,328.00,299.00,1.00,2402.00,,,,,,
2016,7,9,6,2016-07-09,"AA",19805,"AA","782",14027,"PBI","West Palm Beach/Palm Beach, FL","FL",14100,"PHL","Philadelphia, PA","PA","0600","0553",-7.00,0.00,12.00,7.00,"0837","0836",-1.00,0.00,0.00,"",0.00,157.00,163.00,144.00,1.00,951.00,,,,,,
2016,7,9,6,2016-07-09,"AA",19805,"AA","783",11057,"CLT","Charlotte, NC","NC",14843,"SJU","San Juan, PR","PR","1145","1153",8.00,8.00,30.00,7.00,"1537","1547",10.00,10.00,0.00,"",0.00,232.00,234.00,197.00,1.00,1475.00,,,,,,
2016,7,9,6,2016-07-09,"AA",19805,"AA","783",11298,"DFW","Dallas/Fort Worth, TX","TX",11057,"CLT","Charlotte, NC","NC","0710","0707",-3.00,0.00,15.00,12.00,"1047","1034",-13.00,0.00,0.00,"",0.00,157.00,147.00,120.00,1.00,936.00,,,,,,
2016,7,9,6,2016-07-09,"AA",19805,"AA","784",14100,"PHL","Philadelphia, PA","PA",12889,"LAS","Las Vegas, NV","NV","1905","2115",130.00,130.00,29.00,8.00,"2121","2320",119.00,119.00,0.00,"",0.00,316.00,305.00,268.00,1.00,2176.00,11.00,0.00,0.00,0.00,108.00,
2016,7,9,6,2016-07-09,"AA",19805,"AA","785",14100,"PHL","Philadelphia, PA","PA",12892,"LAX","Los Angeles, CA","CA","1800","1800",0.00,0.00,20.00,16.00,"2057","2041",-16.00,0.00,0.00,"",0.00,357.00,341.00,305.00,1.00,2402.00,,,,,,
2016,7,9,6,2016-07-09,"AA",19805,"AA","786",10397,"ATL","Atlanta, GA","GA",11057,"CLT","Charlotte, NC","NC","1535","1535",0.00,0.00,14.00,8.00,"1702","1641",-21.00,0.00,0.00,"",0.00,87.00,66.00,44.00,1.00,226.00,,,,,,
2016,7,6,3,2016-07-06,"AA",19805,"AA","1669",12953,"LGA","New York, NY","NY",14492,"RDU","Raleigh/Durham, NC","NC","0852","0847",-5.00,0.00,25.00,9.00,"1030","1028",-2.00,0.00,0.00,"",0.00,98.00,101.00,67.00,1.00,431.00,,,,,,
2016,7,6,3,2016-07-06,"AA",19805,"AA","1669",14492,"RDU","Raleigh/Durham, NC","NC",12953,"LGA","New York, NY","NY","1110","1118",8.00,8.00,27.00,7.00,"1242","1258",16.00,16.00,0.00,"",0.00,92.00,100.00,66.00,1.00,431.00,8.00,0.00,8.00,0.00,0.00,
2016,7,6,3,2016-07-06,"AA",19805,"AA","1670",10721,"BOS","Boston, MA","MA",14100,"PHL","Philadelphia, PA","PA","1315","1322",7.00,7.00,37.00,3.00,"1454","1504",10.00,10.00,0.00,"",0.00,99.00,102.00,62.00,1.00,280.00,,,,,,
2016,7,6,3,2016-07-06,"AA",19805,"AA","1671",14100,"PHL","Philadelphia, PA","PA",10721,"BOS","Boston, MA","MA","2015","2034",19.00,19.00,26.00,5.00,"2133","2201",28.00,28.00,0.00,"",0.00,78.00,87.00,56.00,1.00,280.00,19.00,0.00,9.00,0.00,0.00,
2016,7,6,3,2016-07-06,"AA",19805,"AA","1672",10721,"BOS","Boston, MA","MA",14100,"PHL","Philadelphia, PA","PA","1500","1457",-3.00,0.00,45.00,4.00,"1640","1641",1.00,1.00,0.00,"",0.00,100.00,104.00,55.00,1.00,280.00,,,,,,
2016,7,6,3,2016-07-06,"AA",19805,"AA","1673",14100,"PHL","Philadelphia, PA","PA",10721,"BOS","Boston, MA","MA","2115","2107",-8.00,0.00,25.00,6.00,"2241","2231",-10.00,0.00,0.00,"",0.00,86.00,84.00,53.00,1.00,280.00,,,,,,
2016,7,6,3,2016-07-06,"AA",19805,"AA","1674",12889,"LAS","Las Vegas, NV","NV",13303,"MIA","Miami, FL","FL","2200","2155",-5.00,0.00,13.00,4.00,"0541","0519",-22.00,0.00,0.00,"",0.00,281.00,264.00,247.00,1.00,2174.00,,,,,,
2016,7,6,3,2016-07-06,"AA",19805,"AA","1675",14100,"PHL","Philadelphia, PA","PA",10721,"BOS","Boston, MA","MA","2250","2248",-2.00,0.00,9.00,5.00,"0004","2353",-11.00,0.00,0.00,"",0.00,74.00,65.00,51.00,1.00,280.00,,,,,,
2016,7,6,3,2016-07-06,"AA",19805,"AA","1676",13204,"MCO","Orlando, FL","FL",14107,"PHX","Phoenix, AZ","AZ","2040","2049",9.00,9.00,10.00,5.00,"2155","2149",-6.00,0.00,0.00,"",0.00,255.00,240.00,225.00,1.00,1849.00,,,,,,
2016,7,6,3,2016-07-06,"AA",19805,"AA","1677",11057,"CLT","Charlotte, NC","NC",14122,"PIT","Pittsburgh, PA","PA","0945","1003",18.00,18.00,19.00,7.00,"1116","1126",10.00,10.00,0.00,"",0.00,91.00,83.00,57.00,1.00,366.00,,,,,,
2016,7,6,3,2016-07-06,"AA",19805,"AA","1677",12339,"IND","Indianapolis, IN","IN",11057,"CLT","Charlotte, NC","NC","0705","0659",-6.00,0.00,25.00,10.00,"0845","0842",-3.00,0.00,0.00,"",0.00,100.00,103.00,68.00,1.00,427.00,,,,,,
2016,7,6,3,2016-07-06,"AA",19805,"AA","1678",10397,"ATL","Atlanta, GA","GA",12953,"LGA","New York, NY","NY","1655","1753",58.00,58.00,38.00,6.00,"1909","2028",79.00,79.00,0.00,"",0.00,134.00,155.00,111.00,1.00,762.00,0.00,14.00,21.00,0.00,44.00,
2016,7,6,3,2016-07-06,"AA",19805,"AA","1678",12953,"LGA","New York, NY","NY",10397,"ATL","Atlanta, GA","GA","1340","1438",58.00,58.00,35.00,4.00,"1615","1709",54.00,54.00,0.00,"",0.00,155.00,151.00,112.00,1.00,762.00,0.00,54.00,0.00,0.00,0.00,
2016,7,6,3,2016-07-06,"AA",19805,"AA","1679",10721,"BOS","Boston, MA","MA",14100,"PHL","Philadelphia, PA","PA","2000","1954",-6.00,0.00,35.00,11.00,"2130","2140",10.00,10.00,0.00,"",0.00,90.00,106.00,60.00,1.00,280.00,,,,,,
2016,7,6,3,2016-07-06,"AA",19805,"AA","1680",14100,"PHL","Philadelphia, PA","PA",14027,"PBI","West Palm Beach/Palm Beach, FL","FL","1830","1823",-7.00,0.00,31.00,3.00,"2125","2106",-19.00,0.00,0.00,"",0.00,175.00,163.00,129.00,1.00,951.00,,,,,,
2016,7,6,3,2016-07-06,"AA",19805,"AA","1681",10821,"BWI","Baltimore, MD","MD",11057,"CLT","Charlotte, NC","NC","1902","1854",-8.00,0.00,21.00,6.00,"2033","2016",-17.00,0.00,0.00,"",0.00,91.00,82.00,55.00,1.00,361.00,,,,,,
2016,7,6,3,2016-07-06,"AA",19805,"AA","1682",13198,"MCI","Kansas City, MO","MO",14100,"PHL","Philadelphia, PA","PA","0700","0654",-6.00,0.00,40.00,4.00,"1039","1059",20.00,20.00,0.00,"",0.00,159.00,185.00,141.00,1.00,1038.00,0.00,0.00,20.00,0.00,0.00,
2016,7,6,3,2016-07-06,"AA",19805,"AA","1683",10397,"ATL","Atlanta, GA","GA",12953,"LGA","New York, NY","NY","0605","0604",-1.00,0.00,16.00,6.00,"0815","0813",-2.00,0.00,0.00,"",0.00,130.00,129.00,107.00,1.00,762.00,,,,,,
2016,7,6,3,2016-07-06,"AA",19805,"AA","1684",11298,"DFW","Dallas/Fort Worth, TX","TX",13204,"MCO","Orlando, FL","FL","1105","1117",12.00,12.00,17.00,5.00,"1446","1451",5.00,5.00,0.00,"",0.00,161.00,154.00,132.00,1.00,985.00,,,,,,
2016,7,6,3,2016-07-06,"AA",19805,"AA","1684",14100,"PHL","Philadelphia, PA","PA",11298,"DFW","Dallas/Fort Worth, TX","TX","0723","0718",-5.00,0.00,36.00,6.00,"0950","0953",3.00,3.00,0.00,"",0.00,207.00,215.00,173.00,1.00,1303.00,,,,,,
2016,7,6,3,2016-07-06,"AA",19805,"AA","1686",14100,"PHL","Philadelphia, PA","PA",13487,"MSP","Minneapolis, MN","MN","1120","1115",-5.00,0.00,20.00,4.00,"1309","1253",-16.00,0.00,0.00,"",0.00,169.00,158.00,134.00,1.00,980.00,,,,,,
2016,7,6,3,2016-07-06,"AA",19805,"AA","1687",12953,"LGA","New York, NY","NY",10397,"ATL","Atlanta, GA","GA","2000","2114",74.00,74.00,33.00,14.00,"2234","2357",83.00,83.00,0.00,"",0.00,154.00,163.00,116.00,1.00,762.00,0.00,16.00,9.00,0.00,58.00,
2016,7,6,3,2016-07-06,"AA",19805,"AA","1688",11298,"DFW","Dallas/Fort Worth, TX","TX",13204,"MCO","Orlando, FL","FL","1845","1838",-7.00,0.00,21.00,14.00,"2227","2224",-3.00,0.00,0.00,"",0.00,162.00,166.00,131.00,1.00,985.00,,,,,,
2016,7,6,3,2016-07-06,"AA",19805,"AA","1688",13204,"MCO","Orlando, FL","FL",11298,"DFW","Dallas/Fort Worth, TX","TX","1540","1537",-3.00,0.00,13.00,8.00,"1724","1707",-17.00,0.00,0.00,"",0.00,164.00,150.00,129.00,1.00,985.00,,,,,,
2016,7,6,3,2016-07-06,"AA",19805,"AA","1689",14100,"PHL","Philadelphia, PA","PA",14492,"RDU","Raleigh/Durham, NC","NC","1135","1126",-9.00,0.00,21.00,6.00,"1259","1248",-11.00,0.00,0.00,"",0.00,84.00,82.00,55.00,1.00,337.00,,,,,,
2016,7,6,3,2016-07-06,"AA",19805,"AA","1689",14492,"RDU","Raleigh/Durham, NC","NC",14100,"PHL","Philadelphia, PA","PA","1339","1329",-10.00,0.00,17.00,11.00,"1505","1454",-11.00,0.00,0.00,"",0.00,86.00,85.00,57.00,1.00,337.00,,,,,,
2016,7,6,3,2016-07-06,"AA",19805,"AA","1691",14100,"PHL","Philadelphia, PA","PA",13198,"MCI","Kansas City, MO","MO","2015","2008",-7.00,0.00,15.00,6.00,"2203","2145",-18.00,0.00,0.00,"",0.00,168.00,157.00,136.00,1.00,1038.00,,,,,,
2016,7,6,3,2016-07-06,"AA",19805,"AA","1692",11057,"CLT","Charlotte, NC","NC",10529,"BDL","Hartford, CT","CT","2025","2021",-4.00,0.00,26.00,5.00,"2222","2221",-1.00,0.00,0.00,"",0.00,117.00,120.00,89.00,1.00,644.00,,,,,,
2016,7,6,3,2016-07-06,"AA",19805,"AA","1692",11697,"FLL","Fort Lauderdale, FL","FL",11057,"CLT","Charlotte, NC","NC","1710","1719",9.00,9.00,11.00,6.00,"1911","1927",16.00,16.00,0.00,"",0.00,121.00,128.00,111.00,1.00,632.00,0.00,0.00,7.00,0.00,9.00,
2016,7,6,3,2016-07-06,"AA",19805,"AA","1693",11298,"DFW","Dallas/Fort Worth, TX","TX",12889,"LAS","Las Vegas, NV","NV","1905","1933",28.00,28.00,16.00,6.00,"1955","2020",25.00,25.00,0.00,"",0.00,170.00,167.00,145.00,1.00,1055.00,11.00,0.00,0.00,0.00,14.00,
2016,7,6,3,2016-07-06,"AA",19805,"AA","1698",12266,"IAH","Houston, TX","TX",14100,"PHL","Philadelphia, PA","PA","1745","1735",-10.00,0.00,27.00,9.00,"2208","2206",-2.00,0.00,0.00,"",0.00,203.00,211.00,175.00,1.00,1325.00,,,,,,
2016,7,6,3,2016-07-06,"AA",19805,"AA","1698",14100,"PHL","Philadelphia, PA","PA",12266,"IAH","Houston, TX","TX","1430","1425",-5.00,0.00,23.00,6.00,"1658","1641",-17.00,0.00,0.00,"",0.00,208.00,196.00,167.00,1.00,1325.00,,,,,,
2016,7,6,3,2016-07-06,"AA",19805,"AA","1700",11057,"CLT","Charlotte, NC","NC",10529,"BDL","Hartford, CT","CT","1429","1438",9.00,9.00,14.00,4.00,"1624","1624",0.00,0.00,0.00,"",0.00,115.00,106.00,88.00,1.00,644.00,,,,,,
2016,7,6,3,2016-07-06,"AA",19805,"AA","1700",14122,"PIT","Pittsburgh, PA","PA",11057,"CLT","Charlotte, NC","NC","1159","1158",-1.00,0.00,10.00,18.00,"1328","1323",-5.00,0.00,0.00,"",0.00,89.00,85.00,57.00,1.00,366.00,,,,,,
2016,7,6,3,2016-07-06,"AA",19805,"AA","1701",11057,"CLT","Charlotte, NC","NC",13303,"MIA","Miami, FL","FL","1820","1822",2.00,2.00,17.00,3.00,"2026","2016",-10.00,0.00,0.00,"",0.00,126.00,114.00,94.00,1.00,650.00,,,,,,
2016,7,6,3,2016-07-06,"AA",19805,"AA","1701",13198,"MCI","Kansas City, MO","MO",11057,"CLT","Charlotte, NC","NC","1355","1349",-6.00,0.00,10.00,22.00,"1714","1714",0.00,0.00,0.00,"",0.00,139.00,145.00,113.00,1.00,808.00,,,,,,
2016,7,6,3,2016-07-06,"AA",19805,"AA","1704",11057,"CLT","Charlotte, NC","NC",10529,"BDL","Hartford, CT","CT","2210","2216",6.00,6.00,14.00,12.00,"0005","0009",4.00,4.00,0.00,"",0.00,115.00,113.00,87.00,1.00,644.00,,,,,,
2016,7,6,3,2016-07-06,"AA",19805,"AA","1704",11298,"DFW","Dallas/Fort Worth, TX","TX",11057,"CLT","Charlotte, NC","NC","1735","1732",-3.00,0.00,15.00,7.00,"2110","2106",-4.00,0.00,0.00,"",0.00,155.00,154.00,132.00,1.00,936.00,,,,,,
2016,7,6,3,2016-07-06,"AA",19805,"AA","1705",12889,"LAS","Las Vegas, NV","NV",12892,"LAX","Los Angeles, CA","CA","1310","",,,,,"1429","",,,1.00,"A",0.00,79.00,,,1.00,236.00,,,,,,
2016,7,6,3,2016-07-06,"AA",19805,"AA","1705",12892,"LAX","Los Angeles, CA","CA",12889,"LAS","Las Vegas, NV","NV","1105","",,,,,"1224","",,,1.00,"A",0.00,79.00,,,1.00,236.00,,,,,,
2016,7,6,3,2016-07-06,"AA",19805,"AA","1706",11057,"CLT","Charlotte, NC","NC",13244,"MEM","Memphis, TN","TN","2230","2224",-6.00,0.00,14.00,5.00,"2312","2305",-7.00,0.00,0.00,"",0.00,102.00,101.00,82.00,1.00,511.00,,,,,,
2016,7,6,3,2016-07-06,"AA",19805,"AA","1707",11433,"DTW","Detroit, MI","MI",11057,"CLT","Charlotte, NC","NC","0820","1115",175.00,175.00,16.00,7.00,"1009","1253",164.00,164.00,0.00,"",0.00,109.00,98.00,75.00,1.00,500.00,164.00,0.00,0.00,0.00,0.00,
2016,7,6,3,2016-07-06,"AA",19805,"AA","1708",10397,"ATL","Atlanta, GA","GA",11057,"CLT","Charlotte, NC","NC","0725","0958",153.00,153.00,20.00,5.00,"0839","1105",146.00,146.00,0.00,"",0.00,74.00,67.00,42.00,1.00,226.00,146.00,0.00,0.00,0.00,0.00,
2016,7,6,3,2016-07-06,"AA",19805,"AA","1708",11057,"CLT","Charlotte, NC","NC",11697,"FLL","Fort Lauderdale, FL","FL","0945","1041",56.00,56.00,11.00,3.00,"1150","1230",40.00,40.00,0.00,"",0.00,125.00,109.00,95.00,1.00,632.00,19.00,0.00,0.00,0.00,21.00,
2016,7,6,3,2016-07-06,"AA",19805,"AA","1709",14747,"SEA","Seattle, WA","WA",11057,"CLT","Charlotte, NC","NC","0045","0050",5.00,5.00,14.00,9.00,"0840","0843",3.00,3.00,0.00,"",0.00,295.00,293.00,270.00,1.00,2279.00,,,,,,
2016,7,6,3,2016-07-06,"AA",19805,"AA","1711",10821,"BWI","Baltimore, MD","MD",11057,"CLT","Charlotte, NC","NC","0515","0510",-5.00,0.00,12.00,12.00,"0634","0638",4.00,4.00,0.00,"",0.00,79.00,88.00,64.00,1.00,361.00,,,,,,
2016,7,6,3,2016-07-06,"AA",19805,"AA","1712",14107,"PHX","Phoenix, AZ","AZ",14100,"PHL","Philadelphia, PA","PA","1450","1443",-7.00,0.00,35.00,8.00,"2222","2227",5.00,5.00,0.00,"",0.00,272.00,284.00,241.00,1.00,2075.00,,,,,,
2016,7,6,3,2016-07-06,"AA",19805,"AA","1715",10529,"BDL","Hartford, CT","CT",11057,"CLT","Charlotte, NC","NC","1300","1308",8.00,8.00,18.00,7.00,"1503","1522",19.00,19.00,0.00,"",0.00,123.00,134.00,109.00,1.00,644.00,8.00,0.00,11.00,0.00,0.00,
2016,7,6,3,2016-07-06,"AA",19805,"AA","1715",11057,"CLT","Charlotte, NC","NC",10693,"BNA","Nashville, TN","TN","1555","1809",134.00,134.00,14.00,8.00,"1612","1835",143.00,143.00,0.00,"",0.00,77.00,86.00,64.00,1.00,328.00,115.00,0.00,9.00,0.00,19.00,
2016,7,6,3,2016-07-06,"AA",19805,"AA","1716",11057,"CLT","Charlotte, NC","NC",13198,"MCI","Kansas City, MO","MO","2010","2015",5.00,5.00,17.00,7.00,"2136","2144",8.00,8.00,0.00,"",0.00,146.00,149.00,125.00,1.00,808.00,,,,,,
2016,7,6,3,2016-07-06,"AA",19805,"AA","1717",11057,"CLT","Charlotte, NC","NC",11697,"FLL","Fort Lauderdale, FL","FL","2210","2237",27.00,27.00,17.00,3.00,"0005","0027",22.00,22.00,0.00,"",0.00,115.00,110.00,90.00,1.00,632.00,22.00,0.00,0.00,0.00,0.00,
2016,7,6,3,2016-07-06,"AA",19805,"AA","1717",14771,"SFO","San Francisco, CA","CA",11057,"CLT","Charlotte, NC","NC","1305","1320",15.00,15.00,26.00,27.00,"2110","2142",32.00,32.00,0.00,"",0.00,305.00,322.00,269.00,1.00,2296.00,0.00,0.00,17.00,0.00,15.00,
2016,7,6,3,2016-07-06,"AA",19805,"AA","1718",13204,"MCO","Orlando, FL","FL",11278,"DCA","Washington, DC","VA","0830","0825",-5.00,0.00,25.00,13.00,"1038","1044",6.00,6.00,0.00,"",0.00,128.00,139.00,101.00,1.00,759.00,,,,,,
2016,7,6,3,2016-07-06,"AA",19805,"AA","1719",11057,"CLT","Charlotte, NC","NC",11697,"FLL","Fort Lauderdale, FL","FL","1625","1625",0.00,0.00,23.00,3.00,"1825","1822",-3.00,0.00,0.00,"",0.00,120.00,117.00,91.00,1.00,632.00,,,,,,
2016,7,6,3,2016-07-06,"AA",19805,"AA","1719",11298,"DFW","Dallas/Fort Worth, TX","TX",11057,"CLT","Charlotte, NC","NC","1155","1153",-2.00,0.00,13.00,11.00,"1528","1520",-8.00,0.00,0.00,"",0.00,153.00,147.00,123.00,1.00,936.00,,,,,,
2016,7,6,3,2016-07-06,"AA",19805,"AA","1720",11057,"CLT","Charlotte, NC","NC",13230,"MDT","Harrisburg, PA","PA","1950","2010",20.00,20.00,16.00,7.00,"2118","2141",23.00,23.00,0.00,"",0.00,88.00,91.00,68.00,1.00,413.00,20.00,0.00,3.00,0.00,0.00,
2016,7,6,3,2016-07-06,"AA",19805,"AA","1720",11278,"DCA","Washington, DC","VA",11057,"CLT","Charlotte, NC","NC","1720","1714",-6.00,0.00,28.00,16.00,"1852","1853",1.00,1.00,0.00,"",0.00,92.00,99.00,55.00,1.00,331.00,,,,,,
2016,7,6,3,2016-07-06,"AA",19805,"AA","1721",11057,"CLT","Charlotte, NC","NC",11618,"EWR","Newark, NJ","NJ","1805","1758",-7.00,0.00,18.00,6.00,"1958","1945",-13.00,0.00,0.00,"",0.00,113.00,107.00,83.00,1.00,529.00,,,,,,
2016,7,6,3,2016-07-06,"AA",19805,"AA","1721",11697,"FLL","Fort Lauderdale, FL","FL",11057,"CLT","Charlotte, NC","NC","1450","1455",5.00,5.00,11.00,19.00,"1700","1658",-2.00,0.00,0.00,"",0.00,130.00,123.00,93.00,1.00,632.00,,,,,,
2016,7,6,3,2016-07-06,"AA",19805,"AA","1722",11057,"CLT","Charlotte, NC","NC",11278,"DCA","Washington, DC","VA","0930","0933",3.00,3.00,18.00,11.00,"1056","1055",-1.00,0.00,0.00,"",0.00,86.00,82.00,53.00,1.00,331.00,,,,,,
2016,7,6,3,2016-07-06,"AA",19805,"AA","1722",12451,"JAX","Jacksonville, FL","FL",11057,"CLT","Charlotte, NC","NC","0709","0935",146.00,146.00,14.00,5.00,"0831","1049",138.00,138.00,0.00,"",0.00,82.00,74.00,55.00,1.00,328.00,138.00,0.00,0.00,0.00,0.00,
2016,7,6,3,2016-07-06,"AA",19805,"AA","1724",14122,"PIT","Pittsburgh, PA","PA",11057,"CLT","Charlotte, NC","NC","1905","1856",-9.00,0.00,10.00,7.00,"2032","2010",-22.00,0.00,0.00,"",0.00,87.00,74.00,57.00,1.00,366.00,,,,,,
2016,7,6,3,2016-07-06,"AA",19805,"AA","1725",11057,"CLT","Charlotte, NC","NC",13204,"MCO","Orlando, FL","FL","0740","0756",16.00,16.00,15.00,7.00,"0922","0924",2.00,2.00,0.00,"",0.00,102.00,88.00,66.00,1.00,468.00,,,,,,
2016,7,6,3,2016-07-06,"AA",19805,"AA","1726",12892,"LAX","Los Angeles, CA","CA",14107,"PHX","Phoenix, AZ","AZ","2120","2219",59.00,59.00,23.00,7.00,"2254","2346",52.00,52.00,0.00,"",0.00,94.00,87.00,57.00,1.00,370.00,36.00,0.00,0.00,0.00,16.00,
2016,7,6,3,2016-07-06,"AA",19805,"AA","1726",14107,"PHX","Phoenix, AZ","AZ",14100,"PHL","Philadelphia, PA","PA","2350","0021",31.00,31.00,9.00,3.00,"0718","0731",13.00,13.00,0.00,"",0.00,268.00,250.00,238.00,1.00,2075.00,,,,,,
2016,7,6,3,2016-07-06,"AA",19805,"AA","1727",10397,"ATL","Atlanta, GA","GA",14100,"PHL","Philadelphia, PA","PA","1045","1044",-1.00,0.00,15.00,4.00,"1248","1239",-9.00,0.00,0.00,"",0.00,123.00,115.00,96.00,1.00,666.00,,,,,,
2016,7,6,3,2016-07-06,"AA",19805,"AA","1727",14100,"PHL","Philadelphia, PA","PA",10397,"ATL","Atlanta, GA","GA","0745","0740",-5.00,0.00,17.00,32.00,"1003","1004",1.00,1.00,0.00,"",0.00,138.00,144.00,95.00,1.00,666.00,,,,,,
2016,7,6,3,2016-07-06,"AA",19805,"AA","1728",13204,"MCO","Orlando, FL","FL",14100,"PHL","Philadelphia, PA","PA","1210","1223",13.00,13.00,23.00,4.00,"1438","1450",12.00,12.00,0.00,"",0.00,148.00,147.00,120.00,1.00,861.00,,,,,,
2016,7,6,3,2016-07-06,"AA",19805,"AA","1728",14100,"PHL","Philadelphia, PA","PA",13204,"MCO","Orlando, FL","FL","0805","0821",16.00,16.00,15.00,7.00,"1039","1034",-5.00,0.00,0.00,"",0.00,154.00,133.00,111.00,1.00,861.00,,,,,,
2016,7,6,3,2016-07-06,"AA",19805,"AA","1729",11057,"CLT","Charlotte, NC","NC",13204,"MCO","Orlando, FL","FL","1120","1129",9.00,9.00,15.00,13.00,"1255","1305",10.00,10.00,0.00,"",0.00,95.00,96.00,68.00,1.00,468.00,,,,,,
2016,7,6,3,2016-07-06,"AA",19805,"AA","1729",13930,"ORD","Chicago, IL","IL",11057,"CLT","Charlotte, NC","NC","0715","0732",17.00,17.00,58.00,7.00,"1011","1105",54.00,54.00,0.00,"",0.00,116.00,153.00,88.00,1.00,599.00,0.00,2.00,37.00,0.00,15.00,
2016,7,6,3,2016-07-06,"AA",19805,"AA","1730",11057,"CLT","Charlotte, NC","NC",11278,"DCA","Washington, DC","VA","1130","1139",9.00,9.00,27.00,8.00,"1256","1307",11.00,11.00,0.00,"",0.00,86.00,88.00,53.00,1.00,331.00,,,,,,
2016,7,6,3,2016-07-06,"AA",19805,"AA","1730",15016,"STL","St. Louis, MO","MO",11057,"CLT","Charlotte, NC","NC","0735","0902",87.00,87.00,17.00,6.00,"1028","1144",76.00,76.00,0.00,"",0.00,113.00,102.00,79.00,1.00,575.00,76.00,0.00,0.00,0.00,0.00,
2016,7,6,3,2016-07-06,"AA",19805,"AA","1731",14100,"PHL","Philadelphia, PA","PA",14122,"PIT","Pittsburgh, PA","PA","2250","2309",19.00,19.00,12.00,4.00,"2355","0009",14.00,14.00,0.00,"",0.00,65.00,60.00,44.00,1.00,268.00,,,,,,
2016,7,6,3,2016-07-06,"AA",19805,"AA","1731",14122,"PIT","Pittsburgh, PA","PA",14100,"PHL","Philadelphia, PA","PA","2040","2103",23.00,23.00,16.00,4.00,"2150","2209",19.00,19.00,0.00,"",0.00,70.00,66.00,46.00,1.00,268.00,0.00,17.00,0.00,0.00,2.00,
2016,7,6,3,2016-07-06,"AA",19805,"AA","1732",11057,"CLT","Charlotte, NC","NC",11278,"DCA","Washington, DC","VA","0730","0853",83.00,83.00,22.00,3.00,"0855","1006",71.00,71.00,0.00,"",0.00,85.00,73.00,48.00,1.00,331.00,71.00,0.00,0.00,0.00,0.00,
2016,7,6,3,2016-07-06,"AA",19805,"AA","1733",11057,"CLT","Charlotte, NC","NC",13204,"MCO","Orlando, FL","FL","1815","1939",84.00,84.00,12.00,6.00,"1955","2103",68.00,68.00,0.00,"",0.00,100.00,84.00,66.00,1.00,468.00,58.00,0.00,0.00,0.00,10.00,
2016,7,6,3,2016-07-06,"AA",19805,"AA","1733",14100,"PHL","Philadelphia, PA","PA",11057,"CLT","Charlotte, NC","NC","1530","1533",3.00,3.00,23.00,7.00,"1715","1732",17.00,17.00,0.00,"",0.00,105.00,119.00,89.00,1.00,449.00,3.00,0.00,14.00,0.00,0.00,
2016,7,6,3,2016-07-06,"AA",19805,"AA","1735",11057,"CLT","Charlotte, NC","NC",12889,"LAS","Las Vegas, NV","NV","1120","1121",1.00,1.00,14.00,7.00,"1255","1250",-5.00,0.00,0.00,"",0.00,275.00,269.00,248.00,1.00,1916.00,,,,,,
2016,7,6,3,2016-07-06,"AA",19805,"AA","1735",11697,"FLL","Fort Lauderdale, FL","FL",11057,"CLT","Charlotte, NC","NC","0805","0816",11.00,11.00,14.00,11.00,"1009","1014",5.00,5.00,0.00,"",0.00,124.00,118.00,93.00,1.00,632.00,,,,,,
2016,7,6,3,2016-07-06,"AA",19805,"AA","1736",11057,"CLT","Charlotte, NC","NC",12451,"JAX","Jacksonville, FL","FL","1150","1232",42.00,42.00,15.00,6.00,"1315","1347",32.00,32.00,0.00,"",0.00,85.00,75.00,54.00,1.00,328.00,2.00,0.00,0.00,0.00,30.00,
2016,7,6,3,2016-07-06,"AA",19805,"AA","1736",13244,"MEM","Memphis, TN","TN",11057,"CLT","Charlotte, NC","NC","0800","0752",-8.00,0.00,18.00,12.00,"1048","1037",-11.00,0.00,0.00,"",0.00,108.00,105.00,75.00,1.00,511.00,,,,,,
2016,7,6,3,2016-07-06,"AA",19805,"AA","1737",11057,"CLT","Charlotte, NC","NC",12892,"LAX","Los Angeles, CA","CA","1456","1456",0.00,0.00,15.00,11.00,"1705","1650",-15.00,0.00,0.00,"",0.00,309.00,294.00,268.00,1.00,2125.00,,,,,,
2016,7,6,3,2016-07-06,"AA",19805,"AA","1737",12892,"LAX","Los Angeles, CA","CA",14771,"SFO","San Francisco, CA","CA","1825","1819",-6.00,0.00,20.00,24.00,"1952","2001",9.00,9.00,0.00,"",0.00,87.00,102.00,58.00,1.00,337.00,,,,,,
2016,7,6,3,2016-07-06,"AA",19805,"AA","1740",10423,"AUS","Austin, TX","TX",11057,"CLT","Charlotte, NC","NC","1345","1345",0.00,0.00,11.00,15.00,"1727","1727",0.00,0.00,0.00,"",0.00,162.00,162.00,136.00,1.00,1032.00,,,,,,
2016,7,6,3,2016-07-06,"AA",19805,"AA","1740",11057,"CLT","Charlotte, NC","NC",12953,"LGA","New York, NY","NY","1835","1830",-5.00,0.00,25.00,8.00,"2031","2025",-6.00,0.00,0.00,"",0.00,116.00,115.00,82.00,1.00,544.00,,,,,,
2016,7,6,3,2016-07-06,"AA",19805,"AA","1740",14107,"PHX","Phoenix, AZ","AZ",10423,"AUS","Austin, TX","TX","0842","0832",-10.00,0.00,21.00,3.00,"1304","1247",-17.00,0.00,0.00,"",0.00,142.00,135.00,111.00,1.00,872.00,,,,,,
2016,7,6,3,2016-07-06,"AA",19805,"AA","1741",11278,"DCA","Washington, DC","VA",11697,"FLL","Fort Lauderdale, FL","FL","1550","1650",60.00,60.00,34.00,4.00,"1831","1938",67.00,67.00,0.00,"",0.00,161.00,168.00,130.00,1.00,899.00,0.00,0.00,7.00,0.00,60.00,
2016,7,6,3,2016-07-06,"AA",19805,"AA","1741",11697,"FLL","Fort Lauderdale, FL","FL",11278,"DCA","Washington, DC","VA","1950","2019",29.00,29.00,18.00,7.00,"2217","2235",18.00,18.00,0.00,"",0.00,147.00,136.00,111.00,1.00,899.00,1.00,0.00,0.00,0.00,17.00,
2016,7,6,3,2016-07-06,"AA",19805,"AA","1742",14107,"PHX","Phoenix, AZ","AZ",11298,"DFW","Dallas/Fort Worth, TX","TX","0720","0716",-4.00,0.00,22.00,7.00,"1148","1139",-9.00,0.00,0.00,"",0.00,148.00,143.00,114.00,1.00,868.00,,,,,,
2016,7,6,3,2016-07-06,"AA",19805,"AA","1743",11298,"DFW","Dallas/Fort Worth, TX","TX",11057,"CLT","Charlotte, NC","NC","2020","2018",-2.00,0.00,17.00,6.00,"2356","2345",-11.00,0.00,0.00,"",0.00,156.00,147.00,124.00,1.00,936.00,,,,,,
2016,7,6,3,2016-07-06,"AA",19805,"AA","1743",14100,"PHL","Philadelphia, PA","PA",11298,"DFW","Dallas/Fort Worth, TX","TX","1625","1630",5.00,5.00,22.00,6.00,"1904","1844",-20.00,0.00,0.00,"",0.00,219.00,194.00,166.00,1.00,1303.00,,,,,,
2016,7,6,3,2016-07-06,"AA",19805,"AA","1744",14100,"PHL","Philadelphia, PA","PA",11278,"DCA","Washington, DC","VA","1550","1810",140.00,140.00,26.00,8.00,"1653","1913",140.00,140.00,0.00,"",0.00,63.00,63.00,29.00,1.00,119.00,140.00,0.00,0.00,0.00,0.00,
2016,7,6,3,2016-07-06,"AA",19805,"AA","1745",11057,"CLT","Charlotte, NC","NC",14122,"PIT","Pittsburgh, PA","PA","1635","1639",4.00,4.00,18.00,5.00,"1804","1759",-5.00,0.00,0.00,"",0.00,89.00,80.00,57.00,1.00,366.00,,,,,,
2016,7,6,3,2016-07-06,"AA",19805,"AA","1745",14492,"RDU","Raleigh/Durham, NC","NC",11057,"CLT","Charlotte, NC","NC","1445","1445",0.00,0.00,37.00,6.00,"1545","1557",12.00,12.00,0.00,"",0.00,60.00,72.00,29.00,1.00,130.00,,,,,,
2016,7,6,3,2016-07-06,"AA",19805,"AA","1746",14100,"PHL","Philadelphia, PA","PA",13204,"MCO","Orlando, FL","FL","1130","1127",-3.00,0.00,18.00,24.00,"1358","1404",6.00,6.00,0.00,"",0.00,148.00,157.00,115.00,1.00,861.00,,,,,,
2016,7,6,3,2016-07-06,"AA",19805,"AA","1747",11057,"CLT","Charlotte, NC","NC",14122,"PIT","Pittsburgh, PA","PA","1954","2039",45.00,45.00,33.00,5.00,"2116","2220",64.00,64.00,0.00,"",0.00,82.00,101.00,63.00,1.00,366.00,35.00,0.00,19.00,0.00,10.00,
2016,7,6,3,2016-07-06,"AA",19805,"AA","1747",15016,"STL","St. Louis, MO","MO",11057,"CLT","Charlotte, NC","NC","1610","1610",0.00,0.00,10.00,10.00,"1905","1911",6.00,6.00,0.00,"",0.00,115.00,121.00,101.00,1.00,575.00,,,,,,
2016,7,6,3,2016-07-06,"AA",19805,"AA","1748",14100,"PHL","Philadelphia, PA","PA",13204,"MCO","Orlando, FL","FL","1405","1407",2.00,2.00,20.00,10.00,"1632","1633",1.00,1.00,0.00,"",0.00,147.00,146.00,116.00,1.00,861.00,,,,,,
2016,7,6,3,2016-07-06,"AA",19805,"AA","1749",11278,"DCA","Washington, DC","VA",14100,"PHL","Philadelphia, PA","PA","1755","1941",106.00,106.00,18.00,3.00,"1901","2032",91.00,91.00,0.00,"",0.00,66.00,51.00,30.00,1.00,119.00,0.00,0.00,0.00,0.00,91.00,
2016,7,6,3,2016-07-06,"AA",19805,"AA","1750",11057,"CLT","Charlotte, NC","NC",11278,"DCA","Washington, DC","VA","1753","1831",38.00,38.00,14.00,6.00,"1915","1945",30.00,30.00,0.00,"",0.00,82.00,74.00,54.00,1.00,331.00,28.00,0.00,0.00,0.00,2.00,
2016,7,6,3,2016-07-06,"AA",19805,"AA","1750",12451,"JAX","Jacksonville, FL","FL",11057,"CLT","Charlotte, NC","NC","1525","1530",5.00,5.00,10.00,26.00,"1653","1710",17.00,17.00,0.00,"",0.00,88.00,100.00,64.00,1.00,328.00,5.00,0.00,12.00,0.00,0.00,
2016,7,6,3,2016-07-06,"AA",19805,"AA","1751",14100,"PHL","Philadelphia, PA","PA",14635,"RSW","Fort Myers, FL","FL","1810","2031",141.00,141.00,22.00,4.00,"2113","2306",113.00,113.00,0.00,"",0.00,183.00,155.00,129.00,1.00,993.00,1.00,0.00,0.00,0.00,112.00,
2016,7,6,3,2016-07-06,"AA",19805,"AA","1752",11057,"CLT","Charlotte, NC","NC",15016,"STL","St. Louis, MO","MO","1120","1134",14.00,14.00,47.00,4.00,"1215","1255",40.00,40.00,0.00,"",0.00,115.00,141.00,90.00,1.00,575.00,14.00,0.00,26.00,0.00,0.00,
2016,7,6,3,2016-07-06,"AA",19805,"AA","1752",15016,"STL","St. Louis, MO","MO",11057,"CLT","Charlotte, NC","NC","1308","1338",30.00,30.00,19.00,8.00,"1600","1640",40.00,40.00,0.00,"",0.00,112.00,122.00,95.00,1.00,575.00,3.00,0.00,10.00,0.00,27.00,
2016,7,6,3,2016-07-06,"AA",19805,"AA","1753",14307,"PVD","Providence, RI","RI",11057,"CLT","Charlotte, NC","NC","0610","0603",-7.00,0.00,11.00,6.00,"0819","0758",-21.00,0.00,0.00,"",0.00,129.00,115.00,98.00,1.00,683.00,,,,,,
2016,7,6,3,2016-07-06,"AA",19805,"AA","1755",10397,"ATL","Atlanta, GA","GA",14100,"PHL","Philadelphia, PA","PA","1735","1803",28.00,28.00,19.00,2.00,"1945","1959",14.00,14.00,0.00,"",0.00,130.00,116.00,95.00,1.00,666.00,,,,,,
2016,7,6,3,2016-07-06,"AA",19805,"AA","1755",14100,"PHL","Philadelphia, PA","PA",14492,"RDU","Raleigh/Durham, NC","NC","2050","2247",117.00,117.00,28.00,7.00,"2217","0014",117.00,117.00,0.00,"",0.00,87.00,87.00,52.00,1.00,337.00,117.00,0.00,0.00,0.00,0.00,
2016,7,6,3,2016-07-06,"AA",19805,"AA","1756",11057,"CLT","Charlotte, NC","NC",10529,"BDL","Hartford, CT","CT","0950","0948",-2.00,0.00,24.00,3.00,"1155","1143",-12.00,0.00,0.00,"",0.00,125.00,115.00,88.00,1.00,644.00,,,,,,
2016,7,6,3,2016-07-06,"AA",19805,"AA","1756",15016,"STL","St. Louis, MO","MO",11057,"CLT","Charlotte, NC","NC","0600","0551",-9.00,0.00,13.00,9.00,"0853","0836",-17.00,0.00,0.00,"",0.00,113.00,105.00,83.00,1.00,575.00,,,,,,
2016,7,6,3,2016-07-06,"AA",19805,"AA","1757",15304,"TPA","Tampa, FL","FL",14100,"PHL","Philadelphia, PA","PA","0805","0804",-1.00,0.00,17.00,6.00,"1035","1031",-4.00,0.00,0.00,"",0.00,150.00,147.00,124.00,1.00,920.00,,,,,,
2016,7,6,3,2016-07-06,"AA",19805,"AA","1758",14307,"PVD","Providence, RI","RI",14100,"PHL","Philadelphia, PA","PA","1805","1757",-8.00,0.00,16.00,10.00,"1922","1915",-7.00,0.00,0.00,"",0.00,77.00,78.00,52.00,1.00,237.00,,,,,,
2016,7,6,3,2016-07-06,"AA",19805,"AA","1759",14100,"PHL","Philadelphia, PA","PA",14307,"PVD","Providence, RI","RI","1605","1602",-3.00,0.00,15.00,3.00,"1725","1704",-21.00,0.00,0.00,"",0.00,80.00,62.00,44.00,1.00,237.00,,,,,,
2016,7,6,3,2016-07-06,"AA",19805,"AA","1760",10821,"BWI","Baltimore, MD","MD",11057,"CLT","Charlotte, NC","NC","1200","1151",-9.00,0.00,11.00,11.00,"1325","1308",-17.00,0.00,0.00,"",0.00,85.00,77.00,55.00,1.00,361.00,,,,,,
2016,7,6,3,2016-07-06,"AA",19805,"AA","1760",11057,"CLT","Charlotte, NC","NC",11697,"FLL","Fort Lauderdale, FL","FL","1430","1447",17.00,17.00,16.00,3.00,"1625","1639",14.00,14.00,0.00,"",0.00,115.00,112.00,93.00,1.00,632.00,,,,,,
2016,7,6,3,2016-07-06,"AA",19805,"AA","1761",11278,"DCA","Washington, DC","VA",15304,"TPA","Tampa, FL","FL","1800","1756",-4.00,0.00,22.00,3.00,"2029","2026",-3.00,0.00,0.00,"",0.00,149.00,150.00,125.00,1.00,814.00,,,,,,
2016,7,6,3,2016-07-06,"AA",19805,"AA","1763",11298,"DFW","Dallas/Fort Worth, TX","TX",12889,"LAS","Las Vegas, NV","NV","0719","0714",-5.00,0.00,22.00,6.00,"0806","0805",-1.00,0.00,0.00,"",0.00,167.00,171.00,143.00,1.00,1055.00,,,,,,
2016,7,6,3,2016-07-06,"AA",19805,"AA","1763",12889,"LAS","Las Vegas, NV","NV",11298,"DFW","Dallas/Fort Worth, TX","TX","0856","1000",64.00,64.00,20.00,8.00,"1340","1433",53.00,53.00,0.00,"",0.00,164.00,153.00,125.00,1.00,1055.00,53.00,0.00,0.00,0.00,0.00,
2016,7,6,3,2016-07-06,"AA",19805,"AA","1764",11697,"FLL","Fort Lauderdale, FL","FL",11278,"DCA","Washington, DC","VA","0815","0812",-3.00,0.00,13.00,6.00,"1043","1022",-21.00,0.00,0.00,"",0.00,148.00,130.00,111.00,1.00,899.00,,,,,,
2016,7,6,3,2016-07-06,"AA",19805,"AA","1766",12892,"LAX","Los Angeles, CA","CA",12339,"IND","Indianapolis, IN","IN","2245","2237",-8.00,0.00,33.00,5.00,"0555","0543",-12.00,0.00,0.00,"",0.00,250.00,246.00,208.00,1.00,1814.00,,,,,,
2016,7,6,3,2016-07-06,"AA",19805,"AA","1767",12339,"IND","Indianapolis, IN","IN",12892,"LAX","Los Angeles, CA","CA","0725","0721",-4.00,0.00,12.00,24.00,"0856","0913",17.00,17.00,0.00,"",0.00,271.00,292.00,256.00,1.00,1814.00,0.00,0.00,17.00,0.00,0.00,
2016,7,6,3,2016-07-06,"AA",19805,"AA","1768",14100,"PHL","Philadelphia, PA","PA",11298,"DFW","Dallas/Fort Worth, TX","TX","0500","0552",52.00,52.00,10.00,12.00,"0720","0804",44.00,44.00,0.00,"",0.00,200.00,192.00,170.00,1.00,1303.00,44.00,0.00,0.00,0.00,0.00,
2016,7,6,3,2016-07-06,"AA",19805,"AA","1770",11057,"CLT","Charlotte, NC","NC",13931,"ORF","Norfolk, VA","VA","0914","0929",15.00,15.00,15.00,4.00,"1020","1037",17.00,17.00,0.00,"",0.00,66.00,68.00,49.00,1.00,290.00,15.00,0.00,2.00,0.00,0.00,
2016,7,6,3,2016-07-06,"AA",19805,"AA","1772",11057,"CLT","Charlotte, NC","NC",11298,"DFW","Dallas/Fort Worth, TX","TX","0925","0924",-1.00,0.00,20.00,12.00,"1108","1101",-7.00,0.00,0.00,"",0.00,163.00,157.00,125.00,1.00,936.00,,,,,,
2016,7,6,3,2016-07-06,"AA",19805,"AA","1772",12953,"LGA","New York, NY","NY",11057,"CLT","Charlotte, NC","NC","0615","0614",-1.00,0.00,17.00,14.00,"0810","0803",-7.00,0.00,0.00,"",0.00,115.00,109.00,78.00,1.00,544.00,,,,,,
2016,7,6,3,2016-07-06,"AA",19805,"AA","1773",14100,"PHL","Philadelphia, PA","PA",14307,"PVD","Providence, RI","RI","2040","2107",27.00,27.00,,,"2153","",,,1.00,"A",0.00,73.00,,,1.00,237.00,,,,,,
2016,7,6,3,2016-07-06,"AA",19805,"AA","1774",10397,"ATL","Atlanta, GA","GA",11057,"CLT","Charlotte, NC","NC","1959","2046",47.00,47.00,25.00,5.00,"2117","2158",41.00,41.00,0.00,"",0.00,78.00,72.00,42.00,1.00,226.00,0.00,8.00,0.00,0.00,33.00,
2016,7,6,3,2016-07-06,"AA",19805,"AA","1774",11057,"CLT","Charlotte, NC","NC",11433,"DTW","Detroit, MI","MI","2220","2221",1.00,1.00,21.00,6.00,"0008","0002",-6.00,0.00,0.00,"",0.00,108.00,101.00,74.00,1.00,500.00,,,,,,
2016,7,6,3,2016-07-06,"AA",19805,"AA","1775",11057,"CLT","Charlotte, NC","NC",11298,"DFW","Dallas/Fort Worth, TX","TX","1613","1630",17.00,17.00,20.00,28.00,"1755","1826",31.00,31.00,0.00,"",0.00,162.00,176.00,128.00,1.00,936.00,10.00,0.00,14.00,0.00,7.00,
2016,7,6,3,2016-07-06,"AA",19805,"AA","1775",12953,"LGA","New York, NY","NY",11057,"CLT","Charlotte, NC","NC","1259","1257",-2.00,0.00,41.00,8.00,"1504","1525",21.00,21.00,0.00,"",0.00,125.00,148.00,99.00,1.00,544.00,0.00,0.00,21.00,0.00,0.00,
2016,7,6,3,2016-07-06,"AA",19805,"AA","1777",14893,"SMF","Sacramento, CA","CA",14107,"PHX","Phoenix, AZ","AZ","0950","0945",-5.00,0.00,8.00,5.00,"1137","1123",-14.00,0.00,0.00,"",0.00,107.00,98.00,85.00,1.00,647.00,,,,,,
2016,7,6,3,2016-07-06,"AA",19805,"AA","1778",12478,"JFK","New York, NY","NY",11057,"CLT","Charlotte, NC","NC","1030","1031",1.00,1.00,17.00,6.00,"1227","1212",-15.00,0.00,0.00,"",0.00,117.00,101.00,78.00,1.00,541.00,,,,,,
2016,7,6,3,2016-07-06,"AA",19805,"AA","1780",11057,"CLT","Charlotte, NC","NC",11042,"CLE","Cleveland, OH","OH","0940","0935",-5.00,0.00,22.00,7.00,"1121","1109",-12.00,0.00,0.00,"",0.00,101.00,94.00,65.00,1.00,430.00,,,,,,
2016,7,6,3,2016-07-06,"AA",19805,"AA","1780",13931,"ORF","Norfolk, VA","VA",11057,"CLT","Charlotte, NC","NC","0715","0708",-7.00,0.00,23.00,4.00,"0837","0824",-13.00,0.00,0.00,"",0.00,82.00,76.00,49.00,1.00,290.00,,,,,,
2016,7,6,3,2016-07-06,"AA",19805,"AA","1783",11057,"CLT","Charlotte, NC","NC",10721,"BOS","Boston, MA","MA","2029","2102",33.00,33.00,27.00,7.00,"2240","2320",40.00,40.00,0.00,"",0.00,131.00,138.00,104.00,1.00,728.00,31.00,0.00,7.00,0.00,2.00,
2016,7,6,3,2016-07-06,"AA",19805,"AA","1783",12892,"LAX","Los Angeles, CA","CA",11057,"CLT","Charlotte, NC","NC","1135","1153",18.00,18.00,23.00,7.00,"1927","1931",4.00,4.00,0.00,"",0.00,292.00,278.00,248.00,1.00,2125.00,,,,,,
2016,7,6,3,2016-07-06,"AA",19805,"AA","1784",11057,"CLT","Charlotte, NC","NC",13244,"MEM","Memphis, TN","TN","0924","0933",9.00,9.00,16.00,4.00,"1010","1011",1.00,1.00,0.00,"",0.00,106.00,98.00,78.00,1.00,511.00,,,,,,
2016,7,6,3,2016-07-06,"AA",19805,"AA","1784",14122,"PIT","Pittsburgh, PA","PA",11057,"CLT","Charlotte, NC","NC","0700","0731",31.00,31.00,10.00,9.00,"0828","0849",21.00,21.00,0.00,"",0.00,88.00,78.00,59.00,1.00,366.00,21.00,0.00,0.00,0.00,0.00,
2016,7,6,3,2016-07-06,"AA",19805,"AA","1785",10257,"ALB","Albany, NY","NY",11057,"CLT","Charlotte, NC","NC","1915","1929",14.00,14.00,14.00,7.00,"2130","2126",-4.00,0.00,0.00,"",0.00,135.00,117.00,96.00,1.00,646.00,,,,,,
2016,7,6,3,2016-07-06,"AA",19805,"AA","1785",11057,"CLT","Charlotte, NC","NC",13931,"ORF","Norfolk, VA","VA","2240","2243",3.00,3.00,16.00,5.00,"2348","2346",-2.00,0.00,0.00,"",0.00,68.00,63.00,42.00,1.00,290.00,,,,,,
2016,7,6,3,2016-07-06,"AA",19805,"AA","1786",14100,"PHL","Philadelphia, PA","PA",13204,"MCO","Orlando, FL","FL","1845","1838",-7.00,0.00,35.00,23.00,"2124","2132",8.00,8.00,0.00,"",0.00,159.00,174.00,116.00,1.00,861.00,,,,,,
2016,7,6,3,2016-07-06,"AA",19805,"AA","1787",11057,"CLT","Charlotte, NC","NC",14057,"PDX","Portland, OR","OR","1811","1825",14.00,14.00,19.00,5.00,"2043","2050",7.00,7.00,0.00,"",0.00,332.00,325.00,301.00,1.00,2282.00,,,,,,
2016,7,6,3,2016-07-06,"AA",19805,"AA","1788",10721,"BOS","Boston, MA","MA",11057,"CLT","Charlotte, NC","NC","1916","1915",-1.00,0.00,17.00,9.00,"2145","2135",-10.00,0.00,0.00,"",0.00,149.00,140.00,114.00,1.00,728.00,,,,,,
2016,7,6,3,2016-07-06,"AA",19805,"AA","1788",11057,"CLT","Charlotte, NC","NC",13930,"ORD","Chicago, IL","IL","2240","2236",-4.00,0.00,13.00,9.00,"2345","2326",-19.00,0.00,0.00,"",0.00,125.00,110.00,88.00,1.00,599.00,,,,,,
2016,7,6,3,2016-07-06,"AA",19805,"AA","1789",11057,"CLT","Charlotte, NC","NC",14027,"PBI","West Palm Beach/Palm Beach, FL","FL","1430","1430",0.00,0.00,20.00,4.00,"1618","1621",3.00,3.00,0.00,"",0.00,108.00,111.00,87.00,1.00,590.00,,,,,,
2016,7,6,3,2016-07-06,"AA",19805,"AA","1789",14100,"PHL","Philadelphia, PA","PA",11057,"CLT","Charlotte, NC","NC","1140","1136",-4.00,0.00,47.00,9.00,"1329","1346",17.00,17.00,0.00,"",0.00,109.00,130.00,74.00,1.00,449.00,0.00,0.00,17.00,0.00,0.00,
2016,7,6,3,2016-07-06,"AA",19805,"AA","1790",11697,"FLL","Fort Lauderdale, FL","FL",14100,"PHL","Philadelphia, PA","PA","1405","1403",-2.00,0.00,14.00,8.00,"1656","1628",-28.00,0.00,0.00,"",0.00,171.00,145.00,123.00,1.00,992.00,,,,,,
2016,7,6,3,2016-07-06,"AA",19805,"AA","1791",11057,"CLT","Charlotte, NC","NC",15304,"TPA","Tampa, FL","FL","1630","1658",28.00,28.00,28.00,3.00,"1812","1853",41.00,41.00,0.00,"",0.00,102.00,115.00,84.00,1.00,507.00,28.00,0.00,13.00,0.00,0.00,
2016,7,6,3,2016-07-06,"AA",19805,"AA","1791",13487,"MSP","Minneapolis, MN","MN",11057,"CLT","Charlotte, NC","NC","1149","1241",52.00,52.00,10.00,18.00,"1520","1615",55.00,55.00,0.00,"",0.00,151.00,154.00,126.00,1.00,930.00,0.00,0.00,3.00,0.00,52.00,
2016,7,6,3,2016-07-06,"AA",19805,"AA","1793",11057,"CLT","Charlotte, NC","NC",14122,"PIT","Pittsburgh, PA","PA","2225","2223",-2.00,0.00,10.00,4.00,"2348","2335",-13.00,0.00,0.00,"",0.00,83.00,72.00,58.00,1.00,366.00,,,,,,
2016,7,6,3,2016-07-06,"AA",19805,"AA","1793",13495,"MSY","New Orleans, LA","LA",11057,"CLT","Charlotte, NC","NC","1825","1848",23.00,23.00,7.00,17.00,"2123","2150",27.00,27.00,0.00,"",0.00,118.00,122.00,98.00,1.00,651.00,0.00,0.00,4.00,0.00,23.00,
2016,7,6,3,2016-07-06,"AA",19805,"AA","1794",11057,"CLT","Charlotte, NC","NC",14747,"SEA","Seattle, WA","WA","2020","2018",-2.00,0.00,25.00,8.00,"2254","2314",20.00,20.00,0.00,"",0.00,334.00,356.00,323.00,1.00,2279.00,0.00,0.00,20.00,0.00,0.00,
2016,7,6,3,2016-07-06,"AA",19805,"AA","1794",14492,"RDU","Raleigh/Durham, NC","NC",11057,"CLT","Charlotte, NC","NC","1758","1753",-5.00,0.00,22.00,6.00,"1900","1848",-12.00,0.00,0.00,"",0.00,62.00,55.00,27.00,1.00,130.00,,,,,,
2016,7,6,3,2016-07-06,"AA",19805,"AA","1796",11057,"CLT","Charlotte, NC","NC",14100,"PHL","Philadelphia, PA","PA","2215","2220",5.00,5.00,14.00,7.00,"2355","2347",-8.00,0.00,0.00,"",0.00,100.00,87.00,66.00,1.00,449.00,,,,,,
2016,7,6,3,2016-07-06,"AA",19805,"AA","1796",11292,"DEN","Denver, CO","CO",11057,"CLT","Charlotte, NC","NC","1600","1550",-10.00,0.00,21.00,24.00,"2118","2131",13.00,13.00,0.00,"",0.00,198.00,221.00,176.00,1.00,1337.00,,,,,,
2016,7,6,3,2016-07-06,"AA",19805,"AA","1797",10397,"ATL","Atlanta, GA","GA",11057,"CLT","Charlotte, NC","NC","0855","1019",84.00,84.00,17.00,7.00,"1017","1124",67.00,67.00,0.00,"",0.00,82.00,65.00,41.00,1.00,226.00,67.00,0.00,0.00,0.00,0.00,
2016,7,6,3,2016-07-06,"AA",19805,"AA","1797",11057,"CLT","Charlotte, NC","NC",14492,"RDU","Raleigh/Durham, NC","NC","1120","1212",52.00,52.00,16.00,9.00,"1214","1314",60.00,60.00,0.00,"",0.00,54.00,62.00,37.00,1.00,130.00,0.00,0.00,8.00,0.00,52.00,
2016,7,6,3,2016-07-06,"AA",19805,"AA","1798",11057,"CLT","Charlotte, NC","NC",14100,"PHL","Philadelphia, PA","PA","2005","1959",-6.00,0.00,15.00,5.00,"2145","2127",-18.00,0.00,0.00,"",0.00,100.00,88.00,68.00,1.00,449.00,,,,,,
2016,7,6,3,2016-07-06,"AA",19805,"AA","1799",11057,"CLT","Charlotte, NC","NC",14771,"SFO","San Francisco, CA","CA","1810","1856",46.00,46.00,22.00,12.00,"2035","2123",48.00,48.00,0.00,"",0.00,325.00,327.00,293.00,1.00,2296.00,46.00,0.00,2.00,0.00,0.00,
2016,7,6,3,2016-07-06,"AA",19805,"AA","1799",13303,"MIA","Miami, FL","FL",11057,"CLT","Charlotte, NC","NC","1455","1454",-1.00,0.00,14.00,4.00,"1701","1649",-12.00,0.00,0.00,"",0.00,126.00,115.00,97.00,1.00,650.00,,,,,,
2016,7,6,3,2016-07-06,"AA",19805,"AA","1800",11697,"FLL","Fort Lauderdale, FL","FL",14100,"PHL","Philadelphia, PA","PA","1010","1011",1.00,1.00,10.00,3.00,"1251","1230",-21.00,0.00,0.00,"",0.00,161.00,139.00,126.00,1.00,992.00,,,,,,
2016,7,6,3,2016-07-06,"AA",19805,"AA","1800",14100,"PHL","Philadelphia, PA","PA",11697,"FLL","Fort Lauderdale, FL","FL","0645","0640",-5.00,0.00,13.00,3.00,"0925","0915",-10.00,0.00,0.00,"",0.00,160.00,155.00,139.00,1.00,992.00,,,,,,
2016,7,6,3,2016-07-06,"AA",19805,"AA","1801",11298,"DFW","Dallas/Fort Worth, TX","TX",14100,"PHL","Philadelphia, PA","PA","1650","1743",53.00,53.00,13.00,3.00,"2111","2145",34.00,34.00,0.00,"",0.00,201.00,182.00,166.00,1.00,1303.00,34.00,0.00,0.00,0.00,0.00,
2016,7,6,3,2016-07-06,"AA",19805,"AA","1802",11057,"CLT","Charlotte, NC","NC",13495,"MSY","New Orleans, LA","LA","1645","1729",44.00,44.00,13.00,3.00,"1745","1813",28.00,28.00,0.00,"",0.00,120.00,104.00,88.00,1.00,651.00,3.00,0.00,0.00,0.00,25.00,
2016,7,6,3,2016-07-06,"AA",19805,"AA","1803",14107,"PHX","Phoenix, AZ","AZ",14100,"PHL","Philadelphia, PA","PA","1115","1108",-7.00,0.00,11.00,28.00,"1850","1852",2.00,2.00,0.00,"",0.00,275.00,284.00,245.00,1.00,2075.00,,,,,,
2016,7,6,3,2016-07-06,"AA",19805,"AA","1804",12892,"LAX","Los Angeles, CA","CA",14747,"SEA","Seattle, WA","WA","1405","1402",-3.00,0.00,26.00,10.00,"1650","1655",5.00,5.00,0.00,"",0.00,165.00,173.00,137.00,1.00,954.00,,,,,,
2016,7,6,3,2016-07-06,"AA",19805,"AA","1804",14747,"SEA","Seattle, WA","WA",12892,"LAX","Los Angeles, CA","CA","1730","1732",2.00,2.00,19.00,16.00,"2017","2009",-8.00,0.00,0.00,"",0.00,167.00,157.00,122.00,1.00,954.00,,,,,,
2016,7,6,3,2016-07-06,"AA",19805,"AA","1805",10721,"BOS","Boston, MA","MA",11057,"CLT","Charlotte, NC","NC","0935","",,,,,"1157","",,,1.00,"A",0.00,142.00,,,1.00,728.00,,,,,,
2016,7,6,3,2016-07-06,"AA",19805,"AA","1806",11057,"CLT","Charlotte, NC","NC",10721,"BOS","Boston, MA","MA","1756","1845",49.00,49.00,22.00,6.00,"2006","2054",48.00,48.00,0.00,"",0.00,130.00,129.00,101.00,1.00,728.00,42.00,0.00,0.00,0.00,6.00,
2016,7,6,3,2016-07-06,"AA",19805,"AA","1808",11057,"CLT","Charlotte, NC","NC",15304,"TPA","Tampa, FL","FL","1300","1305",5.00,5.00,19.00,4.00,"1436","1438",2.00,2.00,0.00,"",0.00,96.00,93.00,70.00,1.00,507.00,,,,,,
2016,7,6,3,2016-07-06,"AA",19805,"AA","1808",11292,"DEN","Denver, CO","CO",11057,"CLT","Charlotte, NC","NC","0645","",,,,,"1202","",,,1.00,"A",0.00,197.00,,,1.00,1337.00,,,,,,
2016,7,6,3,2016-07-06,"AA",19805,"AA","1809",11057,"CLT","Charlotte, NC","NC",13495,"MSY","New Orleans, LA","LA","1900","1950",50.00,50.00,10.00,2.00,"1950","2030",40.00,40.00,0.00,"",0.00,110.00,100.00,88.00,1.00,651.00,40.00,0.00,0.00,0.00,0.00,
2016,7,6,3,2016-07-06,"AA",19805,"AA","1809",12953,"LGA","New York, NY","NY",11057,"CLT","Charlotte, NC","NC","1555","1719",84.00,84.00,23.00,4.00,"1809","1907",58.00,58.00,0.00,"",0.00,134.00,108.00,81.00,1.00,544.00,58.00,0.00,0.00,0.00,0.00,
2016,7,6,3,2016-07-06,"AA",19805,"AA","1810",11057,"CLT","Charlotte, NC","NC",15304,"TPA","Tampa, FL","FL","1455","1451",-4.00,0.00,14.00,2.00,"1633","1619",-14.00,0.00,0.00,"",0.00,98.00,88.00,72.00,1.00,507.00,,,,,,
2016,7,6,3,2016-07-06,"AA",19805,"AA","1810",14027,"PBI","West Palm Beach/Palm Beach, FL","FL",11057,"CLT","Charlotte, NC","NC","1155","1150",-5.00,0.00,8.00,11.00,"1351","1336",-15.00,0.00,0.00,"",0.00,116.00,106.00,87.00,1.00,590.00,,,,,,
2016,7,6,3,2016-07-06,"AA",19805,"AA","1811",11292,"DEN","Denver, CO","CO",11057,"CLT","Charlotte, NC","NC","1205","1223",18.00,18.00,14.00,40.00,"1724","1815",51.00,51.00,0.00,"",0.00,199.00,232.00,178.00,1.00,1337.00,0.00,0.00,33.00,0.00,18.00,
2016,7,6,3,2016-07-06,"AA",19805,"AA","1812",11057,"CLT","Charlotte, NC","NC",10721,"BOS","Boston, MA","MA","2215","2234",19.00,19.00,16.00,3.00,"0025","0033",8.00,8.00,0.00,"",0.00,130.00,119.00,100.00,1.00,728.00,,,,,,
2016,7,6,3,2016-07-06,"AA",19805,"AA","1812",14635,"RSW","Fort Myers, FL","FL",11057,"CLT","Charlotte, NC","NC","1915","1955",40.00,40.00,15.00,11.00,"2111","2152",41.00,41.00,0.00,"",0.00,116.00,117.00,91.00,1.00,600.00,0.00,0.00,1.00,0.00,40.00,
2016,7,7,4,2016-07-07,"AA",19805,"AA","1662",10721,"BOS","Boston, MA","MA",14100,"PHL","Philadelphia, PA","PA","0900","0855",-5.00,0.00,21.00,5.00,"1030","1031",1.00,1.00,0.00,"",0.00,90.00,96.00,70.00,1.00,280.00,,,,,,
2016,7,7,4,2016-07-07,"AA",19805,"AA","1663",14100,"PHL","Philadelphia, PA","PA",10721,"BOS","Boston, MA","MA","1400","1421",21.00,21.00,17.00,9.00,"1522","1535",13.00,13.00,0.00,"",0.00,82.00,74.00,48.00,1.00,280.00,,,,,,
2016,7,7,4,2016-07-07,"AA",19805,"AA","1664",10721,"BOS","Boston, MA","MA",14100,"PHL","Philadelphia, PA","PA","1100","1053",-7.00,0.00,15.00,10.00,"1232","1216",-16.00,0.00,0.00,"",0.00,92.00,83.00,58.00,1.00,280.00,,,,,,
2016,7,7,4,2016-07-07,"AA",19805,"AA","1666",13204,"MCO","Orlando, FL","FL",14100,"PHL","Philadelphia, PA","PA","1724","1735",11.00,11.00,11.00,5.00,"1955","1958",3.00,3.00,0.00,"",0.00,151.00,143.00,127.00,1.00,861.00,,,,,,
2016,7,7,4,2016-07-07,"AA",19805,"AA","1668",10721,"BOS","Boston, MA","MA",14100,"PHL","Philadelphia, PA","PA","1215","1209",-6.00,0.00,19.00,8.00,"1343","1343",0.00,0.00,0.00,"",0.00,88.00,94.00,67.00,1.00,280.00,,,,,,
2016,7,7,4,2016-07-07,"AA",19805,"AA","1669",12953,"LGA","New York, NY","NY",14492,"RDU","Raleigh/Durham, NC","NC","0852","0847",-5.00,0.00,16.00,8.00,"1030","1017",-13.00,0.00,0.00,"",0.00,98.00,90.00,66.00,1.00,431.00,,,,,,
2016,7,7,4,2016-07-07,"AA",19805,"AA","1669",14492,"RDU","Raleigh/Durham, NC","NC",12953,"LGA","New York, NY","NY","1110","1129",19.00,19.00,12.00,4.00,"1242","1250",8.00,8.00,0.00,"",0.00,92.00,81.00,65.00,1.00,431.00,,,,,,
2016,7,7,4,2016-07-07,"AA",19805,"AA","1670",10721,"BOS","Boston, MA","MA",14100,"PHL","Philadelphia, PA","PA","1315","1322",7.00,7.00,42.00,3.00,"1454","1512",18.00,18.00,0.00,"",0.00,99.00,110.00,65.00,1.00,280.00,0.00,0.00,18.00,0.00,0.00,
2016,7,7,4,2016-07-07,"AA",19805,"AA","1671",14100,"PHL","Philadelphia, PA","PA",10721,"BOS","Boston, MA","MA","2015","2036",21.00,21.00,25.00,12.00,"2133","2200",27.00,27.00,0.00,"",0.00,78.00,84.00,47.00,1.00,280.00,0.00,0.00,6.00,0.00,21.00,
2016,7,7,4,2016-07-07,"AA",19805,"AA","1672",10721,"BOS","Boston, MA","MA",14100,"PHL","Philadelphia, PA","PA","1500","1454",-6.00,0.00,11.00,4.00,"1640","1610",-30.00,0.00,0.00,"",0.00,100.00,76.00,61.00,1.00,280.00,,,,,,
2016,7,7,4,2016-07-07,"AA",19805,"AA","1673",14100,"PHL","Philadelphia, PA","PA",10721,"BOS","Boston, MA","MA","2115","2128",13.00,13.00,35.00,13.00,"2241","2303",22.00,22.00,0.00,"",0.00,86.00,95.00,47.00,1.00,280.00,3.00,0.00,9.00,0.00,10.00,
2016,7,7,4,2016-07-07,"AA",19805,"AA","1674",12889,"LAS","Las Vegas, NV","NV",13303,"MIA","Miami, FL","FL","2200","2157",-3.00,0.00,11.00,9.00,"0541","0524",-17.00,0.00,0.00,"",0.00,281.00,267.00,247.00,1.00,2174.00,,,,,,
2016,7,7,4,2016-07-07,"AA",19805,"AA","1675",14100,"PHL","Philadelphia, PA","PA",10721,"BOS","Boston, MA","MA","2250","2335",45.00,45.00,10.00,9.00,"0004","0041",37.00,37.00,0.00,"",0.00,74.00,66.00,47.00,1.00,280.00,0.00,0.00,0.00,0.00,37.00,
2016,7,7,4,2016-07-07,"AA",19805,"AA","1676",13204,"MCO","Orlando, FL","FL",14107,"PHX","Phoenix, AZ","AZ","2040","2031",-9.00,0.00,11.00,7.00,"2155","2147",-8.00,0.00,0.00,"",0.00,255.00,256.00,238.00,1.00,1849.00,,,,,,
2016,7,7,4,2016-07-07,"AA",19805,"AA","1677",11057,"CLT","Charlotte, NC","NC",14122,"PIT","Pittsburgh, PA","PA","0945","0940",-5.00,0.00,26.00,5.00,"1116","1110",-6.00,0.00,0.00,"",0.00,91.00,90.00,59.00,1.00,366.00,,,,,,
2016,7,7,4,2016-07-07,"AA",19805,"AA","1677",12339,"IND","Indianapolis, IN","IN",11057,"CLT","Charlotte, NC","NC","0705","0656",-9.00,0.00,15.00,8.00,"0845","0826",-19.00,0.00,0.00,"",0.00,100.00,90.00,67.00,1.00,427.00,,,,,,
2016,7,7,4,2016-07-07,"AA",19805,"AA","1678",10397,"ATL","Atlanta, GA","GA",12953,"LGA","New York, NY","NY","1655","1811",76.00,76.00,21.00,7.00,"1909","2021",72.00,72.00,0.00,"",0.00,134.00,130.00,102.00,1.00,762.00,0.00,0.00,72.00,0.00,0.00,
2016,7,7,4,2016-07-07,"AA",19805,"AA","1678",12953,"LGA","New York, NY","NY",10397,"ATL","Atlanta, GA","GA","1340","1338",-2.00,0.00,12.00,4.00,"1615","1542",-33.00,0.00,0.00,"",0.00,155.00,124.00,108.00,1.00,762.00,,,,,,
2016,7,7,4,2016-07-07,"AA",19805,"AA","1679",10721,"BOS","Boston, MA","MA",14100,"PHL","Philadelphia, PA","PA","2000","2130",90.00,90.00,12.00,11.00,"2130","2245",75.00,75.00,0.00,"",0.00,90.00,75.00,52.00,1.00,280.00,0.00,0.00,0.00,0.00,75.00,
2016,7,7,4,2016-07-07,"AA",19805,"AA","1680",14100,"PHL","Philadelphia, PA","PA",14027,"PBI","West Palm Beach/Palm Beach, FL","FL","1830","1826",-4.00,0.00,53.00,5.00,"2125","2127",2.00,2.00,0.00,"",0.00,175.00,181.00,123.00,1.00,951.00,,,,,,
2016,7,7,4,2016-07-07,"AA",19805,"AA","1681",10821,"BWI","Baltimore, MD","MD",11057,"CLT","Charlotte, NC","NC","1902","1952",50.00,50.00,24.00,6.00,"2033","2117",44.00,44.00,0.00,"",0.00,91.00,85.00,55.00,1.00,361.00,0.00,0.00,0.00,0.00,44.00,
2016,7,7,4,2016-07-07,"AA",19805,"AA","1682",13198,"MCI","Kansas City, MO","MO",14100,"PHL","Philadelphia, PA","PA","0700","0727",27.00,27.00,16.00,9.00,"1039","1115",36.00,36.00,0.00,"",0.00,159.00,168.00,143.00,1.00,1038.00,0.00,27.00,9.00,0.00,0.00,
2016,7,7,4,2016-07-07,"AA",19805,"AA","1683",10397,"ATL","Atlanta, GA","GA",12953,"LGA","New York, NY","NY","0605","0601",-4.00,0.00,26.00,5.00,"0815","0818",3.00,3.00,0.00,"",0.00,130.00,137.00,106.00,1.00,762.00,,,,,,
2016,7,7,4,2016-07-07,"AA",19805,"AA","1684",11298,"DFW","Dallas/Fort Worth, TX","TX",13204,"MCO","Orlando, FL","FL","1105","1109",4.00,4.00,16.00,5.00,"1446","1440",-6.00,0.00,0.00,"",0.00,161.00,151.00,130.00,1.00,985.00,,,,,,
2016,7,7,4,2016-07-07,"AA",19805,"AA","1684",14100,"PHL","Philadelphia, PA","PA",11298,"DFW","Dallas/Fort Worth, TX","TX","0723","0719",-4.00,0.00,19.00,12.00,"0950","0943",-7.00,0.00,0.00,"",0.00,207.00,204.00,173.00,1.00,1303.00,,,,,,
2016,7,7,4,2016-07-07,"AA",19805,"AA","1686",14100,"PHL","Philadelphia, PA","PA",13487,"MSP","Minneapolis, MN","MN","1120","1113",-7.00,0.00,12.00,3.00,"1309","1247",-22.00,0.00,0.00,"",0.00,169.00,154.00,139.00,1.00,980.00,,,,,,
2016,7,7,4,2016-07-07,"AA",19805,"AA","1687",12953,"LGA","New York, NY","NY",10397,"ATL","Atlanta, GA","GA","2000","2104",64.00,64.00,27.00,6.00,"2234","2324",50.00,50.00,0.00,"",0.00,154.00,140.00,107.00,1.00,762.00,0.00,0.00,0.00,0.00,50.00,
2016,7,7,4,2016-07-07,"AA",19805,"AA","1688",11298,"DFW","Dallas/Fort Worth, TX","TX",13204,"MCO","Orlando, FL","FL","1845","1846",1.00,1.00,16.00,7.00,"2227","2217",-10.00,0.00,0.00,"",0.00,162.00,151.00,128.00,1.00,985.00,,,,,,
2016,7,7,4,2016-07-07,"AA",19805,"AA","1688",13204,"MCO","Orlando, FL","FL",11298,"DFW","Dallas/Fort Worth, TX","TX","1540","1540",0.00,0.00,14.00,5.00,"1724","1712",-12.00,0.00,0.00,"",0.00,164.00,152.00,133.00,1.00,985.00,,,,,,
2016,7,7,4,2016-07-07,"AA",19805,"AA","1689",14100,"PHL","Philadelphia, PA","PA",14492,"RDU","Raleigh/Durham, NC","NC","1135","1136",1.00,1.00,38.00,6.00,"1259","1314",15.00,15.00,0.00,"",0.00,84.00,98.00,54.00,1.00,337.00,0.00,0.00,14.00,0.00,1.00,
2016,7,7,4,2016-07-07,"AA",19805,"AA","1689",14492,"RDU","Raleigh/Durham, NC","NC",14100,"PHL","Philadelphia, PA","PA","1339","1420",41.00,41.00,14.00,4.00,"1505","1533",28.00,28.00,0.00,"",0.00,86.00,73.00,55.00,1.00,337.00,0.00,0.00,28.00,0.00,0.00,
2016,7,7,4,2016-07-07,"AA",19805,"AA","1691",14100,"PHL","Philadelphia, PA","PA",13198,"MCI","Kansas City, MO","MO","2015","2010",-5.00,0.00,19.00,7.00,"2203","2157",-6.00,0.00,0.00,"",0.00,168.00,167.00,141.00,1.00,1038.00,,,,,,
2016,7,7,4,2016-07-07,"AA",19805,"AA","1692",11057,"CLT","Charlotte, NC","NC",10529,"BDL","Hartford, CT","CT","2025","2035",10.00,10.00,12.00,3.00,"2222","2223",1.00,1.00,0.00,"",0.00,117.00,108.00,93.00,1.00,644.00,,,,,,
2016,7,7,4,2016-07-07,"AA",19805,"AA","1692",11697,"FLL","Fort Lauderdale, FL","FL",11057,"CLT","Charlotte, NC","NC","1710","1704",-6.00,0.00,13.00,16.00,"1911","1913",2.00,2.00,0.00,"",0.00,121.00,129.00,100.00,1.00,632.00,,,,,,
2016,7,7,4,2016-07-07,"AA",19805,"AA","1693",11298,"DFW","Dallas/Fort Worth, TX","TX",12889,"LAS","Las Vegas, NV","NV","1905","1902",-3.00,0.00,28.00,8.00,"1955","1957",2.00,2.00,0.00,"",0.00,170.00,175.00,139.00,1.00,1055.00,,,,,,
2016,7,7,4,2016-07-07,"AA",19805,"AA","1698",12266,"IAH","Houston, TX","TX",14100,"PHL","Philadelphia, PA","PA","1745","1740",-5.00,0.00,14.00,3.00,"2208","2154",-14.00,0.00,0.00,"",0.00,203.00,194.00,177.00,1.00,1325.00,,,,,,
2016,7,7,4,2016-07-07,"AA",19805,"AA","1698",14100,"PHL","Philadelphia, PA","PA",12266,"IAH","Houston, TX","TX","1430","1427",-3.00,0.00,29.00,7.00,"1658","1652",-6.00,0.00,0.00,"",0.00,208.00,205.00,169.00,1.00,1325.00,,,,,,
2016,7,7,4,2016-07-07,"AA",19805,"AA","1700",11057,"CLT","Charlotte, NC","NC",10529,"BDL","Hartford, CT","CT","1429","1427",-2.00,0.00,10.00,2.00,"1624","1607",-17.00,0.00,0.00,"",0.00,115.00,100.00,88.00,1.00,644.00,,,,,,
2016,7,7,4,2016-07-07,"AA",19805,"AA","1700",14122,"PIT","Pittsburgh, PA","PA",11057,"CLT","Charlotte, NC","NC","1159","1150",-9.00,0.00,10.00,9.00,"1328","1306",-22.00,0.00,0.00,"",0.00,89.00,76.00,57.00,1.00,366.00,,,,,,
2016,7,7,4,2016-07-07,"AA",19805,"AA","1701",11057,"CLT","Charlotte, NC","NC",13303,"MIA","Miami, FL","FL","1820","1819",-1.00,0.00,36.00,48.00,"2026","2115",49.00,49.00,0.00,"",0.00,126.00,176.00,92.00,1.00,650.00,0.00,0.00,49.00,0.00,0.00,
2016,7,7,4,2016-07-07,"AA",19805,"AA","1701",13198,"MCI","Kansas City, MO","MO",11057,"CLT","Charlotte, NC","NC","1355","1351",-4.00,0.00,14.00,28.00,"1714","1726",12.00,12.00,0.00,"",0.00,139.00,155.00,113.00,1.00,808.00,,,,,,
2016,7,7,4,2016-07-07,"AA",19805,"AA","1704",11057,"CLT","Charlotte, NC","NC",10529,"BDL","Hartford, CT","CT","2210","2221",11.00,11.00,10.00,15.00,"0005","0013",8.00,8.00,0.00,"",0.00,115.00,112.00,87.00,1.00,644.00,,,,,,
2016,7,7,4,2016-07-07,"AA",19805,"AA","1704",11298,"DFW","Dallas/Fort Worth, TX","TX",11057,"CLT","Charlotte, NC","NC","1735","1733",-2.00,0.00,13.00,9.00,"2110","2105",-5.00,0.00,0.00,"",0.00,155.00,152.00,130.00,1.00,936.00,,,,,,
2016,7,7,4,2016-07-07,"AA",19805,"AA","1705",12889,"LAS","Las Vegas, NV","NV",12892,"LAX","Los Angeles, CA","CA","1310","1351",41.00,41.00,31.00,15.00,"1429","1521",52.00,52.00,0.00,"",0.00,79.00,90.00,44.00,1.00,236.00,0.00,0.00,11.00,0.00,41.00,
2016,7,7,4,2016-07-07,"AA",19805,"AA","1705",12892,"LAX","Los Angeles, CA","CA",12889,"LAS","Las Vegas, NV","NV","1105","1147",42.00,42.00,42.00,7.00,"1224","1318",54.00,54.00,0.00,"",0.00,79.00,91.00,42.00,1.00,236.00,42.00,0.00,12.00,0.00,0.00,
2016,7,7,4,2016-07-07,"AA",19805,"AA","1706",11057,"CLT","Charlotte, NC","NC",13244,"MEM","Memphis, TN","TN","2230","2228",-2.00,0.00,35.00,6.00,"2312","2329",17.00,17.00,0.00,"",0.00,102.00,121.00,80.00,1.00,511.00,0.00,0.00,17.00,0.00,0.00,
2016,7,7,4,2016-07-07,"AA",19805,"AA","1707",11433,"DTW","Detroit, MI","MI",11057,"CLT","Charlotte, NC","NC","0820","0816",-4.00,0.00,21.00,12.00,"1009","1014",5.00,5.00,0.00,"",0.00,109.00,118.00,85.00,1.00,500.00,,,,,,
2016,7,7,4,2016-07-07,"AA",19805,"AA","1708",10397,"ATL","Atlanta, GA","GA",11057,"CLT","Charlotte, NC","NC","0725","0722",-3.00,0.00,32.00,8.00,"0839","0849",10.00,10.00,0.00,"",0.00,74.00,87.00,47.00,1.00,226.00,,,,,,
2016,7,7,4,2016-07-07,"AA",19805,"AA","1708",11057,"CLT","Charlotte, NC","NC",11697,"FLL","Fort Lauderdale, FL","FL","0945","0946",1.00,1.00,24.00,2.00,"1150","1140",-10.00,0.00,0.00,"",0.00,125.00,114.00,88.00,1.00,632.00,,,,,,
2016,7,7,4,2016-07-07,"AA",19805,"AA","1709",14747,"SEA","Seattle, WA","WA",11057,"CLT","Charlotte, NC","NC","0045","0120",35.00,35.00,16.00,5.00,"0840","0908",28.00,28.00,0.00,"",0.00,295.00,288.00,267.00,1.00,2279.00,0.00,0.00,0.00,0.00,28.00,
2016,7,7,4,2016-07-07,"AA",19805,"AA","1711",10821,"BWI","Baltimore, MD","MD",11057,"CLT","Charlotte, NC","NC","0515","0511",-4.00,0.00,18.00,4.00,"0634","0630",-4.00,0.00,0.00,"",0.00,79.00,79.00,57.00,1.00,361.00,,,,,,
2016,7,7,4,2016-07-07,"AA",19805,"AA","1712",14107,"PHX","Phoenix, AZ","AZ",14100,"PHL","Philadelphia, PA","PA","1450","1443",-7.00,0.00,14.00,16.00,"2222","2218",-4.00,0.00,0.00,"",0.00,272.00,275.00,245.00,1.00,2075.00,,,,,,
2016,7,7,4,2016-07-07,"AA",19805,"AA","1715",10529,"BDL","Hartford, CT","CT",11057,"CLT","Charlotte, NC","NC","1300","1255",-5.00,0.00,18.00,6.00,"1503","1453",-10.00,0.00,0.00,"",0.00,123.00,118.00,94.00,1.00,644.00,,,,,,
2016,7,7,4,2016-07-07,"AA",19805,"AA","1715",11057,"CLT","Charlotte, NC","NC",10693,"BNA","Nashville, TN","TN","1555","1612",17.00,17.00,22.00,7.00,"1612","1633",21.00,21.00,0.00,"",0.00,77.00,81.00,52.00,1.00,328.00,17.00,0.00,4.00,0.00,0.00,
2016,7,7,4,2016-07-07,"AA",19805,"AA","1716",11057,"CLT","Charlotte, NC","NC",13198,"MCI","Kansas City, MO","MO","2010","2022",12.00,12.00,19.00,9.00,"2136","2147",11.00,11.00,0.00,"",0.00,146.00,145.00,117.00,1.00,808.00,,,,,,
2016,7,7,4,2016-07-07,"AA",19805,"AA","1717",11057,"CLT","Charlotte, NC","NC",11697,"FLL","Fort Lauderdale, FL","FL","2210","2209",-1.00,0.00,18.00,3.00,"0005","0007",2.00,2.00,0.00,"",0.00,115.00,118.00,97.00,1.00,632.00,,,,,,
2016,7,7,4,2016-07-07,"AA",19805,"AA","1717",14771,"SFO","San Francisco, CA","CA",11057,"CLT","Charlotte, NC","NC","1305","1302",-3.00,0.00,25.00,8.00,"2110","2102",-8.00,0.00,0.00,"",0.00,305.00,300.00,267.00,1.00,2296.00,,,,,,
2016,7,7,4,2016-07-07,"AA",19805,"AA","1718",13204,"MCO","Orlando, FL","FL",11278,"DCA","Washington, DC","VA","0830","0823",-7.00,0.00,17.00,4.00,"1038","1028",-10.00,0.00,0.00,"",0.00,128.00,125.00,104.00,1.00,759.00,,,,,,
2016,7,7,4,2016-07-07,"AA",19805,"AA","1719",11057,"CLT","Charlotte, NC","NC",11697,"FLL","Fort Lauderdale, FL","FL","1625","1623",-2.00,0.00,32.00,2.00,"1825","1825",0.00,0.00,0.00,"",0.00,120.00,122.00,88.00,1.00,632.00,,,,,,
2016,7,7,4,2016-07-07,"AA",19805,"AA","1719",11298,"DFW","Dallas/Fort Worth, TX","TX",11057,"CLT","Charlotte, NC","NC","1155","1149",-6.00,0.00,12.00,10.00,"1528","1514",-14.00,0.00,0.00,"",0.00,153.00,145.00,123.00,1.00,936.00,,,,,,
2016,7,7,4,2016-07-07,"AA",19805,"AA","1720",11057,"CLT","Charlotte, NC","NC",13230,"MDT","Harrisburg, PA","PA","1950","1949",-1.00,0.00,12.00,7.00,"2118","2117",-1.00,0.00,0.00,"",0.00,88.00,88.00,69.00,1.00,413.00,,,,,,
2016,7,7,4,2016-07-07,"AA",19805,"AA","1720",11278,"DCA","Washington, DC","VA",11057,"CLT","Charlotte, NC","NC","1720","1711",-9.00,0.00,51.00,14.00,"1852","1910",18.00,18.00,0.00,"",0.00,92.00,119.00,54.00,1.00,331.00,0.00,0.00,18.00,0.00,0.00,
2016,7,7,4,2016-07-07,"AA",19805,"AA","1721",11057,"CLT","Charlotte, NC","NC",11618,"EWR","Newark, NJ","NJ","1805","1839",34.00,34.00,28.00,6.00,"1958","2042",44.00,44.00,0.00,"",0.00,113.00,123.00,89.00,1.00,529.00,0.00,0.00,44.00,0.00,0.00,
2016,7,7,4,2016-07-07,"AA",19805,"AA","1721",11697,"FLL","Fort Lauderdale, FL","FL",11057,"CLT","Charlotte, NC","NC","1450","1446",-4.00,0.00,14.00,14.00,"1700","1657",-3.00,0.00,0.00,"",0.00,130.00,131.00,103.00,1.00,632.00,,,,,,
2016,7,7,4,2016-07-07,"AA",19805,"AA","1722",11057,"CLT","Charlotte, NC","NC",11278,"DCA","Washington, DC","VA","0930","0923",-7.00,0.00,22.00,5.00,"1056","1040",-16.00,0.00,0.00,"",0.00,86.00,77.00,50.00,1.00,331.00,,,,,,
2016,7,7,4,2016-07-07,"AA",19805,"AA","1722",12451,"JAX","Jacksonville, FL","FL",11057,"CLT","Charlotte, NC","NC","0709","0706",-3.00,0.00,11.00,11.00,"0831","0823",-8.00,0.00,0.00,"",0.00,82.00,77.00,55.00,1.00,328.00,,,,,,
2016,7,7,4,2016-07-07,"AA",19805,"AA","1724",14122,"PIT","Pittsburgh, PA","PA",11057,"CLT","Charlotte, NC","NC","1905","1924",19.00,19.00,11.00,9.00,"2032","2043",11.00,11.00,0.00,"",0.00,87.00,79.00,59.00,1.00,366.00,,,,,,
2016,7,7,4,2016-07-07,"AA",19805,"AA","1725",11057,"CLT","Charlotte, NC","NC",13204,"MCO","Orlando, FL","FL","0740","0741",1.00,1.00,19.00,8.00,"0922","0912",-10.00,0.00,0.00,"",0.00,102.00,91.00,64.00,1.00,468.00,,,,,,
2016,7,7,4,2016-07-07,"AA",19805,"AA","1726",12892,"LAX","Los Angeles, CA","CA",14107,"PHX","Phoenix, AZ","AZ","2120","2150",30.00,30.00,13.00,5.00,"2254","2306",12.00,12.00,0.00,"",0.00,94.00,76.00,58.00,1.00,370.00,,,,,,
2016,7,7,4,2016-07-07,"AA",19805,"AA","1726",14107,"PHX","Phoenix, AZ","AZ",14100,"PHL","Philadelphia, PA","PA","2350","2352",2.00,2.00,14.00,4.00,"0718","0711",-7.00,0.00,0.00,"",0.00,268.00,259.00,241.00,1.00,2075.00,,,,,,
2016,7,7,4,2016-07-07,"AA",19805,"AA","1727",10397,"ATL","Atlanta, GA","GA",14100,"PHL","Philadelphia, PA","PA","1045","1034",-11.00,0.00,14.00,2.00,"1248","1237",-11.00,0.00,0.00,"",0.00,123.00,123.00,107.00,1.00,666.00,,,,,,
2016,7,7,4,2016-07-07,"AA",19805,"AA","1727",14100,"PHL","Philadelphia, PA","PA",10397,"ATL","Atlanta, GA","GA","0745","0740",-5.00,0.00,21.00,8.00,"1003","0955",-8.00,0.00,0.00,"",0.00,138.00,135.00,106.00,1.00,666.00,,,,,,
2016,7,7,4,2016-07-07,"AA",19805,"AA","1728",13204,"MCO","Orlando, FL","FL",14100,"PHL","Philadelphia, PA","PA","1210","1204",-6.00,0.00,18.00,7.00,"1438","1434",-4.00,0.00,0.00,"",0.00,148.00,150.00,125.00,1.00,861.00,,,,,,
2016,7,7,4,2016-07-07,"AA",19805,"AA","1728",14100,"PHL","Philadelphia, PA","PA",13204,"MCO","Orlando, FL","FL","0805","0759",-6.00,0.00,28.00,11.00,"1039","1031",-8.00,0.00,0.00,"",0.00,154.00,152.00,113.00,1.00,861.00,,,,,,
2016,7,7,4,2016-07-07,"AA",19805,"AA","1729",11057,"CLT","Charlotte, NC","NC",13204,"MCO","Orlando, FL","FL","1120","1117",-3.00,0.00,14.00,11.00,"1255","1246",-9.00,0.00,0.00,"",0.00,95.00,89.00,64.00,1.00,468.00,,,,,,
2016,7,7,4,2016-07-07,"AA",19805,"AA","1729",13930,"ORD","Chicago, IL","IL",11057,"CLT","Charlotte, NC","NC","0715","0710",-5.00,0.00,16.00,12.00,"1011","1001",-10.00,0.00,0.00,"",0.00,116.00,111.00,83.00,1.00,599.00,,,,,,
2016,7,7,4,2016-07-07,"AA",19805,"AA","1730",11057,"CLT","Charlotte, NC","NC",11278,"DCA","Washington, DC","VA","1130","1122",-8.00,0.00,14.00,3.00,"1256","1231",-25.00,0.00,0.00,"",0.00,86.00,69.00,52.00,1.00,331.00,,,,,,
2016,7,7,4,2016-07-07,"AA",19805,"AA","1730",15016,"STL","St. Louis, MO","MO",11057,"CLT","Charlotte, NC","NC","0735","0732",-3.00,0.00,8.00,7.00,"1028","1006",-22.00,0.00,0.00,"",0.00,113.00,94.00,79.00,1.00,575.00,,,,,,
2016,7,7,4,2016-07-07,"AA",19805,"AA","1731",14100,"PHL","Philadelphia, PA","PA",14122,"PIT","Pittsburgh, PA","PA","2250","2257",7.00,7.00,18.00,4.00,"2355","0004",9.00,9.00,0.00,"",0.00,65.00,67.00,45.00,1.00,268.00,,,,,,
2016,7,7,4,2016-07-07,"AA",19805,"AA","1731",14122,"PIT","Pittsburgh, PA","PA",14100,"PHL","Philadelphia, PA","PA","2040","2150",70.00,70.00,11.00,6.00,"2150","2251",61.00,61.00,0.00,"",0.00,70.00,61.00,44.00,1.00,268.00,0.00,61.00,0.00,0.00,0.00,
2016,7,7,4,2016-07-07,"AA",19805,"AA","1732",11057,"CLT","Charlotte, NC","NC",11278,"DCA","Washington, DC","VA","0730","0721",-9.00,0.00,17.00,16.00,"0855","0846",-9.00,0.00,0.00,"",0.00,85.00,85.00,52.00,1.00,331.00,,,,,,
2016,7,7,4,2016-07-07,"AA",19805,"AA","1733",11057,"CLT","Charlotte, NC","NC",13204,"MCO","Orlando, FL","FL","1815","1921",66.00,66.00,13.00,8.00,"1955","2049",54.00,54.00,0.00,"",0.00,100.00,88.00,67.00,1.00,468.00,9.00,0.00,0.00,0.00,45.00,
2016,7,7,4,2016-07-07,"AA",19805,"AA","1733",14100,"PHL","Philadelphia, PA","PA",11057,"CLT","Charlotte, NC","NC","1530","1639",69.00,69.00,16.00,15.00,"1715","1815",60.00,60.00,0.00,"",0.00,105.00,96.00,65.00,1.00,449.00,60.00,0.00,0.00,0.00,0.00,
2016,7,7,4,2016-07-07,"AA",19805,"AA","1735",11057,"CLT","Charlotte, NC","NC",12889,"LAS","Las Vegas, NV","NV","1120","1112",-8.00,0.00,17.00,14.00,"1255","1318",23.00,23.00,0.00,"",0.00,275.00,306.00,275.00,1.00,1916.00,0.00,0.00,23.00,0.00,0.00,
2016,7,7,4,2016-07-07,"AA",19805,"AA","1735",11697,"FLL","Fort Lauderdale, FL","FL",11057,"CLT","Charlotte, NC","NC","0805","0801",-4.00,0.00,15.00,5.00,"1009","0959",-10.00,0.00,0.00,"",0.00,124.00,118.00,98.00,1.00,632.00,,,,,,
2016,7,7,4,2016-07-07,"AA",19805,"AA","1736",11057,"CLT","Charlotte, NC","NC",12451,"JAX","Jacksonville, FL","FL","1150","1144",-6.00,0.00,41.00,5.00,"1315","1321",6.00,6.00,0.00,"",0.00,85.00,97.00,51.00,1.00,328.00,,,,,,
2016,7,7,4,2016-07-07,"AA",19805,"AA","1736",13244,"MEM","Memphis, TN","TN",11057,"CLT","Charlotte, NC","NC","0800","0753",-7.00,0.00,20.00,10.00,"1048","1045",-3.00,0.00,0.00,"",0.00,108.00,112.00,82.00,1.00,511.00,,,,,,
2016,7,7,4,2016-07-07,"AA",19805,"AA","1737",11057,"CLT","Charlotte, NC","NC",12892,"LAX","Los Angeles, CA","CA","1456","1515",19.00,19.00,16.00,9.00,"1705","1710",5.00,5.00,0.00,"",0.00,309.00,295.00,270.00,1.00,2125.00,,,,,,
2016,7,7,4,2016-07-07,"AA",19805,"AA","1737",12892,"LAX","Los Angeles, CA","CA",14771,"SFO","San Francisco, CA","CA","1825","",,,,,"1952","",,,1.00,"A",0.00,87.00,,,1.00,337.00,,,,,,
2016,7,7,4,2016-07-07,"AA",19805,"AA","1740",10423,"AUS","Austin, TX","TX",11057,"CLT","Charlotte, NC","NC","1345","1338",-7.00,0.00,10.00,8.00,"1727","1718",-9.00,0.00,0.00,"",0.00,162.00,160.00,142.00,1.00,1032.00,,,,,,
2016,7,7,4,2016-07-07,"AA",19805,"AA","1740",11057,"CLT","Charlotte, NC","NC",12953,"LGA","New York, NY","NY","1835","1957",82.00,82.00,15.00,10.00,"2031","2138",67.00,67.00,0.00,"",0.00,116.00,101.00,76.00,1.00,544.00,0.00,0.00,67.00,0.00,0.00,
2016,7,7,4,2016-07-07,"AA",19805,"AA","1740",14107,"PHX","Phoenix, AZ","AZ",10423,"AUS","Austin, TX","TX","0842","0834",-8.00,0.00,15.00,4.00,"1304","1241",-23.00,0.00,0.00,"",0.00,142.00,127.00,108.00,1.00,872.00,,,,,,
2016,7,7,4,2016-07-07,"AA",19805,"AA","1741",11278,"DCA","Washington, DC","VA",11697,"FLL","Fort Lauderdale, FL","FL","1550","1543",-7.00,0.00,36.00,3.00,"1831","1834",3.00,3.00,0.00,"",0.00,161.00,171.00,132.00,1.00,899.00,,,,,,
2016,7,7,4,2016-07-07,"AA",19805,"AA","1741",11697,"FLL","Fort Lauderdale, FL","FL",11278,"DCA","Washington, DC","VA","1950","1942",-8.00,0.00,13.00,47.00,"2217","2238",21.00,21.00,0.00,"",0.00,147.00,176.00,116.00,1.00,899.00,0.00,0.00,21.00,0.00,0.00,
2016,7,7,4,2016-07-07,"AA",19805,"AA","1742",14107,"PHX","Phoenix, AZ","AZ",11298,"DFW","Dallas/Fort Worth, TX","TX","0720","0718",-2.00,0.00,13.00,6.00,"1148","1133",-15.00,0.00,0.00,"",0.00,148.00,135.00,116.00,1.00,868.00,,,,,,
2016,7,7,4,2016-07-07,"AA",19805,"AA","1743",11298,"DFW","Dallas/Fort Worth, TX","TX",11057,"CLT","Charlotte, NC","NC","2020","2032",12.00,12.00,20.00,3.00,"2356","2355",-1.00,0.00,0.00,"",0.00,156.00,143.00,120.00,1.00,936.00,,,,,,
2016,7,7,4,2016-07-07,"AA",19805,"AA","1743",14100,"PHL","Philadelphia, PA","PA",11298,"DFW","Dallas/Fort Worth, TX","TX","1625","1718",53.00,53.00,20.00,7.00,"1904","1943",39.00,39.00,0.00,"",0.00,219.00,205.00,178.00,1.00,1303.00,14.00,0.00,0.00,0.00,25.00,
2016,7,7,4,2016-07-07,"AA",19805,"AA","1744",14100,"PHL","Philadelphia, PA","PA",11278,"DCA","Washington, DC","VA","1550","1552",2.00,2.00,21.00,23.00,"1653","1706",13.00,13.00,0.00,"",0.00,63.00,74.00,30.00,1.00,119.00,,,,,,
2016,7,7,4,2016-07-07,"AA",19805,"AA","1745",11057,"CLT","Charlotte, NC","NC",14122,"PIT","Pittsburgh, PA","PA","1635","1735",60.00,60.00,17.00,3.00,"1804","1853",49.00,49.00,0.00,"",0.00,89.00,78.00,58.00,1.00,366.00,0.00,38.00,0.00,0.00,11.00,
2016,7,7,4,2016-07-07,"AA",19805,"AA","1745",14492,"RDU","Raleigh/Durham, NC","NC",11057,"CLT","Charlotte, NC","NC","1445","1443",-2.00,0.00,15.00,34.00,"1545","1603",18.00,18.00,0.00,"",0.00,60.00,80.00,31.00,1.00,130.00,0.00,0.00,18.00,0.00,0.00,
2016,7,7,4,2016-07-07,"AA",19805,"AA","1746",14100,"PHL","Philadelphia, PA","PA",13204,"MCO","Orlando, FL","FL","1130","1124",-6.00,0.00,23.00,13.00,"1358","1351",-7.00,0.00,0.00,"",0.00,148.00,147.00,111.00,1.00,861.00,,,,,,
2016,7,7,4,2016-07-07,"AA",19805,"AA","1747",11057,"CLT","Charlotte, NC","NC",14122,"PIT","Pittsburgh, PA","PA","1954","1951",-3.00,0.00,12.00,13.00,"2116","2126",10.00,10.00,0.00,"",0.00,82.00,95.00,70.00,1.00,366.00,,,,,,
2016,7,7,4,2016-07-07,"AA",19805,"AA","1747",15016,"STL","St. Louis, MO","MO",11057,"CLT","Charlotte, NC","NC","1610","1615",5.00,5.00,21.00,12.00,"1905","1914",9.00,9.00,0.00,"",0.00,115.00,119.00,86.00,1.00,575.00,,,,,,
2016,7,7,4,2016-07-07,"AA",19805,"AA","1748",14100,"PHL","Philadelphia, PA","PA",13204,"MCO","Orlando, FL","FL","1405","1357",-8.00,0.00,28.00,11.00,"1632","1643",11.00,11.00,0.00,"",0.00,147.00,166.00,127.00,1.00,861.00,,,,,,
2016,7,7,4,2016-07-07,"AA",19805,"AA","1749",11278,"DCA","Washington, DC","VA",14100,"PHL","Philadelphia, PA","PA","1755","1749",-6.00,0.00,22.00,12.00,"1901","1856",-5.00,0.00,0.00,"",0.00,66.00,67.00,33.00,1.00,119.00,,,,,,
2016,7,7,4,2016-07-07,"AA",19805,"AA","1750",11057,"CLT","Charlotte, NC","NC",11278,"DCA","Washington, DC","VA","1753","1755",2.00,2.00,33.00,11.00,"1915","1934",19.00,19.00,0.00,"",0.00,82.00,99.00,55.00,1.00,331.00,0.00,2.00,17.00,0.00,0.00,
2016,7,7,4,2016-07-07,"AA",19805,"AA","1750",12451,"JAX","Jacksonville, FL","FL",11057,"CLT","Charlotte, NC","NC","1525","1520",-5.00,0.00,18.00,18.00,"1653","1655",2.00,2.00,0.00,"",0.00,88.00,95.00,59.00,1.00,328.00,,,,,,
2016,7,7,4,2016-07-07,"AA",19805,"AA","1751",14100,"PHL","Philadelphia, PA","PA",14635,"RSW","Fort Myers, FL","FL","1810","1819",9.00,9.00,46.00,3.00,"2113","2116",3.00,3.00,0.00,"",0.00,183.00,177.00,128.00,1.00,993.00,,,,,,
2016,7,7,4,2016-07-07,"AA",19805,"AA","1752",11057,"CLT","Charlotte, NC","NC",15016,"STL","St. Louis, MO","MO","1120","1121",1.00,1.00,13.00,3.00,"1215","1226",11.00,11.00,0.00,"",0.00,115.00,125.00,109.00,1.00,575.00,,,,,,
2016,7,7,4,2016-07-07,"AA",19805,"AA","1752",15016,"STL","St. Louis, MO","MO",11057,"CLT","Charlotte, NC","NC","1308","1315",7.00,7.00,12.00,7.00,"1600","1607",7.00,7.00,0.00,"",0.00,112.00,112.00,93.00,1.00,575.00,,,,,,
2016,7,7,4,2016-07-07,"AA",19805,"AA","1753",14307,"PVD","Providence, RI","RI",11057,"CLT","Charlotte, NC","NC","0610","0600",-10.00,0.00,11.00,13.00,"0819","0801",-18.00,0.00,0.00,"",0.00,129.00,121.00,97.00,1.00,683.00,,,,,,
2016,7,7,4,2016-07-07,"AA",19805,"AA","1755",10397,"ATL","Atlanta, GA","GA",14100,"PHL","Philadelphia, PA","PA","1735","1730",-5.00,0.00,13.00,11.00,"1945","1935",-10.00,0.00,0.00,"",0.00,130.00,125.00,101.00,1.00,666.00,,,,,,
2016,7,7,4,2016-07-07,"AA",19805,"AA","1755",14100,"PHL","Philadelphia, PA","PA",14492,"RDU","Raleigh/Durham, NC","NC","2050","2043",-7.00,0.00,29.00,5.00,"2217","2208",-9.00,0.00,0.00,"",0.00,87.00,85.00,51.00,1.00,337.00,,,,,,
2016,7,7,4,2016-07-07,"AA",19805,"AA","1756",11057,"CLT","Charlotte, NC","NC",10529,"BDL","Hartford, CT","CT","0950","0947",-3.00,0.00,25.00,3.00,"1155","1141",-14.00,0.00,0.00,"",0.00,125.00,114.00,86.00,1.00,644.00,,,,,,
2016,7,7,4,2016-07-07,"AA",19805,"AA","1756",15016,"STL","St. Louis, MO","MO",11057,"CLT","Charlotte, NC","NC","0600","0552",-8.00,0.00,14.00,6.00,"0853","0855",2.00,2.00,0.00,"",0.00,113.00,123.00,103.00,1.00,575.00,,,,,,
2016,7,7,4,2016-07-07,"AA",19805,"AA","1757",15304,"TPA","Tampa, FL","FL",14100,"PHL","Philadelphia, PA","PA","0805","0802",-3.00,0.00,8.00,3.00,"1035","1033",-2.00,0.00,0.00,"",0.00,150.00,151.00,140.00,1.00,920.00,,,,,,
2016,7,7,4,2016-07-07,"AA",19805,"AA","1758",14307,"PVD","Providence, RI","RI",14100,"PHL","Philadelphia, PA","PA","1805","1830",25.00,25.00,11.00,7.00,"1922","1943",21.00,21.00,0.00,"",0.00,77.00,73.00,55.00,1.00,237.00,0.00,0.00,0.00,0.00,21.00,
2016,7,7,4,2016-07-07,"AA",19805,"AA","1759",14100,"PHL","Philadelphia, PA","PA",14307,"PVD","Providence, RI","RI","1605","1612",7.00,7.00,38.00,3.00,"1725","1801",36.00,36.00,0.00,"",0.00,80.00,109.00,68.00,1.00,237.00,0.00,0.00,29.00,0.00,7.00,
2016,7,7,4,2016-07-07,"AA",19805,"AA","1760",10821,"BWI","Baltimore, MD","MD",11057,"CLT","Charlotte, NC","NC","1200","1157",-3.00,0.00,19.00,6.00,"1325","1317",-8.00,0.00,0.00,"",0.00,85.00,80.00,55.00,1.00,361.00,,,,,,
2016,7,7,4,2016-07-07,"AA",19805,"AA","1760",11057,"CLT","Charlotte, NC","NC",11697,"FLL","Fort Lauderdale, FL","FL","1430","1432",2.00,2.00,11.00,2.00,"1625","1615",-10.00,0.00,0.00,"",0.00,115.00,103.00,90.00,1.00,632.00,,,,,,
2016,7,7,4,2016-07-07,"AA",19805,"AA","1761",11278,"DCA","Washington, DC","VA",15304,"TPA","Tampa, FL","FL","1800","1800",0.00,0.00,13.00,4.00,"2029","2009",-20.00,0.00,0.00,"",0.00,149.00,129.00,112.00,1.00,814.00,,,,,,
2016,7,7,4,2016-07-07,"AA",19805,"AA","1763",11298,"DFW","Dallas/Fort Worth, TX","TX",12889,"LAS","Las Vegas, NV","NV","0719","0726",7.00,7.00,23.00,7.00,"0806","0819",13.00,13.00,0.00,"",0.00,167.00,173.00,143.00,1.00,1055.00,,,,,,
2016,7,7,4,2016-07-07,"AA",19805,"AA","1763",12889,"LAS","Las Vegas, NV","NV",11298,"DFW","Dallas/Fort Worth, TX","TX","0856","0902",6.00,6.00,9.00,13.00,"1340","1333",-7.00,0.00,0.00,"",0.00,164.00,151.00,129.00,1.00,1055.00,,,,,,
2016,7,7,4,2016-07-07,"AA",19805,"AA","1764",11697,"FLL","Fort Lauderdale, FL","FL",11278,"DCA","Washington, DC","VA","0815","0808",-7.00,0.00,13.00,5.00,"1043","1015",-28.00,0.00,0.00,"",0.00,148.00,127.00,109.00,1.00,899.00,,,,,,
2016,7,7,4,2016-07-07,"AA",19805,"AA","1766",12892,"LAX","Los Angeles, CA","CA",12339,"IND","Indianapolis, IN","IN","2245","2258",13.00,13.00,25.00,11.00,"0555","0611",16.00,16.00,0.00,"",0.00,250.00,253.00,217.00,1.00,1814.00,13.00,0.00,3.00,0.00,0.00,
2016,7,7,4,2016-07-07,"AA",19805,"AA","1767",12339,"IND","Indianapolis, IN","IN",12892,"LAX","Los Angeles, CA","CA","0725","0718",-7.00,0.00,14.00,13.00,"0856","0855",-1.00,0.00,0.00,"",0.00,271.00,277.00,250.00,1.00,1814.00,,,,,,
2016,7,7,4,2016-07-07,"AA",19805,"AA","1768",14100,"PHL","Philadelphia, PA","PA",11298,"DFW","Dallas/Fort Worth, TX","TX","0500","0507",7.00,7.00,14.00,18.00,"0720","0726",6.00,6.00,0.00,"",0.00,200.00,199.00,167.00,1.00,1303.00,,,,,,
2016,7,7,4,2016-07-07,"AA",19805,"AA","1770",11057,"CLT","Charlotte, NC","NC",13931,"ORF","Norfolk, VA","VA","0914","0910",-4.00,0.00,15.00,3.00,"1020","1015",-5.00,0.00,0.00,"",0.00,66.00,65.00,47.00,1.00,290.00,,,,,,
2016,7,7,4,2016-07-07,"AA",19805,"AA","1770",12323,"ILM","Wilmington, NC","NC",11057,"CLT","Charlotte, NC","NC","0650","0650",0.00,0.00,10.00,7.00,"0807","0746",-21.00,0.00,0.00,"",0.00,77.00,56.00,39.00,1.00,185.00,,,,,,
2016,7,7,4,2016-07-07,"AA",19805,"AA","1772",11057,"CLT","Charlotte, NC","NC",11298,"DFW","Dallas/Fort Worth, TX","TX","0925","0919",-6.00,0.00,14.00,23.00,"1108","1104",-4.00,0.00,0.00,"",0.00,163.00,165.00,128.00,1.00,936.00,,,,,,
2016,7,7,4,2016-07-07,"AA",19805,"AA","1772",12953,"LGA","New York, NY","NY",11057,"CLT","Charlotte, NC","NC","0615","0607",-8.00,0.00,21.00,19.00,"0810","0804",-6.00,0.00,0.00,"",0.00,115.00,117.00,77.00,1.00,544.00,,,,,,
2016,7,7,4,2016-07-07,"AA",19805,"AA","1773",14100,"PHL","Philadelphia, PA","PA",14307,"PVD","Providence, RI","RI","2040","2033",-7.00,0.00,15.00,3.00,"2153","2137",-16.00,0.00,0.00,"",0.00,73.00,64.00,46.00,1.00,237.00,,,,,,
2016,7,7,4,2016-07-07,"AA",19805,"AA","1774",10397,"ATL","Atlanta, GA","GA",11057,"CLT","Charlotte, NC","NC","1959","2010",11.00,11.00,23.00,27.00,"2117","2145",28.00,28.00,0.00,"",0.00,78.00,95.00,45.00,1.00,226.00,11.00,0.00,17.00,0.00,0.00,
2016,7,7,4,2016-07-07,"AA",19805,"AA","1775",11057,"CLT","Charlotte, NC","NC",11298,"DFW","Dallas/Fort Worth, TX","TX","1613","1608",-5.00,0.00,24.00,12.00,"1755","1746",-9.00,0.00,0.00,"",0.00,162.00,158.00,122.00,1.00,936.00,,,,,,
2016,7,7,4,2016-07-07,"AA",19805,"AA","1775",12953,"LGA","New York, NY","NY",11057,"CLT","Charlotte, NC","NC","1259","1254",-5.00,0.00,14.00,10.00,"1504","1439",-25.00,0.00,0.00,"",0.00,125.00,105.00,81.00,1.00,544.00,,,,,,
2016,7,7,4,2016-07-07,"AA",19805,"AA","1777",14893,"SMF","Sacramento, CA","CA",14107,"PHX","Phoenix, AZ","AZ","0950","0945",-5.00,0.00,12.00,4.00,"1137","1128",-9.00,0.00,0.00,"",0.00,107.00,103.00,87.00,1.00,647.00,,,,,,
2016,7,7,4,2016-07-07,"AA",19805,"AA","1778",12478,"JFK","New York, NY","NY",11057,"CLT","Charlotte, NC","NC","1030","1027",-3.00,0.00,16.00,7.00,"1227","1214",-13.00,0.00,0.00,"",0.00,117.00,107.00,84.00,1.00,541.00,,,,,,
2016,7,7,4,2016-07-07,"AA",19805,"AA","1780",11057,"CLT","Charlotte, NC","NC",11042,"CLE","Cleveland, OH","OH","0940","0940",0.00,0.00,29.00,8.00,"1121","1125",4.00,4.00,0.00,"",0.00,101.00,105.00,68.00,1.00,430.00,,,,,,
2016,7,7,4,2016-07-07,"AA",19805,"AA","1780",13931,"ORF","Norfolk, VA","VA",11057,"CLT","Charlotte, NC","NC","0715","0711",-4.00,0.00,27.00,5.00,"0837","0832",-5.00,0.00,0.00,"",0.00,82.00,81.00,49.00,1.00,290.00,,,,,,
2016,7,7,4,2016-07-07,"AA",19805,"AA","1783",11057,"CLT","Charlotte, NC","NC",10721,"BOS","Boston, MA","MA","2029","2153",84.00,84.00,11.00,10.00,"2240","2348",68.00,68.00,0.00,"",0.00,131.00,115.00,94.00,1.00,728.00,27.00,0.00,0.00,0.00,41.00,
2016,7,7,4,2016-07-07,"AA",19805,"AA","1783",12892,"LAX","Los Angeles, CA","CA",11057,"CLT","Charlotte, NC","NC","1135","1217",42.00,42.00,27.00,17.00,"1927","2020",53.00,53.00,0.00,"",0.00,292.00,303.00,259.00,1.00,2125.00,8.00,0.00,11.00,0.00,34.00,
2016,7,7,4,2016-07-07,"AA",19805,"AA","1784",11057,"CLT","Charlotte, NC","NC",13244,"MEM","Memphis, TN","TN","0924","0916",-8.00,0.00,14.00,6.00,"1010","0957",-13.00,0.00,0.00,"",0.00,106.00,101.00,81.00,1.00,511.00,,,,,,
2016,7,7,4,2016-07-07,"AA",19805,"AA","1784",14122,"PIT","Pittsburgh, PA","PA",11057,"CLT","Charlotte, NC","NC","0700","0652",-8.00,0.00,11.00,12.00,"0828","0816",-12.00,0.00,0.00,"",0.00,88.00,84.00,61.00,1.00,366.00,,,,,,
2016,7,7,4,2016-07-07,"AA",19805,"AA","1785",10257,"ALB","Albany, NY","NY",11057,"CLT","Charlotte, NC","NC","1915","1907",-8.00,0.00,9.00,6.00,"2130","2056",-34.00,0.00,0.00,"",0.00,135.00,109.00,94.00,1.00,646.00,,,,,,
2016,7,7,4,2016-07-07,"AA",19805,"AA","1785",11057,"CLT","Charlotte, NC","NC",13931,"ORF","Norfolk, VA","VA","2240","2232",-8.00,0.00,14.00,5.00,"2348","2333",-15.00,0.00,0.00,"",0.00,68.00,61.00,42.00,1.00,290.00,,,,,,
2016,7,7,4,2016-07-07,"AA",19805,"AA","1786",14100,"PHL","Philadelphia, PA","PA",13204,"MCO","Orlando, FL","FL","1845","1843",-2.00,0.00,44.00,5.00,"2124","2132",8.00,8.00,0.00,"",0.00,159.00,169.00,120.00,1.00,861.00,,,,,,
2016,7,7,4,2016-07-07,"AA",19805,"AA","1787",11057,"CLT","Charlotte, NC","NC",14057,"PDX","Portland, OR","OR","1811","1844",33.00,33.00,28.00,3.00,"2043","2115",32.00,32.00,0.00,"",0.00,332.00,331.00,300.00,1.00,2282.00,0.00,7.00,0.00,0.00,25.00,
2016,7,7,4,2016-07-07,"AA",19805,"AA","1788",10721,"BOS","Boston, MA","MA",11057,"CLT","Charlotte, NC","NC","1916","2151",155.00,155.00,18.00,5.00,"2145","2349",124.00,124.00,0.00,"",0.00,149.00,118.00,95.00,1.00,728.00,0.00,0.00,0.00,0.00,124.00,
2016,7,7,4,2016-07-07,"AA",19805,"AA","1788",11057,"CLT","Charlotte, NC","NC",13930,"ORD","Chicago, IL","IL","2240","0043",123.00,123.00,12.00,6.00,"2345","0121",96.00,96.00,0.00,"",0.00,125.00,98.00,80.00,1.00,599.00,96.00,0.00,0.00,0.00,0.00,
2016,7,7,4,2016-07-07,"AA",19805,"AA","1789",11057,"CLT","Charlotte, NC","NC",14027,"PBI","West Palm Beach/Palm Beach, FL","FL","1430","1432",2.00,2.00,15.00,3.00,"1618","1615",-3.00,0.00,0.00,"",0.00,108.00,103.00,85.00,1.00,590.00,,,,,,
2016,7,7,4,2016-07-07,"AA",19805,"AA","1789",14100,"PHL","Philadelphia, PA","PA",11057,"CLT","Charlotte, NC","NC","1140","1137",-3.00,0.00,40.00,14.00,"1329","1336",7.00,7.00,0.00,"",0.00,109.00,119.00,65.00,1.00,449.00,,,,,,
2016,7,7,4,2016-07-07,"AA",19805,"AA","1790",11697,"FLL","Fort Lauderdale, FL","FL",14100,"PHL","Philadelphia, PA","PA","1405","",,,,,"1656","",,,1.00,"A",0.00,171.00,,,1.00,992.00,,,,,,
2016,7,7,4,2016-07-07,"AA",19805,"AA","1791",11057,"CLT","Charlotte, NC","NC",15304,"TPA","Tampa, FL","FL","1630","1646",16.00,16.00,16.00,2.00,"1812","1818",6.00,6.00,0.00,"",0.00,102.00,92.00,74.00,1.00,507.00,,,,,,
2016,7,7,4,2016-07-07,"AA",19805,"AA","1791",13487,"MSP","Minneapolis, MN","MN",11057,"CLT","Charlotte, NC","NC","1149","1139",-10.00,0.00,12.00,22.00,"1520","1507",-13.00,0.00,0.00,"",0.00,151.00,148.00,114.00,1.00,930.00,,,,,,
2016,7,7,4,2016-07-07,"AA",19805,"AA","1793",11057,"CLT","Charlotte, NC","NC",14122,"PIT","Pittsburgh, PA","PA","2225","2218",-7.00,0.00,12.00,7.00,"2348","2336",-12.00,0.00,0.00,"",0.00,83.00,78.00,59.00,1.00,366.00,,,,,,
2016,7,7,4,2016-07-07,"AA",19805,"AA","1793",13495,"MSY","New Orleans, LA","LA",11057,"CLT","Charlotte, NC","NC","1825","1825",0.00,0.00,11.00,8.00,"2123","2117",-6.00,0.00,0.00,"",0.00,118.00,112.00,93.00,1.00,651.00,,,,,,
2016,7,7,4,2016-07-07,"AA",19805,"AA","1794",11057,"CLT","Charlotte, NC","NC",14747,"SEA","Seattle, WA","WA","2020","2056",36.00,36.00,29.00,20.00,"2254","2355",61.00,61.00,0.00,"",0.00,334.00,359.00,310.00,1.00,2279.00,36.00,0.00,25.00,0.00,0.00,
2016,7,7,4,2016-07-07,"AA",19805,"AA","1794",14492,"RDU","Raleigh/Durham, NC","NC",11057,"CLT","Charlotte, NC","NC","1758","1823",25.00,25.00,25.00,10.00,"1900","1930",30.00,30.00,0.00,"",0.00,62.00,67.00,32.00,1.00,130.00,0.00,0.00,5.00,0.00,25.00,
2016,7,7,4,2016-07-07,"AA",19805,"AA","1795",11057,"CLT","Charlotte, NC","NC",10693,"BNA","Nashville, TN","TN","2240","2236",-4.00,0.00,23.00,5.00,"2300","2300",0.00,0.00,0.00,"",0.00,80.00,84.00,56.00,1.00,328.00,,,,,,
2016,7,7,4,2016-07-07,"AA",19805,"AA","1796",11057,"CLT","Charlotte, NC","NC",14100,"PHL","Philadelphia, PA","PA","2215","2229",14.00,14.00,18.00,9.00,"2355","0001",6.00,6.00,0.00,"",0.00,100.00,92.00,65.00,1.00,449.00,,,,,,
2016,7,7,4,2016-07-07,"AA",19805,"AA","1796",11292,"DEN","Denver, CO","CO",11057,"CLT","Charlotte, NC","NC","1600","1642",42.00,42.00,11.00,9.00,"2118","2140",22.00,22.00,0.00,"",0.00,198.00,178.00,158.00,1.00,1337.00,4.00,0.00,0.00,0.00,18.00,
2016,7,7,4,2016-07-07,"AA",19805,"AA","1797",10397,"ATL","Atlanta, GA","GA",11057,"CLT","Charlotte, NC","NC","0855","0856",1.00,1.00,20.00,7.00,"1017","1013",-4.00,0.00,0.00,"",0.00,82.00,77.00,50.00,1.00,226.00,,,,,,
2016,7,7,4,2016-07-07,"AA",19805,"AA","1797",11057,"CLT","Charlotte, NC","NC",14492,"RDU","Raleigh/Durham, NC","NC","1120","1118",-2.00,0.00,20.00,11.00,"1214","1219",5.00,5.00,0.00,"",0.00,54.00,61.00,30.00,1.00,130.00,,,,,,
2016,7,7,4,2016-07-07,"AA",19805,"AA","1798",11057,"CLT","Charlotte, NC","NC",14100,"PHL","Philadelphia, PA","PA","2005","2006",1.00,1.00,12.00,3.00,"2145","2129",-16.00,0.00,0.00,"",0.00,100.00,83.00,68.00,1.00,449.00,,,,,,
2016,7,7,4,2016-07-07,"AA",19805,"AA","1799",11057,"CLT","Charlotte, NC","NC",14771,"SFO","San Francisco, CA","CA","1810","1843",33.00,33.00,28.00,17.00,"2035","2122",47.00,47.00,0.00,"",0.00,325.00,339.00,294.00,1.00,2296.00,4.00,0.00,14.00,0.00,29.00,
2016,7,7,4,2016-07-07,"AA",19805,"AA","1799",13303,"MIA","Miami, FL","FL",11057,"CLT","Charlotte, NC","NC","1455","1532",37.00,37.00,19.00,17.00,"1701","1744",43.00,43.00,0.00,"",0.00,126.00,132.00,96.00,1.00,650.00,0.00,0.00,6.00,0.00,37.00,
2016,7,7,4,2016-07-07,"AA",19805,"AA","1800",11697,"FLL","Fort Lauderdale, FL","FL",14100,"PHL","Philadelphia, PA","PA","1010","1005",-5.00,0.00,8.00,4.00,"1251","1224",-27.00,0.00,0.00,"",0.00,161.00,139.00,127.00,1.00,992.00,,,,,,
2016,7,7,4,2016-07-07,"AA",19805,"AA","1800",14100,"PHL","Philadelphia, PA","PA",11697,"FLL","Fort Lauderdale, FL","FL","0645","0645",0.00,0.00,13.00,2.00,"0925","0921",-4.00,0.00,0.00,"",0.00,160.00,156.00,141.00,1.00,992.00,,,,,,
2016,7,7,4,2016-07-07,"AA",19805,"AA","1801",11298,"DFW","Dallas/Fort Worth, TX","TX",14100,"PHL","Philadelphia, PA","PA","1650","1702",12.00,12.00,14.00,3.00,"2111","2119",8.00,8.00,0.00,"",0.00,201.00,197.00,180.00,1.00,1303.00,,,,,,
2016,7,7,4,2016-07-07,"AA",19805,"AA","1802",11057,"CLT","Charlotte, NC","NC",13495,"MSY","New Orleans, LA","LA","1645","1657",12.00,12.00,10.00,3.00,"1745","1736",-9.00,0.00,0.00,"",0.00,120.00,99.00,86.00,1.00,651.00,,,,,,
2016,7,7,4,2016-07-07,"AA",19805,"AA","1803",14107,"PHX","Phoenix, AZ","AZ",14100,"PHL","Philadelphia, PA","PA","1115","1201",46.00,46.00,9.00,4.00,"1850","1914",24.00,24.00,0.00,"",0.00,275.00,253.00,240.00,1.00,2075.00,0.00,0.00,24.00,0.00,0.00,
2016,7,7,4,2016-07-07,"AA",19805,"AA","1804",12892,"LAX","Los Angeles, CA","CA",14747,"SEA","Seattle, WA","WA","1405","1358",-7.00,0.00,24.00,7.00,"1650","1640",-10.00,0.00,0.00,"",0.00,165.00,162.00,131.00,1.00,954.00,,,,,,
2016,7,7,4,2016-07-07,"AA",19805,"AA","1804",14747,"SEA","Seattle, WA","WA",12892,"LAX","Los Angeles, CA","CA","1730","1725",-5.00,0.00,13.00,48.00,"2017","2034",17.00,17.00,0.00,"",0.00,167.00,189.00,128.00,1.00,954.00,0.00,0.00,17.00,0.00,0.00,
2016,7,7,4,2016-07-07,"AA",19805,"AA","1805",10721,"BOS","Boston, MA","MA",11057,"CLT","Charlotte, NC","NC","0935","0928",-7.00,0.00,32.00,16.00,"1157","1158",1.00,1.00,0.00,"",0.00,142.00,150.00,102.00,1.00,728.00,,,,,,
2016,7,7,4,2016-07-07,"AA",19805,"AA","1806",11057,"CLT","Charlotte, NC","NC",10721,"BOS","Boston, MA","MA","1756","1808",12.00,12.00,27.00,11.00,"2006","2026",20.00,20.00,0.00,"",0.00,130.00,138.00,100.00,1.00,728.00,0.00,12.00,8.00,0.00,0.00,
2016,7,7,4,2016-07-07,"AA",19805,"AA","1808",11057,"CLT","Charlotte, NC","NC",15304,"TPA","Tampa, FL","FL","1300","1255",-5.00,0.00,17.00,4.00,"1436","1432",-4.00,0.00,0.00,"",0.00,96.00,97.00,76.00,1.00,507.00,,,,,,
2016,7,7,4,2016-07-07,"AA",19805,"AA","1808",11292,"DEN","Denver, CO","CO",11057,"CLT","Charlotte, NC","NC","0645","0646",1.00,1.00,14.00,13.00,"1202","1157",-5.00,0.00,0.00,"",0.00,197.00,191.00,164.00,1.00,1337.00,,,,,,
2016,7,7,4,2016-07-07,"AA",19805,"AA","1809",11057,"CLT","Charlotte, NC","NC",13495,"MSY","New Orleans, LA","LA","1900","1856",-4.00,0.00,24.00,3.00,"1950","1949",-1.00,0.00,0.00,"",0.00,110.00,113.00,86.00,1.00,651.00,,,,,,
2016,7,7,4,2016-07-07,"AA",19805,"AA","1809",12953,"LGA","New York, NY","NY",11057,"CLT","Charlotte, NC","NC","1555","1609",14.00,14.00,14.00,29.00,"1809","1813",4.00,4.00,0.00,"",0.00,134.00,124.00,81.00,1.00,544.00,,,,,,
2016,7,7,4,2016-07-07,"AA",19805,"AA","1810",11057,"CLT","Charlotte, NC","NC",15304,"TPA","Tampa, FL","FL","1455","1449",-6.00,0.00,10.00,4.00,"1633","1618",-15.00,0.00,0.00,"",0.00,98.00,89.00,75.00,1.00,507.00,,,,,,
2016,7,7,4,2016-07-07,"AA",19805,"AA","1810",14027,"PBI","West Palm Beach/Palm Beach, FL","FL",11057,"CLT","Charlotte, NC","NC","1155","1151",-4.00,0.00,8.00,6.00,"1351","1338",-13.00,0.00,0.00,"",0.00,116.00,107.00,93.00,1.00,590.00,,,,,,
2016,7,7,4,2016-07-07,"AA",19805,"AA","1811",11292,"DEN","Denver, CO","CO",11057,"CLT","Charlotte, NC","NC","1205","1200",-5.00,0.00,12.00,12.00,"1724","1716",-8.00,0.00,0.00,"",0.00,199.00,196.00,172.00,1.00,1337.00,,,,,,
2016,7,7,4,2016-07-07,"AA",19805,"AA","1812",11057,"CLT","Charlotte, NC","NC",10721,"BOS","Boston, MA","MA","2215","2213",-2.00,0.00,19.00,8.00,"0025","0015",-10.00,0.00,0.00,"",0.00,130.00,122.00,95.00,1.00,728.00,,,,,,
2016,7,7,4,2016-07-07,"AA",19805,"AA","1812",14635,"RSW","Fort Myers, FL","FL",11057,"CLT","Charlotte, NC","NC","1915","1914",-1.00,0.00,10.00,7.00,"2111","2116",5.00,5.00,0.00,"",0.00,116.00,122.00,105.00,1.00,600.00,,,,,,
2016,7,7,4,2016-07-07,"AA",19805,"AA","1813",11057,"CLT","Charlotte, NC","NC",15304,"TPA","Tampa, FL","FL","0750","0745",-5.00,0.00,25.00,2.00,"0931","0921",-10.00,0.00,0.00,"",0.00,101.00,96.00,69.00,1.00,507.00,,,,,,
2016,7,7,4,2016-07-07,"AA",19805,"AA","1814",11057,"CLT","Charlotte, NC","NC",10397,"ATL","Atlanta, GA","GA","1135","1132",-3.00,0.00,16.00,12.00,"1254","1245",-9.00,0.00,0.00,"",0.00,79.00,73.00,45.00,1.00,226.00,,,,,,
2016,7,7,4,2016-07-07,"AA",19805,"AA","1814",14321,"PWM","Portland, ME","ME",11057,"CLT","Charlotte, NC","NC","0805","0805",0.00,0.00,9.00,3.00,"1031","1010",-21.00,0.00,0.00,"",0.00,146.00,125.00,113.00,1.00,813.00,,,,,,
2016,7,7,4,2016-07-07,"AA",19805,"AA","1816",11278,"DCA","Washington, DC","VA",13204,"MCO","Orlando, FL","FL","0940","0934",-6.00,0.00,12.00,25.00,"1204","1159",-5.00,0.00,0.00,"",0.00,144.00,145.00,108.00,1.00,759.00,,,,,,
2016,7,7,4,2016-07-07,"AA",19805,"AA","1816",13204,"MCO","Orlando, FL","FL",11278,"DCA","Washington, DC","VA","1245","1239",-6.00,0.00,13.00,3.00,"1459","1441",-18.00,0.00,0.00,"",0.00,134.00,122.00,106.00,1.00,759.00,,,,,,
2016,7,7,4,2016-07-07,"AA",19805,"AA","1817",11057,"CLT","Charlotte, NC","NC",10693,"BNA","Nashville, TN","TN","0800","0759",-1.00,0.00,29.00,7.00,"0827","0905",38.00,38.00,0.00,"",0.00,87.00,126.00,90.00,1.00,328.00,0.00,0.00,38.00,0.00,0.00,
2016,7,7,4,2016-07-07,"AA",19805,"AA","1820",11057,"CLT","Charlotte, NC","NC",14635,"RSW","Fort Myers, FL","FL","2209","2208",-1.00,0.00,29.00,5.00,"2357","0016",19.00,19.00,0.00,"",0.00,108.00,128.00,94.00,1.00,600.00,0.00,0.00,19.00,0.00,0.00,
2016,7,7,4,2016-07-07,"AA",19805,"AA","1821",10693,"BNA","Nashville, TN","TN",11057,"CLT","Charlotte, NC","NC","1250","1239",-11.00,0.00,17.00,35.00,"1520","1524",4.00,4.00,0.00,"",0.00,90.00,105.00,53.00,1.00,328.00,,,,,,
2016,7,7,4,2016-07-07,"AA",19805,"AA","1821",11057,"CLT","Charlotte, NC","NC",11433,"DTW","Detroit, MI","MI","1621","1616",-5.00,0.00,33.00,13.00,"1816","1822",6.00,6.00,0.00,"",0.00,115.00,126.00,80.00,1.00,500.00,,,,,,
2016,7,7,4,2016-07-07,"AA",19805,"AA","1822",14027,"PBI","West Palm Beach/Palm Beach, FL","FL",14100,"PHL","Philadelphia, PA","PA","1415","1427",12.00,12.00,15.00,6.00,"1659","1700",1.00,1.00,0.00,"",0.00,164.00,153.00,132.00,1.00,951.00,,,,,,
2016,7,7,4,2016-07-07,"AA",19805,"AA","1822",14100,"PHL","Philadelphia, PA","PA",14027,"PBI","West Palm Beach/Palm Beach, FL","FL","1005","1031",26.00,26.00,21.00,4.00,"1258","1301",3.00,3.00,0.00,"",0.00,173.00,150.00,125.00,1.00,951.00,,,,,,
2016,7,7,4,2016-07-07,"AA",19805,"AA","1824",14100,"PHL","Philadelphia, PA","PA",10721,"BOS","Boston, MA","MA","0600","0608",8.00,8.00,14.00,8.00,"0714","0717",3.00,3.00,0.00,"",0.00,74.00,69.00,47.00,1.00,280.00,,,,,,
2016,7,7,4,2016-07-07,"AA",19805,"AA","1825",15304,"TPA","Tampa, FL","FL",11057,"CLT","Charlotte, NC","NC","1345","1558",133.00,133.00,14.00,25.00,"1530","1751",141.00,141.00,0.00,"",0.00,105.00,113.00,74.00,1.00,507.00,0.00,59.00,8.00,0.00,74.00,
2016,7,7,4,2016-07-07,"AA",19805,"AA","1826",11292,"DEN","Denver, CO","CO",14107,"PHX","Phoenix, AZ","AZ","1215","1211",-4.00,0.00,20.00,5.00,"1302","1302",0.00,0.00,0.00,"",0.00,107.00,111.00,86.00,1.00,602.00,,,,,,
2016,7,7,4,2016-07-07,"AA",19805,"AA","1826",14107,"PHX","Phoenix, AZ","AZ",12889,"LAS","Las Vegas, NV","NV","1405","1406",1.00,1.00,17.00,8.00,"1515","1515",0.00,0.00,0.00,"",0.00,70.00,69.00,44.00,1.00,255.00,,,,,,
2016,7,7,4,2016-07-07,"AA",19805,"AA","1827",11057,"CLT","Charlotte, NC","NC",14683,"SAT","San Antonio, TX","TX","1445","1440",-5.00,0.00,20.00,2.00,"1636","1627",-9.00,0.00,0.00,"",0.00,171.00,167.00,145.00,1.00,1095.00,,,,,,
2016,7,7,4,2016-07-07,"AA",19805,"AA","1827",13244,"MEM","Memphis, TN","TN",11057,"CLT","Charlotte, NC","NC","1055","1052",-3.00,0.00,11.00,10.00,"1342","1339",-3.00,0.00,0.00,"",0.00,107.00,107.00,86.00,1.00,511.00,,,,,,
2016,7,7,4,2016-07-07,"AA",19805,"AA","1828",13303,"MIA","Miami, FL","FL",11057,"CLT","Charlotte, NC","NC","2132","2153",21.00,21.00,22.00,4.00,"2343","2352",9.00,9.00,0.00,"",0.00,131.00,119.00,93.00,1.00,650.00,,,,,,
2016,7,7,4,2016-07-07,"AA",19805,"AA","1829",11057,"CLT","Charlotte, NC","NC",14492,"RDU","Raleigh/Durham, NC","NC","2244","2254",10.00,10.00,14.00,7.00,"2337","2344",7.00,7.00,0.00,"",0.00,53.00,50.00,29.00,1.00,130.00,,,,,,
2016,7,7,4,2016-07-07,"AA",19805,"AA","1829",14747,"SEA","Seattle, WA","WA",11057,"CLT","Charlotte, NC","NC","1320","1319",-1.00,0.00,29.00,15.00,"2127","2116",-11.00,0.00,0.00,"",0.00,307.00,297.00,253.00,1.00,2279.00,,,,,,
2016,7,7,4,2016-07-07,"AA",19805,"AA","1831",11057,"CLT","Charlotte, NC","NC",13303,"MIA","Miami, FL","FL","1145","1252",67.00,67.00,12.00,3.00,"1354","1439",45.00,45.00,0.00,"",0.00,129.00,107.00,92.00,1.00,650.00,45.00,0.00,0.00,0.00,0.00,
2016,7,7,4,2016-07-07,"AA",19805,"AA","1831",14307,"PVD","Providence, RI","RI",11057,"CLT","Charlotte, NC","NC","0815","0810",-5.00,0.00,34.00,10.00,"1030","1031",1.00,1.00,0.00,"",0.00,135.00,141.00,97.00,1.00,683.00,,,,,,
2016,7,7,4,2016-07-07,"AA",19805,"AA","1832",12892,"LAX","Los Angeles, CA","CA",14747,"SEA","Seattle, WA","WA","1105","",,,,,"1351","",,,1.00,"C",0.00,166.00,,,1.00,954.00,,,,,,
2016,7,7,4,2016-07-07,"AA",19805,"AA","1832",14747,"SEA","Seattle, WA","WA",12892,"LAX","Los Angeles, CA","CA","1435","",,,,,"1727","",,,1.00,"C",0.00,172.00,,,1.00,954.00,,,,,,
2016,7,7,4,2016-07-07,"AA",19805,"AA","1833",14100,"PHL","Philadelphia, PA","PA",10397,"ATL","Atlanta, GA","GA","1635","1740",65.00,65.00,31.00,10.00,"1854","1958",64.00,64.00,0.00,"",0.00,139.00,138.00,97.00,1.00,666.00,12.00,0.00,0.00,0.00,52.00,
2016,7,7,4,2016-07-07,"AA",19805,"AA","1835",11057,"CLT","Charlotte, NC","NC",15096,"SYR","Syracuse, NY","NY","2237","2232",-5.00,0.00,22.00,5.00,"0025","0023",-2.00,0.00,0.00,"",0.00,108.00,111.00,84.00,1.00,603.00,,,,,,
2016,7,7,4,2016-07-07,"AA",19805,"AA","1835",13891,"ONT","Ontario, CA","CA",14107,"PHX","Phoenix, AZ","AZ","1215","1213",-2.00,0.00,8.00,8.00,"1329","1320",-9.00,0.00,0.00,"",0.00,74.00,67.00,51.00,1.00,325.00,,,,,,
2016,7,7,4,2016-07-07,"AA",19805,"AA","1835",14107,"PHX","Phoenix, AZ","AZ",11057,"CLT","Charlotte, NC","NC","1425","1423",-2.00,0.00,15.00,12.00,"2129","2125",-4.00,0.00,0.00,"",0.00,244.00,242.00,215.00,1.00,1773.00,,,,,,
2016,7,7,4,2016-07-07,"AA",19805,"AA","1836",13303,"MIA","Miami, FL","FL",14107,"PHX","Phoenix, AZ","AZ","0724","0713",-11.00,0.00,19.00,10.00,"0908","0852",-16.00,0.00,0.00,"",0.00,284.00,279.00,250.00,1.00,1972.00,,,,,,
2016,7,7,4,2016-07-07,"AA",19805,"AA","1836",14107,"PHX","Phoenix, AZ","AZ",12889,"LAS","Las Vegas, NV","NV","1025","1018",-7.00,0.00,16.00,7.00,"1140","1125",-15.00,0.00,0.00,"",0.00,75.00,67.00,44.00,1.00,255.00,,,,,,
2016,7,7,4,2016-07-07,"AA",19805,"AA","1837",11057,"CLT","Charlotte, NC","NC",14635,"RSW","Fort Myers, FL","FL","0745","0741",-4.00,0.00,16.00,4.00,"0941","0935",-6.00,0.00,0.00,"",0.00,116.00,114.00,94.00,1.00,600.00,,,,,,
2016,7,7,4,2016-07-07,"AA",19805,"AA","1838",13204,"MCO","Orlando, FL","FL",14100,"PHL","Philadelphia, PA","PA","1250","1334",44.00,44.00,25.00,5.00,"1518","1603",45.00,45.00,0.00,"",0.00,148.00,149.00,119.00,1.00,861.00,0.00,0.00,45.00,0.00,0.00,
2016,7,7,4,2016-07-07,"AA",19805,"AA","1838",14100,"PHL","Philadelphia, PA","PA",13204,"MCO","Orlando, FL","FL","0930","0923",-7.00,0.00,22.00,10.00,"1200","1149",-11.00,0.00,0.00,"",0.00,150.00,146.00,114.00,1.00,861.00,,,,,,
2016,7,7,4,2016-07-07,"AA",19805,"AA","1839",11057,"CLT","Charlotte, NC","NC",14100,"PHL","Philadelphia, PA","PA","0900","0908",8.00,8.00,9.00,4.00,"1035","1028",-7.00,0.00,0.00,"",0.00,95.00,80.00,67.00,1.00,449.00,,,,,,
2016,7,7,4,2016-07-07,"AA",19805,"AA","1839",11697,"FLL","Fort Lauderdale, FL","FL",11057,"CLT","Charlotte, NC","NC","0610","0603",-7.00,0.00,23.00,13.00,"0806","0819",13.00,13.00,0.00,"",0.00,116.00,136.00,100.00,1.00,632.00,,,,,,
2016,7,7,4,2016-07-07,"AA",19805,"AA","1840",11057,"CLT","Charlotte, NC","NC",14122,"PIT","Pittsburgh, PA","PA","1815","1816",1.00,1.00,32.00,5.00,"1943","1947",4.00,4.00,0.00,"",0.00,88.00,91.00,54.00,1.00,366.00,,,,,,
2016,7,7,4,2016-07-07,"AA",19805,"AA","1840",14492,"RDU","Raleigh/Durham, NC","NC",11057,"CLT","Charlotte, NC","NC","1610","1603",-7.00,0.00,27.00,15.00,"1712","1718",6.00,6.00,0.00,"",0.00,62.00,75.00,33.00,1.00,130.00,,,,,,
2016,7,7,4,2016-07-07,"AA",19805,"AA","1841",11278,"DCA","Washington, DC","VA",15304,"TPA","Tampa, FL","FL","1415","1412",-3.00,0.00,28.00,2.00,"1639","1640",1.00,1.00,0.00,"",0.00,144.00,148.00,118.00,1.00,814.00,,,,,,
2016,7,7,4,2016-07-07,"AA",19805,"AA","1841",15304,"TPA","Tampa, FL","FL",11278,"DCA","Washington, DC","VA","1810","1800",-10.00,0.00,10.00,31.00,"2028","2030",2.00,2.00,0.00,"",0.00,138.00,150.00,109.00,1.00,814.00,,,,,,
2016,7,7,4,2016-07-07,"AA",19805,"AA","1842",11057,"CLT","Charlotte, NC","NC",14122,"PIT","Pittsburgh, PA","PA","1310","1304",-6.00,0.00,13.00,8.00,"1436","1422",-14.00,0.00,0.00,"",0.00,86.00,78.00,57.00,1.00,366.00,,,,,,
2016,7,7,4,2016-07-07,"AA",19805,"AA","1842",12953,"LGA","New York, NY","NY",11057,"CLT","Charlotte, NC","NC","1005","1005",0.00,0.00,25.00,5.00,"1218","1156",-22.00,0.00,0.00,"",0.00,133.00,111.00,81.00,1.00,544.00,,,,,,
2016,7,7,4,2016-07-07,"AA",19805,"AA","1843",11057,"CLT","Charlotte, NC","NC",10257,"ALB","Albany, NY","NY","1624","1622",-2.00,0.00,25.00,3.00,"1826","1822",-4.00,0.00,0.00,"",0.00,122.00,120.00,92.00,1.00,646.00,,,,,,
2016,7,7,4,2016-07-07,"AA",19805,"AA","1843",12339,"IND","Indianapolis, IN","IN",11057,"CLT","Charlotte, NC","NC","1353","1346",-7.00,0.00,14.00,13.00,"1531","1520",-11.00,0.00,0.00,"",0.00,98.00,94.00,67.00,1.00,427.00,,,,,,
2016,7,7,4,2016-07-07,"AA",19805,"AA","1844",11057,"CLT","Charlotte, NC","NC",13930,"ORD","Chicago, IL","IL","1125","1127",2.00,2.00,28.00,11.00,"1230","1240",10.00,10.00,0.00,"",0.00,125.00,133.00,94.00,1.00,599.00,,,,,,
2016,7,7,4,2016-07-07,"AA",19805,"AA","1846",11278,"DCA","Washington, DC","VA",15304,"TPA","Tampa, FL","FL","1140","1135",-5.00,0.00,16.00,28.00,"1355","1409",14.00,14.00,0.00,"",0.00,135.00,154.00,110.00,1.00,814.00,,,,,,
2016,7,7,4,2016-07-07,"AA",19805,"AA","1846",15304,"TPA","Tampa, FL","FL",11278,"DCA","Washington, DC","VA","1458","1507",9.00,9.00,13.00,10.00,"1714","1719",5.00,5.00,0.00,"",0.00,136.00,132.00,109.00,1.00,814.00,,,,,,
2016,7,7,4,2016-07-07,"AA",19805,"AA","1847",10693,"BNA","Nashville, TN","TN",11057,"CLT","Charlotte, NC","NC","0745","0856",71.00,71.00,14.00,5.00,"1014","1104",50.00,50.00,0.00,"",0.00,89.00,68.00,49.00,1.00,328.00,0.00,50.00,0.00,0.00,0.00,
2016,7,7,4,2016-07-07,"AA",19805,"AA","1847",11057,"CLT","Charlotte, NC","NC",14100,"PHL","Philadelphia, PA","PA","1115","1124",9.00,9.00,28.00,9.00,"1249","1311",22.00,22.00,0.00,"",0.00,94.00,107.00,70.00,1.00,449.00,3.00,0.00,13.00,0.00,6.00,
2016,7,7,4,2016-07-07,"AA",19805,"AA","1848",11697,"FLL","Fort Lauderdale, FL","FL",14100,"PHL","Philadelphia, PA","PA","0610","0607",-3.00,0.00,13.00,3.00,"0854","0826",-28.00,0.00,0.00,"",0.00,164.00,139.00,123.00,1.00,992.00,,,,,,
2016,7,7,4,2016-07-07,"AA",19805,"AA","1849",11057,"CLT","Charlotte, NC","NC",12451,"JAX","Jacksonville, FL","FL","1319","1319",0.00,0.00,23.00,5.00,"1440","1438",-2.00,0.00,0.00,"",0.00,81.00,79.00,51.00,1.00,328.00,,,,,,
2016,7,7,4,2016-07-07,"AA",19805,"AA","1849",14635,"RSW","Fort Myers, FL","FL",11057,"CLT","Charlotte, NC","NC","1025","1016",-9.00,0.00,12.00,8.00,"1220","1211",-9.00,0.00,0.00,"",0.00,115.00,115.00,95.00,1.00,600.00,,,,,,
2016,7,7,4,2016-07-07,"AA",19805,"AA","1850",13204,"MCO","Orlando, FL","FL",14100,"PHL","Philadelphia, PA","PA","1020","1011",-9.00,0.00,15.00,5.00,"1241","1234",-7.00,0.00,0.00,"",0.00,141.00,143.00,123.00,1.00,861.00,,,,,,
2016,7,7,4,2016-07-07,"AA",19805,"AA","1850",14100,"PHL","Philadelphia, PA","PA",13204,"MCO","Orlando, FL","FL","0655","0653",-2.00,0.00,13.00,10.00,"0915","0911",-4.00,0.00,0.00,"",0.00,140.00,138.00,115.00,1.00,861.00,,,,,,
2016,7,7,4,2016-07-07,"AA",19805,"AA","1851",11057,"CLT","Charlotte, NC","NC",13930,"ORD","Chicago, IL","IL","2000","2020",20.00,20.00,12.00,6.00,"2107","2139",32.00,32.00,0.00,"",0.00,127.00,139.00,121.00,1.00,599.00,0.00,0.00,32.00,0.00,0.00,
2016,7,7,4,2016-07-07,"AA",19805,"AA","1852",11057,"CLT","Charlotte, NC","NC",14843,"SJU","San Juan, PR","PR","0950","1019",29.00,29.00,21.00,8.00,"1342","1359",17.00,17.00,0.00,"",0.00,232.00,220.00,191.00,1.00,1475.00,6.00,0.00,0.00,0.00,11.00,
2016,7,7,4,2016-07-07,"AA",19805,"AA","1853",11057,"CLT","Charlotte, NC","NC",14635,"RSW","Fort Myers, FL","FL","0950","0945",-5.00,0.00,26.00,3.00,"1151","1141",-10.00,0.00,0.00,"",0.00,121.00,116.00,87.00,1.00,600.00,,,,,,
2016,7,7,4,2016-07-07,"AA",19805,"AA","1853",13487,"MSP","Minneapolis, MN","MN",11057,"CLT","Charlotte, NC","NC","0520","0516",-4.00,0.00,13.00,9.00,"0849","0839",-10.00,0.00,0.00,"",0.00,149.00,143.00,121.00,1.00,930.00,,,,,,
2016,7,7,4,2016-07-07,"AA",19805,"AA","1854",11057,"CLT","Charlotte, NC","NC",10397,"ATL","Atlanta, GA","GA","2245","2249",4.00,4.00,26.00,6.00,"2358","2400",2.00,2.00,0.00,"",0.00,73.00,71.00,39.00,1.00,226.00,,,,,,
2016,7,7,4,2016-07-07,"AA",19805,"AA","1854",14107,"PHX","Phoenix, AZ","AZ",11057,"CLT","Charlotte, NC","NC","1445","1441",-4.00,0.00,14.00,13.00,"2149","2152",3.00,3.00,0.00,"",0.00,244.00,251.00,224.00,1.00,1773.00,,,,,,
2016,7,7,4,2016-07-07,"AA",19805,"AA","1854",14771,"SFO","San Francisco, CA","CA",14107,"PHX","Phoenix, AZ","AZ","1140","1139",-1.00,0.00,26.00,4.00,"1341","1340",-1.00,0.00,0.00,"",0.00,121.00,121.00,91.00,1.00,651.00,,,,,,
2016,7,7,4,2016-07-07,"AA",19805,"AA","1855",11057,"CLT","Charlotte, NC","NC",13487,"MSP","Minneapolis, MN","MN","1450","1443",-7.00,0.00,21.00,4.00,"1632","1615",-17.00,0.00,0.00,"",0.00,162.00,152.00,127.00,1.00,930.00,,,,,,
2016,7,7,4,2016-07-07,"AA",19805,"AA","1855",15304,"TPA","Tampa, FL","FL",11057,"CLT","Charlotte, NC","NC","1150","1147",-3.00,0.00,17.00,14.00,"1334","1344",10.00,10.00,0.00,"",0.00,104.00,117.00,86.00,1.00,507.00,,,,,,
2016,7,7,4,2016-07-07,"AA",19805,"AA","1856",14107,"PHX","Phoenix, AZ","AZ",14100,"PHL","Philadelphia, PA","PA","0700","0656",-4.00,0.00,20.00,8.00,"1434","1433",-1.00,0.00,0.00,"",0.00,274.00,277.00,249.00,1.00,2075.00,,,,,,
2016,7,7,4,2016-07-07,"AA",19805,"AA","1857",11057,"CLT","Charlotte, NC","NC",13204,"MCO","Orlando, FL","FL","2220","2216",-4.00,0.00,31.00,8.00,"2356","0006",10.00,10.00,0.00,"",0.00,96.00,110.00,71.00,1.00,468.00,,,,,,
2016,7,7,4,2016-07-07,"AA",19805,"AA","1857",12889,"LAS","Las Vegas, NV","NV",11057,"CLT","Charlotte, NC","NC","1355","1349",-6.00,0.00,18.00,8.00,"2118","2058",-20.00,0.00,0.00,"",0.00,263.00,249.00,223.00,1.00,1916.00,,,,,,
2016,7,7,4,2016-07-07,"AA",19805,"AA","1860",11057,"CLT","Charlotte, NC","NC",14576,"ROC","Rochester, NY","NY","1440","1435",-5.00,0.00,21.00,4.00,"1627","1622",-5.00,0.00,0.00,"",0.00,107.00,107.00,82.00,1.00,573.00,,,,,,
2016,7,7,4,2016-07-07,"AA",19805,"AA","1860",13198,"MCI","Kansas City, MO","MO",11057,"CLT","Charlotte, NC","NC","1015","1013",-2.00,0.00,16.00,8.00,"1331","1345",14.00,14.00,0.00,"",0.00,136.00,152.00,128.00,1.00,808.00,,,,,,
2016,7,7,4,2016-07-07,"AA",19805,"AA","1861",11057,"CLT","Charlotte, NC","NC",14492,"RDU","Raleigh/Durham, NC","NC","2016","2014",-2.00,0.00,15.00,8.00,"2111","2110",-1.00,0.00,0.00,"",0.00,55.00,56.00,33.00,1.00,130.00,,,,,,
2016,7,7,4,2016-07-07,"AA",19805,"AA","1861",14524,"RIC","Richmond, VA","VA",11057,"CLT","Charlotte, NC","NC","1757","1746",-11.00,0.00,17.00,18.00,"1915","1908",-7.00,0.00,0.00,"",0.00,78.00,82.00,47.00,1.00,257.00,,,,,,
2016,7,7,4,2016-07-07,"AA",19805,"AA","1862",11057,"CLT","Charlotte, NC","NC",14107,"PHX","Phoenix, AZ","AZ","1924","1920",-4.00,0.00,12.00,11.00,"2038","2035",-3.00,0.00,0.00,"",0.00,254.00,255.00,232.00,1.00,1773.00,,,,,,
2016,7,7,4,2016-07-07,"AA",19805,"AA","1862",14843,"SJU","San Juan, PR","PR",11057,"CLT","Charlotte, NC","NC","1440","1452",12.00,12.00,16.00,11.00,"1829","1833",4.00,4.00,0.00,"",0.00,229.00,221.00,194.00,1.00,1475.00,,,,,,
2016,7,7,4,2016-07-07,"AA",19805,"AA","1864",11057,"CLT","Charlotte, NC","NC",11278,"DCA","Washington, DC","VA","1640","1642",2.00,2.00,52.00,3.00,"1810","1833",23.00,23.00,0.00,"",0.00,90.00,111.00,56.00,1.00,331.00,0.00,2.00,21.00,0.00,0.00,
2016,7,7,4,2016-07-07,"AA",19805,"AA","1864",14524,"RIC","Richmond, VA","VA",11057,"CLT","Charlotte, NC","NC","1430","1424",-6.00,0.00,16.00,11.00,"1542","1537",-5.00,0.00,0.00,"",0.00,72.00,73.00,46.00,1.00,257.00,,,,,,
2016,7,7,4,2016-07-07,"AA",19805,"AA","1865",11057,"CLT","Charlotte, NC","NC",11292,"DEN","Denver, CO","CO","2225","2226",1.00,1.00,28.00,9.00,"2356","0022",26.00,26.00,0.00,"",0.00,211.00,236.00,199.00,1.00,1337.00,0.00,0.00,25.00,0.00,1.00,
2016,7,7,4,2016-07-07,"AA",19805,"AA","1865",12478,"JFK","New York, NY","NY",11057,"CLT","Charlotte, NC","NC","1900","1945",45.00,45.00,35.00,10.00,"2114","2147",33.00,33.00,0.00,"",0.00,134.00,122.00,77.00,1.00,541.00,0.00,0.00,0.00,0.00,33.00,
2016,7,7,4,2016-07-07,"AA",19805,"AA","1866",11057,"CLT","Charlotte, NC","NC",14027,"PBI","West Palm Beach/Palm Beach, FL","FL","0919","0914",-5.00,0.00,11.00,6.00,"1103","1052",-11.00,0.00,0.00,"",0.00,104.00,98.00,81.00,1.00,590.00,,,,,,
2016,7,7,4,2016-07-07,"AA",19805,"AA","1866",11618,"EWR","Newark, NJ","NJ",11057,"CLT","Charlotte, NC","NC","0600","0557",-3.00,0.00,19.00,8.00,"0749","0738",-11.00,0.00,0.00,"",0.00,109.00,101.00,74.00,1.00,529.00,,,,,,
2016,7,7,4,2016-07-07,"AA",19805,"AA","1867",11057,"CLT","Charlotte, NC","NC",10693,"BNA","Nashville, TN","TN","2004","2003",-1.00,0.00,18.00,5.00,"2024","2030",6.00,6.00,0.00,"",0.00,80.00,87.00,64.00,1.00,328.00,,,,,,
2016,7,7,4,2016-07-07,"AA",19805,"AA","1867",15304,"TPA","Tampa, FL","FL",11057,"CLT","Charlotte, NC","NC","1720","1713",-7.00,0.00,22.00,12.00,"1908","1910",2.00,2.00,0.00,"",0.00,108.00,117.00,83.00,1.00,507.00,,,,,,
2016,7,7,4,2016-07-07,"AA",19805,"AA","1868",11057,"CLT","Charlotte, NC","NC",10994,"CHS","Charleston, SC","SC","1114","1113",-1.00,0.00,9.00,9.00,"1209","1202",-7.00,0.00,0.00,"",0.00,55.00,49.00,31.00,1.00,168.00,,,,,,
2016,7,7,4,2016-07-07,"AA",19805,"AA","1868",14576,"ROC","Rochester, NY","NY",11057,"CLT","Charlotte, NC","NC","0810","0812",2.00,2.00,14.00,14.00,"1008","1001",-7.00,0.00,0.00,"",0.00,118.00,109.00,81.00,1.00,573.00,,,,,,
2016,7,7,4,2016-07-07,"AA",19805,"AA","1870",11057,"CLT","Charlotte, NC","NC",14576,"ROC","Rochester, NY","NY","2215","2210",-5.00,0.00,12.00,3.00,"2358","2344",-14.00,0.00,0.00,"",0.00,103.00,94.00,79.00,1.00,573.00,,,,,,
2016,7,7,4,2016-07-07,"AA",19805,"AA","1870",14683,"SAT","San Antonio, TX","TX",11057,"CLT","Charlotte, NC","NC","1735","1724",-11.00,0.00,16.00,10.00,"2127","2113",-14.00,0.00,0.00,"",0.00,172.00,169.00,143.00,1.00,1095.00,,,,,,
2016,7,7,4,2016-07-07,"AA",19805,"AA","1871",10529,"BDL","Hartford, CT","CT",11057,"CLT","Charlotte, NC","NC","1705","1659",-6.00,0.00,10.00,19.00,"1913","1858",-15.00,0.00,0.00,"",0.00,128.00,119.00,90.00,1.00,644.00,,,,,,
2016,7,7,4,2016-07-07,"AA",19805,"AA","1871",11057,"CLT","Charlotte, NC","NC",15304,"TPA","Tampa, FL","FL","2006","2004",-2.00,0.00,22.00,4.00,"2141","2155",14.00,14.00,0.00,"",0.00,95.00,111.00,85.00,1.00,507.00,,,,,,
2016,7,7,4,2016-07-07,"AA",19805,"AA","1872",11278,"DCA","Washington, DC","VA",13204,"MCO","Orlando, FL","FL","1145","1139",-6.00,0.00,13.00,8.00,"1401","1343",-18.00,0.00,0.00,"",0.00,136.00,124.00,103.00,1.00,759.00,,,,,,
2016,7,7,4,2016-07-07,"AA",19805,"AA","1872",13204,"MCO","Orlando, FL","FL",11278,"DCA","Washington, DC","VA","1505","1455",-10.00,0.00,8.00,48.00,"1719","1735",16.00,16.00,0.00,"",0.00,134.00,160.00,104.00,1.00,759.00,0.00,0.00,16.00,0.00,0.00,
2016,7,7,4,2016-07-07,"AA",19805,"AA","1873",11057,"CLT","Charlotte, NC","NC",15304,"TPA","Tampa, FL","FL","2210","2251",41.00,41.00,21.00,8.00,"2344","0034",50.00,50.00,0.00,"",0.00,94.00,103.00,74.00,1.00,507.00,0.00,0.00,9.00,0.00,41.00,
2016,7,7,4,2016-07-07,"AA",19805,"AA","1873",12892,"LAX","Los Angeles, CA","CA",11057,"CLT","Charlotte, NC","NC","1300","1259",-1.00,0.00,14.00,10.00,"2052","2041",-11.00,0.00,0.00,"",0.00,292.00,282.00,258.00,1.00,2125.00,,,,,,
2016,7,7,4,2016-07-07,"AA",19805,"AA","1874",11278,"DCA","Washington, DC","VA",13204,"MCO","Orlando, FL","FL","1545","1539",-6.00,0.00,32.00,12.00,"1805","1818",13.00,13.00,0.00,"",0.00,140.00,159.00,115.00,1.00,759.00,,,,,,
2016,7,7,4,2016-07-07,"AA",19805,"AA","1874",13204,"MCO","Orlando, FL","FL",11278,"DCA","Washington, DC","VA","2007","2013",6.00,6.00,11.00,35.00,"2215","2241",26.00,26.00,0.00,"",0.00,128.00,148.00,102.00,1.00,759.00,6.00,0.00,20.00,0.00,0.00,
2016,7,7,4,2016-07-07,"AA",19805,"AA","1876",11278,"DCA","Washington, DC","VA",13204,"MCO","Orlando, FL","FL","1930","1923",-7.00,0.00,21.00,10.00,"2145","2145",0.00,0.00,0.00,"",0.00,135.00,142.00,111.00,1.00,759.00,,,,,,
2016,7,7,4,2016-07-07,"AA",19805,"AA","1877",11057,"CLT","Charlotte, NC","NC",13303,"MIA","Miami, FL","FL","0700","0659",-1.00,0.00,18.00,4.00,"0856","0850",-6.00,0.00,0.00,"",0.00,116.00,111.00,89.00,1.00,650.00,,,,,,
2016,7,7,4,2016-07-07,"AA",19805,"AA","1878",11057,"CLT","Charlotte, NC","NC",11298,"DFW","Dallas/Fort Worth, TX","TX","1325","1344",19.00,19.00,11.00,10.00,"1511","1516",5.00,5.00,0.00,"",0.00,166.00,152.00,131.00,1.00,936.00,,,,,,
2016,7,7,4,2016-07-07,"AA",19805,"AA","1878",13303,"MIA","Miami, FL","FL",11057,"CLT","Charlotte, NC","NC","0954","0952",-2.00,0.00,18.00,9.00,"1211","1156",-15.00,0.00,0.00,"",0.00,137.00,124.00,97.00,1.00,650.00,,,,,,
2016,7,7,4,2016-07-07,"AA",19805,"AA","1879",10721,"BOS","Boston, MA","MA",11057,"CLT","Charlotte, NC","NC","1251","1243",-8.00,0.00,16.00,7.00,"1512","1451",-21.00,0.00,0.00,"",0.00,141.00,128.00,105.00,1.00,728.00,,,,,,
2016,7,7,4,2016-07-07,"AA",19805,"AA","1879",11057,"CLT","Charlotte, NC","NC",14747,"SEA","Seattle, WA","WA","1615","1609",-6.00,0.00,17.00,10.00,"1850","1846",-4.00,0.00,0.00,"",0.00,335.00,337.00,310.00,1.00,2279.00,,,,,,
2016,7,7,4,2016-07-07,"AA",19805,"AA","1879",14107,"PHX","Phoenix, AZ","AZ",13487,"MSP","Minneapolis, MN","MN","2359","2352",-7.00,0.00,11.00,30.00,"0453","0505",12.00,12.00,0.00,"",0.00,174.00,193.00,152.00,1.00,1276.00,,,,,,
2016,7,7,4,2016-07-07,"AA",19805,"AA","1879",14747,"SEA","Seattle, WA","WA",14107,"PHX","Phoenix, AZ","AZ","1950","1951",1.00,1.00,14.00,4.00,"2245","2233",-12.00,0.00,0.00,"",0.00,175.00,162.00,144.00,1.00,1107.00,,,,,,
2016,7,7,4,2016-07-07,"AA",19805,"AA","1880",11278,"DCA","Washington, DC","VA",14027,"PBI","West Palm Beach/Palm Beach, FL","FL","1155","1155",0.00,0.00,73.00,4.00,"1423","1518",55.00,55.00,0.00,"",0.00,148.00,203.00,126.00,1.00,857.00,0.00,0.00,55.00,0.00,0.00,
2016,7,7,4,2016-07-07,"AA",19805,"AA","1880",14027,"PBI","West Palm Beach/Palm Beach, FL","FL",11278,"DCA","Washington, DC","VA","1616","1613",-3.00,0.00,10.00,15.00,"1835","1834",-1.00,0.00,0.00,"",0.00,139.00,141.00,116.00,1.00,857.00,,,,,,
2016,7,7,4,2016-07-07,"AA",19805,"AA","1881",14100,"PHL","Philadelphia, PA","PA",14107,"PHX","Phoenix, AZ","AZ","1820","1900",40.00,40.00,42.00,6.00,"2035","2134",59.00,59.00,0.00,"",0.00,315.00,334.00,286.00,1.00,2075.00,13.00,0.00,19.00,0.00,27.00,
2016,7,7,4,2016-07-07,"AA",19805,"AA","1883",14100,"PHL","Philadelphia, PA","PA",13487,"MSP","Minneapolis, MN","MN","0730","0723",-7.00,0.00,18.00,10.00,"0921","0913",-8.00,0.00,0.00,"",0.00,171.00,170.00,142.00,1.00,980.00,,,,,,
2016,7,7,4,2016-07-07,"AA",19805,"AA","1884",13487,"MSP","Minneapolis, MN","MN",14100,"PHL","Philadelphia, PA","PA","1015","1005",-10.00,0.00,28.00,6.00,"1348","1349",1.00,1.00,0.00,"",0.00,153.00,164.00,130.00,1.00,980.00,,,,,,
2016,7,7,4,2016-07-07,"AA",19805,"AA","1885",11057,"CLT","Charlotte, NC","NC",10792,"BUF","Buffalo, NY","NY","2015","2008",-7.00,0.00,22.00,2.00,"2158","2151",-7.00,0.00,0.00,"",0.00,103.00,103.00,79.00,1.00,546.00,,,,,,
2016,7,7,4,2016-07-07,"AA",19805,"AA","1886",11057,"CLT","Charlotte, NC","NC",14524,"RIC","Richmond, VA","VA","1609","1603",-6.00,0.00,12.00,6.00,"1716","1702",-14.00,0.00,0.00,"",0.00,67.00,59.00,41.00,1.00,257.00,,,,,,
2016,7,7,4,2016-07-07,"AA",19805,"AA","1886",11278,"DCA","Washington, DC","VA",11057,"CLT","Charlotte, NC","NC","1355","1350",-5.00,0.00,17.00,3.00,"1523","1504",-19.00,0.00,0.00,"",0.00,88.00,74.00,54.00,1.00,331.00,,,,,,
2016,7,7,4,2016-07-07,"AA",19805,"AA","1887",14100,"PHL","Philadelphia, PA","PA",10397,"ATL","Atlanta, GA","GA","1435","1431",-4.00,0.00,38.00,10.00,"1643","1655",12.00,12.00,0.00,"",0.00,128.00,144.00,96.00,1.00,666.00,,,,,,
2016,7,7,4,2016-07-07,"AA",19805,"AA","1888",14100,"PHL","Philadelphia, PA","PA",10721,"BOS","Boston, MA","MA","1915","2246",211.00,211.00,13.00,8.00,"2039","0003",204.00,204.00,0.00,"",0.00,84.00,77.00,56.00,1.00,280.00,204.00,0.00,0.00,0.00,0.00,
2016,7,7,4,2016-07-07,"AA",19805,"AA","1889",10821,"BWI","Baltimore, MD","MD",11057,"CLT","Charlotte, NC","NC","1347","1406",19.00,19.00,14.00,19.00,"1512","1534",22.00,22.00,0.00,"",0.00,85.00,88.00,55.00,1.00,361.00,0.00,0.00,3.00,0.00,19.00,
2016,7,7,4,2016-07-07,"AA",19805,"AA","1889",11057,"CLT","Charlotte, NC","NC",10529,"BDL","Hartford, CT","CT","1619","1647",28.00,28.00,29.00,4.00,"1818","1852",34.00,34.00,0.00,"",0.00,119.00,125.00,92.00,1.00,644.00,0.00,25.00,6.00,0.00,3.00,
2016,7,7,4,2016-07-07,"AA",19805,"AA","1893",11057,"CLT","Charlotte, NC","NC",10423,"AUS","Austin, TX","TX","2210","2204",-6.00,0.00,14.00,4.00,"2352","2333",-19.00,0.00,0.00,"",0.00,162.00,149.00,131.00,1.00,1032.00,,,,,,
2016,7,7,4,2016-07-07,"AA",19805,"AA","1893",11433,"DTW","Detroit, MI","MI",11057,"CLT","Charlotte, NC","NC","1856","1858",2.00,2.00,10.00,14.00,"2045","2030",-15.00,0.00,0.00,"",0.00,109.00,92.00,68.00,1.00,500.00,,,,,,
2016,7,7,4,2016-07-07,"AA",19805,"AA","1894",11298,"DFW","Dallas/Fort Worth, TX","TX",13930,"ORD","Chicago, IL","IL","0510","0504",-6.00,0.00,16.00,16.00,"0729","0728",-1.00,0.00,0.00,"",0.00,139.00,144.00,112.00,1.00,802.00,,,,,,
2016,7,7,4,2016-07-07,"AA",19805,"AA","1894",13930,"ORD","Chicago, IL","IL",14100,"PHL","Philadelphia, PA","PA","0835","0831",-4.00,0.00,14.00,9.00,"1139","1127",-12.00,0.00,0.00,"",0.00,124.00,116.00,93.00,1.00,678.00,,,,,,
2016,7,7,4,2016-07-07,"AA",19805,"AA","1895",14107,"PHX","Phoenix, AZ","AZ",15016,"STL","St. Louis, MO","MO","2355","2345",-10.00,0.00,13.00,4.00,"0447","0450",3.00,3.00,0.00,"",0.00,172.00,185.00,168.00,1.00,1262.00,,,,,,
2016,7,7,4,2016-07-07,"AA",19805,"AA","1896",14747,"SEA","Seattle, WA","WA",14107,"PHX","Phoenix, AZ","AZ","0820","0816",-4.00,0.00,28.00,2.00,"1111","1105",-6.00,0.00,0.00,"",0.00,171.00,169.00,139.00,1.00,1107.00,,,,,,
2016,7,7,4,2016-07-07,"AA",19805,"AA","1898",11057,"CLT","Charlotte, NC","NC",12266,"IAH","Houston, TX","TX","0755","0748",-7.00,0.00,25.00,8.00,"0930","0926",-4.00,0.00,0.00,"",0.00,155.00,158.00,125.00,1.00,912.00,,,,,,
2016,7,7,4,2016-07-07,"AA",19805,"AA","1899",11057,"CLT","Charlotte, NC","NC",13204,"MCO","Orlando, FL","FL","1640","1648",8.00,8.00,20.00,10.00,"1823","1827",4.00,4.00,0.00,"",0.00,103.00,99.00,69.00,1.00,468.00,,,,,,
2016,7,7,4,2016-07-07,"AA",19805,"AA","1899",12892,"LAX","Los Angeles, CA","CA",14107,"PHX","Phoenix, AZ","AZ","0600","0553",-7.00,0.00,14.00,10.00,"0730","0713",-17.00,0.00,0.00,"",0.00,90.00,80.00,56.00,1.00,370.00,,,,,,
2016,7,7,4,2016-07-07,"AA",19805,"AA","1899",14107,"PHX","Phoenix, AZ","AZ",11057,"CLT","Charlotte, NC","NC","0835","0833",-2.00,0.00,20.00,9.00,"1542","1542",0.00,0.00,0.00,"",0.00,247.00,249.00,220.00,1.00,1773.00,,,,,,
2016,7,7,4,2016-07-07,"AA",19805,"AA","1903",11057,"CLT","Charlotte, NC","NC",14307,"PVD","Providence, RI","RI","0735","0731",-4.00,0.00,13.00,4.00,"0935","0926",-9.00,0.00,0.00,"",0.00,120.00,115.00,98.00,1.00,683.00,,,,,,
2016,7,7,4,2016-07-07,"AA",19805,"AA","1903",14524,"RIC","Richmond, VA","VA",11057,"CLT","Charlotte, NC","NC","0513","0506",-7.00,0.00,39.00,5.00,"0626","0636",10.00,10.00,0.00,"",0.00,73.00,90.00,46.00,1.00,257.00,,,,,,
2016,7,7,4,2016-07-07,"AA",19805,"AA","1904",11057,"CLT","Charlotte, NC","NC",14122,"PIT","Pittsburgh, PA","PA","0800","0755",-5.00,0.00,28.00,5.00,"0929","0926",-3.00,0.00,0.00,"",0.00,89.00,91.00,58.00,1.00,366.00,,,,,,
2016,7,7,4,2016-07-07,"AA",19805,"AA","1904",11278,"DCA","Washington, DC","VA",11057,"CLT","Charlotte, NC","NC","0540","0537",-3.00,0.00,12.00,6.00,"0700","0646",-14.00,0.00,0.00,"",0.00,80.00,69.00,51.00,1.00,331.00,,,,,,
2016,7,7,4,2016-07-07,"AA",19805,"AA","1905",11057,"CLT","Charlotte, NC","NC",13204,"MCO","Orlando, FL","FL","0919","0915",-4.00,0.00,17.00,13.00,"1054","1049",-5.00,0.00,0.00,"",0.00,95.00,94.00,64.00,1.00,468.00,,,,,,
2016,7,7,4,2016-07-07,"AA",19805,"AA","1905",12889,"LAS","Las Vegas, NV","NV",11057,"CLT","Charlotte, NC","NC","0055","0051",-4.00,0.00,12.00,13.00,"0809","0805",-4.00,0.00,0.00,"",0.00,254.00,254.00,229.00,1.00,1916.00,,,,,,
2016,7,7,4,2016-07-07,"AA",19805,"AA","1906",11057,"CLT","Charlotte, NC","NC",13198,"MCI","Kansas City, MO","MO","0755","0748",-7.00,0.00,12.00,7.00,"0927","0928",1.00,1.00,0.00,"",0.00,152.00,160.00,141.00,1.00,808.00,,,,,,
2016,7,7,4,2016-07-07,"AA",19805,"AA","1908",11057,"CLT","Charlotte, NC","NC",13930,"ORD","Chicago, IL","IL","1755","1755",0.00,0.00,92.00,14.00,"1901","2038",97.00,97.00,0.00,"",0.00,126.00,223.00,117.00,1.00,599.00,0.00,0.00,97.00,0.00,0.00,
2016,7,7,4,2016-07-07,"AA",19805,"AA","1908",13930,"ORD","Chicago, IL","IL",14107,"PHX","Phoenix, AZ","AZ","2015","2121",66.00,66.00,27.00,7.00,"2158","2316",78.00,78.00,0.00,"",0.00,223.00,235.00,201.00,1.00,1440.00,0.00,0.00,12.00,0.00,66.00,
2016,7,7,4,2016-07-07,"AA",19805,"AA","1908",14107,"PHX","Phoenix, AZ","AZ",14747,"SEA","Seattle, WA","WA","2259","2357",58.00,58.00,15.00,5.00,"0149","0241",52.00,52.00,0.00,"",0.00,170.00,164.00,144.00,1.00,1107.00,52.00,0.00,0.00,0.00,0.00,
2016,7,7,4,2016-07-07,"AA",19805,"AA","1908",14771,"SFO","San Francisco, CA","CA",11057,"CLT","Charlotte, NC","NC","0849","0842",-7.00,0.00,20.00,11.00,"1652","1638",-14.00,0.00,0.00,"",0.00,303.00,296.00,265.00,1.00,2296.00,,,,,,
2016,7,7,4,2016-07-07,"AA",19805,"AA","1909",11057,"CLT","Charlotte, NC","NC",13495,"MSY","New Orleans, LA","LA","0730","0740",10.00,10.00,15.00,3.00,"0826","0822",-4.00,0.00,0.00,"",0.00,116.00,102.00,84.00,1.00,651.00,,,,,,
2016,7,7,4,2016-07-07,"AA",19805,"AA","1910",11057,"CLT","Charlotte, NC","NC",12953,"LGA","New York, NY","NY","0955","0954",-1.00,0.00,20.00,16.00,"1152","1147",-5.00,0.00,0.00,"",0.00,117.00,113.00,77.00,1.00,544.00,,,,,,
2016,7,7,4,2016-07-07,"AA",19805,"AA","1910",12892,"LAX","Los Angeles, CA","CA",11057,"CLT","Charlotte, NC","NC","0055","0053",-2.00,0.00,22.00,9.00,"0847","0835",-12.00,0.00,0.00,"",0.00,292.00,282.00,251.00,1.00,2125.00,,,,,,
2016,7,7,4,2016-07-07,"AA",19805,"AA","1912",10821,"BWI","Baltimore, MD","MD",11057,"CLT","Charlotte, NC","NC","0700","0652",-8.00,0.00,19.00,5.00,"0831","0817",-14.00,0.00,0.00,"",0.00,91.00,85.00,61.00,1.00,361.00,,,,,,
2016,7,7,4,2016-07-07,"AA",19805,"AA","1912",11057,"CLT","Charlotte, NC","NC",14747,"SEA","Seattle, WA","WA","0940","0939",-1.00,0.00,17.00,15.00,"1220","1219",-1.00,0.00,0.00,"",0.00,340.00,340.00,308.00,1.00,2279.00,,,,,,
2016,7,7,4,2016-07-07,"AA",19805,"AA","1915",11057,"CLT","Charlotte, NC","NC",14492,"RDU","Raleigh/Durham, NC","NC","1811","1814",3.00,3.00,20.00,3.00,"1910","1907",-3.00,0.00,0.00,"",0.00,59.00,53.00,30.00,1.00,130.00,,,,,,
2016,7,7,4,2016-07-07,"AA",19805,"AA","1916",11057,"CLT","Charlotte, NC","NC",13930,"ORD","Chicago, IL","IL","0755","0749",-6.00,0.00,18.00,9.00,"0907","0846",-21.00,0.00,0.00,"",0.00,132.00,117.00,90.00,1.00,599.00,,,,,,
2016,7,7,4,2016-07-07,"AA",19805,"AA","1916",13204,"MCO","Orlando, FL","FL",11057,"CLT","Charlotte, NC","NC","0515","0510",-5.00,0.00,14.00,5.00,"0649","0640",-9.00,0.00,0.00,"",0.00,94.00,90.00,71.00,1.00,468.00,,,,,,
2016,7,7,4,2016-07-07,"AA",19805,"AA","1920",14771,"SFO","San Francisco, CA","CA",11057,"CLT","Charlotte, NC","NC","1055","1052",-3.00,0.00,21.00,12.00,"1859","1903",4.00,4.00,0.00,"",0.00,304.00,311.00,278.00,1.00,2296.00,,,,,,
2016,7,7,4,2016-07-07,"AA",19805,"AA","1921",11057,"CLT","Charlotte, NC","NC",12451,"JAX","Jacksonville, FL","FL","2015","2010",-5.00,0.00,20.00,4.00,"2132","2131",-1.00,0.00,0.00,"",0.00,77.00,81.00,57.00,1.00,328.00,,,,,,
2016,7,7,4,2016-07-07,"AA",19805,"AA","1921",14576,"ROC","Rochester, NY","NY",11057,"CLT","Charlotte, NC","NC","1709","1708",-1.00,0.00,7.00,17.00,"1910","1858",-12.00,0.00,0.00,"",0.00,121.00,110.00,86.00,1.00,573.00,,,,,,
2016,7,7,4,2016-07-07,"AA",19805,"AA","1922",11057,"CLT","Charlotte, NC","NC",14524,"RIC","Richmond, VA","VA","2240","2235",-5.00,0.00,17.00,8.00,"2347","2342",-5.00,0.00,0.00,"",0.00,67.00,67.00,42.00,1.00,257.00,,,,,,
2016,7,7,4,2016-07-07,"AA",19805,"AA","1922",11278,"DCA","Washington, DC","VA",11057,"CLT","Charlotte, NC","NC","2000","2004",4.00,4.00,35.00,4.00,"2131","2134",3.00,3.00,0.00,"",0.00,91.00,90.00,51.00,1.00,331.00,,,,,,
2016,7,7,4,2016-07-07,"AA",19805,"AA","1923",10257,"ALB","Albany, NY","NY",11057,"CLT","Charlotte, NC","NC","0805","0806",1.00,1.00,32.00,4.00,"1019","1017",-2.00,0.00,0.00,"",0.00,134.00,131.00,95.00,1.00,646.00,,,,,,
2016,7,7,4,2016-07-07,"AA",19805,"AA","1924",11057,"CLT","Charlotte, NC","NC",10821,"BWI","Baltimore, MD","MD","1135","1213",38.00,38.00,19.00,5.00,"1302","1331",29.00,29.00,0.00,"",0.00,87.00,78.00,54.00,1.00,361.00,29.00,0.00,0.00,0.00,0.00,
2016,7,7,4,2016-07-07,"AA",19805,"AA","1924",13230,"MDT","Harrisburg, PA","PA",11057,"CLT","Charlotte, NC","NC","0900","0849",-11.00,0.00,11.00,1.00,"1033","1004",-29.00,0.00,0.00,"",0.00,93.00,75.00,63.00,1.00,413.00,,,,,,
2016,7,7,4,2016-07-07,"AA",19805,"AA","1925",10529,"BDL","Hartford, CT","CT",11057,"CLT","Charlotte, NC","NC","0620","0618",-2.00,0.00,19.00,7.00,"0822","0827",5.00,5.00,0.00,"",0.00,122.00,129.00,103.00,1.00,644.00,,,,,,
2016,7,7,4,2016-07-07,"AA",19805,"AA","1925",11057,"CLT","Charlotte, NC","NC",15304,"TPA","Tampa, FL","FL","0935","0929",-6.00,0.00,15.00,3.00,"1117","1056",-21.00,0.00,0.00,"",0.00,102.00,87.00,69.00,1.00,507.00,,,,,,
2016,7,7,4,2016-07-07,"AA",19805,"AA","1925",15304,"TPA","Tampa, FL","FL",14100,"PHL","Philadelphia, PA","PA","1209","1201",-8.00,0.00,25.00,6.00,"1439","1444",5.00,5.00,0.00,"",0.00,150.00,163.00,132.00,1.00,920.00,,,,,,
2016,7,7,4,2016-07-07,"AA",19805,"AA","1926",14771,"SFO","San Francisco, CA","CA",12892,"LAX","Los Angeles, CA","CA","2115","2115",0.00,0.00,29.00,83.00,"2246","0002",76.00,76.00,0.00,"",0.00,91.00,167.00,55.00,1.00,337.00,0.00,0.00,76.00,0.00,0.00,
2016,7,7,4,2016-07-07,"AA",19805,"AA","1927",10529,"BDL","Hartford, CT","CT",11057,"CLT","Charlotte, NC","NC","1009","1006",-3.00,0.00,8.00,15.00,"1208","1203",-5.00,0.00,0.00,"",0.00,119.00,117.00,94.00,1.00,644.00,,,,,,
2016,7,7,4,2016-07-07,"AA",19805,"AA","1927",11057,"CLT","Charlotte, NC","NC",14492,"RDU","Raleigh/Durham, NC","NC","1304","1258",-6.00,0.00,13.00,4.00,"1400","1344",-16.00,0.00,0.00,"",0.00,56.00,46.00,29.00,1.00,130.00,,,,,,
2016,7,7,4,2016-07-07,"AA",19805,"AA","1930",14057,"PDX","Portland, OR","OR",11057,"CLT","Charlotte, NC","NC","2215","2208",-7.00,0.00,17.00,10.00,"0601","0547",-14.00,0.00,0.00,"",0.00,286.00,279.00,252.00,1.00,2282.00,,,,,,
2016,7,7,4,2016-07-07,"AA",19805,"AA","1932",14107,"PHX","Phoenix, AZ","AZ",12339,"IND","Indianapolis, IN","IN","2340","2339",-1.00,0.00,15.00,6.00,"0559","0604",5.00,5.00,0.00,"",0.00,199.00,205.00,184.00,1.00,1488.00,,,,,,
2016,7,7,4,2016-07-07,"AA",19805,"AA","1933",14122,"PIT","Pittsburgh, PA","PA",14100,"PHL","Philadelphia, PA","PA","0715","0710",-5.00,0.00,43.00,2.00,"0841","0841",0.00,0.00,0.00,"",0.00,86.00,91.00,46.00,1.00,268.00,,,,,,
2016,7,7,4,2016-07-07,"AA",19805,"AA","1934",10397,"ATL","Atlanta, GA","GA",11057,"CLT","Charlotte, NC","NC","1215","1215",0.00,0.00,19.00,15.00,"1333","1338",5.00,5.00,0.00,"",0.00,78.00,83.00,49.00,1.00,226.00,,,,,,
2016,7,7,4,2016-07-07,"AA",19805,"AA","1934",11057,"CLT","Charlotte, NC","NC",14492,"RDU","Raleigh/Durham, NC","NC","1435","1429",-6.00,0.00,22.00,3.00,"1530","1525",-5.00,0.00,0.00,"",0.00,55.00,56.00,31.00,1.00,130.00,,,,,,
2016,7,7,4,2016-07-07,"AA",19805,"AA","1934",13303,"MIA","Miami, FL","FL",10397,"ATL","Atlanta, GA","GA","0925","0938",13.00,13.00,24.00,8.00,"1121","1133",12.00,12.00,0.00,"",0.00,116.00,115.00,83.00,1.00,594.00,,,,,,
2016,7,7,4,2016-07-07,"AA",19805,"AA","1936",11057,"CLT","Charlotte, NC","NC",11618,"EWR","Newark, NJ","NJ","1200","1326",86.00,86.00,28.00,4.00,"1355","1513",78.00,78.00,0.00,"",0.00,115.00,107.00,75.00,1.00,529.00,0.00,0.00,78.00,0.00,0.00,
2016,7,7,4,2016-07-07,"AA",19805,"AA","1936",11278,"DCA","Washington, DC","VA",11057,"CLT","Charlotte, NC","NC","0900","0925",25.00,25.00,18.00,8.00,"1033","1046",13.00,13.00,0.00,"",0.00,93.00,81.00,55.00,1.00,331.00,,,,,,
2016,7,7,4,2016-07-07,"AA",19805,"AA","1937",11057,"CLT","Charlotte, NC","NC",10721,"BOS","Boston, MA","MA","1130","1124",-6.00,0.00,19.00,9.00,"1344","1325",-19.00,0.00,0.00,"",0.00,134.00,121.00,93.00,1.00,728.00,,,,,,
2016,7,7,4,2016-07-07,"AA",19805,"AA","1937",13495,"MSY","New Orleans, LA","LA",11057,"CLT","Charlotte, NC","NC","0725","0718",-7.00,0.00,14.00,5.00,"1023","1010",-13.00,0.00,0.00,"",0.00,118.00,112.00,93.00,1.00,651.00,,,,,,
2016,7,7,4,2016-07-07,"AA",19805,"AA","1938",11057,"CLT","Charlotte, NC","NC",11278,"DCA","Washington, DC","VA","1455","1445",-10.00,0.00,30.00,8.00,"1620","1617",-3.00,0.00,0.00,"",0.00,85.00,92.00,54.00,1.00,331.00,,,,,,
2016,7,7,4,2016-07-07,"AA",19805,"AA","1938",12266,"IAH","Houston, TX","TX",11057,"CLT","Charlotte, NC","NC","1014","1007",-7.00,0.00,14.00,15.00,"1345","1340",-5.00,0.00,0.00,"",0.00,151.00,153.00,124.00,1.00,912.00,,,,,,
2016,7,7,4,2016-07-07,"AA",19805,"AA","1939",13495,"MSY","New Orleans, LA","LA",14100,"PHL","Philadelphia, PA","PA","1815","1809",-6.00,0.00,17.00,3.00,"2202","2150",-12.00,0.00,0.00,"",0.00,167.00,161.00,141.00,1.00,1089.00,,,,,,
2016,7,7,4,2016-07-07,"AA",19805,"AA","1939",14100,"PHL","Philadelphia, PA","PA",13495,"MSY","New Orleans, LA","LA","1535","1551",16.00,16.00,24.00,2.00,"1732","1732",0.00,0.00,0.00,"",0.00,177.00,161.00,135.00,1.00,1089.00,,,,,,
2016,7,7,4,2016-07-07,"AA",19805,"AA","1940",11057,"CLT","Charlotte, NC","NC",10257,"ALB","Albany, NY","NY","2216","2212",-4.00,0.00,15.00,6.00,"0014","0002",-12.00,0.00,0.00,"",0.00,118.00,110.00,89.00,1.00,646.00,,,,,,
2016,7,7,4,2016-07-07,"AA",19805,"AA","1940",12266,"IAH","Houston, TX","TX",11057,"CLT","Charlotte, NC","NC","1740","1734",-6.00,0.00,14.00,26.00,"2115","2118",3.00,3.00,0.00,"",0.00,155.00,164.00,124.00,1.00,912.00,,,,,,
2016,7,7,4,2016-07-07,"AA",19805,"AA","1941",11057,"CLT","Charlotte, NC","NC",11433,"DTW","Detroit, MI","MI","0919","1043",84.00,84.00,13.00,6.00,"1107","1217",70.00,70.00,0.00,"",0.00,108.00,94.00,75.00,1.00,500.00,70.00,0.00,0.00,0.00,0.00,
2016,7,7,4,2016-07-07,"AA",19805,"AA","1941",14524,"RIC","Richmond, VA","VA",11057,"CLT","Charlotte, NC","NC","0700","0653",-7.00,0.00,16.00,12.00,"0817","0808",-9.00,0.00,0.00,"",0.00,77.00,75.00,47.00,1.00,257.00,,,,,,
2016,7,7,4,2016-07-07,"AA",19805,"AA","1942",11057,"CLT","Charlotte, NC","NC",10792,"BUF","Buffalo, NY","NY","0915","0913",-2.00,0.00,13.00,2.00,"1053","1046",-7.00,0.00,0.00,"",0.00,98.00,93.00,78.00,1.00,546.00,,,,,,
2016,7,7,4,2016-07-07,"AA",19805,"AA","1942",11433,"DTW","Detroit, MI","MI",11057,"CLT","Charlotte, NC","NC","0630","0626",-4.00,0.00,14.00,13.00,"0816","0813",-3.00,0.00,0.00,"",0.00,106.00,107.00,80.00,1.00,500.00,,,,,,
2016,7,7,4,2016-07-07,"AA",19805,"AA","1944",14771,"SFO","San Francisco, CA","CA",11057,"CLT","Charlotte, NC","NC","2340","2341",1.00,1.00,37.00,15.00,"0742","0809",27.00,27.00,0.00,"",0.00,302.00,328.00,276.00,1.00,2296.00,1.00,0.00,26.00,0.00,0.00,
2016,7,7,4,2016-07-07,"AA",19805,"AA","1945",10693,"BNA","Nashville, TN","TN",11057,"CLT","Charlotte, NC","NC","1717","1711",-6.00,0.00,12.00,11.00,"1940","1923",-17.00,0.00,0.00,"",0.00,83.00,72.00,49.00,1.00,328.00,,,,,,
2016,7,7,4,2016-07-07,"AA",19805,"AA","1946",11057,"CLT","Charlotte, NC","NC",13930,"ORD","Chicago, IL","IL","0935","0953",18.00,18.00,31.00,12.00,"1047","1105",18.00,18.00,0.00,"",0.00,132.00,132.00,89.00,1.00,599.00,18.00,0.00,0.00,0.00,0.00,
2016,7,7,4,2016-07-07,"AA",19805,"AA","1947",11278,"DCA","Washington, DC","VA",11697,"FLL","Fort Lauderdale, FL","FL","1805","1813",8.00,8.00,11.00,6.00,"2044","2035",-9.00,0.00,0.00,"",0.00,159.00,142.00,125.00,1.00,899.00,,,,,,
2016,7,7,4,2016-07-07,"AA",19805,"AA","1948",12451,"JAX","Jacksonville, FL","FL",14100,"PHL","Philadelphia, PA","PA","0640","0635",-5.00,0.00,9.00,4.00,"0847","0832",-15.00,0.00,0.00,"",0.00,127.00,117.00,104.00,1.00,742.00,,,,,,
2016,7,7,4,2016-07-07,"AA",19805,"AA","1950",11057,"CLT","Charlotte, NC","NC",11278,"DCA","Washington, DC","VA","1315","1309",-6.00,0.00,18.00,9.00,"1441","1426",-15.00,0.00,0.00,"",0.00,86.00,77.00,50.00,1.00,331.00,,,,,,
2016,7,7,4,2016-07-07,"AA",19805,"AA","1950",14100,"PHL","Philadelphia, PA","PA",11057,"CLT","Charlotte, NC","NC","1015","1006",-9.00,0.00,31.00,4.00,"1210","1148",-22.00,0.00,0.00,"",0.00,115.00,102.00,67.00,1.00,449.00,,,,,,
2016,7,7,4,2016-07-07,"AA",19805,"AA","1951",13930,"ORD","Chicago, IL","IL",14107,"PHX","Phoenix, AZ","AZ","0940","1013",33.00,33.00,29.00,6.00,"1119","1223",64.00,64.00,0.00,"",0.00,219.00,250.00,215.00,1.00,1440.00,33.00,0.00,31.00,0.00,0.00,
2016,7,7,4,2016-07-07,"AA",19805,"AA","1951",14107,"PHX","Phoenix, AZ","AZ",11292,"DEN","Denver, CO","CO","1221","1313",52.00,52.00,7.00,6.00,"1510","1545",35.00,35.00,0.00,"",0.00,109.00,92.00,79.00,1.00,602.00,35.00,0.00,0.00,0.00,0.00,
2016,7,7,4,2016-07-07,"AA",19805,"AA","1952",10529,"BDL","Hartford, CT","CT",11057,"CLT","Charlotte, NC","NC","1920","1928",8.00,8.00,12.00,6.00,"2123","2115",-8.00,0.00,0.00,"",0.00,123.00,107.00,89.00,1.00,644.00,,,,,,
2016,7,7,4,2016-07-07,"AA",19805,"AA","1952",11057,"CLT","Charlotte, NC","NC",10792,"BUF","Buffalo, NY","NY","2225","2221",-4.00,0.00,20.00,3.00,"0006","0003",-3.00,0.00,0.00,"",0.00,101.00,102.00,79.00,1.00,546.00,,,,,,
2016,7,7,4,2016-07-07,"AA",19805,"AA","1954",11057,"CLT","Charlotte, NC","NC",12953,"LGA","New York, NY","NY","2041","2137",56.00,56.00,13.00,7.00,"2230","2312",42.00,42.00,0.00,"",0.00,109.00,95.00,75.00,1.00,544.00,0.00,0.00,42.00,0.00,0.00,
2016,7,7,4,2016-07-07,"AA",19805,"AA","1954",13930,"ORD","Chicago, IL","IL",11057,"CLT","Charlotte, NC","NC","1645","1640",-5.00,0.00,17.00,11.00,"1945","1928",-17.00,0.00,0.00,"",0.00,120.00,108.00,80.00,1.00,599.00,,,,,,
2016,7,7,4,2016-07-07,"AA",19805,"AA","1956",11057,"CLT","Charlotte, NC","NC",14100,"PHL","Philadelphia, PA","PA","0730","0727",-3.00,0.00,18.00,2.00,"0911","0857",-14.00,0.00,0.00,"",0.00,101.00,90.00,70.00,1.00,449.00,,,,,,
2016,7,7,4,2016-07-07,"AA",19805,"AA","1959",11278,"DCA","Washington, DC","VA",15304,"TPA","Tampa, FL","FL","1935","1928",-7.00,0.00,17.00,4.00,"2155","2144",-11.00,0.00,0.00,"",0.00,140.00,136.00,115.00,1.00,814.00,,,,,,
2016,7,7,4,2016-07-07,"AA",19805,"AA","1960",11057,"CLT","Charlotte, NC","NC",10821,"BWI","Baltimore, MD","MD","0940","0933",-7.00,0.00,18.00,7.00,"1112","1055",-17.00,0.00,0.00,"",0.00,92.00,82.00,57.00,1.00,361.00,,,,,,
2016,7,7,4,2016-07-07,"AA",19805,"AA","1960",15304,"TPA","Tampa, FL","FL",11057,"CLT","Charlotte, NC","NC","0650","0646",-4.00,0.00,11.00,11.00,"0832","0826",-6.00,0.00,0.00,"",0.00,102.00,100.00,78.00,1.00,507.00,,,,,,
2016,7,7,4,2016-07-07,"AA",19805,"AA","1961",10821,"BWI","Baltimore, MD","MD",11057,"CLT","Charlotte, NC","NC","0845","0845",0.00,0.00,46.00,4.00,"1021","1031",10.00,10.00,0.00,"",0.00,96.00,106.00,56.00,1.00,361.00,,,,,,
2016,7,7,4,2016-07-07,"AA",19805,"AA","1961",11057,"CLT","Charlotte, NC","NC",11697,"FLL","Fort Lauderdale, FL","FL","1150","1148",-2.00,0.00,29.00,3.00,"1353","1349",-4.00,0.00,0.00,"",0.00,123.00,121.00,89.00,1.00,632.00,,,,,,
2016,7,7,4,2016-07-07,"AA",19805,"AA","1962",11057,"CLT","Charlotte, NC","NC",10821,"BWI","Baltimore, MD","MD","1645","1754",69.00,69.00,14.00,5.00,"1817","1922",65.00,65.00,0.00,"",0.00,92.00,88.00,69.00,1.00,361.00,0.00,65.00,0.00,0.00,0.00,
2016,7,7,4,2016-07-07,"AA",19805,"AA","1962",14100,"PHL","Philadelphia, PA","PA",11057,"CLT","Charlotte, NC","NC","1355","",,,,,"1539","",,,1.00,"C",0.00,104.00,,,1.00,449.00,,,,,,
2016,7,7,4,2016-07-07,"AA",19805,"AA","1964",10423,"AUS","Austin, TX","TX",11057,"CLT","Charlotte, NC","NC","0700","0710",10.00,10.00,14.00,5.00,"1044","1044",0.00,0.00,0.00,"",0.00,164.00,154.00,135.00,1.00,1032.00,,,,,,
2016,7,7,4,2016-07-07,"AA",19805,"AA","1964",11057,"CLT","Charlotte, NC","NC",13198,"MCI","Kansas City, MO","MO","1140","1143",3.00,3.00,14.00,6.00,"1311","1313",2.00,2.00,0.00,"",0.00,151.00,150.00,130.00,1.00,808.00,,,,,,
2016,7,7,4,2016-07-07,"AA",19805,"AA","1965",13930,"ORD","Chicago, IL","IL",11057,"CLT","Charlotte, NC","NC","0530","0519",-11.00,0.00,10.00,10.00,"0821","0812",-9.00,0.00,0.00,"",0.00,111.00,113.00,93.00,1.00,599.00,,,,,,
2016,7,7,4,2016-07-07,"AA",19805,"AA","1969",14107,"PHX","Phoenix, AZ","AZ",10397,"ATL","Atlanta, GA","GA","2335","2330",-5.00,0.00,15.00,5.00,"0615","0552",-23.00,0.00,0.00,"",0.00,220.00,202.00,182.00,1.00,1587.00,,,,,,
2016,7,7,4,2016-07-07,"AA",19805,"AA","1970",11057,"CLT","Charlotte, NC","NC",10821,"BWI","Baltimore, MD","MD","1319","1314",-5.00,0.00,26.00,5.00,"1448","1443",-5.00,0.00,0.00,"",0.00,89.00,89.00,58.00,1.00,361.00,,,,,,
2016,7,7,4,2016-07-07,"AA",19805,"AA","1970",11697,"FLL","Fort Lauderdale, FL","FL",11057,"CLT","Charlotte, NC","NC","1025","1024",-1.00,0.00,8.00,9.00,"1222","1219",-3.00,0.00,0.00,"",0.00,117.00,115.00,98.00,1.00,632.00,,,,,,
2016,7,7,4,2016-07-07,"AA",19805,"AA","1971",12266,"IAH","Houston, TX","TX",11057,"CLT","Charlotte, NC","NC","0705","0705",0.00,0.00,19.00,7.00,"1038","1032",-6.00,0.00,0.00,"",0.00,153.00,147.00,121.00,1.00,912.00,,,,,,
2016,7,7,4,2016-07-07,"AA",19805,"AA","1972",11057,"CLT","Charlotte, NC","NC",12478,"JFK","New York, NY","NY","1604","1611",7.00,7.00,58.00,22.00,"1759","1900",61.00,61.00,0.00,"",0.00,115.00,169.00,89.00,1.00,541.00,0.00,0.00,61.00,0.00,0.00,
2016,7,7,4,2016-07-07,"AA",19805,"AA","1972",12892,"LAX","Los Angeles, CA","CA",11057,"CLT","Charlotte, NC","NC","0705","0702",-3.00,0.00,19.00,12.00,"1457","1444",-13.00,0.00,0.00,"",0.00,292.00,282.00,251.00,1.00,2125.00,,,,,,
2016,7,7,4,2016-07-07,"AA",19805,"AA","1973",11057,"CLT","Charlotte, NC","NC",12339,"IND","Indianapolis, IN","IN","1312","1307",-5.00,0.00,11.00,5.00,"1448","1428",-20.00,0.00,0.00,"",0.00,96.00,81.00,65.00,1.00,427.00,,,,,,
2016,7,7,4,2016-07-07,"AA",19805,"AA","1973",13495,"MSY","New Orleans, LA","LA",11057,"CLT","Charlotte, NC","NC","0915","0908",-7.00,0.00,9.00,11.00,"1209","1157",-12.00,0.00,0.00,"",0.00,114.00,109.00,89.00,1.00,651.00,,,,,,
2016,7,7,4,2016-07-07,"AA",19805,"AA","1974",14100,"PHL","Philadelphia, PA","PA",11697,"FLL","Fort Lauderdale, FL","FL","2000","2008",8.00,8.00,19.00,4.00,"2240","2249",9.00,9.00,0.00,"",0.00,160.00,161.00,138.00,1.00,992.00,,,,,,
2016,7,7,4,2016-07-07,"AA",19805,"AA","1975",11057,"CLT","Charlotte, NC","NC",12892,"LAX","Los Angeles, CA","CA","2020","2016",-4.00,0.00,28.00,7.00,"2229","2227",-2.00,0.00,0.00,"",0.00,309.00,311.00,276.00,1.00,2125.00,,,,,,
2016,7,7,4,2016-07-07,"AA",19805,"AA","1976",11057,"CLT","Charlotte, NC","NC",10821,"BWI","Baltimore, MD","MD","2020","2230",130.00,130.00,21.00,7.00,"2146","2351",125.00,125.00,0.00,"",0.00,86.00,81.00,53.00,1.00,361.00,125.00,0.00,0.00,0.00,0.00,
2016,7,7,4,2016-07-07,"AA",19805,"AA","1976",14107,"PHX","Phoenix, AZ","AZ",11057,"CLT","Charlotte, NC","NC","1212","1206",-6.00,0.00,11.00,18.00,"1919","1914",-5.00,0.00,0.00,"",0.00,247.00,248.00,219.00,1.00,1773.00,,,,,,
2016,7,7,4,2016-07-07,"AA",19805,"AA","1976",14771,"SFO","San Francisco, CA","CA",14107,"PHX","Phoenix, AZ","AZ","0910","0902",-8.00,0.00,11.00,4.00,"1108","1045",-23.00,0.00,0.00,"",0.00,118.00,103.00,88.00,1.00,651.00,,,,,,
2016,7,7,4,2016-07-07,"AA",19805,"AA","1977",11057,"CLT","Charlotte, NC","NC",12339,"IND","Indianapolis, IN","IN","1135","1129",-6.00,0.00,15.00,7.00,"1312","1259",-13.00,0.00,0.00,"",0.00,97.00,90.00,68.00,1.00,427.00,,,,,,
2016,7,7,4,2016-07-07,"AA",19805,"AA","1977",14492,"RDU","Raleigh/Durham, NC","NC",11057,"CLT","Charlotte, NC","NC","0935","0925",-10.00,0.00,27.00,4.00,"1040","1028",-12.00,0.00,0.00,"",0.00,65.00,63.00,32.00,1.00,130.00,,,,,,
2016,7,7,4,2016-07-07,"AA",19805,"AA","1978",11042,"CLE","Cleveland, OH","OH",11057,"CLT","Charlotte, NC","NC","0655","0649",-6.00,0.00,8.00,11.00,"0833","0818",-15.00,0.00,0.00,"",0.00,98.00,89.00,70.00,1.00,430.00,,,,,,
2016,7,7,4,2016-07-07,"AA",19805,"AA","1978",11057,"CLT","Charlotte, NC","NC",12266,"IAH","Houston, TX","TX","0935","0933",-2.00,0.00,11.00,7.00,"1110","1049",-21.00,0.00,0.00,"",0.00,155.00,136.00,118.00,1.00,912.00,,,,,,
2016,7,7,4,2016-07-07,"AA",19805,"AA","1979",11057,"CLT","Charlotte, NC","NC",12323,"ILM","Wilmington, NC","NC","2010","2002",-8.00,0.00,11.00,2.00,"2109","2046",-23.00,0.00,0.00,"",0.00,59.00,44.00,31.00,1.00,185.00,,,,,,
2016,7,7,4,2016-07-07,"AA",19805,"AA","1979",12451,"JAX","Jacksonville, FL","FL",11057,"CLT","Charlotte, NC","NC","1745","1740",-5.00,0.00,12.00,16.00,"1909","1908",-1.00,0.00,0.00,"",0.00,84.00,88.00,60.00,1.00,328.00,,,,,,
2016,7,7,4,2016-07-07,"AA",19805,"AA","1980",11057,"CLT","Charlotte, NC","NC",10721,"BOS","Boston, MA","MA","0750","0748",-2.00,0.00,24.00,11.00,"1008","1007",-1.00,0.00,0.00,"",0.00,138.00,139.00,104.00,1.00,728.00,,,,,,
2016,7,7,4,2016-07-07,"AA",19805,"AA","1980",11292,"DEN","Denver, CO","CO",11057,"CLT","Charlotte, NC","NC","0115","0113",-2.00,0.00,10.00,10.00,"0619","0612",-7.00,0.00,0.00,"",0.00,184.00,179.00,159.00,1.00,1337.00,,,,,,
2016,7,7,4,2016-07-07,"AA",19805,"AA","1982",11057,"CLT","Charlotte, NC","NC",10721,"BOS","Boston, MA","MA","0940","0935",-5.00,0.00,13.00,8.00,"1158","1129",-29.00,0.00,0.00,"",0.00,138.00,114.00,93.00,1.00,728.00,,,,,,
2016,7,7,4,2016-07-07,"AA",19805,"AA","1982",11298,"DFW","Dallas/Fort Worth, TX","TX",11057,"CLT","Charlotte, NC","NC","0505","0501",-4.00,0.00,14.00,9.00,"0837","0829",-8.00,0.00,0.00,"",0.00,152.00,148.00,125.00,1.00,936.00,,,,,,
2016,7,7,4,2016-07-07,"AA",19805,"AA","1983",14100,"PHL","Philadelphia, PA","PA",14122,"PIT","Pittsburgh, PA","PA","1825","1819",-6.00,0.00,50.00,8.00,"1956","2000",4.00,4.00,0.00,"",0.00,91.00,101.00,43.00,1.00,268.00,,,,,,
2016,7,7,4,2016-07-07,"AA",19805,"AA","1984",14524,"RIC","Richmond, VA","VA",11057,"CLT","Charlotte, NC","NC","1945","1947",2.00,2.00,34.00,4.00,"2057","2107",10.00,10.00,0.00,"",0.00,72.00,80.00,42.00,1.00,257.00,,,,,,
2016,7,7,4,2016-07-07,"AA",19805,"AA","1985",14107,"PHX","Phoenix, AZ","AZ",14100,"PHL","Philadelphia, PA","PA","0855","0851",-4.00,0.00,27.00,6.00,"1640","1638",-2.00,0.00,0.00,"",0.00,285.00,287.00,254.00,1.00,2075.00,,,,,,
2016,7,7,4,2016-07-07,"AA",19805,"AA","1986",14100,"PHL","Philadelphia, PA","PA",12953,"LGA","New York, NY","NY","1739","1828",49.00,49.00,40.00,5.00,"1832","1938",66.00,66.00,0.00,"",0.00,53.00,70.00,25.00,1.00,96.00,0.00,0.00,17.00,0.00,49.00,
2016,7,7,4,2016-07-07,"AA",19805,"AA","1987",11057,"CLT","Charlotte, NC","NC",11278,"DCA","Washington, DC","VA","2214","2209",-5.00,0.00,11.00,4.00,"2334","2313",-21.00,0.00,0.00,"",0.00,80.00,64.00,49.00,1.00,331.00,,,,,,
2016,7,7,4,2016-07-07,"AA",19805,"AA","1987",14492,"RDU","Raleigh/Durham, NC","NC",11057,"CLT","Charlotte, NC","NC","1959","1950",-9.00,0.00,23.00,10.00,"2101","2055",-6.00,0.00,0.00,"",0.00,62.00,65.00,32.00,1.00,130.00,,,,,,
2016,7,7,4,2016-07-07,"AA",19805,"AA","1988",11057,"CLT","Charlotte, NC","NC",10257,"ALB","Albany, NY","NY","1155","1151",-4.00,0.00,26.00,3.00,"1400","1352",-8.00,0.00,0.00,"",0.00,125.00,121.00,92.00,1.00,646.00,,,,,,
2016,7,7,4,2016-07-07,"AA",19805,"AA","1988",12953,"LGA","New York, NY","NY",11057,"CLT","Charlotte, NC","NC","0840","0837",-3.00,0.00,17.00,17.00,"1044","1036",-8.00,0.00,0.00,"",0.00,124.00,119.00,85.00,1.00,544.00,,,,,,
2016,7,7,4,2016-07-07,"AA",19805,"AA","1991",14100,"PHL","Philadelphia, PA","PA",13930,"ORD","Chicago, IL","IL","0945","0949",4.00,4.00,27.00,9.00,"1109","1100",-9.00,0.00,0.00,"",0.00,144.00,131.00,95.00,1.00,678.00,,,,,,
2016,7,7,4,2016-07-07,"AA",19805,"AA","1992",11057,"CLT","Charlotte, NC","NC",14307,"PVD","Providence, RI","RI","1615","1618",3.00,3.00,19.00,3.00,"1814","1827",13.00,13.00,0.00,"",0.00,119.00,129.00,107.00,1.00,683.00,,,,,,
2016,7,7,4,2016-07-07,"AA",19805,"AA","1992",12266,"IAH","Houston, TX","TX",11057,"CLT","Charlotte, NC","NC","1158","1149",-9.00,0.00,19.00,10.00,"1530","1528",-2.00,0.00,0.00,"",0.00,152.00,159.00,130.00,1.00,912.00,,,,,,
2016,7,7,4,2016-07-07,"AA",19805,"AA","1993",11057,"CLT","Charlotte, NC","NC",12892,"LAX","Los Angeles, CA","CA","0735","0728",-7.00,0.00,16.00,5.00,"0941","0922",-19.00,0.00,0.00,"",0.00,306.00,294.00,273.00,1.00,2125.00,,,,,,
2016,7,7,4,2016-07-07,"AA",19805,"AA","1994",13930,"ORD","Chicago, IL","IL",14100,"PHL","Philadelphia, PA","PA","1535","1529",-6.00,0.00,15.00,6.00,"1839","1823",-16.00,0.00,0.00,"",0.00,124.00,114.00,93.00,1.00,678.00,,,,,,
2016,7,7,4,2016-07-07,"AA",19805,"AA","1994",14100,"PHL","Philadelphia, PA","PA",13930,"ORD","Chicago, IL","IL","1325","1323",-2.00,0.00,16.00,8.00,"1439","1422",-17.00,0.00,0.00,"",0.00,134.00,119.00,95.00,1.00,678.00,,,,,,
2016,7,7,4,2016-07-07,"AA",19805,"AA","1995",14100,"PHL","Philadelphia, PA","PA",13930,"ORD","Chicago, IL","IL","1425","1613",108.00,108.00,18.00,15.00,"1544","1733",109.00,109.00,0.00,"",0.00,139.00,140.00,107.00,1.00,678.00,108.00,0.00,1.00,0.00,0.00,
2016,7,7,4,2016-07-07,"AA",19805,"AA","1997",13930,"ORD","Chicago, IL","IL",14100,"PHL","Philadelphia, PA","PA","1644","1807",83.00,83.00,75.00,17.00,"1951","2212",141.00,141.00,0.00,"",0.00,127.00,185.00,93.00,1.00,678.00,0.00,0.00,58.00,0.00,83.00,
2016,7,7,4,2016-07-07,"AA",19805,"AA","1998",11057,"CLT","Charlotte, NC","NC",10821,"BWI","Baltimore, MD","MD","2231","2227",-4.00,0.00,14.00,7.00,"2357","2347",-10.00,0.00,0.00,"",0.00,86.00,80.00,59.00,1.00,361.00,,,,,,
2016,7,7,4,2016-07-07,"AA",19805,"AA","1998",13198,"MCI","Kansas City, MO","MO",11057,"CLT","Charlotte, NC","NC","1825","1823",-2.00,0.00,17.00,10.00,"2141","2136",-5.00,0.00,0.00,"",0.00,136.00,133.00,106.00,1.00,808.00,,,,,,
2016,7,7,4,2016-07-07,"AA",19805,"AA","1999",11057,"CLT","Charlotte, NC","NC",10721,"BOS","Boston, MA","MA","1610","1853",163.00,163.00,16.00,13.00,"1822","2104",162.00,162.00,0.00,"",0.00,132.00,131.00,102.00,1.00,728.00,99.00,63.00,0.00,0.00,0.00,
2016,7,7,4,2016-07-07,"AA",19805,"AA","1999",13930,"ORD","Chicago, IL","IL",11057,"CLT","Charlotte, NC","NC","1205","1200",-5.00,0.00,16.00,11.00,"1506","1447",-19.00,0.00,0.00,"",0.00,121.00,107.00,80.00,1.00,599.00,,,,,,
2016,7,7,4,2016-07-07,"AA",19805,"AA","2001",14100,"PHL","Philadelphia, PA","PA",11697,"FLL","Fort Lauderdale, FL","FL","1000","",,,,,"1256","",,,1.00,"A",0.00,176.00,,,1.00,992.00,,,,,,
2016,7,7,4,2016-07-07,"AA",19805,"AA","2002",10792,"BUF","Buffalo, NY","NY",11057,"CLT","Charlotte, NC","NC","1135","1130",-5.00,0.00,21.00,18.00,"1326","1330",4.00,4.00,0.00,"",0.00,111.00,120.00,81.00,1.00,546.00,,,,,,
2016,7,7,4,2016-07-07,"AA",19805,"AA","2002",11057,"CLT","Charlotte, NC","NC",10721,"BOS","Boston, MA","MA","1420","1415",-5.00,0.00,9.00,11.00,"1629","1612",-17.00,0.00,0.00,"",0.00,129.00,117.00,97.00,1.00,728.00,,,,,,
2016,7,7,4,2016-07-07,"AA",19805,"AA","2005",14100,"PHL","Philadelphia, PA","PA",11057,"CLT","Charlotte, NC","NC","2045","2250",125.00,125.00,13.00,4.00,"2235","0008",93.00,93.00,0.00,"",0.00,110.00,78.00,61.00,1.00,449.00,0.00,0.00,0.00,0.00,93.00,
2016,7,7,4,2016-07-07,"AA",19805,"AA","2006",11057,"CLT","Charlotte, NC","NC",14524,"RIC","Richmond, VA","VA","2025","2019",-6.00,0.00,43.00,7.00,"2132","2154",22.00,22.00,0.00,"",0.00,67.00,95.00,45.00,1.00,257.00,0.00,0.00,22.00,0.00,0.00,
2016,7,7,4,2016-07-07,"AA",19805,"AA","2007",12953,"LGA","New York, NY","NY",14100,"PHL","Philadelphia, PA","PA","1930","2013",43.00,43.00,44.00,4.00,"2042","2132",50.00,50.00,0.00,"",0.00,72.00,79.00,31.00,1.00,96.00,0.00,0.00,7.00,0.00,43.00,
2016,7,7,4,2016-07-07,"AA",19805,"AA","2007",14100,"PHL","Philadelphia, PA","PA",12451,"JAX","Jacksonville, FL","FL","2130","2202",32.00,32.00,14.00,4.00,"2338","0005",27.00,27.00,0.00,"",0.00,128.00,123.00,105.00,1.00,742.00,27.00,0.00,0.00,0.00,0.00,
2016,7,7,4,2016-07-07,"AA",19805,"AA","2008",13204,"MCO","Orlando, FL","FL",14100,"PHL","Philadelphia, PA","PA","1930","1924",-6.00,0.00,11.00,6.00,"2155","2137",-18.00,0.00,0.00,"",0.00,145.00,133.00,116.00,1.00,861.00,,,,,,
2016,7,7,4,2016-07-07,"AA",19805,"AA","2010",11057,"CLT","Charlotte, NC","NC",14100,"PHL","Philadelphia, PA","PA","0635","0629",-6.00,0.00,14.00,3.00,"0810","0759",-11.00,0.00,0.00,"",0.00,95.00,90.00,73.00,1.00,449.00,,,,,,
2016,7,7,4,2016-07-07,"AA",19805,"AA","2011",11057,"CLT","Charlotte, NC","NC",14492,"RDU","Raleigh/Durham, NC","NC","0750","0745",-5.00,0.00,34.00,3.00,"0851","0852",1.00,1.00,0.00,"",0.00,61.00,67.00,30.00,1.00,130.00,,,,,,
2016,7,7,4,2016-07-07,"AA",19805,"AA","2011",15304,"TPA","Tampa, FL","FL",11057,"CLT","Charlotte, NC","NC","0515","0505",-10.00,0.00,10.00,6.00,"0650","0635",-15.00,0.00,0.00,"",0.00,95.00,90.00,74.00,1.00,507.00,,,,,,
2016,7,7,4,2016-07-07,"AA",19805,"AA","2012",10529,"BDL","Hartford, CT","CT",14100,"PHL","Philadelphia, PA","PA","0925","0921",-4.00,0.00,21.00,20.00,"1045","1053",8.00,8.00,0.00,"",0.00,80.00,92.00,51.00,1.00,196.00,,,,,,
2016,7,7,4,2016-07-07,"AA",19805,"AA","2012",14100,"PHL","Philadelphia, PA","PA",10529,"BDL","Hartford, CT","CT","0730","0729",-1.00,0.00,21.00,4.00,"0838","0834",-4.00,0.00,0.00,"",0.00,68.00,65.00,40.00,1.00,196.00,,,,,,
2016,7,7,4,2016-07-07,"AA",19805,"AA","2014",14869,"SLC","Salt Lake City, UT","UT",11057,"CLT","Charlotte, NC","NC","0015","0012",-3.00,0.00,13.00,7.00,"0605","0554",-11.00,0.00,0.00,"",0.00,230.00,222.00,202.00,1.00,1727.00,,,,,,
2016,7,7,4,2016-07-07,"AA",19805,"AA","2015",15096,"SYR","Syracuse, NY","NY",11057,"CLT","Charlotte, NC","NC","1844","1841",-3.00,0.00,10.00,32.00,"2042","2050",8.00,8.00,0.00,"",0.00,118.00,129.00,87.00,1.00,603.00,,,,,,
2016,7,7,4,2016-07-07,"AA",19805,"AA","2016",14100,"PHL","Philadelphia, PA","PA",10397,"ATL","Atlanta, GA","GA","0945","0940",-5.00,0.00,27.00,7.00,"1202","1148",-14.00,0.00,0.00,"",0.00,137.00,128.00,94.00,1.00,666.00,,,,,,
2016,7,7,4,2016-07-07,"AA",19805,"AA","2017",11057,"CLT","Charlotte, NC","NC",12953,"LGA","New York, NY","NY","2200","2237",37.00,37.00,17.00,6.00,"2345","0015",30.00,30.00,0.00,"",0.00,105.00,98.00,75.00,1.00,544.00,16.00,0.00,0.00,0.00,14.00,
2016,7,7,4,2016-07-07,"AA",19805,"AA","2017",14843,"SJU","San Juan, PR","PR",11057,"CLT","Charlotte, NC","NC","1640","1723",43.00,43.00,18.00,31.00,"2026","2122",56.00,56.00,0.00,"",0.00,226.00,239.00,190.00,1.00,1475.00,1.00,0.00,13.00,0.00,42.00,
2016,7,7,4,2016-07-07,"AA",19805,"AA","2018",14635,"RSW","Fort Myers, FL","FL",14100,"PHL","Philadelphia, PA","PA","0745","0739",-6.00,0.00,9.00,4.00,"1026","1000",-26.00,0.00,0.00,"",0.00,161.00,141.00,128.00,1.00,993.00,,,,,,
2016,7,7,4,2016-07-07,"AA",19805,"AA","2019",14679,"SAN","San Diego, CA","CA",14100,"PHL","Philadelphia, PA","PA","1130","1155",25.00,25.00,20.00,5.00,"1945","2030",45.00,45.00,0.00,"",0.00,315.00,335.00,310.00,1.00,2370.00,6.00,0.00,20.00,0.00,19.00,
2016,7,7,4,2016-07-07,"AA",19805,"AA","2020",14107,"PHX","Phoenix, AZ","AZ",11057,"CLT","Charlotte, NC","NC","2315","",,,,,"0614","",,,1.00,"A",0.00,239.00,,,1.00,1773.00,,,,,,
2016,7,7,4,2016-07-07,"AA",19805,"AA","2020",14771,"SFO","San Francisco, CA","CA",14107,"PHX","Phoenix, AZ","AZ","1959","2007",8.00,8.00,14.00,9.00,"2200","2205",5.00,5.00,0.00,"",0.00,121.00,118.00,95.00,1.00,651.00,,,,,,
2016,7,7,4,2016-07-07,"AA",19805,"AA","2022",11697,"FLL","Fort Lauderdale, FL","FL",14100,"PHL","Philadelphia, PA","PA","1930","1925",-5.00,0.00,15.00,4.00,"2210","2149",-21.00,0.00,0.00,"",0.00,160.00,144.00,125.00,1.00,992.00,,,,,,
2016,7,7,4,2016-07-07,"AA",19805,"AA","2022",14100,"PHL","Philadelphia, PA","PA",11697,"FLL","Fort Lauderdale, FL","FL","1550","1548",-2.00,0.00,21.00,3.00,"1840","1828",-12.00,0.00,0.00,"",0.00,170.00,160.00,136.00,1.00,992.00,,,,,,
2016,7,7,4,2016-07-07,"AA",19805,"AA","2023",11278,"DCA","Washington, DC","VA",14107,"PHX","Phoenix, AZ","AZ","1055","1055",0.00,0.00,24.00,5.00,"1238","1246",8.00,8.00,0.00,"",0.00,283.00,291.00,262.00,1.00,1979.00,,,,,,
2016,7,7,4,2016-07-07,"AA",19805,"AA","2023",11298,"DFW","Dallas/Fort Worth, TX","TX",11278,"DCA","Washington, DC","VA","0600","0611",11.00,11.00,15.00,3.00,"0952","1005",13.00,13.00,0.00,"",0.00,172.00,174.00,156.00,1.00,1192.00,,,,,,
2016,7,7,4,2016-07-07,"AA",19805,"AA","2023",14107,"PHX","Phoenix, AZ","AZ",12892,"LAX","Los Angeles, CA","CA","1349","1351",2.00,2.00,25.00,12.00,"1518","1525",7.00,7.00,0.00,"",0.00,89.00,94.00,57.00,1.00,370.00,,,,,,
2016,7,7,4,2016-07-07,"AA",19805,"AA","2024",14100,"PHL","Philadelphia, PA","PA",14492,"RDU","Raleigh/Durham, NC","NC","2255","2345",50.00,50.00,15.00,6.00,"0010","0057",47.00,47.00,0.00,"",0.00,75.00,72.00,51.00,1.00,337.00,8.00,0.00,0.00,0.00,39.00,
2016,7,7,4,2016-07-07,"AA",19805,"AA","2025",14492,"RDU","Raleigh/Durham, NC","NC",14100,"PHL","Philadelphia, PA","PA","0520","0508",-12.00,0.00,12.00,4.00,"0640","0620",-20.00,0.00,0.00,"",0.00,80.00,72.00,56.00,1.00,337.00,,,,,,
2016,7,7,4,2016-07-07,"AA",19805,"AA","2026",14107,"PHX","Phoenix, AZ","AZ",14100,"PHL","Philadelphia, PA","PA","2240","2303",23.00,23.00,25.00,3.00,"0610","0623",13.00,13.00,0.00,"",0.00,270.00,260.00,232.00,1.00,2075.00,,,,,,
2016,7,7,4,2016-07-07,"AA",19805,"AA","2028",11042,"CLE","Cleveland, OH","OH",11057,"CLT","Charlotte, NC","NC","1520","1512",-8.00,0.00,9.00,12.00,"1659","1643",-16.00,0.00,0.00,"",0.00,99.00,91.00,70.00,1.00,430.00,,,,,,
2016,7,7,4,2016-07-07,"AA",19805,"AA","2028",11057,"CLT","Charlotte, NC","NC",14524,"RIC","Richmond, VA","VA","1754","1752",-2.00,0.00,10.00,5.00,"1901","1851",-10.00,0.00,0.00,"",0.00,67.00,59.00,44.00,1.00,257.00,,,,,,
2016,7,7,4,2016-07-07,"AA",19805,"AA","2030",12953,"LGA","New York, NY","NY",14100,"PHL","Philadelphia, PA","PA","1520","1544",24.00,24.00,22.00,5.00,"1648","1643",-5.00,0.00,0.00,"",0.00,88.00,59.00,32.00,1.00,96.00,,,,,,
2016,7,7,4,2016-07-07,"AA",19805,"AA","2031",10721,"BOS","Boston, MA","MA",14107,"PHX","Phoenix, AZ","AZ","1859","1854",-5.00,0.00,15.00,5.00,"2139","2113",-26.00,0.00,0.00,"",0.00,340.00,319.00,299.00,1.00,2300.00,,,,,,
2016,7,7,4,2016-07-07,"AA",19805,"AA","2032",10397,"ATL","Atlanta, GA","GA",11057,"CLT","Charlotte, NC","NC","1335","1334",-1.00,0.00,13.00,10.00,"1454","1440",-14.00,0.00,0.00,"",0.00,79.00,66.00,43.00,1.00,226.00,,,,,,
2016,7,7,4,2016-07-07,"AA",19805,"AA","2032",11057,"CLT","Charlotte, NC","NC",12451,"JAX","Jacksonville, FL","FL","1540","1540",0.00,0.00,15.00,4.00,"1654","1649",-5.00,0.00,0.00,"",0.00,74.00,69.00,50.00,1.00,328.00,,,,,,
2016,7,7,4,2016-07-07,"AA",19805,"AA","2033",12953,"LGA","New York, NY","NY",14100,"PHL","Philadelphia, PA","PA","0555","0549",-6.00,0.00,14.00,5.00,"0700","0640",-20.00,0.00,0.00,"",0.00,65.00,51.00,32.00,1.00,96.00,,,,,,
2016,7,7,4,2016-07-07,"AA",19805,"AA","2033",14100,"PHL","Philadelphia, PA","PA",12451,"JAX","Jacksonville, FL","FL","0755","0750",-5.00,0.00,29.00,4.00,"1008","1001",-7.00,0.00,0.00,"",0.00,133.00,131.00,98.00,1.00,742.00,,,,,,
2016,7,7,4,2016-07-07,"AA",19805,"AA","2034",12451,"JAX","Jacksonville, FL","FL",14100,"PHL","Philadelphia, PA","PA","1050","1044",-6.00,0.00,12.00,5.00,"1252","1247",-5.00,0.00,0.00,"",0.00,122.00,123.00,106.00,1.00,742.00,,,,,,
2016,7,7,4,2016-07-07,"AA",19805,"AA","2035",11057,"CLT","Charlotte, NC","NC",12451,"JAX","Jacksonville, FL","FL","2215","2209",-6.00,0.00,10.00,6.00,"2331","2324",-7.00,0.00,0.00,"",0.00,76.00,75.00,59.00,1.00,328.00,,,,,,
2016,7,7,4,2016-07-07,"AA",19805,"AA","2035",13487,"MSP","Minneapolis, MN","MN",11057,"CLT","Charlotte, NC","NC","1730","1721",-9.00,0.00,13.00,12.00,"2101","2040",-21.00,0.00,0.00,"",0.00,151.00,139.00,114.00,1.00,930.00,,,,,,
2016,7,7,4,2016-07-07,"AA",19805,"AA","2036",11057,"CLT","Charlotte, NC","NC",15096,"SYR","Syracuse, NY","NY","1610","1610",0.00,0.00,21.00,6.00,"1759","1804",5.00,5.00,0.00,"",0.00,109.00,114.00,87.00,1.00,603.00,,,,,,
2016,7,7,4,2016-07-07,"AA",19805,"AA","2036",12451,"JAX","Jacksonville, FL","FL",11057,"CLT","Charlotte, NC","NC","1358","1356",-2.00,0.00,11.00,12.00,"1522","1523",1.00,1.00,0.00,"",0.00,84.00,87.00,64.00,1.00,328.00,,,,,,
2016,7,7,4,2016-07-07,"AA",19805,"AA","2038",11057,"CLT","Charlotte, NC","NC",14307,"PVD","Providence, RI","RI","2205","2209",4.00,4.00,12.00,5.00,"2359","0002",3.00,3.00,0.00,"",0.00,114.00,113.00,96.00,1.00,683.00,,,,,,
2016,7,7,4,2016-07-07,"AA",19805,"AA","2039",11057,"CLT","Charlotte, NC","NC",13487,"MSP","Minneapolis, MN","MN","2215","2209",-6.00,0.00,15.00,5.00,"2356","2335",-21.00,0.00,0.00,"",0.00,161.00,146.00,126.00,1.00,930.00,,,,,,
2016,7,7,4,2016-07-07,"AA",19805,"AA","2039",15304,"TPA","Tampa, FL","FL",11057,"CLT","Charlotte, NC","NC","1910","1904",-6.00,0.00,10.00,8.00,"2056","2043",-13.00,0.00,0.00,"",0.00,106.00,99.00,81.00,1.00,507.00,,,,,,
2016,7,7,4,2016-07-07,"AA",19805,"AA","2040",14100,"PHL","Philadelphia, PA","PA",11278,"DCA","Washington, DC","VA","1400","1358",-2.00,0.00,26.00,29.00,"1457","1523",26.00,26.00,0.00,"",0.00,57.00,85.00,30.00,1.00,119.00,0.00,0.00,26.00,0.00,0.00,
2016,7,7,4,2016-07-07,"AA",19805,"AA","2041",11278,"DCA","Washington, DC","VA",14100,"PHL","Philadelphia, PA","PA","1545","1557",12.00,12.00,30.00,4.00,"1654","1708",14.00,14.00,0.00,"",0.00,69.00,71.00,37.00,1.00,119.00,,,,,,
2016,7,7,4,2016-07-07,"AA",19805,"AA","2042",11057,"CLT","Charlotte, NC","NC",12478,"JFK","New York, NY","NY","0730","0724",-6.00,0.00,11.00,10.00,"0925","0908",-17.00,0.00,0.00,"",0.00,115.00,104.00,83.00,1.00,541.00,,,,,,
2016,7,7,4,2016-07-07,"AA",19805,"AA","2043",10792,"BUF","Buffalo, NY","NY",11057,"CLT","Charlotte, NC","NC","1910","1904",-6.00,0.00,11.00,10.00,"2101","2040",-21.00,0.00,0.00,"",0.00,111.00,96.00,75.00,1.00,546.00,,,,,,
2016,7,7,4,2016-07-07,"AA",19805,"AA","2043",11057,"CLT","Charlotte, NC","NC",14027,"PBI","West Palm Beach/Palm Beach, FL","FL","2210","2204",-6.00,0.00,9.00,4.00,"2357","2347",-10.00,0.00,0.00,"",0.00,107.00,103.00,90.00,1.00,590.00,,,,,,
2016,7,7,4,2016-07-07,"AA",19805,"AA","2044",11057,"CLT","Charlotte, NC","NC",13495,"MSY","New Orleans, LA","LA","1435","1429",-6.00,0.00,16.00,2.00,"1528","1518",-10.00,0.00,0.00,"",0.00,113.00,109.00,91.00,1.00,651.00,,,,,,
2016,7,7,4,2016-07-07,"AA",19805,"AA","2044",11278,"DCA","Washington, DC","VA",11057,"CLT","Charlotte, NC","NC","1159","1153",-6.00,0.00,22.00,6.00,"1323","1315",-8.00,0.00,0.00,"",0.00,84.00,82.00,54.00,1.00,331.00,,,,,,
2016,7,7,4,2016-07-07,"AA",19805,"AA","2045",14843,"SJU","San Juan, PR","PR",14100,"PHL","Philadelphia, PA","PA","1740","1730",-10.00,0.00,15.00,17.00,"2158","2140",-18.00,0.00,0.00,"",0.00,258.00,250.00,218.00,1.00,1576.00,,,,,,
2016,7,7,4,2016-07-07,"AA",19805,"AA","2046",11057,"CLT","Charlotte, NC","NC",14635,"RSW","Fort Myers, FL","FL","1630","1646",16.00,16.00,13.00,3.00,"1827","1833",6.00,6.00,0.00,"",0.00,117.00,107.00,91.00,1.00,600.00,,,,,,
2016,7,7,4,2016-07-07,"AA",19805,"AA","2046",11697,"FLL","Fort Lauderdale, FL","FL",11057,"CLT","Charlotte, NC","NC","1305","1300",-5.00,0.00,10.00,10.00,"1512","1452",-20.00,0.00,0.00,"",0.00,127.00,112.00,92.00,1.00,632.00,,,,,,
2016,7,7,4,2016-07-07,"AA",19805,"AA","2048",12339,"IND","Indianapolis, IN","IN",14107,"PHX","Phoenix, AZ","AZ","2115","2100",-15.00,0.00,8.00,8.00,"2154","2132",-22.00,0.00,0.00,"",0.00,219.00,212.00,196.00,1.00,1488.00,,,,,,
2016,7,7,4,2016-07-07,"AA",19805,"AA","2048",14100,"PHL","Philadelphia, PA","PA",12339,"IND","Indianapolis, IN","IN","1810","1805",-5.00,0.00,33.00,7.00,"2020","2008",-12.00,0.00,0.00,"",0.00,130.00,123.00,83.00,1.00,588.00,,,,,,
2016,7,7,4,2016-07-07,"AA",19805,"AA","2050",11057,"CLT","Charlotte, NC","NC",12953,"LGA","New York, NY","NY","1610","1734",84.00,84.00,23.00,8.00,"1803","1929",86.00,86.00,0.00,"",0.00,113.00,115.00,84.00,1.00,544.00,0.00,0.00,86.00,0.00,0.00,
2016,7,7,4,2016-07-07,"AA",19805,"AA","2050",14747,"SEA","Seattle, WA","WA",11057,"CLT","Charlotte, NC","NC","0700","0702",2.00,2.00,14.00,9.00,"1506","1503",-3.00,0.00,0.00,"",0.00,306.00,301.00,278.00,1.00,2279.00,,,,,,
2016,7,7,4,2016-07-07,"AA",19805,"AA","2051",14100,"PHL","Philadelphia, PA","PA",13303,"MIA","Miami, FL","FL","0955","0956",1.00,1.00,27.00,11.00,"1253","1252",-1.00,0.00,0.00,"",0.00,178.00,176.00,138.00,1.00,1013.00,,,,,,
2016,7,7,4,2016-07-07,"AA",19805,"AA","2052",10257,"ALB","Albany, NY","NY",11057,"CLT","Charlotte, NC","NC","1445","1439",-6.00,0.00,15.00,6.00,"1658","1637",-21.00,0.00,0.00,"",0.00,133.00,118.00,97.00,1.00,646.00,,,,,,
2016,7,7,4,2016-07-07,"AA",19805,"AA","2052",11057,"CLT","Charlotte, NC","NC",14321,"PWM","Portland, ME","ME","1800","1826",26.00,26.00,17.00,3.00,"2015","2031",16.00,16.00,0.00,"",0.00,135.00,125.00,105.00,1.00,813.00,0.00,16.00,0.00,0.00,0.00,
2016,7,7,4,2016-07-07,"AA",19805,"AA","2053",11057,"CLT","Charlotte, NC","NC",15304,"TPA","Tampa, FL","FL","1120","1137",17.00,17.00,44.00,35.00,"1255","1409",74.00,74.00,0.00,"",0.00,95.00,152.00,73.00,1.00,507.00,16.00,0.00,57.00,0.00,1.00,
2016,7,7,4,2016-07-07,"AA",19805,"AA","2053",14100,"PHL","Philadelphia, PA","PA",11057,"CLT","Charlotte, NC","NC","0815","0805",-10.00,0.00,30.00,10.00,"1005","0951",-14.00,0.00,0.00,"",0.00,110.00,106.00,66.00,1.00,449.00,,,,,,
2016,7,7,4,2016-07-07,"AA",19805,"AA","2054",11057,"CLT","Charlotte, NC","NC",14100,"PHL","Philadelphia, PA","PA","1300","1301",1.00,1.00,23.00,3.00,"1440","1441",1.00,1.00,0.00,"",0.00,100.00,100.00,74.00,1.00,449.00,,,,,,
2016,7,7,4,2016-07-07,"AA",19805,"AA","2054",15304,"TPA","Tampa, FL","FL",11057,"CLT","Charlotte, NC","NC","1020","1013",-7.00,0.00,8.00,23.00,"1205","1200",-5.00,0.00,0.00,"",0.00,105.00,107.00,76.00,1.00,507.00,,,,,,
2016,7,7,4,2016-07-07,"AA",19805,"AA","2055",11057,"CLT","Charlotte, NC","NC",13930,"ORD","Chicago, IL","IL","1439","1435",-4.00,0.00,24.00,13.00,"1549","1542",-7.00,0.00,0.00,"",0.00,130.00,127.00,90.00,1.00,599.00,,,,,,
2016,7,7,4,2016-07-07,"AA",19805,"AA","2055",14107,"PHX","Phoenix, AZ","AZ",11057,"CLT","Charlotte, NC","NC","0630","0626",-4.00,0.00,16.00,13.00,"1336","1337",1.00,1.00,0.00,"",0.00,246.00,251.00,222.00,1.00,1773.00,,,,,,
2016,7,7,4,2016-07-07,"AA",19805,"AA","2056",11057,"CLT","Charlotte, NC","NC",14492,"RDU","Raleigh/Durham, NC","NC","1545","1647",62.00,62.00,12.00,3.00,"1635","1736",61.00,61.00,0.00,"",0.00,50.00,49.00,34.00,1.00,130.00,0.00,15.00,0.00,46.00,0.00,
2016,7,7,4,2016-07-07,"AA",19805,"AA","2057",11057,"CLT","Charlotte, NC","NC",12892,"LAX","Los Angeles, CA","CA","0940","0939",-1.00,0.00,20.00,7.00,"1154","1141",-13.00,0.00,0.00,"",0.00,314.00,302.00,275.00,1.00,2125.00,,,,,,
2016,7,7,4,2016-07-07,"AA",19805,"AA","2059",11057,"CLT","Charlotte, NC","NC",13303,"MIA","Miami, FL","FL","1420","1430",10.00,10.00,13.00,4.00,"1619","1617",-2.00,0.00,0.00,"",0.00,119.00,107.00,90.00,1.00,650.00,,,,,,
2016,7,7,4,2016-07-07,"AA",19805,"AA","2059",11292,"DEN","Denver, CO","CO",11057,"CLT","Charlotte, NC","NC","0805","0800",-5.00,0.00,18.00,8.00,"1317","1315",-2.00,0.00,0.00,"",0.00,192.00,195.00,169.00,1.00,1337.00,,,,,,
2016,7,7,4,2016-07-07,"AA",19805,"AA","2059",13303,"MIA","Miami, FL","FL",12889,"LAS","Las Vegas, NV","NV","1725","1722",-3.00,0.00,15.00,8.00,"1933","1919",-14.00,0.00,0.00,"",0.00,308.00,297.00,274.00,1.00,2174.00,,,,,,
2016,7,7,4,2016-07-07,"AA",19805,"AA","2060",11057,"CLT","Charlotte, NC","NC",12953,"LGA","New York, NY","NY","0605","0602",-3.00,0.00,12.00,6.00,"0749","0742",-7.00,0.00,0.00,"",0.00,104.00,100.00,82.00,1.00,544.00,,,,,,
2016,7,7,4,2016-07-07,"AA",19805,"AA","2061",10821,"BWI","Baltimore, MD","MD",11057,"CLT","Charlotte, NC","NC","1715","1713",-2.00,0.00,18.00,22.00,"1850","1850",0.00,0.00,0.00,"",0.00,95.00,97.00,57.00,1.00,361.00,,,,,,
2016,7,7,4,2016-07-07,"AA",19805,"AA","2061",11057,"CLT","Charlotte, NC","NC",14027,"PBI","West Palm Beach/Palm Beach, FL","FL","1945","1944",-1.00,0.00,17.00,4.00,"2129","2130",1.00,1.00,0.00,"",0.00,104.00,106.00,85.00,1.00,590.00,,,,,,
2016,7,7,4,2016-07-07,"AA",19805,"AA","2062",10397,"ATL","Atlanta, GA","GA",11057,"CLT","Charlotte, NC","NC","0550","0545",-5.00,0.00,23.00,5.00,"0657","0656",-1.00,0.00,0.00,"",0.00,67.00,71.00,43.00,1.00,226.00,,,,,,
2016,7,7,4,2016-07-07,"AA",19805,"AA","2062",11057,"CLT","Charlotte, NC","NC",12953,"LGA","New York, NY","NY","0759","0755",-4.00,0.00,18.00,12.00,"0954","0943",-11.00,0.00,0.00,"",0.00,115.00,108.00,78.00,1.00,544.00,,,,,,
2016,7,7,4,2016-07-07,"AA",19805,"AA","2063",11057,"CLT","Charlotte, NC","NC",10821,"BWI","Baltimore, MD","MD","1455","1446",-9.00,0.00,50.00,7.00,"1624","1637",13.00,13.00,0.00,"",0.00,89.00,111.00,54.00,1.00,361.00,,,,,,
2016,7,7,4,2016-07-07,"AA",19805,"AA","2063",14492,"RDU","Raleigh/Durham, NC","NC",11057,"CLT","Charlotte, NC","NC","1259","1256",-3.00,0.00,18.00,5.00,"1358","1352",-6.00,0.00,0.00,"",0.00,59.00,56.00,33.00,1.00,130.00,,,,,,
2016,7,7,4,2016-07-07,"AA",19805,"AA","2064",11057,"CLT","Charlotte, NC","NC",12953,"LGA","New York, NY","NY","1140","1136",-4.00,0.00,30.00,6.00,"1336","1402",26.00,26.00,0.00,"",0.00,116.00,146.00,110.00,1.00,544.00,0.00,0.00,26.00,0.00,0.00,
2016,7,7,4,2016-07-07,"AA",19805,"AA","2064",15304,"TPA","Tampa, FL","FL",11057,"CLT","Charlotte, NC","NC","0845","0843",-2.00,0.00,10.00,7.00,"1034","1020",-14.00,0.00,0.00,"",0.00,109.00,97.00,80.00,1.00,507.00,,,,,,
2016,7,7,4,2016-07-07,"AA",19805,"AA","2065",11057,"CLT","Charlotte, NC","NC",12266,"IAH","Houston, TX","TX","1120","1115",-5.00,0.00,15.00,5.00,"1247","1235",-12.00,0.00,0.00,"",0.00,147.00,140.00,120.00,1.00,912.00,,,,,,
2016,7,7,4,2016-07-07,"AA",19805,"AA","2065",14122,"PIT","Pittsburgh, PA","PA",11057,"CLT","Charlotte, NC","NC","0849","0835",-14.00,0.00,11.00,12.00,"1023","0957",-26.00,0.00,0.00,"",0.00,94.00,82.00,59.00,1.00,366.00,,,,,,
2016,7,7,4,2016-07-07,"AA",19805,"AA","2066",10693,"BNA","Nashville, TN","TN",11057,"CLT","Charlotte, NC","NC","0935","0932",-3.00,0.00,15.00,22.00,"1157","1158",1.00,1.00,0.00,"",0.00,82.00,86.00,49.00,1.00,328.00,,,,,,
2016,7,7,4,2016-07-07,"AA",19805,"AA","2066",11057,"CLT","Charlotte, NC","NC",12953,"LGA","New York, NY","NY","1309","1319",10.00,10.00,32.00,7.00,"1500","1520",20.00,20.00,0.00,"",0.00,111.00,121.00,82.00,1.00,544.00,0.00,0.00,20.00,0.00,0.00,
2016,7,7,4,2016-07-07,"AA",19805,"AA","2067",11057,"CLT","Charlotte, NC","NC",11433,"DTW","Detroit, MI","MI","1800","1813",13.00,13.00,21.00,4.00,"1951","1951",0.00,0.00,0.00,"",0.00,111.00,98.00,73.00,1.00,500.00,,,,,,
2016,7,7,4,2016-07-07,"AA",19805,"AA","2067",11433,"DTW","Detroit, MI","MI",14107,"PHX","Phoenix, AZ","AZ","2050","2043",-7.00,0.00,12.00,6.00,"2157","2142",-15.00,0.00,0.00,"",0.00,247.00,239.00,221.00,1.00,1671.00,,,,,,
2016,7,7,4,2016-07-07,"AA",19805,"AA","2067",14122,"PIT","Pittsburgh, PA","PA",11057,"CLT","Charlotte, NC","NC","1526","1519",-7.00,0.00,9.00,9.00,"1659","1643",-16.00,0.00,0.00,"",0.00,93.00,84.00,66.00,1.00,366.00,,,,,,
2016,7,7,4,2016-07-07,"AA",19805,"AA","2068",11057,"CLT","Charlotte, NC","NC",12953,"LGA","New York, NY","NY","1426","1515",49.00,49.00,45.00,8.00,"1614","1726",72.00,72.00,0.00,"",0.00,108.00,131.00,78.00,1.00,544.00,0.00,0.00,72.00,0.00,0.00,
2016,7,7,4,2016-07-07,"AA",19805,"AA","2068",13930,"ORD","Chicago, IL","IL",11057,"CLT","Charlotte, NC","NC","1024","1016",-8.00,0.00,24.00,11.00,"1320","1310",-10.00,0.00,0.00,"",0.00,116.00,114.00,79.00,1.00,599.00,,,,,,
2016,7,7,4,2016-07-07,"AA",19805,"AA","2069",10994,"CHS","Charleston, SC","SC",11057,"CLT","Charlotte, NC","NC","1250","1246",-4.00,0.00,14.00,3.00,"1400","1340",-20.00,0.00,0.00,"",0.00,70.00,54.00,37.00,1.00,168.00,,,,,,
2016,7,7,4,2016-07-07,"AA",19805,"AA","2069",11057,"CLT","Charlotte, NC","NC",12266,"IAH","Houston, TX","TX","1459","1522",23.00,23.00,12.00,5.00,"1631","1637",6.00,6.00,0.00,"",0.00,152.00,135.00,118.00,1.00,912.00,,,,,,
2016,7,7,4,2016-07-07,"AA",19805,"AA","2070",11057,"CLT","Charlotte, NC","NC",11042,"CLE","Cleveland, OH","OH","2225","2219",-6.00,0.00,26.00,4.00,"2356","2352",-4.00,0.00,0.00,"",0.00,91.00,93.00,63.00,1.00,430.00,,,,,,
2016,7,7,4,2016-07-07,"AA",19805,"AA","2070",14307,"PVD","Providence, RI","RI",11057,"CLT","Charlotte, NC","NC","1905","1906",1.00,1.00,9.00,6.00,"2117","2055",-22.00,0.00,0.00,"",0.00,132.00,109.00,94.00,1.00,683.00,,,,,,
2016,7,7,4,2016-07-07,"AA",19805,"AA","2071",14492,"RDU","Raleigh/Durham, NC","NC",14100,"PHL","Philadelphia, PA","PA","0700","0654",-6.00,0.00,13.00,4.00,"0829","0808",-21.00,0.00,0.00,"",0.00,89.00,74.00,57.00,1.00,337.00,,,,,,
2016,7,7,4,2016-07-07,"AA",19805,"AA","2072",10397,"ATL","Atlanta, GA","GA",14100,"PHL","Philadelphia, PA","PA","1242","1242",0.00,0.00,40.00,5.00,"1449","1506",17.00,17.00,0.00,"",0.00,127.00,144.00,99.00,1.00,666.00,0.00,0.00,17.00,0.00,0.00,
2016,7,7,4,2016-07-07,"AA",19805,"AA","2073",14100,"PHL","Philadelphia, PA","PA",12953,"LGA","New York, NY","NY","1340","1339",-1.00,0.00,37.00,5.00,"1435","1503",28.00,28.00,0.00,"",0.00,55.00,84.00,42.00,1.00,96.00,0.00,0.00,28.00,0.00,0.00,
2016,7,7,4,2016-07-07,"AA",19805,"AA","2074",14100,"PHL","Philadelphia, PA","PA",12953,"LGA","New York, NY","NY","2032","2043",11.00,11.00,32.00,7.00,"2130","2148",18.00,18.00,0.00,"",0.00,58.00,65.00,26.00,1.00,96.00,0.00,0.00,18.00,0.00,0.00,
2016,7,7,4,2016-07-07,"AA",19805,"AA","2075",12889,"LAS","Las Vegas, NV","NV",11057,"CLT","Charlotte, NC","NC","1134","1136",2.00,2.00,17.00,12.00,"1854","1907",13.00,13.00,0.00,"",0.00,260.00,271.00,242.00,1.00,1916.00,,,,,,
2016,7,7,4,2016-07-07,"AA",19805,"AA","2077",11057,"CLT","Charlotte, NC","NC",14524,"RIC","Richmond, VA","VA","1245","1245",0.00,0.00,9.00,3.00,"1348","1336",-12.00,0.00,0.00,"",0.00,63.00,51.00,39.00,1.00,257.00,,,,,,
2016,7,7,4,2016-07-07,"AA",19805,"AA","2077",11278,"DCA","Washington, DC","VA",11057,"CLT","Charlotte, NC","NC","1021","1023",2.00,2.00,18.00,15.00,"1150","1149",-1.00,0.00,0.00,"",0.00,89.00,86.00,53.00,1.00,331.00,,,,,,
2016,7,7,4,2016-07-07,"AA",19805,"AA","2077",15304,"TPA","Tampa, FL","FL",11278,"DCA","Washington, DC","VA","0710","0704",-6.00,0.00,11.00,31.00,"0926","0944",18.00,18.00,0.00,"",0.00,136.00,160.00,118.00,1.00,814.00,0.00,0.00,18.00,0.00,0.00,
2016,7,7,4,2016-07-07,"AA",19805,"AA","2078",11057,"CLT","Charlotte, NC","NC",11042,"CLE","Cleveland, OH","OH","1300","1256",-4.00,0.00,12.00,7.00,"1430","1427",-3.00,0.00,0.00,"",0.00,90.00,91.00,72.00,1.00,430.00,,,,,,
2016,7,7,4,2016-07-07,"AA",19805,"AA","2078",14122,"PIT","Pittsburgh, PA","PA",11057,"CLT","Charlotte, NC","NC","1035","1024",-11.00,0.00,9.00,21.00,"1204","1148",-16.00,0.00,0.00,"",0.00,89.00,84.00,54.00,1.00,366.00,,,,,,
2016,7,7,4,2016-07-07,"AA",19805,"AA","2079",14100,"PHL","Philadelphia, PA","PA",10397,"ATL","Atlanta, GA","GA","1135","1251",76.00,76.00,20.00,5.00,"1348","1459",71.00,71.00,0.00,"",0.00,133.00,128.00,103.00,1.00,666.00,48.00,0.00,0.00,0.00,23.00,
2016,7,7,4,2016-07-07,"AA",19805,"AA","2080",14100,"PHL","Philadelphia, PA","PA",14635,"RSW","Fort Myers, FL","FL","1000","0954",-6.00,0.00,47.00,5.00,"1301","1317",16.00,16.00,0.00,"",0.00,181.00,203.00,151.00,1.00,993.00,0.00,0.00,16.00,0.00,0.00,
2016,7,7,4,2016-07-07,"AA",19805,"AA","2080",14635,"RSW","Fort Myers, FL","FL",14100,"PHL","Philadelphia, PA","PA","1355","1420",25.00,25.00,25.00,4.00,"1637","1711",34.00,34.00,0.00,"",0.00,162.00,171.00,142.00,1.00,993.00,0.00,0.00,34.00,0.00,0.00,
2016,7,7,4,2016-07-07,"AA",19805,"AA","2081",14100,"PHL","Philadelphia, PA","PA",15304,"TPA","Tampa, FL","FL","1600","1555",-5.00,0.00,26.00,4.00,"1842","1833",-9.00,0.00,0.00,"",0.00,162.00,158.00,128.00,1.00,920.00,,,,,,
2016,7,7,4,2016-07-07,"AA",19805,"AA","2081",15304,"TPA","Tampa, FL","FL",14100,"PHL","Philadelphia, PA","PA","1925","1919",-6.00,0.00,11.00,4.00,"2155","2143",-12.00,0.00,0.00,"",0.00,150.00,144.00,129.00,1.00,920.00,,,,,,
2016,7,7,4,2016-07-07,"AA",19805,"AA","2082",12889,"LAS","Las Vegas, NV","NV",11298,"DFW","Dallas/Fort Worth, TX","TX","0700","0653",-7.00,0.00,11.00,12.00,"1142","1126",-16.00,0.00,0.00,"",0.00,162.00,153.00,130.00,1.00,1055.00,,,,,,
2016,7,7,4,2016-07-07,"AA",19805,"AA","2085",10397,"ATL","Atlanta, GA","GA",14100,"PHL","Philadelphia, PA","PA","0635","0627",-8.00,0.00,10.00,5.00,"0835","0817",-18.00,0.00,0.00,"",0.00,120.00,110.00,95.00,1.00,666.00,,,,,,
2016,7,7,4,2016-07-07,"AA",19805,"AA","2086",11057,"CLT","Charlotte, NC","NC",13487,"MSP","Minneapolis, MN","MN","1800","1801",1.00,1.00,22.00,5.00,"1944","1937",-7.00,0.00,0.00,"",0.00,164.00,156.00,129.00,1.00,930.00,,,,,,
2016,7,7,4,2016-07-07,"AA",19805,"AA","2086",12953,"LGA","New York, NY","NY",11057,"CLT","Charlotte, NC","NC","1445","1454",9.00,9.00,12.00,13.00,"1654","1635",-19.00,0.00,0.00,"",0.00,129.00,101.00,76.00,1.00,544.00,,,,,,
2016,7,7,4,2016-07-07,"AA",19805,"AA","2086",13487,"MSP","Minneapolis, MN","MN",14107,"PHX","Phoenix, AZ","AZ","2040","2034",-6.00,0.00,14.00,10.00,"2155","2147",-8.00,0.00,0.00,"",0.00,195.00,193.00,169.00,1.00,1276.00,,,,,,
2016,7,7,4,2016-07-07,"AA",19805,"AA","2086",14107,"PHX","Phoenix, AZ","AZ",12892,"LAX","Los Angeles, CA","CA","2255","2249",-6.00,0.00,32.00,44.00,"0023","0106",43.00,43.00,0.00,"",0.00,88.00,137.00,61.00,1.00,370.00,0.00,0.00,43.00,0.00,0.00,
2016,7,7,4,2016-07-07,"AA",19805,"AA","2087",14100,"PHL","Philadelphia, PA","PA",15304,"TPA","Tampa, FL","FL","0805","0800",-5.00,0.00,29.00,9.00,"1046","1047",1.00,1.00,0.00,"",0.00,161.00,167.00,129.00,1.00,920.00,,,,,,
2016,7,7,4,2016-07-07,"AA",19805,"AA","2089",13303,"MIA","Miami, FL","FL",15304,"TPA","Tampa, FL","FL","0942","0937",-5.00,0.00,11.00,2.00,"1052","1029",-23.00,0.00,0.00,"",0.00,70.00,52.00,39.00,1.00,204.00,,,,,,
2016,7,7,4,2016-07-07,"AA",19805,"AA","2089",15304,"TPA","Tampa, FL","FL",13303,"MIA","Miami, FL","FL","1200","1155",-5.00,0.00,10.00,3.00,"1301","1243",-18.00,0.00,0.00,"",0.00,61.00,48.00,35.00,1.00,204.00,,,,,,
2016,7,7,4,2016-07-07,"AA",19805,"AA","2090",12892,"LAX","Los Angeles, CA","CA",10693,"BNA","Nashville, TN","TN","0940","1216",156.00,156.00,16.00,8.00,"1551","1819",148.00,148.00,0.00,"",0.00,251.00,243.00,219.00,1.00,1797.00,31.00,0.00,0.00,0.00,117.00,
2016,7,7,4,2016-07-07,"AA",19805,"AA","2091",11057,"CLT","Charlotte, NC","NC",11298,"DFW","Dallas/Fort Worth, TX","TX","0730","0728",-2.00,0.00,10.00,10.00,"0914","0856",-18.00,0.00,0.00,"",0.00,164.00,148.00,128.00,1.00,936.00,,,,,,
2016,7,7,4,2016-07-07,"AA",19805,"AA","2091",11298,"DFW","Dallas/Fort Worth, TX","TX",11057,"CLT","Charlotte, NC","NC","1025","1023",-2.00,0.00,18.00,8.00,"1401","1357",-4.00,0.00,0.00,"",0.00,156.00,154.00,128.00,1.00,936.00,,,,,,
2016,7,7,4,2016-07-07,"AA",19805,"AA","2092",14057,"PDX","Portland, OR","OR",14107,"PHX","Phoenix, AZ","AZ","2020","2033",13.00,13.00,13.00,6.00,"2301","2306",5.00,5.00,0.00,"",0.00,161.00,153.00,134.00,1.00,1009.00,,,,,,
2016,7,7,4,2016-07-07,"AA",19805,"AA","2093",10423,"AUS","Austin, TX","TX",14100,"PHL","Philadelphia, PA","PA","1255","1318",23.00,23.00,11.00,4.00,"1723","1743",20.00,20.00,0.00,"",0.00,208.00,205.00,190.00,1.00,1430.00,0.00,0.00,20.00,0.00,0.00,
2016,7,7,4,2016-07-07,"AA",19805,"AA","2093",14100,"PHL","Philadelphia, PA","PA",10423,"AUS","Austin, TX","TX","0929","0925",-4.00,0.00,17.00,5.00,"1204","1156",-8.00,0.00,0.00,"",0.00,215.00,211.00,189.00,1.00,1430.00,,,,,,
2016,7,7,4,2016-07-07,"AA",19805,"AA","2094",14100,"PHL","Philadelphia, PA","PA",10423,"AUS","Austin, TX","TX","1815","1810",-5.00,0.00,23.00,8.00,"2108","2049",-19.00,0.00,0.00,"",0.00,233.00,219.00,188.00,1.00,1430.00,,,,,,
2016,7,7,4,2016-07-07,"AA",19805,"AA","2095",10423,"AUS","Austin, TX","TX",14100,"PHL","Philadelphia, PA","PA","0810","0804",-6.00,0.00,11.00,4.00,"1239","1231",-8.00,0.00,0.00,"",0.00,209.00,207.00,192.00,1.00,1430.00,,,,,,
2016,7,7,4,2016-07-07,"AA",19805,"AA","2096",14100,"PHL","Philadelphia, PA","PA",13198,"MCI","Kansas City, MO","MO","0915","0909",-6.00,0.00,41.00,5.00,"1103","1141",38.00,38.00,0.00,"",0.00,168.00,212.00,166.00,1.00,1038.00,0.00,0.00,38.00,0.00,0.00,
2016,7,7,4,2016-07-07,"AA",19805,"AA","2096",14307,"PVD","Providence, RI","RI",14100,"PHL","Philadelphia, PA","PA","0710","",,,,,"0826","",,,1.00,"A",0.00,76.00,,,1.00,237.00,,,,,,
2016,7,7,4,2016-07-07,"AA",19805,"AA","2097",13198,"MCI","Kansas City, MO","MO",14100,"PHL","Philadelphia, PA","PA","1145","1301",76.00,76.00,13.00,5.00,"1525","1632",67.00,67.00,0.00,"",0.00,160.00,151.00,133.00,1.00,1038.00,0.00,0.00,67.00,0.00,0.00,
2016,7,7,4,2016-07-07,"AA",19805,"AA","2098",11298,"DFW","Dallas/Fort Worth, TX","TX",12889,"LAS","Las Vegas, NV","NV","1450","1459",9.00,9.00,21.00,7.00,"1540","1547",7.00,7.00,0.00,"",0.00,170.00,168.00,140.00,1.00,1055.00,,,,,,
2016,7,7,4,2016-07-07,"AA",19805,"AA","2098",12889,"LAS","Las Vegas, NV","NV",11298,"DFW","Dallas/Fort Worth, TX","TX","1635","1654",19.00,19.00,15.00,6.00,"2116","2122",6.00,6.00,0.00,"",0.00,161.00,148.00,127.00,1.00,1055.00,,,,,,
2016,7,7,4,2016-07-07,"AA",19805,"AA","2115",12953,"LGA","New York, NY","NY",11278,"DCA","Washington, DC","VA","0559","0553",-6.00,0.00,14.00,3.00,"0659","0653",-6.00,0.00,0.00,"",0.00,60.00,60.00,43.00,1.00,214.00,,,,,,
2016,7,7,4,2016-07-07,"AA",19805,"AA","2116",10721,"BOS","Boston, MA","MA",11278,"DCA","Washington, DC","VA","2000","2126",86.00,86.00,15.00,3.00,"2141","2251",70.00,70.00,0.00,"",0.00,101.00,85.00,67.00,1.00,399.00,24.00,0.00,0.00,0.00,46.00,
2016,7,7,4,2016-07-07,"AA",19805,"AA","2116",11278,"DCA","Washington, DC","VA",10721,"BOS","Boston, MA","MA","1730","1723",-7.00,0.00,81.00,10.00,"1905","2022",77.00,77.00,0.00,"",0.00,95.00,179.00,88.00,1.00,399.00,0.00,0.00,77.00,0.00,0.00,
2016,7,7,4,2016-07-07,"AA",19805,"AA","2117",11278,"DCA","Washington, DC","VA",12953,"LGA","New York, NY","NY","2200","2156",-4.00,0.00,16.00,4.00,"2308","2257",-11.00,0.00,0.00,"",0.00,68.00,61.00,41.00,1.00,214.00,,,,,,
2016,7,7,4,2016-07-07,"AA",19805,"AA","2118",10721,"BOS","Boston, MA","MA",12953,"LGA","New York, NY","NY","1800","1847",47.00,47.00,12.00,4.00,"1922","1956",34.00,34.00,0.00,"",0.00,82.00,69.00,53.00,1.00,184.00,0.00,0.00,34.00,0.00,0.00,
2016,7,7,4,2016-07-07,"AA",19805,"AA","2118",12953,"LGA","New York, NY","NY",10721,"BOS","Boston, MA","MA","1600","1556",-4.00,0.00,35.00,16.00,"1717","1815",58.00,58.00,0.00,"",0.00,77.00,139.00,88.00,1.00,184.00,0.00,0.00,58.00,0.00,0.00,
2016,7,7,4,2016-07-07,"AA",19805,"AA","2119",10721,"BOS","Boston, MA","MA",11278,"DCA","Washington, DC","VA","1600","1555",-5.00,0.00,10.00,3.00,"1733","1714",-19.00,0.00,0.00,"",0.00,93.00,79.00,66.00,1.00,399.00,,,,,,
2016,7,7,4,2016-07-07,"AA",19805,"AA","2119",11278,"DCA","Washington, DC","VA",10721,"BOS","Boston, MA","MA","1330","1323",-7.00,0.00,14.00,4.00,"1454","1437",-17.00,0.00,0.00,"",0.00,84.00,74.00,56.00,1.00,399.00,,,,,,
2016,7,7,4,2016-07-07,"AA",19805,"AA","2120",10721,"BOS","Boston, MA","MA",11278,"DCA","Washington, DC","VA","1900","1915",15.00,15.00,16.00,3.00,"2038","2039",1.00,1.00,0.00,"",0.00,98.00,84.00,65.00,1.00,399.00,,,,,,
2016,7,7,4,2016-07-07,"AA",19805,"AA","2120",11278,"DCA","Washington, DC","VA",10721,"BOS","Boston, MA","MA","1630","1622",-8.00,0.00,26.00,10.00,"1758","1849",51.00,51.00,0.00,"",0.00,88.00,147.00,111.00,1.00,399.00,0.00,0.00,51.00,0.00,0.00,
2016,7,7,4,2016-07-07,"AA",19805,"AA","2121",10721,"BOS","Boston, MA","MA",12953,"LGA","New York, NY","NY","1100","1057",-3.00,0.00,47.00,5.00,"1212","1236",24.00,24.00,0.00,"",0.00,72.00,99.00,47.00,1.00,184.00,0.00,0.00,24.00,0.00,0.00,
2016,7,7,4,2016-07-07,"AA",19805,"AA","2121",12953,"LGA","New York, NY","NY",10721,"BOS","Boston, MA","MA","0900","0854",-6.00,0.00,19.00,8.00,"1018","0956",-22.00,0.00,0.00,"",0.00,78.00,62.00,35.00,1.00,184.00,,,,,,
2016,7,7,4,2016-07-07,"AA",19805,"AA","2122",12953,"LGA","New York, NY","NY",10721,"BOS","Boston, MA","MA","1900","1856",-4.00,0.00,42.00,10.00,"2012","2023",11.00,11.00,0.00,"",0.00,72.00,87.00,35.00,1.00,184.00,,,,,,
2016,7,7,4,2016-07-07,"AA",19805,"AA","2123",12953,"LGA","New York, NY","NY",11278,"DCA","Washington, DC","VA","0659","0654",-5.00,0.00,13.00,15.00,"0808","0809",1.00,1.00,0.00,"",0.00,69.00,75.00,47.00,1.00,214.00,,,,,,
2016,7,7,4,2016-07-07,"AA",19805,"AA","2124",10721,"BOS","Boston, MA","MA",11278,"DCA","Washington, DC","VA","1800","1822",22.00,22.00,9.00,2.00,"1944","1945",1.00,1.00,0.00,"",0.00,104.00,83.00,72.00,1.00,399.00,,,,,,
2016,7,7,4,2016-07-07,"AA",19805,"AA","2124",11278,"DCA","Washington, DC","VA",10721,"BOS","Boston, MA","MA","1530","1521",-9.00,0.00,24.00,12.00,"1700","1750",50.00,50.00,0.00,"",0.00,90.00,149.00,113.00,1.00,399.00,0.00,0.00,50.00,0.00,0.00,
2016,7,7,4,2016-07-07,"AA",19805,"AA","2125",11278,"DCA","Washington, DC","VA",12953,"LGA","New York, NY","NY","0800","0758",-2.00,0.00,17.00,9.00,"0920","0905",-15.00,0.00,0.00,"",0.00,80.00,67.00,41.00,1.00,214.00,,,,,,
2016,7,7,4,2016-07-07,"AA",19805,"AA","2125",12953,"LGA","New York, NY","NY",11278,"DCA","Washington, DC","VA","1000","0953",-7.00,0.00,26.00,3.00,"1128","1107",-21.00,0.00,0.00,"",0.00,88.00,74.00,45.00,1.00,214.00,,,,,,
2016,7,7,4,2016-07-07,"AA",19805,"AA","2126",10721,"BOS","Boston, MA","MA",12953,"LGA","New York, NY","NY","0800","0753",-7.00,0.00,17.00,9.00,"0916","0900",-16.00,0.00,0.00,"",0.00,76.00,67.00,41.00,1.00,184.00,,,,,,
2016,7,7,4,2016-07-07,"AA",19805,"AA","2126",12953,"LGA","New York, NY","NY",10721,"BOS","Boston, MA","MA","0600","0600",0.00,0.00,19.00,7.00,"0702","0701",-1.00,0.00,0.00,"",0.00,62.00,61.00,35.00,1.00,184.00,,,,,,
2016,7,7,4,2016-07-07,"AA",19805,"AA","2127",10721,"BOS","Boston, MA","MA",11278,"DCA","Washington, DC","VA","0700","0652",-8.00,0.00,12.00,21.00,"0838","0834",-4.00,0.00,0.00,"",0.00,98.00,102.00,69.00,1.00,399.00,,,,,,
2016,7,7,4,2016-07-07,"AA",19805,"AA","2128",12953,"LGA","New York, NY","NY",10721,"BOS","Boston, MA","MA","2000","2030",30.00,30.00,26.00,8.00,"2114","2142",28.00,28.00,0.00,"",0.00,74.00,72.00,38.00,1.00,184.00,0.00,4.00,0.00,0.00,24.00,
2016,7,7,4,2016-07-07,"AA",19805,"AA","2129",10721,"BOS","Boston, MA","MA",11278,"DCA","Washington, DC","VA","1300","1251",-9.00,0.00,9.00,27.00,"1437","1438",1.00,1.00,0.00,"",0.00,97.00,107.00,71.00,1.00,399.00,,,,,,
2016,7,7,4,2016-07-07,"AA",19805,"AA","2129",11278,"DCA","Washington, DC","VA",10721,"BOS","Boston, MA","MA","1030","1022",-8.00,0.00,24.00,6.00,"1200","1151",-9.00,0.00,0.00,"",0.00,90.00,89.00,59.00,1.00,399.00,,,,,,
2016,7,7,4,2016-07-07,"AA",19805,"AA","2130",10721,"BOS","Boston, MA","MA",11278,"DCA","Washington, DC","VA","1000","",,,,,"1127","",,,1.00,"A",0.00,87.00,,,1.00,399.00,,,,,,
2016,7,7,4,2016-07-07,"AA",19805,"AA","2130",11278,"DCA","Washington, DC","VA",10721,"BOS","Boston, MA","MA","0730","",,,,,"0856","",,,1.00,"A",0.00,86.00,,,1.00,399.00,,,,,,
2016,7,7,4,2016-07-07,"AA",19805,"AA","2131",10721,"BOS","Boston, MA","MA",12953,"LGA","New York, NY","NY","1500","1454",-6.00,0.00,26.00,6.00,"1623","1616",-7.00,0.00,0.00,"",0.00,83.00,82.00,50.00,1.00,184.00,,,,,,
2016,7,7,4,2016-07-07,"AA",19805,"AA","2131",12953,"LGA","New York, NY","NY",10721,"BOS","Boston, MA","MA","1300","1306",6.00,6.00,25.00,9.00,"1413","1414",1.00,1.00,0.00,"",0.00,73.00,68.00,34.00,1.00,184.00,,,,,,
2016,7,7,4,2016-07-07,"AA",19805,"AA","2133",11278,"DCA","Washington, DC","VA",12953,"LGA","New York, NY","NY","0900","0853",-7.00,0.00,22.00,8.00,"1026","1008",-18.00,0.00,0.00,"",0.00,86.00,75.00,45.00,1.00,214.00,,,,,,
2016,7,7,4,2016-07-07,"AA",19805,"AA","2133",12953,"LGA","New York, NY","NY",11278,"DCA","Washington, DC","VA","1100","1054",-6.00,0.00,21.00,2.00,"1220","1201",-19.00,0.00,0.00,"",0.00,80.00,67.00,44.00,1.00,214.00,,,,,,
2016,7,7,4,2016-07-07,"AA",19805,"AA","2134",10721,"BOS","Boston, MA","MA",11278,"DCA","Washington, DC","VA","2100","2100",0.00,0.00,22.00,9.00,"2237","2235",-2.00,0.00,0.00,"",0.00,97.00,95.00,64.00,1.00,399.00,,,,,,
2016,7,7,4,2016-07-07,"AA",19805,"AA","2134",11278,"DCA","Washington, DC","VA",10721,"BOS","Boston, MA","MA","1830","1825",-5.00,0.00,27.00,7.00,"2002","2000",-2.00,0.00,0.00,"",0.00,92.00,95.00,61.00,1.00,399.00,,,,,,
2016,7,7,4,2016-07-07,"AA",19805,"AA","2135",11278,"DCA","Washington, DC","VA",12953,"LGA","New York, NY","NY","1200","1201",1.00,1.00,24.00,10.00,"1320","1316",-4.00,0.00,0.00,"",0.00,80.00,75.00,41.00,1.00,214.00,,,,,,
2016,7,7,4,2016-07-07,"AA",19805,"AA","2135",12953,"LGA","New York, NY","NY",11278,"DCA","Washington, DC","VA","1400","1357",-3.00,0.00,26.00,15.00,"1521","1522",1.00,1.00,0.00,"",0.00,81.00,85.00,44.00,1.00,214.00,,,,,,
2016,7,7,4,2016-07-07,"AA",19805,"AA","2136",10721,"BOS","Boston, MA","MA",12953,"LGA","New York, NY","NY","1200","1153",-7.00,0.00,26.00,14.00,"1316","1315",-1.00,0.00,0.00,"",0.00,76.00,82.00,42.00,1.00,184.00,,,,,,
2016,7,7,4,2016-07-07,"AA",19805,"AA","2136",12953,"LGA","New York, NY","NY",10721,"BOS","Boston, MA","MA","1000","0952",-8.00,0.00,25.00,12.00,"1120","1105",-15.00,0.00,0.00,"",0.00,80.00,73.00,36.00,1.00,184.00,,,,,,
2016,7,7,4,2016-07-07,"AA",19805,"AA","2137",11278,"DCA","Washington, DC","VA",12953,"LGA","New York, NY","NY","0600","0553",-7.00,0.00,13.00,6.00,"0659","0655",-4.00,0.00,0.00,"",0.00,59.00,62.00,43.00,1.00,214.00,,,,,,
2016,7,7,4,2016-07-07,"AA",19805,"AA","2137",12953,"LGA","New York, NY","NY",11278,"DCA","Washington, DC","VA","0800","0753",-7.00,0.00,17.00,5.00,"0920","0900",-20.00,0.00,0.00,"",0.00,80.00,67.00,45.00,1.00,214.00,,,,,,
2016,7,7,4,2016-07-07,"AA",19805,"AA","2138",11278,"DCA","Washington, DC","VA",10721,"BOS","Boston, MA","MA","2200","2229",29.00,29.00,15.00,6.00,"2325","2354",29.00,29.00,0.00,"",0.00,85.00,85.00,64.00,1.00,399.00,29.00,0.00,0.00,0.00,0.00,
2016,7,7,4,2016-07-07,"AA",19805,"AA","2139",10721,"BOS","Boston, MA","MA",11278,"DCA","Washington, DC","VA","1200","1152",-8.00,0.00,9.00,3.00,"1329","1326",-3.00,0.00,0.00,"",0.00,89.00,94.00,82.00,1.00,399.00,,,,,,
2016,7,7,4,2016-07-07,"AA",19805,"AA","2139",11278,"DCA","Washington, DC","VA",10721,"BOS","Boston, MA","MA","0930","0923",-7.00,0.00,10.00,8.00,"1055","1048",-7.00,0.00,0.00,"",0.00,85.00,85.00,67.00,1.00,399.00,,,,,,
2016,7,7,4,2016-07-07,"AA",19805,"AA","2140",11278,"DCA","Washington, DC","VA",10721,"BOS","Boston, MA","MA","1930","1924",-6.00,0.00,14.00,14.00,"2058","2126",28.00,28.00,0.00,"",0.00,88.00,122.00,94.00,1.00,399.00,0.00,0.00,28.00,0.00,0.00,
2016,7,7,4,2016-07-07,"AA",19805,"AA","2141",10721,"BOS","Boston, MA","MA",12953,"LGA","New York, NY","NY","1900","2050",110.00,110.00,36.00,8.00,"2022","2224",122.00,122.00,0.00,"",0.00,82.00,94.00,50.00,1.00,184.00,24.00,0.00,12.00,0.00,86.00,
2016,7,7,4,2016-07-07,"AA",19805,"AA","2141",12953,"LGA","New York, NY","NY",10721,"BOS","Boston, MA","MA","1700","1655",-5.00,0.00,37.00,13.00,"1814","1920",66.00,66.00,0.00,"",0.00,74.00,145.00,95.00,1.00,184.00,0.00,0.00,66.00,0.00,0.00,
2016,7,7,4,2016-07-07,"AA",19805,"AA","2142",10721,"BOS","Boston, MA","MA",11278,"DCA","Washington, DC","VA","1500","1453",-7.00,0.00,13.00,10.00,"1638","1631",-7.00,0.00,0.00,"",0.00,98.00,98.00,75.00,1.00,399.00,,,,,,
2016,7,7,4,2016-07-07,"AA",19805,"AA","2142",11278,"DCA","Washington, DC","VA",10721,"BOS","Boston, MA","MA","1230","1244",14.00,14.00,14.00,11.00,"1354","1406",12.00,12.00,0.00,"",0.00,84.00,82.00,57.00,1.00,399.00,,,,,,
2016,7,7,4,2016-07-07,"AA",19805,"AA","2143",11278,"DCA","Washington, DC","VA",12953,"LGA","New York, NY","NY","1300","",,,,,"1422","",,,1.00,"C",0.00,82.00,,,1.00,214.00,,,,,,
2016,7,7,4,2016-07-07,"AA",19805,"AA","2143",12953,"LGA","New York, NY","NY",11278,"DCA","Washington, DC","VA","1500","",,,,,"1625","",,,1.00,"C",0.00,85.00,,,1.00,214.00,,,,,,
2016,7,7,4,2016-07-07,"AA",19805,"AA","2144",11278,"DCA","Washington, DC","VA",12953,"LGA","New York, NY","NY","0659","",,,,,"0803","",,,1.00,"A",0.00,64.00,,,1.00,214.00,,,,,,
2016,7,7,4,2016-07-07,"AA",19805,"AA","2144",12953,"LGA","New York, NY","NY",11278,"DCA","Washington, DC","VA","0900","",,,,,"1022","",,,1.00,"A",0.00,82.00,,,1.00,214.00,,,,,,
2016,7,7,4,2016-07-07,"AA",19805,"AA","2145",11278,"DCA","Washington, DC","VA",12953,"LGA","New York, NY","NY","1600","1558",-2.00,0.00,44.00,8.00,"1727","1733",6.00,6.00,0.00,"",0.00,87.00,95.00,43.00,1.00,214.00,,,,,,
2016,7,7,4,2016-07-07,"AA",19805,"AA","2145",12953,"LGA","New York, NY","NY",11278,"DCA","Washington, DC","VA","1800","1756",-4.00,0.00,19.00,6.00,"1927","1907",-20.00,0.00,0.00,"",0.00,87.00,71.00,46.00,1.00,214.00,,,,,,
2016,7,7,4,2016-07-07,"AA",19805,"AA","2146",10721,"BOS","Boston, MA","MA",12953,"LGA","New York, NY","NY","1600","1554",-6.00,0.00,60.00,6.00,"1720","1744",24.00,24.00,0.00,"",0.00,80.00,110.00,44.00,1.00,184.00,0.00,0.00,24.00,0.00,0.00,
2016,7,7,4,2016-07-07,"AA",19805,"AA","2146",12953,"LGA","New York, NY","NY",10721,"BOS","Boston, MA","MA","1400","1352",-8.00,0.00,19.00,9.00,"1511","1452",-19.00,0.00,0.00,"",0.00,71.00,60.00,32.00,1.00,184.00,,,,,,
2016,7,7,4,2016-07-07,"AA",19805,"AA","2147",11278,"DCA","Washington, DC","VA",12953,"LGA","New York, NY","NY","1000","0956",-4.00,0.00,12.00,15.00,"1120","1107",-13.00,0.00,0.00,"",0.00,80.00,71.00,44.00,1.00,214.00,,,,,,
2016,7,7,4,2016-07-07,"AA",19805,"AA","2147",12953,"LGA","New York, NY","NY",11278,"DCA","Washington, DC","VA","1200","1156",-4.00,0.00,15.00,3.00,"1323","1257",-26.00,0.00,0.00,"",0.00,83.00,61.00,43.00,1.00,214.00,,,,,,
2016,7,7,4,2016-07-07,"AA",19805,"AA","2148",10721,"BOS","Boston, MA","MA",12953,"LGA","New York, NY","NY","0600","0554",-6.00,0.00,14.00,5.00,"0715","0653",-22.00,0.00,0.00,"",0.00,75.00,59.00,40.00,1.00,184.00,,,,,,
2016,7,7,4,2016-07-07,"AA",19805,"AA","2149",10721,"BOS","Boston, MA","MA",11278,"DCA","Washington, DC","VA","1700","1705",5.00,5.00,18.00,2.00,"1838","1841",3.00,3.00,0.00,"",0.00,98.00,96.00,76.00,1.00,399.00,,,,,,
2016,7,7,4,2016-07-07,"AA",19805,"AA","2149",11278,"DCA","Washington, DC","VA",10721,"BOS","Boston, MA","MA","1430","1423",-7.00,0.00,22.00,7.00,"1556","1554",-2.00,0.00,0.00,"",0.00,86.00,91.00,62.00,1.00,399.00,,,,,,
2016,7,7,4,2016-07-07,"AA",19805,"AA","2150",11278,"DCA","Washington, DC","VA",10721,"BOS","Boston, MA","MA","2100","2052",-8.00,0.00,27.00,10.00,"2225","2227",2.00,2.00,0.00,"",0.00,85.00,95.00,58.00,1.00,399.00,,,,,,
2016,7,7,4,2016-07-07,"AA",19805,"AA","2152",10721,"BOS","Boston, MA","MA",12953,"LGA","New York, NY","NY","0900","0853",-7.00,0.00,13.00,7.00,"1021","0955",-26.00,0.00,0.00,"",0.00,81.00,62.00,42.00,1.00,184.00,,,,,,
2016,7,7,4,2016-07-07,"AA",19805,"AA","2152",12953,"LGA","New York, NY","NY",10721,"BOS","Boston, MA","MA","0700","0654",-6.00,0.00,11.00,7.00,"0807","0745",-22.00,0.00,0.00,"",0.00,67.00,51.00,33.00,1.00,184.00,,,,,,
2016,7,7,4,2016-07-07,"AA",19805,"AA","2153",11278,"DCA","Washington, DC","VA",12953,"LGA","New York, NY","NY","1700","1654",-6.00,0.00,42.00,6.00,"1825","1827",2.00,2.00,0.00,"",0.00,85.00,93.00,45.00,1.00,214.00,,,,,,
2016,7,7,4,2016-07-07,"AA",19805,"AA","2153",12953,"LGA","New York, NY","NY",11278,"DCA","Washington, DC","VA","1900","1859",-1.00,0.00,50.00,2.00,"2023","2031",8.00,8.00,0.00,"",0.00,83.00,92.00,40.00,1.00,214.00,,,,,,
2016,7,7,4,2016-07-07,"AA",19805,"AA","2154",11278,"DCA","Washington, DC","VA",12953,"LGA","New York, NY","NY","1100","1055",-5.00,0.00,44.00,7.00,"1216","1232",16.00,16.00,0.00,"",0.00,76.00,97.00,46.00,1.00,214.00,0.00,0.00,16.00,0.00,0.00,
2016,7,7,4,2016-07-07,"AA",19805,"AA","2154",12953,"LGA","New York, NY","NY",11278,"DCA","Washington, DC","VA","1300","1258",-2.00,0.00,16.00,10.00,"1424","1408",-16.00,0.00,0.00,"",0.00,84.00,70.00,44.00,1.00,214.00,,,,,,
2016,7,7,4,2016-07-07,"AA",19805,"AA","2156",12953,"LGA","New York, NY","NY",10721,"BOS","Boston, MA","MA","1800","1812",12.00,12.00,58.00,8.00,"1915","1956",41.00,41.00,0.00,"",0.00,75.00,104.00,38.00,1.00,184.00,0.00,0.00,29.00,0.00,12.00,
2016,7,7,4,2016-07-07,"AA",19805,"AA","2157",11278,"DCA","Washington, DC","VA",12953,"LGA","New York, NY","NY","1400","1359",-1.00,0.00,121.00,5.00,"1528","1648",80.00,80.00,0.00,"",0.00,88.00,169.00,43.00,1.00,214.00,0.00,0.00,80.00,0.00,0.00,
2016,7,7,4,2016-07-07,"AA",19805,"AA","2157",12953,"LGA","New York, NY","NY",11278,"DCA","Washington, DC","VA","1600","1714",74.00,74.00,21.00,3.00,"1730","1821",51.00,51.00,0.00,"",0.00,90.00,67.00,43.00,1.00,214.00,51.00,0.00,0.00,0.00,0.00,
2016,7,7,4,2016-07-07,"AA",19805,"AA","2158",10721,"BOS","Boston, MA","MA",12953,"LGA","New York, NY","NY","1000","0951",-9.00,0.00,13.00,15.00,"1117","1106",-11.00,0.00,0.00,"",0.00,77.00,75.00,47.00,1.00,184.00,,,,,,
2016,7,7,4,2016-07-07,"AA",19805,"AA","2158",12953,"LGA","New York, NY","NY",10721,"BOS","Boston, MA","MA","0800","0752",-8.00,0.00,15.00,9.00,"0906","0901",-5.00,0.00,0.00,"",0.00,66.00,69.00,45.00,1.00,184.00,,,,,,
2016,7,7,4,2016-07-07,"AA",19805,"AA","2159",10721,"BOS","Boston, MA","MA",11278,"DCA","Washington, DC","VA","0600","0600",0.00,0.00,24.00,4.00,"0731","0740",9.00,9.00,0.00,"",0.00,91.00,100.00,72.00,1.00,399.00,,,,,,
2016,7,7,4,2016-07-07,"AA",19805,"AA","2160",10721,"BOS","Boston, MA","MA",11278,"DCA","Washington, DC","VA","0900","0853",-7.00,0.00,8.00,6.00,"1028","1012",-16.00,0.00,0.00,"",0.00,88.00,79.00,65.00,1.00,399.00,,,,,,
2016,7,7,4,2016-07-07,"AA",19805,"AA","2160",11278,"DCA","Washington, DC","VA",10721,"BOS","Boston, MA","MA","0630","0620",-10.00,0.00,12.00,7.00,"0753","0738",-15.00,0.00,0.00,"",0.00,83.00,78.00,59.00,1.00,399.00,,,,,,
2016,7,7,4,2016-07-07,"AA",19805,"AA","2162",10721,"BOS","Boston, MA","MA",12953,"LGA","New York, NY","NY","1300","",,,,,"1418","",,,1.00,"C",0.00,78.00,,,1.00,184.00,,,,,,
2016,7,7,4,2016-07-07,"AA",19805,"AA","2162",12953,"LGA","New York, NY","NY",10721,"BOS","Boston, MA","MA","1100","1056",-4.00,0.00,21.00,10.00,"1219","1200",-19.00,0.00,0.00,"",0.00,79.00,64.00,33.00,1.00,184.00,,,,,,
2016,7,7,4,2016-07-07,"AA",19805,"AA","2164",11278,"DCA","Washington, DC","VA",12953,"LGA","New York, NY","NY","1500","1509",9.00,9.00,58.00,7.00,"1626","1659",33.00,33.00,0.00,"",0.00,86.00,110.00,45.00,1.00,214.00,9.00,0.00,24.00,0.00,0.00,
2016,7,7,4,2016-07-07,"AA",19805,"AA","2164",12953,"LGA","New York, NY","NY",11278,"DCA","Washington, DC","VA","1700","1726",26.00,26.00,19.00,4.00,"1828","1833",5.00,5.00,0.00,"",0.00,88.00,67.00,44.00,1.00,214.00,,,,,,
2016,7,7,4,2016-07-07,"AA",19805,"AA","2165",10721,"BOS","Boston, MA","MA",12953,"LGA","New York, NY","NY","0630","0621",-9.00,0.00,21.00,5.00,"0745","0731",-14.00,0.00,0.00,"",0.00,75.00,70.00,44.00,1.00,184.00,,,,,,
2016,7,7,4,2016-07-07,"AA",19805,"AA","2167",11278,"DCA","Washington, DC","VA",12953,"LGA","New York, NY","NY","1800","1850",50.00,50.00,76.00,3.00,"1928","2047",79.00,79.00,0.00,"",0.00,88.00,117.00,38.00,1.00,214.00,0.00,0.00,29.00,0.00,50.00,
2016,7,7,4,2016-07-07,"AA",19805,"AA","2167",12953,"LGA","New York, NY","NY",11278,"DCA","Washington, DC","VA","2000","2115",75.00,75.00,23.00,12.00,"2124","2229",65.00,65.00,0.00,"",0.00,84.00,74.00,39.00,1.00,214.00,65.00,0.00,0.00,0.00,0.00,
2016,7,7,4,2016-07-07,"AA",19805,"AA","2168",10721,"BOS","Boston, MA","MA",12953,"LGA","New York, NY","NY","1400","1356",-4.00,0.00,34.00,6.00,"1518","1521",3.00,3.00,0.00,"",0.00,78.00,85.00,45.00,1.00,184.00,,,,,,
2016,7,7,4,2016-07-07,"AA",19805,"AA","2168",12953,"LGA","New York, NY","NY",10721,"BOS","Boston, MA","MA","1200","1155",-5.00,0.00,13.00,8.00,"1315","1249",-26.00,0.00,0.00,"",0.00,75.00,54.00,33.00,1.00,184.00,,,,,,
2016,7,7,4,2016-07-07,"AA",19805,"AA","2169",10721,"BOS","Boston, MA","MA",11278,"DCA","Washington, DC","VA","1100","1055",-5.00,0.00,10.00,6.00,"1227","1212",-15.00,0.00,0.00,"",0.00,87.00,77.00,61.00,1.00,399.00,,,,,,
2016,7,7,4,2016-07-07,"AA",19805,"AA","2169",11278,"DCA","Washington, DC","VA",10721,"BOS","Boston, MA","MA","0830","0824",-6.00,0.00,18.00,5.00,"0956","0942",-14.00,0.00,0.00,"",0.00,86.00,78.00,55.00,1.00,399.00,,,,,,
2016,7,7,4,2016-07-07,"AA",19805,"AA","2170",10721,"BOS","Boston, MA","MA",11278,"DCA","Washington, DC","VA","1400","1355",-5.00,0.00,12.00,12.00,"1535","1526",-9.00,0.00,0.00,"",0.00,95.00,91.00,67.00,1.00,399.00,,,,,,
2016,7,7,4,2016-07-07,"AA",19805,"AA","2170",11278,"DCA","Washington, DC","VA",10721,"BOS","Boston, MA","MA","1130","1123",-7.00,0.00,8.00,8.00,"1255","1235",-20.00,0.00,0.00,"",0.00,85.00,72.00,56.00,1.00,399.00,,,,,,
2016,7,7,4,2016-07-07,"AA",19805,"AA","2171",10721,"BOS","Boston, MA","MA",12953,"LGA","New York, NY","NY","0700","0654",-6.00,0.00,12.00,11.00,"0820","0800",-20.00,0.00,0.00,"",0.00,80.00,66.00,43.00,1.00,184.00,,,,,,
2016,7,7,4,2016-07-07,"AA",19805,"AA","2172",10721,"BOS","Boston, MA","MA",12953,"LGA","New York, NY","NY","1700","1654",-6.00,0.00,33.00,12.00,"1820","1822",2.00,2.00,0.00,"",0.00,80.00,88.00,43.00,1.00,184.00,,,,,,
2016,7,7,4,2016-07-07,"AA",19805,"AA","2172",12953,"LGA","New York, NY","NY",10721,"BOS","Boston, MA","MA","1500","",,,,,"1614","",,,1.00,"C",0.00,74.00,,,1.00,184.00,,,,,,
2016,7,7,4,2016-07-07,"AA",19805,"AA","2173",10721,"BOS","Boston, MA","MA",11278,"DCA","Washington, DC","VA","0800","0754",-6.00,0.00,18.00,8.00,"0938","0931",-7.00,0.00,0.00,"",0.00,98.00,97.00,71.00,1.00,399.00,,,,,,
2016,7,7,4,2016-07-07,"AA",19805,"AA","2174",11278,"DCA","Washington, DC","VA",12953,"LGA","New York, NY","NY","1900","1900",0.00,0.00,75.00,6.00,"2026","2057",31.00,31.00,0.00,"",0.00,86.00,117.00,36.00,1.00,214.00,0.00,0.00,31.00,0.00,0.00,
2016,7,8,5,2016-07-08,"AA",19805,"AA","400",11057,"CLT","Charlotte, NC","NC",14107,"PHX","Phoenix, AZ","AZ","1750","1757",7.00,7.00,24.00,7.00,"1907","1932",25.00,25.00,0.00,"",0.00,257.00,275.00,244.00,1.00,1773.00,7.00,0.00,18.00,0.00,0.00,
2016,7,8,5,2016-07-08,"AA",19805,"AA","400",14107,"PHX","Phoenix, AZ","AZ",14771,"SFO","San Francisco, CA","CA","2025","2222",117.00,117.00,19.00,7.00,"2226","0022",116.00,116.00,0.00,"",0.00,121.00,120.00,94.00,1.00,651.00,0.00,0.00,116.00,0.00,0.00,
2016,7,8,5,2016-07-08,"AA",19805,"AA","401",14100,"PHL","Philadelphia, PA","PA",11298,"DFW","Dallas/Fort Worth, TX","TX","2030","2102",32.00,32.00,22.00,5.00,"2257","2323",26.00,26.00,0.00,"",0.00,207.00,201.00,174.00,1.00,1303.00,26.00,0.00,0.00,0.00,0.00,
2016,7,8,5,2016-07-08,"AA",19805,"AA","402",12889,"LAS","Las Vegas, NV","NV",11298,"DFW","Dallas/Fort Worth, TX","TX","0115","0106",-9.00,0.00,26.00,6.00,"0558","0545",-13.00,0.00,0.00,"",0.00,163.00,159.00,127.00,1.00,1055.00,,,,,,
2016,7,8,5,2016-07-08,"AA",19805,"AA","403",13871,"OMA","Omaha, NE","NE",14107,"PHX","Phoenix, AZ","AZ","0600","0556",-4.00,0.00,12.00,8.00,"0645","0645",0.00,0.00,0.00,"",0.00,165.00,169.00,149.00,1.00,1037.00,,,,,,
2016,7,8,5,2016-07-08,"AA",19805,"AA","403",14107,"PHX","Phoenix, AZ","AZ",14771,"SFO","San Francisco, CA","CA","0745","0742",-3.00,0.00,28.00,4.00,"0949","0953",4.00,4.00,0.00,"",0.00,124.00,131.00,99.00,1.00,651.00,,,,,,
2016,7,8,5,2016-07-08,"AA",19805,"AA","404",11278,"DCA","Washington, DC","VA",11298,"DFW","Dallas/Fort Worth, TX","TX","0715","0710",-5.00,0.00,16.00,9.00,"0927","0913",-14.00,0.00,0.00,"",0.00,192.00,183.00,158.00,1.00,1192.00,,,,,,
2016,7,8,5,2016-07-08,"AA",19805,"AA","404",11298,"DFW","Dallas/Fort Worth, TX","TX",14100,"PHL","Philadelphia, PA","PA","1030","1037",7.00,7.00,23.00,4.00,"1450","1454",4.00,4.00,0.00,"",0.00,200.00,197.00,170.00,1.00,1303.00,,,,,,
2016,7,8,5,2016-07-08,"AA",19805,"AA","406",12889,"LAS","Las Vegas, NV","NV",14107,"PHX","Phoenix, AZ","AZ","0645","0640",-5.00,0.00,18.00,2.00,"0750","0744",-6.00,0.00,0.00,"",0.00,65.00,64.00,44.00,1.00,255.00,,,,,,
2016,7,8,5,2016-07-08,"AA",19805,"AA","406",14107,"PHX","Phoenix, AZ","AZ",11433,"DTW","Detroit, MI","MI","0854","0848",-6.00,0.00,23.00,5.00,"1553","1529",-24.00,0.00,0.00,"",0.00,239.00,221.00,193.00,1.00,1671.00,,,,,,
2016,7,8,5,2016-07-08,"AA",19805,"AA","407",10721,"BOS","Boston, MA","MA",14107,"PHX","Phoenix, AZ","AZ","1015","1139",84.00,84.00,15.00,7.00,"1243","1410",87.00,87.00,0.00,"",0.00,328.00,331.00,309.00,1.00,2300.00,84.00,0.00,3.00,0.00,0.00,
2016,7,8,5,2016-07-08,"AA",19805,"AA","407",14107,"PHX","Phoenix, AZ","AZ",14771,"SFO","San Francisco, CA","CA","1354","1456",62.00,62.00,18.00,3.00,"1553","1655",62.00,62.00,0.00,"",0.00,119.00,119.00,98.00,1.00,651.00,62.00,0.00,0.00,0.00,0.00,
2016,7,8,5,2016-07-08,"AA",19805,"AA","408",11057,"CLT","Charlotte, NC","NC",14107,"PHX","Phoenix, AZ","AZ","0739","",,,,,"0901","",,,1.00,"A",0.00,262.00,,,1.00,1773.00,,,,,,
2016,7,8,5,2016-07-08,"AA",19805,"AA","409",10529,"BDL","Hartford, CT","CT",11057,"CLT","Charlotte, NC","NC","0815","0807",-8.00,0.00,40.00,4.00,"1032","1023",-9.00,0.00,0.00,"",0.00,137.00,136.00,92.00,1.00,644.00,,,,,,
2016,7,8,5,2016-07-08,"AA",19805,"AA","409",11057,"CLT","Charlotte, NC","NC",11292,"DEN","Denver, CO","CO","1150","1255",65.00,65.00,16.00,11.00,"1325","1418",53.00,53.00,0.00,"",0.00,215.00,203.00,176.00,1.00,1337.00,0.00,0.00,0.00,0.00,53.00,
2016,7,8,5,2016-07-08,"AA",19805,"AA","409",11292,"DEN","Denver, CO","CO",14107,"PHX","Phoenix, AZ","AZ","1445","1457",12.00,12.00,57.00,6.00,"1536","1627",51.00,51.00,0.00,"",0.00,111.00,150.00,87.00,1.00,602.00,0.00,0.00,39.00,0.00,12.00,
2016,7,8,5,2016-07-08,"AA",19805,"AA","409",14107,"PHX","Phoenix, AZ","AZ",14057,"PDX","Portland, OR","OR","1655","1712",17.00,17.00,10.00,5.00,"1930","1945",15.00,15.00,0.00,"",0.00,155.00,153.00,138.00,1.00,1009.00,15.00,0.00,0.00,0.00,0.00,
2016,7,8,5,2016-07-08,"AA",19805,"AA","410",12339,"IND","Indianapolis, IN","IN",14107,"PHX","Phoenix, AZ","AZ","0605","0626",21.00,21.00,15.00,5.00,"0645","0720",35.00,35.00,0.00,"",0.00,220.00,234.00,214.00,1.00,1488.00,0.00,0.00,14.00,21.00,0.00,
2016,7,8,5,2016-07-08,"AA",19805,"AA","411",14107,"PHX","Phoenix, AZ","AZ",12266,"IAH","Houston, TX","TX","2150","2148",-2.00,0.00,15.00,6.00,"0225","0211",-14.00,0.00,0.00,"",0.00,155.00,143.00,122.00,1.00,1009.00,,,,,,
2016,7,8,5,2016-07-08,"AA",19805,"AA","411",14570,"RNO","Reno, NV","NV",14107,"PHX","Phoenix, AZ","AZ","1915","1902",-13.00,0.00,8.00,5.00,"2101","2033",-28.00,0.00,0.00,"",0.00,106.00,91.00,78.00,1.00,601.00,,,,,,
2016,7,8,5,2016-07-08,"AA",19805,"AA","412",14107,"PHX","Phoenix, AZ","AZ",11433,"DTW","Detroit, MI","MI","1620","1639",19.00,19.00,13.00,5.00,"2307","2312",5.00,5.00,0.00,"",0.00,227.00,213.00,195.00,1.00,1671.00,,,,,,
2016,7,8,5,2016-07-08,"AA",19805,"AA","413",10397,"ATL","Atlanta, GA","GA",14107,"PHX","Phoenix, AZ","AZ","1159","1157",-2.00,0.00,12.00,9.00,"1247","1245",-2.00,0.00,0.00,"",0.00,228.00,228.00,207.00,1.00,1587.00,,,,,,
2016,7,8,5,2016-07-08,"AA",19805,"AA","413",11057,"CLT","Charlotte, NC","NC",10397,"ATL","Atlanta, GA","GA","0940","0939",-1.00,0.00,33.00,9.00,"1101","1101",0.00,0.00,0.00,"",0.00,81.00,82.00,40.00,1.00,226.00,,,,,,
2016,7,8,5,2016-07-08,"AA",19805,"AA","413",14027,"PBI","West Palm Beach/Palm Beach, FL","FL",11057,"CLT","Charlotte, NC","NC","0640","0633",-7.00,0.00,11.00,10.00,"0830","0822",-8.00,0.00,0.00,"",0.00,110.00,109.00,88.00,1.00,590.00,,,,,,
2016,7,8,5,2016-07-08,"AA",19805,"AA","413",14107,"PHX","Phoenix, AZ","AZ",14747,"SEA","Seattle, WA","WA","1358","1353",-5.00,0.00,15.00,9.00,"1654","1646",-8.00,0.00,0.00,"",0.00,176.00,173.00,149.00,1.00,1107.00,,,,,,
2016,7,8,5,2016-07-08,"AA",19805,"AA","414",12892,"LAX","Los Angeles, CA","CA",10693,"BNA","Nashville, TN","TN","2225","2219",-6.00,0.00,24.00,7.00,"0430","0421",-9.00,0.00,0.00,"",0.00,245.00,242.00,211.00,1.00,1797.00,,,,,,
2016,7,8,5,2016-07-08,"AA",19805,"AA","415",14107,"PHX","Phoenix, AZ","AZ",13930,"ORD","Chicago, IL","IL","0045","0043",-2.00,0.00,13.00,6.00,"0611","0607",-4.00,0.00,0.00,"",0.00,206.00,204.00,185.00,1.00,1440.00,,,,,,
2016,7,8,5,2016-07-08,"AA",19805,"AA","417",14107,"PHX","Phoenix, AZ","AZ",11433,"DTW","Detroit, MI","MI","2340","2335",-5.00,0.00,10.00,11.00,"0625","0607",-18.00,0.00,0.00,"",0.00,225.00,212.00,191.00,1.00,1671.00,,,,,,
2016,7,8,5,2016-07-08,"AA",19805,"AA","419",14107,"PHX","Phoenix, AZ","AZ",14831,"SJC","San Jose, CA","CA","2006","2005",-1.00,0.00,11.00,3.00,"2155","2150",-5.00,0.00,0.00,"",0.00,109.00,105.00,91.00,1.00,621.00,,,,,,
2016,7,8,5,2016-07-08,"AA",19805,"AA","420",14831,"SJC","San Jose, CA","CA",14107,"PHX","Phoenix, AZ","AZ","0620","0611",-9.00,0.00,20.00,6.00,"0815","0759",-16.00,0.00,0.00,"",0.00,115.00,108.00,82.00,1.00,621.00,,,,,,
2016,7,8,5,2016-07-08,"AA",19805,"AA","421",14869,"SLC","Salt Lake City, UT","UT",14107,"PHX","Phoenix, AZ","AZ","2020","2103",43.00,43.00,14.00,4.00,"2058","2134",36.00,36.00,0.00,"",0.00,98.00,91.00,73.00,1.00,507.00,0.00,0.00,0.00,0.00,36.00,
2016,7,8,5,2016-07-08,"AA",19805,"AA","422",14107,"PHX","Phoenix, AZ","AZ",13871,"OMA","Omaha, NE","NE","1851","1934",43.00,43.00,10.00,5.00,"2323","2357",34.00,34.00,0.00,"",0.00,152.00,143.00,128.00,1.00,1037.00,0.00,0.00,0.00,0.00,34.00,
2016,7,8,5,2016-07-08,"AA",19805,"AA","423",14107,"PHX","Phoenix, AZ","AZ",11057,"CLT","Charlotte, NC","NC","0115","0111",-4.00,0.00,11.00,6.00,"0815","0750",-25.00,0.00,0.00,"",0.00,240.00,219.00,202.00,1.00,1773.00,,,,,,
2016,7,8,5,2016-07-08,"AA",19805,"AA","426",10693,"BNA","Nashville, TN","TN",12892,"LAX","Los Angeles, CA","CA","0630","0628",-2.00,0.00,13.00,19.00,"0855","0852",-3.00,0.00,0.00,"",0.00,265.00,264.00,232.00,1.00,1797.00,,,,,,
2016,7,8,5,2016-07-08,"AA",19805,"AA","428",11057,"CLT","Charlotte, NC","NC",11292,"DEN","Denver, CO","CO","0735","0743",8.00,8.00,16.00,8.00,"0904","0918",14.00,14.00,0.00,"",0.00,209.00,215.00,191.00,1.00,1337.00,,,,,,
2016,7,8,5,2016-07-08,"AA",19805,"AA","428",11292,"DEN","Denver, CO","CO",11057,"CLT","Charlotte, NC","NC","1005","1000",-5.00,0.00,33.00,10.00,"1524","1523",-1.00,0.00,0.00,"",0.00,199.00,203.00,160.00,1.00,1337.00,,,,,,
2016,7,8,5,2016-07-08,"AA",19805,"AA","429",14107,"PHX","Phoenix, AZ","AZ",13930,"ORD","Chicago, IL","IL","1520","1605",45.00,45.00,10.00,8.00,"2052","2123",31.00,31.00,0.00,"",0.00,212.00,198.00,180.00,1.00,1440.00,1.00,0.00,0.00,0.00,30.00,
2016,7,8,5,2016-07-08,"AA",19805,"AA","430",14107,"PHX","Phoenix, AZ","AZ",11433,"DTW","Detroit, MI","MI","1847","1843",-4.00,0.00,18.00,5.00,"0137","0126",-11.00,0.00,0.00,"",0.00,230.00,223.00,200.00,1.00,1671.00,,,,,,
2016,7,8,5,2016-07-08,"AA",19805,"AA","431",11298,"DFW","Dallas/Fort Worth, TX","TX",12889,"LAS","Las Vegas, NV","NV","2040","2036",-4.00,0.00,21.00,8.00,"2131","2134",3.00,3.00,0.00,"",0.00,171.00,178.00,149.00,1.00,1055.00,,,,,,
2016,7,8,5,2016-07-08,"AA",19805,"AA","431",12889,"LAS","Las Vegas, NV","NV",11057,"CLT","Charlotte, NC","NC","2259","2255",-4.00,0.00,11.00,6.00,"0608","0601",-7.00,0.00,0.00,"",0.00,249.00,246.00,229.00,1.00,1916.00,,,,,,
2016,7,8,5,2016-07-08,"AA",19805,"AA","432",14107,"PHX","Phoenix, AZ","AZ",13830,"OGG","Kahului, HI","HI","1040","1043",3.00,3.00,16.00,7.00,"1410","1408",-2.00,0.00,0.00,"",0.00,390.00,385.00,362.00,1.00,2845.00,,,,,,
2016,7,8,5,2016-07-08,"AA",19805,"AA","433",11278,"DCA","Washington, DC","VA",14107,"PHX","Phoenix, AZ","AZ","0710","0702",-8.00,0.00,15.00,35.00,"0909","0919",10.00,10.00,0.00,"",0.00,299.00,317.00,267.00,1.00,1979.00,,,,,,
2016,7,8,5,2016-07-08,"AA",19805,"AA","433",14107,"PHX","Phoenix, AZ","AZ",14771,"SFO","San Francisco, CA","CA","1017","1109",52.00,52.00,13.00,5.00,"1223","1313",50.00,50.00,0.00,"",0.00,126.00,124.00,106.00,1.00,651.00,0.00,0.00,50.00,0.00,0.00,
2016,7,8,5,2016-07-08,"AA",19805,"AA","434",14771,"SFO","San Francisco, CA","CA",14100,"PHL","Philadelphia, PA","PA","2150","2145",-5.00,0.00,23.00,7.00,"0601","0546",-15.00,0.00,0.00,"",0.00,311.00,301.00,271.00,1.00,2521.00,,,,,,
2016,7,8,5,2016-07-08,"AA",19805,"AA","437",13930,"ORD","Chicago, IL","IL",14100,"PHL","Philadelphia, PA","PA","2045","2044",-1.00,0.00,24.00,6.00,"2348","2345",-3.00,0.00,0.00,"",0.00,123.00,121.00,91.00,1.00,678.00,,,,,,
2016,7,8,5,2016-07-08,"AA",19805,"AA","438",11298,"DFW","Dallas/Fort Worth, TX","TX",14747,"SEA","Seattle, WA","WA","2225","2224",-1.00,0.00,28.00,10.00,"0039","0050",11.00,11.00,0.00,"",0.00,254.00,266.00,228.00,1.00,1660.00,,,,,,
2016,7,8,5,2016-07-08,"AA",19805,"AA","438",14107,"PHX","Phoenix, AZ","AZ",11298,"DFW","Dallas/Fort Worth, TX","TX","1645","1639",-6.00,0.00,18.00,10.00,"2108","2120",12.00,12.00,0.00,"",0.00,143.00,161.00,133.00,1.00,868.00,,,,,,
2016,7,8,5,2016-07-08,"AA",19805,"AA","439",14107,"PHX","Phoenix, AZ","AZ",14893,"SMF","Sacramento, CA","CA","0716","0711",-5.00,0.00,15.00,4.00,"0910","0906",-4.00,0.00,0.00,"",0.00,114.00,115.00,96.00,1.00,647.00,,,,,,
2016,7,8,5,2016-07-08,"AA",19805,"AA","442",14747,"SEA","Seattle, WA","WA",14107,"PHX","Phoenix, AZ","AZ","1759","1754",-5.00,0.00,10.00,7.00,"2052","2028",-24.00,0.00,0.00,"",0.00,173.00,154.00,137.00,1.00,1107.00,,,,,,
2016,7,8,5,2016-07-08,"AA",19805,"AA","445",11057,"CLT","Charlotte, NC","NC",11292,"DEN","Denver, CO","CO","0930","0927",-3.00,0.00,20.00,7.00,"1104","1055",-9.00,0.00,0.00,"",0.00,214.00,208.00,181.00,1.00,1337.00,,,,,,
2016,7,8,5,2016-07-08,"AA",19805,"AA","446",14100,"PHL","Philadelphia, PA","PA",14107,"PHX","Phoenix, AZ","AZ","2000","1957",-3.00,0.00,27.00,7.00,"2157","2202",5.00,5.00,0.00,"",0.00,297.00,305.00,271.00,1.00,2075.00,,,,,,
2016,7,8,5,2016-07-08,"AA",19805,"AA","446",14107,"PHX","Phoenix, AZ","AZ",14771,"SFO","San Francisco, CA","CA","2259","2320",21.00,21.00,10.00,11.00,"0054","0111",17.00,17.00,0.00,"",0.00,115.00,111.00,90.00,1.00,651.00,15.00,0.00,0.00,0.00,2.00,
2016,7,8,5,2016-07-08,"AA",19805,"AA","447",11057,"CLT","Charlotte, NC","NC",14679,"SAN","San Diego, CA","CA","1625","1632",7.00,7.00,20.00,5.00,"1816","1825",9.00,9.00,0.00,"",0.00,291.00,293.00,268.00,1.00,2077.00,,,,,,
2016,7,8,5,2016-07-08,"AA",19805,"AA","448",11298,"DFW","Dallas/Fort Worth, TX","TX",14107,"PHX","Phoenix, AZ","AZ","0850","0845",-5.00,0.00,21.00,14.00,"0919","0922",3.00,3.00,0.00,"",0.00,149.00,157.00,122.00,1.00,868.00,,,,,,
2016,7,8,5,2016-07-08,"AA",19805,"AA","449",11066,"CMH","Columbus, OH","OH",14107,"PHX","Phoenix, AZ","AZ","1805","1826",21.00,21.00,13.00,6.00,"1907","1921",14.00,14.00,0.00,"",0.00,242.00,235.00,216.00,1.00,1670.00,,,,,,
2016,7,8,5,2016-07-08,"AA",19805,"AA","449",14107,"PHX","Phoenix, AZ","AZ",10713,"BOI","Boise, ID","ID","2007","2001",-6.00,0.00,14.00,4.00,"2309","2259",-10.00,0.00,0.00,"",0.00,122.00,118.00,100.00,1.00,735.00,,,,,,
2016,7,8,5,2016-07-08,"AA",19805,"AA","450",14100,"PHL","Philadelphia, PA","PA",14107,"PHX","Phoenix, AZ","AZ","1040","1032",-8.00,0.00,20.00,10.00,"1237","1223",-14.00,0.00,0.00,"",0.00,297.00,291.00,261.00,1.00,2075.00,,,,,,
